Logger: #D10248 'TSK_Meteo' - USP_EXP2 (V2.10, Jan 24 2012)
No,     Time,     #1:W/m²:0,     #2:ÂµMol:(do.),     #5:deg:2,     #6:m/sMIN:(do.),     #7:m/sMIT:(do.),     #8:m/sMAX:(do.),     #9:Â°C:(do.),     #10:%:(do.),     #11:hPa:(do.),     #12:mm:(do.),     #14:AZ:3,     #15:EL:(do.),     #16:Roll:(do.),     #HK-Bat:V,     #HK-Temp:oC,     #HK-rH:%
(GSM Transfer OK / Signal:11)
1,     24.11.2014 00:11:17,     -2.1,     0,     197,     3.2,     6.1,     10.2,     6.5,     79.8,     1009.7,     324.69,     253.2,     87.5,     -177.5,     12.321,     7.37,     82.8
2,     24.11.2014 00:21:17,     -3.15,     0,     200,     2.8,     6.4,     10.4,     6.5,     79.8,     1009.5,     324.69,     253.3,     87.9,     -177.9
3,     24.11.2014 00:31:17,     -3.15,     -2.01,     197,     3.6,     6.3,     9.5,     6.5,     79.7,     1009.5,     324.69,     253.3,     88.1,     -178
4,     24.11.2014 00:41:17,     -2.1,     0,     199,     3.6,     6.6,     10.4,     6.5,     79.2,     1009.3,     324.69,     255.4,     87.9,     -177.9
5,     24.11.2014 00:51:17,     -3.15,     0,     200,     3.5,     6.2,     10.3,     6.5,     80.1,     1009.1,     324.69,     253.1,     88.2,     -178.2
6,     24.11.2014 01:01:17,     -3.15,     -2.01,     202,     3.6,     6.6,     9.7,     6.5,     79.4,     1008.9,     324.69,     252.7,     88.4,     -178.4
7,     24.11.2014 01:11:22,     -3.15,     -2.01,     201,     4.3,     7,     11,     6.4,     79.2,     1008.9,     324.69,     253.6,     86.9,     -177.1,     12.442,     6.93,     84.5
8,     24.11.2014 01:21:22,     -3.15,     -2.01,     202,     4,     7.1,     10.7,     6.4,     79.1,     1008.7,     324.69,     253.2,     87.1,     -177.1
9,     24.11.2014 01:31:22,     -3.15,     -2.01,     202,     2.7,     6.4,     10.5,     6.3,     79.7,     1008.8,     324.69,     253.7,     88.1,     -178.1
10,     24.11.2014 01:41:22,     -4.2,     -2.01,     204,     3.7,     6.2,     10.4,     6.3,     79.1,     1008.7,     324.69,     253,     88.8,     -178.8
11,     24.11.2014 01:51:22,     -3.15,     -2.01,     203,     3.6,     6.3,     10.3,     6.3,     79.4,     1008.6,     324.69,     254.7,     87,     -177
12,     24.11.2014 02:01:22,     -2.1,     -2.01,     201,     2.9,     6.2,     10,     6.3,     79.7,     1008.4,     324.69,     253.2,     88.5,     -178.5
13,     24.11.2014 02:11:16,     -2.1,     -2.01,     205,     3.8,     6.4,     10.8,     6.4,     80.5,     1008.3,     324.69,     74.6,     88.6,     -1.3,     12.410,     6.83,     84.7
14,     24.11.2014 02:21:16,     -2.1,     -4.02,     205,     4.3,     6.7,     10.2,     6.3,     79.9,     1008.3,     324.69,     254.5,     87.3,     -177.4
15,     24.11.2014 02:31:16,     -1.05,     -4.02,     204,     4.5,     6.9,     10.8,     6.4,     79.2,     1008.2,     324.69,     255.6,     87.9,     -177.9
16,     24.11.2014 02:41:16,     -2.1,     0,     207,     3.3,     6.1,     9.7,     6.4,     79.6,     1008.1,     324.69,     255.5,     87.9,     -177.9
17,     24.11.2014 02:51:16,     -1.05,     -2.01,     207,     3.7,     7.1,     11.1,     6.4,     79.1,     1008.2,     324.69,     253.2,     87.6,     -177.6
18,     24.11.2014 03:01:16,     -2.1,     0,     211,     2.9,     6,     9.4,     6.3,     79.2,     1008.3,     324.69,     253.5,     87.7,     -177.7
19,     24.11.2014 03:11:16,     -2.1,     -4.02,     210,     3.7,     6.1,     9,     6.3,     79.1,     1008.2,     324.69,     254.2,     88.1,     -178.1,     12.399,     7.03,     84.7
20,     24.11.2014 03:21:16,     -2.1,     -2.01,     219,     2.5,     4.9,     8.1,     6.3,     79.2,     1008.5,     324.69,     254,     88,     -178
21,     24.11.2014 03:31:16,     -2.1,     -2.01,     213,     3,     4.7,     7.6,     6.3,     79.4,     1008.5,     324.69,     254.4,     87.8,     -177.8
22,     24.11.2014 03:41:16,     -3.15,     0,     214,     3.1,     4.8,     7,     6.4,     78.6,     1008.3,     324.69,     254.7,     87.9,     -177.9
23,     24.11.2014 03:51:16,     -2.1,     -2.01,     212,     2.9,     5.1,     7.4,     6.4,     78.5,     1008.2,     324.69,     254.7,     88,     -178
24,     24.11.2014 04:01:16,     -2.1,     -2.01,     217,     3.2,     4.8,     7.5,     6.4,     78,     1008.1,     324.69,     74,     88.2,     -1.7
25,     24.11.2014 04:11:16,     -2.1,     -2.01,     211,     3.2,     5.1,     7.7,     6.6,     77.8,     1007.9,     324.69,     255,     88.1,     -178.1,     12.372,     6.95,     84.8
26,     24.11.2014 04:21:16,     -1.05,     -2.01,     215,     3.3,     5.3,     8.4,     6.7,     77.5,     1007.8,     324.69,     74.3,     87.8,     -2.1
27,     24.11.2014 04:31:16,     -1.05,     -2.01,     212,     3.3,     5.9,     9.4,     6.7,     76.9,     1007.6,     324.69,     73.9,     87.7,     -2.2
28,     24.11.2014 04:41:16,     -2.1,     -2.01,     211,     3.8,     5.9,     10.2,     6.7,     76.6,     1007.5,     324.69,     74.6,     88.6,     -1.3
29,     24.11.2014 04:51:16,     -1.05,     -2.01,     214,     3.6,     5.8,     9.1,     6.8,     76.8,     1007.5,     324.69,     253.5,     88.3,     -178.4
30,     24.11.2014 05:01:16,     -2.1,     -2.01,     219,     3.3,     5.4,     8.1,     6.7,     77.6,     1007.5,     324.69,     75.6,     88.3,     -1.6
31,     24.11.2014 05:11:17,     -3.15,     -2.01,     216,     2.7,     5.4,     7.9,     6.6,     76.8,     1007.2,     324.69,     253.7,     88.1,     -178.1,     12.380,     7.27,     84.6
32,     24.11.2014 05:21:17,     -1.05,     2.01,     216,     2.9,     5.3,     7.8,     6.7,     77.1,     1007.3,     324.69,     74.6,     87.3,     -2.6
33,     24.11.2014 05:31:17,     -1.05,     -2.01,     217,     3.8,     5.6,     9.3,     6.7,     77.3,     1007.4,     324.69,     75,     88.2,     -1.7
34,     24.11.2014 05:41:17,     -2.1,     -2.01,     218,     2.5,     4.9,     7.7,     6.7,     78.1,     1007.3,     324.69,     74.2,     88.1,     -1.8
35,     24.11.2014 05:51:17,     -2.1,     0,     216,     3.3,     5.2,     7.4,     6.6,     77.5,     1007.4,     324.69,     253.5,     88.1,     -178.1
36,     24.11.2014 06:01:17,     -2.1,     -2.01,     216,     3.2,     4.9,     6.8,     6.6,     78.4,     1007.2,     324.69,     253.4,     87.8,     -177.8
37,     24.11.2014 06:11:22,     -4.2,     -4.02,     222,     2.7,     4.5,     6.4,     6.5,     80,     1007.7,     324.73,     253.6,     88.3,     -178.3,     12.378,     7.25,     84.6
38,     24.11.2014 06:21:22,     -4.2,     -2.01,     221,     2.5,     4.7,     7.2,     6.5,     80,     1007.8,     324.79,     254.2,     88.1,     -178.1
39,     24.11.2014 06:31:22,     -3.15,     -2.01,     218,     2.3,     4.2,     6.8,     6.4,     81.6,     1007.7,     324.9,     253.6,     87.7,     -177.7
40,     24.11.2014 06:41:22,     -2.1,     -2.01,     210,     1.6,     3.7,     5.9,     6.3,     82.4,     1007.4,     325.05,     253.6,     87.9,     -177.9
41,     24.11.2014 06:51:22,     -2.1,     -2.01,     215,     2.2,     3.6,     5.1,     6.2,     84,     1007.6,     325.39,     253.7,     88,     -178
42,     24.11.2014 07:01:22,     -1.05,     0,     207,     2.1,     3.5,     5.7,     6.1,     85,     1007.7,     325.41,     253.5,     88,     -178
43,     24.11.2014 07:11:17,     -1.05,     -2.01,     220,     1.6,     3.4,     5.2,     6.2,     85.3,     1008.1,     325.43,     253.6,     87.9,     -177.9,     12.348,     6.95,     84.8
44,     24.11.2014 07:21:17,     -2.1,     -2.01,     228,     2.2,     3.7,     5.7,     6.2,     85.4,     1008.4,     325.44,     253.6,     87.9,     -178
45,     24.11.2014 07:31:17,     -1.05,     -2.01,     234,     2.1,     3.6,     6.5,     6.2,     85.5,     1008.6,     325.46,     253.3,     87.9,     -177.9
46,     24.11.2014 07:41:17,     -1.05,     0,     229,     2.1,     3.8,     5.9,     6.1,     86.4,     1008.6,     325.64,     254.2,     88,     -178
47,     24.11.2014 07:51:17,     -1.05,     -2.01,     234,     2.7,     4.3,     6.8,     6.1,     87.5,     1008.9,     325.78,     254.7,     87.9,     -177.9
48,     24.11.2014 08:01:17,     0,     0,     238,     2.4,     4.3,     7.5,     6.2,     88.1,     1008.9,     326.06,     254.5,     87.9,     -177.9
49,     24.11.2014 08:11:16,     0,     2.01,     254,     0.7,     2.7,     4.7,     6.3,     88.9,     1008.9,     326.57,     253.5,     88,     -177.9,     12.338,     6.79,     84.9
50,     24.11.2014 08:21:16,     1.05,     4.02,     253,     0.7,     2.8,     4.6,     6.5,     89.3,     1009.1,     326.72,     253.8,     87.9,     -177.9
51,     24.11.2014 08:31:16,     0,     2.01,     251,     0.9,     2.6,     5.2,     6.8,     89.8,     1009.2,     326.78,     73.8,     88,     -1.9
52,     24.11.2014 08:41:16,     0,     0,     251,     2,     3.6,     6.2,     7,     89.8,     1009.4,     326.95,     73.8,     88.1,     -1.8
53,     24.11.2014 08:51:16,     3.15,     8.04,     266,     1.6,     3.3,     5.8,     7.2,     89.9,     1009.4,     327.72,     253.5,     88,     -177.9
54,     24.11.2014 09:01:16,     7.35,     20.1,     286,     0.8,     2.5,     4.4,     7.3,     90,     1009.6,     328.26,     253.5,     87.9,     -177.9
55,     24.11.2014 09:11:16,     6.3,     18.09,     268,     1.9,     3.1,     4.5,     7.5,     90.1,     1009.7,     328.36,     253.6,     88,     -178,     12.334,     7.31,     84.7
56,     24.11.2014 09:21:16,     7.35,     20.1,     266,     1.7,     3.6,     5.7,     7.6,     90,     1009.7,     328.6,     253.9,     88,     -178
57,     24.11.2014 09:31:16,     3.15,     12.06,     261,     1.3,     3,     4.8,     7.6,     90.2,     1009.8,     328.7,     254,     87.9,     -177.9
58,     24.11.2014 09:41:16,     9.45,     26.13,     278,     1.2,     2.7,     4.6,     7.7,     90.3,     1009.8,     328.74,     253.4,     88,     -177.9
59,     24.11.2014 09:51:16,     14.7,     34.17,     271,     1.3,     2.8,     4.3,     7.8,     90.4,     1010,     328.76,     253.7,     88,     -178
60,     24.11.2014 10:01:16,     3.15,     10.05,     287,     1.3,     2.5,     4,     7.8,     90.5,     1010,     328.93,     73.6,     88,     -1.9
61,     24.11.2014 10:11:22,     5.25,     14.07,     294,     1.4,     2.9,     4.7,     7.9,     90.7,     1010.5,     329.28,     253.6,     88,     -177.9,     12.336,     8.03,     84.4
62,     24.11.2014 10:21:22,     10.5,     26.13,     293,     2,     3.6,     5.7,     8.1,     90.6,     1010.5,     329.93,     253.8,     87.9,     -177.9
63,     24.11.2014 10:31:22,     13.65,     32.16,     293,     1.3,     2.6,     5.6,     8.1,     90.6,     1010.3,     330.39,     73.9,     88,     -1.9
64,     24.11.2014 10:41:22,     18.9,     44.22,     310,     2,     4.1,     6.8,     8.2,     90.2,     1010.7,     330.4,     253.3,     87.7,     -177.7
65,     24.11.2014 10:51:22,     17.85,     40.2,     326,     1.1,     4.2,     8.9,     8.2,     88.5,     1010.9,     330.4,     254.9,     88,     -178
66,     24.11.2014 11:01:22,     60.9,     128.64,     333,     1.9,     4.6,     8.9,     8.1,     87.1,     1011,     330.41,     73.5,     87.8,     -2
67,     24.11.2014 11:11:16,     88.2,     182.91,     338,     1.5,     3.8,     6.4,     8,     86,     1011.1,     330.42,     253.8,     88,     -178,     12.597,     8.50,     84.3
68,     24.11.2014 11:21:16,     52.5,     108.54,     344,     2.1,     3.4,     5.3,     8,     86.8,     1011.3,     330.5,     253.4,     87.9,     -177.9
69,     24.11.2014 11:31:16,     45.15,     94.47,     343,     1.7,     3.9,     7.1,     8,     87,     1011.5,     330.55,     253.6,     88,     -178
70,     24.11.2014 11:41:16,     112.35,     225.12,     332,     1.3,     3,     5.5,     8.1,     88.6,     1011.6,     330.55,     253.4,     87.9,     -177.9
71,     24.11.2014 11:51:16,     136.5,     271.35,     331,     1.7,     3.6,     6.8,     8.2,     86.3,     1011.7,     330.57,     254,     87.9,     -177.9
72,     24.11.2014 12:01:16,     124.95,     249.24,     330,     2.1,     4,     6.6,     8.2,     85.2,     1011.9,     330.57,     253.9,     87.9,     -177.9
73,     24.11.2014 12:11:16,     140.7,     273.36,     321,     0.5,     3,     5.8,     8.2,     86,     1012,     330.57,     253.2,     88,     -178,     12.891,     8.97,     84.4
74,     24.11.2014 12:21:16,     117.6,     229.14,     322,     1.1,     3.1,     6.3,     8.3,     85.9,     1012.1,     330.57,     73.9,     87.9,     -2
75,     24.11.2014 12:31:16,     147,     285.42,     321,     1.7,     4,     6.9,     8.4,     84.7,     1012.1,     330.57,     254,     88.1,     -178
76,     24.11.2014 12:41:16,     63,     122.61,     335,     1.9,     4.4,     7.9,     8.6,     83.7,     1012.4,     330.57,     74.1,     87.9,     -2
77,     24.11.2014 12:51:16,     80.85,     158.79,     334,     1.9,     3.7,     5.5,     8.6,     84.2,     1012.5,     330.57,     254,     88.1,     -178.1
78,     24.11.2014 13:01:16,     71.4,     144.72,     330,     1.4,     3.1,     5.8,     8.5,     84.5,     1012.4,     330.57,     73.3,     88.1,     -1.8
79,     24.11.2014 13:11:16,     221.55,     408.03,     332,     2.4,     4.6,     7.8,     8.6,     82.3,     1012.4,     330.57,     73.4,     88,     -1.9,     13.587,     9.77,     84.0
80,     24.11.2014 13:21:16,     195.3,     361.8,     330,     1.6,     3.4,     6.2,     8.8,     82.1,     1012.6,     330.57,     74.5,     87.9,     -2
81,     24.11.2014 13:31:16,     114.45,     265.32,     331,     1.3,     4.1,     7,     8.9,     81,     1012.7,     330.57,     74,     87.9,     -2
82,     24.11.2014 13:41:16,     217.35,     381.9,     326,     0.6,     3.8,     7.1,     8.9,     80.9,     1012.8,     330.57,     74.2,     87.8,     -2
83,     24.11.2014 13:51:16,     267.75,     468.33,     322,     1.4,     3.2,     6.7,     9.1,     81.1,     1012.8,     330.57,     74.1,     87.9,     -2
84,     24.11.2014 14:01:16,     193.2,     343.71,     327,     0.7,     3.2,     5.4,     9.2,     80.8,     1012.9,     330.57,     74.8,     87.8,     -2.1
85,     24.11.2014 14:11:16,     136.5,     247.23,     329,     1.9,     3.4,     5.9,     9.1,     78.8,     1013,     330.57,     73.9,     87.8,     -2.1,     13.620,     11.73,     83.1
86,     24.11.2014 14:21:16,     121.8,     217.08,     327,     1.5,     3.1,     5,     9.1,     80.2,     1013.2,     330.57,     73.5,     88,     -1.9
87,     24.11.2014 14:31:16,     100.8,     178.89,     319,     1,     2.7,     4.8,     9,     80.9,     1013.3,     330.57,     73.7,     88,     -1.9
88,     24.11.2014 14:41:16,     44.1,     110.55,     315,     0.7,     2.3,     3.9,     8.9,     81.5,     1013.4,     330.57,     73.8,     87.9,     -2
89,     24.11.2014 14:51:16,     25.2,     72.36,     313,     0.6,     2.1,     3.6,     8.5,     82.6,     1013.4,     330.57,     73.9,     88,     -1.9
90,     24.11.2014 15:01:16,     32.55,     76.38,     306,     0.7,     2.2,     3.3,     8.3,     84.1,     1013.5,     330.57,     73.7,     88,     -1.9
91,     24.11.2014 15:11:16,     46.2,     80.4,     310,     0.5,     1.8,     3.3,     8.2,     84.1,     1013.5,     330.57,     73.7,     87.9,     -2,     12.965,     10.71,     83.2
92,     24.11.2014 15:21:16,     32.55,     62.31,     303,     0.8,     2.5,     4.4,     8.2,     83,     1013.5,     330.57,     73.9,     87.9,     -1.9
93,     24.11.2014 15:31:16,     21,     44.22,     311,     0.5,     2,     3.9,     8.2,     82.6,     1013.5,     330.57,     73.8,     87.9,     -2
94,     24.11.2014 15:41:16,     10.5,     32.16,     308,     0.4,     1.7,     2.9,     8.1,     82.5,     1013.6,     330.57,     73.6,     87.9,     -1.9
95,     24.11.2014 15:51:16,     4.2,     20.1,     304,     0.8,     1.8,     2.9,     7.9,     83.5,     1013.6,     330.57,     73.8,     88.1,     -1.8
96,     24.11.2014 16:01:16,     0,     10.05,     301,     1.2,     2.2,     3.2,     7.8,     83.6,     1013.7,     330.57,     253.4,     88.1,     -178.1
97,     24.11.2014 16:11:16,     -2.1,     4.02,     286,     1.1,     1.9,     2.9,     7.7,     84.1,     1013.8,     330.57,     73.7,     88,     -1.9,     12.679,     8.47,     84.1
98,     24.11.2014 16:21:16,     -4.2,     2.01,     277,     1,     1.9,     2.9,     7.6,     84.8,     1013.8,     330.57,     73.6,     87.9,     -2
99,     24.11.2014 16:31:16,     -4.2,     0,     283,     1.2,     2.4,     3.8,     7.5,     84.8,     1014,     330.57,     253.8,     88,     -177.9
100,     24.11.2014 16:41:16,     -5.25,     0,     284,     1.3,     2.4,     3.7,     7.4,     84.4,     1014.1,     330.57,     253.4,     88,     -178
101,     24.11.2014 16:51:16,     -5.25,     0,     282,     0.9,     2.3,     3.6,     7.3,     84.9,     1014.1,     330.57,     253.6,     88,     -178
102,     24.11.2014 17:01:16,     -5.25,     -4.02,     283,     1.5,     2.6,     4.2,     7.3,     84.8,     1014.2,     330.57,     253.9,     88,     -178
103,     24.11.2014 17:11:16,     -5.25,     -2.01,     278,     0.9,     2.2,     3.6,     7.3,     85.5,     1014.2,     330.57,     253.7,     88.1,     -178.1,     12.624,     6.77,     84.9
104,     24.11.2014 17:21:16,     -5.25,     -2.01,     279,     0.7,     2,     4,     7.3,     86.3,     1014.4,     330.57,     253.5,     88,     -177.9
105,     24.11.2014 17:31:16,     -4.2,     -2.01,     282,     0.4,     2.6,     4.8,     7.2,     86.4,     1014.4,     330.57,     253.3,     87.9,     -177.9
106,     24.11.2014 17:41:16,     -5.25,     -2.01,     279,     0.7,     2.6,     4.6,     7.2,     86.5,     1014.5,     330.57,     253.9,     88,     -178
107,     24.11.2014 17:51:16,     -5.25,     -2.01,     277,     1.6,     2.8,     4.9,     7.2,     86.5,     1014.6,     330.57,     74.2,     87.9,     -2
108,     24.11.2014 18:01:16,     -4.2,     -2.01,     285,     1.5,     2.9,     4.6,     7.2,     86.4,     1014.7,     330.57,     253.9,     88,     -178
109,     24.11.2014 18:11:16,     -2.1,     0,     287,     1.4,     3,     5,     7.1,     86,     1014.7,     330.57,     253.4,     87.9,     -177.9,     12.597,     6.35,     85.1
110,     24.11.2014 18:21:16,     -2.1,     -2.01,     283,     0.6,     2.8,     4.8,     7.2,     85.9,     1014.8,     330.57,     253.5,     88,     -178
111,     24.11.2014 18:31:16,     -3.15,     -2.01,     284,     1.6,     3.5,     5.8,     7.3,     85.2,     1014.8,     330.57,     253.9,     87.9,     -177.9
112,     24.11.2014 18:41:16,     -4.2,     -2.01,     286,     1.7,     4,     7.5,     7.3,     84.2,     1014.8,     330.57,     254.2,     88,     -178
113,     24.11.2014 18:51:16,     -4.2,     -2.01,     283,     1.5,     3.5,     7,     7.3,     84.2,     1014.8,     330.57,     255,     87.9,     -177.9
114,     24.11.2014 19:01:16,     -4.2,     -4.02,     285,     1.9,     3.8,     6.1,     7.3,     84.7,     1014.8,     330.57,     254.1,     87.9,     -177.9
115,     24.11.2014 19:11:16,     -5.25,     -2.01,     290,     0.6,     3.7,     5.8,     7.2,     84,     1014.7,     330.57,     253.6,     88,     -178,     12.588,     6.61,     84.9
116,     24.11.2014 19:21:16,     -5.25,     -2.01,     292,     1.7,     3.3,     5.2,     7.1,     84.1,     1014.8,     330.57,     254,     88,     -178
117,     24.11.2014 19:31:16,     -5.25,     -4.02,     290,     1.5,     3.4,     5.2,     7,     84.5,     1015,     330.57,     253.6,     88,     -178.1
118,     24.11.2014 19:41:16,     -4.2,     -2.01,     290,     0.9,     3.5,     5.7,     6.9,     84.5,     1015.1,     330.57,     74,     88.1,     -1.8
119,     24.11.2014 19:51:16,     -5.25,     0,     287,     1.4,     3.4,     7.2,     6.9,     84.4,     1015,     330.57,     73.6,     88,     -2
120,     24.11.2014 20:01:16,     -5.25,     -2.01,     287,     1.8,     3.9,     5.5,     6.8,     84,     1015.2,     330.57,     73.7,     88.1,     -1.8
121,     24.11.2014 20:11:16,     -3.15,     0,     287,     1.1,     4,     6.6,     6.7,     84.9,     1015.3,     330.57,     254.1,     88,     -178,     12.563,     6.17,     85.1
122,     24.11.2014 20:21:16,     -3.15,     -2.01,     286,     1.4,     3.9,     6.6,     6.8,     84.3,     1015.4,     330.57,     253.5,     87.8,     -177.8
123,     24.11.2014 20:31:16,     -2.1,     0,     287,     2,     4.1,     7.3,     6.8,     83.7,     1015.4,     330.57,     253.7,     88.2,     -178.2
124,     24.11.2014 20:41:16,     -3.15,     -4.02,     289,     2.7,     4.6,     7.8,     6.8,     83.4,     1015.3,     330.57,     254.5,     88.1,     -178
125,     24.11.2014 20:51:16,     -3.15,     -2.01,     289,     2.3,     4.5,     7.1,     6.8,     83.6,     1015.3,     330.57,     253.9,     87.9,     -177.9
126,     24.11.2014 21:01:16,     -4.2,     -2.01,     294,     1.8,     4.3,     6.5,     6.7,     83.6,     1015.3,     330.57,     253.8,     88.1,     -178.1
127,     24.11.2014 21:11:17,     -3.15,     0,     297,     2.7,     4.7,     7.4,     6.6,     84.1,     1015.5,     330.57,     254,     87.9,     -177.9,     12.546,     6.41,     84.9
128,     24.11.2014 21:21:17,     -3.15,     -4.02,     297,     2.6,     4.3,     6.5,     6.5,     84.5,     1015.5,     330.57,     253.3,     88.1,     -178.1
129,     24.11.2014 21:31:17,     -3.15,     0,     299,     2.2,     4,     5.7,     6.5,     84.4,     1015.5,     330.57,     254.4,     87.9,     -177.9
130,     24.11.2014 21:41:17,     -3.15,     -2.01,     305,     1.8,     3.5,     5.9,     6.5,     84.6,     1015.7,     330.57,     253.9,     87.9,     -177.9
131,     24.11.2014 21:51:17,     -2.1,     0,     302,     1.3,     3.3,     6.2,     6.5,     84.7,     1015.6,     330.58,     74.1,     88,     -1.9
132,     24.11.2014 22:01:17,     -3.15,     -2.01,     287,     1,     3.8,     6.4,     6.6,     85.3,     1015.6,     330.65,     253.6,     88,     -178
133,     24.11.2014 22:11:17,     -3.15,     -2.01,     294,     1.4,     3.7,     5.8,     6.6,     84.9,     1015.7,     330.65,     253.6,     88,     -178,     12.539,     6.53,     85.0
134,     24.11.2014 22:21:17,     -4.2,     -2.01,     296,     2.2,     3.6,     5.5,     6.6,     85.5,     1015.8,     330.65,     253.4,     87.9,     -177.9
135,     24.11.2014 22:31:17,     -4.2,     -2.01,     291,     1.5,     3.4,     5.5,     6.6,     85.7,     1015.7,     330.65,     73.6,     88,     -2
136,     24.11.2014 22:41:17,     -2.1,     0,     302,     1.5,     3,     5.2,     6.6,     85.9,     1015.9,     330.65,     253.7,     88,     -178
137,     24.11.2014 22:51:17,     -3.15,     -2.01,     323,     0.7,     2.2,     4.5,     6.6,     86.4,     1016,     330.93,     253.1,     88,     -177.9
138,     24.11.2014 23:01:17,     -3.15,     -2.01,     303,     0.6,     2,     4.5,     6.6,     86.8,     1016,     330.94,     253.2,     88,     -178
139,     24.11.2014 23:11:16,     -4.2,     -2.01,     296,     1.1,     2.9,     6.4,     6.7,     86.6,     1016,     330.94,     253.6,     88,     -178,     12.531,     6.73,     84.9
140,     24.11.2014 23:21:16,     -2.1,     -2.01,     295,     1.6,     3.4,     5.2,     6.7,     86.3,     1016,     330.94,     253.1,     88,     -177.9
141,     24.11.2014 23:31:16,     -3.15,     0,     300,     1.6,     3.7,     5.9,     6.7,     86.3,     1016,     330.94,     253.4,     87.9,     -177.9
142,     24.11.2014 23:41:16,     -2.1,     -2.01,     300,     1.7,     4,     6.5,     6.7,     86.1,     1016.1,     330.94,     254.8,     87.9,     -177.9
143,     24.11.2014 23:51:16,     -1.05,     -2.01,     310,     1.2,     3.3,     5.7,     6.7,     86.3,     1016.2,     330.94,     253.3,     88,     -178
144,     25.11.2014 00:01:16,     -2.1,     0,     310,     1.5,     3.1,     4.8,     6.7,     86.7,     1016.2,     330.94,     74,     88,     -1.9,     12.448,     6.69,     85.0