Logger: #D10248 'TSK_Meteo' - USP_EXP2 (V2.10, Jan 24 2012)
No,     Time,     #1:W/m²:0,     #2:ÂµMol:(do.),     #5:deg:2,     #6:m/sMIN:(do.),     #7:m/sMIT:(do.),     #8:m/sMAX:(do.),     #9:Â°C:(do.),     #10:%:(do.),     #11:hPa:(do.),     #12:mm:(do.),     #14:AZ:3,     #15:EL:(do.),     #16:Roll:(do.),     #HK-Bat:V,     #HK-Temp:oC,     #HK-rH:%
(GSM Transfer OK / Signal:15)
1,     10.12.2014 00:11:16,     -3.15,     -2.01,     231,     2,     4.2,     6.8,     1.8,     81,     1015.8,     332.7,     254,     87.9,     -177.9,     13.958,     2.55,     85.0
2,     10.12.2014 00:21:16,     -3.15,     -4.02,     239,     2.4,     4,     8.2,     1.9,     80.3,     1016.1,     332.7,     253.5,     88.1,     -178.2
3,     10.12.2014 00:31:16,     -3.15,     -2.01,     252,     2.2,     4.4,     6.4,     2,     77.9,     1016.2,     332.7,     253.9,     87.8,     -177.8
4,     10.12.2014 00:41:16,     -5.25,     -2.01,     251,     1.7,     4.7,     6.9,     2,     77.4,     1016,     332.7,     254.8,     88.1,     -178.1
5,     10.12.2014 00:51:16,     -4.2,     -2.01,     246,     2.2,     4.7,     7.9,     2,     77.5,     1015.7,     332.7,     73.6,     88,     -1.9
6,     10.12.2014 01:01:16,     -4.2,     -2.01,     234,     2.7,     4.6,     7.3,     1.8,     77,     1015.3,     332.7,     75.2,     87.7,     -2.2
7,     10.12.2014 01:11:16,     -3.15,     0,     225,     2.9,     4.5,     7.1,     1.6,     78.3,     1014.9,     332.7,     253.4,     87.9,     -177.9,     13.816,     1.84,     87.1
8,     10.12.2014 01:21:16,     -4.2,     0,     230,     2.6,     4.3,     6.7,     1.5,     79.4,     1014.7,     332.7,     254.2,     87.8,     -177.8
9,     10.12.2014 01:31:16,     -4.2,     -2.01,     224,     2.7,     4.4,     7,     1.3,     80.3,     1014.3,     332.7,     255.4,     88.1,     -178.1
10,     10.12.2014 01:41:16,     -3.15,     0,     224,     2.6,     4.9,     7.8,     1.2,     79.9,     1014,     332.7,     253.7,     88.1,     -178.1
11,     10.12.2014 01:51:16,     -4.2,     0,     225,     2.6,     4.2,     7,     1,     80.7,     1013.9,     332.7,     75.8,     87.9,     -1.9
12,     10.12.2014 02:01:16,     -2.1,     0,     218,     3,     4.9,     7.8,     0.9,     80.9,     1013.7,     332.7,     73.6,     87.9,     -2
13,     10.12.2014 02:11:17,     -2.1,     0,     223,     2.8,     5,     8.3,     0.9,     80.8,     1013.5,     332.7,     74.1,     87.9,     -2,     13.824,     1.35,     87.3
14,     10.12.2014 02:21:17,     -5.25,     -4.02,     225,     2.9,     4.5,     6.9,     0.8,     81.1,     1013.3,     332.7,     253.6,     87.8,     -177.8
15,     10.12.2014 02:31:17,     -3.15,     -2.01,     223,     2.8,     4.8,     7.6,     0.7,     81.2,     1013.1,     332.7,     253.7,     88.1,     -178.1
16,     10.12.2014 02:41:17,     -2.1,     -2.01,     224,     2.9,     4.9,     7.8,     0.6,     82.4,     1013,     332.7,     254.7,     88,     -178
17,     10.12.2014 02:51:17,     -1.05,     -2.01,     229,     2.5,     4.7,     6.9,     0.6,     81.5,     1012.6,     332.7,     254.4,     87.8,     -177.9
18,     10.12.2014 03:01:17,     -2.1,     -2.01,     230,     2.8,     5,     7.4,     0.6,     81.7,     1012.3,     332.7,     74.4,     87.9,     -2
19,     10.12.2014 03:11:16,     -2.1,     0,     229,     2.8,     5.4,     7.6,     0.6,     81.6,     1012,     332.7,     255,     87.6,     -177.6,     13.807,     1.23,     87.4
20,     10.12.2014 03:21:16,     -1.05,     -2.01,     225,     3.1,     5.4,     8.8,     0.7,     81.5,     1011.7,     332.7,     255.3,     87.5,     -177.5
21,     10.12.2014 03:31:16,     0,     -2.01,     227,     3.2,     5.9,     9.1,     0.8,     80.4,     1011.7,     332.7,     76.5,     88.2,     -1.7
22,     10.12.2014 03:41:16,     -3.15,     -2.01,     228,     4.1,     6.3,     9.4,     0.7,     81.3,     1011.4,     332.7,     254.3,     87.8,     -178
23,     10.12.2014 03:51:16,     -2.1,     -2.01,     226,     3.5,     6.3,     10,     0.8,     81.1,     1011.1,     332.7,     74.8,     87.1,     -2.8
24,     10.12.2014 04:01:16,     -3.15,     -2.01,     236,     3.4,     6.1,     9.7,     0.8,     80.8,     1011.2,     332.7,     256.3,     87.9,     -177.9
25,     10.12.2014 04:11:16,     -2.1,     -2.01,     230,     3.1,     6,     9.5,     0.9,     81.1,     1010.9,     332.7,     255,     87.9,     -177.9,     13.832,     1.55,     87.3
26,     10.12.2014 04:21:16,     -1.05,     -2.01,     227,     2.8,     6,     10.2,     0.8,     81.5,     1010.5,     332.7,     254.7,     88,     -178
27,     10.12.2014 04:31:16,     0,     -2.01,     223,     3.5,     6.1,     10.2,     0.8,     80.5,     1010,     332.7,     256,     87.7,     -177.8
28,     10.12.2014 04:41:16,     -1.05,     0,     222,     3.7,     6.1,     9.8,     0.9,     80.3,     1009.7,     332.7,     74.9,     87.6,     -2.3
29,     10.12.2014 04:51:16,     -2.1,     0,     220,     4.2,     6.7,     11.4,     1,     79.5,     1009.2,     332.7,     74.2,     87.5,     -2.4
30,     10.12.2014 05:01:16,     -2.1,     -2.01,     220,     3.6,     6.6,     11.2,     1.1,     80.4,     1009,     332.7,     76,     88,     -1.8
31,     10.12.2014 05:11:16,     -2.1,     0,     220,     2.6,     6.6,     10.3,     1.1,     79.1,     1008.5,     332.7,     74.4,     88.2,     -1.6,     13.822,     1.73,     87.3
32,     10.12.2014 05:21:16,     -1.05,     -2.01,     218,     4.4,     7,     10.7,     1.2,     79.2,     1008.1,     332.7,     255,     88.3,     -178.4
33,     10.12.2014 05:31:16,     -2.1,     -4.02,     223,     3.7,     7.4,     12.1,     1.3,     78.3,     1008.1,     332.7,     255.9,     88.1,     -178.1
34,     10.12.2014 05:41:16,     -2.1,     -4.02,     224,     3.8,     7.4,     13.5,     1.3,     77.1,     1008,     332.7,     256.1,     86.9,     -176.9
35,     10.12.2014 05:51:16,     -2.1,     -2.01,     219,     4.7,     7.8,     12.4,     1.3,     77.2,     1007.6,     332.7,     257.2,     87.1,     -177.2
36,     10.12.2014 06:01:16,     -2.1,     0,     225,     4.9,     7.3,     11.7,     1.4,     77.2,     1007.7,     332.7,     74.7,     87.9,     -1.9
37,     10.12.2014 06:11:16,     -1.05,     0,     222,     3,     7.2,     12.3,     1.5,     76.4,     1007.2,     332.7,     254.6,     87.8,     -177.8,     13.813,     2.08,     87.2
38,     10.12.2014 06:21:16,     -1.05,     -2.01,     223,     3.9,     7.2,     12.8,     1.6,     76.3,     1006.9,     332.7,     256.3,     87.8,     -177.8
39,     10.12.2014 06:31:16,     -2.1,     -2.01,     222,     4,     8.1,     12,     1.6,     75.9,     1006.9,     332.7,     76.5,     88.7,     -1
40,     10.12.2014 06:41:16,     -2.1,     -2.01,     225,     3.8,     7.2,     11.4,     1.6,     76.1,     1006.6,     332.7,     75.8,     88.2,     -1.5
41,     10.12.2014 06:51:16,     -1.05,     -2.01,     223,     4.2,     7.8,     13.3,     1.7,     75.8,     1006.5,     332.7,     75.4,     88.7,     -1.1
42,     10.12.2014 07:01:16,     -1.05,     0,     222,     4.2,     7.2,     11.5,     1.8,     76.1,     1006.5,     332.7,     75.5,     88.8,     -1.1
43,     10.12.2014 07:11:17,     -2.1,     -2.01,     225,     4.2,     7.5,     11.5,     1.8,     75.6,     1006.5,     332.7,     254,     87.5,     -177.5,     13.830,     2.38,     87.1
44,     10.12.2014 07:21:17,     -2.1,     -2.01,     228,     3.2,     6.7,     10.7,     1.8,     75.8,     1006.5,     332.7,     256,     87.9,     -177.9
45,     10.12.2014 07:31:17,     -2.1,     0,     233,     3.9,     6.6,     10.9,     1.9,     76.7,     1006.5,     332.7,     77.8,     87.8,     -2.1
46,     10.12.2014 07:41:17,     -2.1,     0,     226,     3.6,     7.2,     11.4,     1.7,     79.2,     1006.2,     332.7,     76.3,     88.7,     -1.2
47,     10.12.2014 07:51:17,     -1.05,     -2.01,     207,     5,     8.6,     13.5,     1.2,     84,     1005.3,     333.07,     255.2,     87.6,     -177.7
48,     10.12.2014 08:01:17,     0,     0,     205,     5.7,     9.3,     13.9,     1.2,     83.6,     1004.8,     333.25,     253.9,     89.1,     179.7
49,     10.12.2014 08:11:16,     2.1,     0,     211,     5.1,     8,     13.5,     1.4,     82.3,     1004.4,     333.25,     254.7,     87.8,     -177.9,     14.000,     2.39,     87.0
50,     10.12.2014 08:21:16,     0,     2.01,     218,     3.8,     7.6,     12.4,     1.6,     81.2,     1004.5,     333.25,     76.3,     88.1,     -1.8
51,     10.12.2014 08:31:16,     2.1,     6.03,     220,     4.7,     7.7,     14,     1.8,     80.1,     1004,     333.25,     76.3,     88.2,     -1.7
52,     10.12.2014 08:41:16,     5.25,     8.04,     219,     4.7,     8.4,     12.3,     1.8,     79.3,     1004.1,     333.25,     75.2,     87.9,     -2
53,     10.12.2014 08:51:16,     9.45,     20.1,     220,     4.9,     8.1,     12.1,     1.9,     78.1,     1003.9,     333.37,     77.2,     87.9,     -2
54,     10.12.2014 09:01:16,     10.5,     22.11,     222,     5,     8.5,     13.3,     2,     77.8,     1003.8,     333.48,     75.8,     87.1,     -2.8
55,     10.12.2014 09:11:16,     8.4,     20.1,     227,     4.4,     8.5,     12.9,     2,     78.2,     1004,     333.52,     76.1,     89,     -0.8,     13.839,     2.51,     87.1
56,     10.12.2014 09:21:16,     19.95,     42.21,     228,     4.2,     7.5,     11.2,     1.7,     80.8,     1003.8,     333.55,     254.7,     86.7,     -176.8
57,     10.12.2014 09:31:16,     21,     46.23,     224,     4.3,     7,     10.4,     1.7,     82.5,     1003.6,     333.7,     255.1,     88.3,     -178.5
58,     10.12.2014 09:41:16,     25.2,     56.28,     227,     3,     6.6,     11.5,     1.6,     83.2,     1003.7,     333.7,     76.4,     88,     -1.9
59,     10.12.2014 09:51:16,     9.45,     22.11,     226,     3.1,     6.8,     11.5,     1.5,     83.8,     1003.5,     333.75,     256.6,     88.6,     -179
60,     10.12.2014 10:01:16,     11.55,     28.14,     223,     3.8,     7.3,     11.8,     1.5,     84.9,     1003.3,     333.96,     76.2,     87.2,     -2.6
61,     10.12.2014 10:11:16,     9.45,     24.12,     227,     4.9,     7.9,     11.3,     1.4,     85.9,     1003.5,     334,     77.9,     87.9,     -2,     13.807,     2.45,     87.2
62,     10.12.2014 10:21:16,     13.65,     34.17,     227,     3.1,     7.5,     11.3,     1.4,     86.3,     1003.1,     334.01,     75.5,     88.2,     -1.6
63,     10.12.2014 10:31:16,     11.55,     30.15,     225,     3.9,     7.6,     12,     1.3,     86.7,     1003.1,     334.02,     254.9,     88.6,     -178.6
64,     10.12.2014 10:41:16,     8.4,     24.12,     222,     3.9,     7.4,     11.9,     1.1,     87.9,     1003,     334.05,     254.6,     88.2,     -178.2
65,     10.12.2014 10:51:16,     9.45,     24.12,     227,     4.1,     7.5,     11.1,     1.1,     88,     1002.9,     334.06,     256.7,     88.1,     -178.1
66,     10.12.2014 11:01:16,     14.7,     36.18,     230,     4.1,     6.5,     10.4,     1.2,     88.6,     1002.8,     334.07,     255.9,     87.7,     -177.8
67,     10.12.2014 11:11:16,     18.9,     42.21,     230,     2.9,     6.7,     11,     1.3,     89.1,     1002.8,     334.11,     75.8,     87.5,     -2.4,     13.811,     2.19,     87.2
68,     10.12.2014 11:21:16,     23.1,     52.26,     233,     2.8,     5.7,     9.4,     1.4,     88.8,     1002.6,     334.14,     254.7,     87.4,     -177.4
69,     10.12.2014 11:31:16,     18.9,     44.22,     231,     3.6,     6.4,     10.7,     1.5,     88.9,     1002.5,     334.14,     76.4,     87.5,     -2.4
70,     10.12.2014 11:41:16,     17.85,     38.19,     231,     3.1,     6.7,     10.9,     1.8,     88.9,     1002.3,     334.15,     254.8,     88.1,     -178.2
71,     10.12.2014 11:51:16,     30.45,     68.34,     230,     3.4,     6.5,     10.7,     1.9,     88.1,     1002.2,     334.15,     254.9,     88,     -178
72,     10.12.2014 12:01:16,     33.6,     74.37,     237,     4.3,     6.7,     10.7,     2.1,     87.8,     1002.1,     334.17,     255.7,     88,     -178
73,     10.12.2014 12:11:17,     18.9,     44.22,     235,     3.8,     6.9,     11.2,     2.1,     87.9,     1001.9,     334.17,     76.3,     88.4,     -1.5,     13.860,     2.55,     87.3
74,     10.12.2014 12:21:17,     24.15,     56.28,     235,     3.5,     6.2,     9.1,     2.1,     88.1,     1001.8,     334.17,     74.1,     88,     -1.8
75,     10.12.2014 12:31:17,     19.95,     46.23,     238,     2.4,     6.1,     10,     2.2,     88.2,     1001.9,     334.18,     256.4,     88.1,     -178.2
76,     10.12.2014 12:41:17,     21,     46.23,     232,     4.3,     6.7,     10.8,     2.2,     88,     1001.7,     334.21,     255.5,     88.7,     -178.7
77,     10.12.2014 12:51:17,     18.9,     44.22,     243,     3.9,     6.7,     10.4,     2.4,     88.2,     1001.9,     334.26,     255.5,     87.6,     -177.7
78,     10.12.2014 13:01:17,     10.5,     28.14,     244,     3.8,     6.5,     10,     2.6,     88.2,     1001.9,     334.28,     255.3,     87.9,     -177.9
79,     10.12.2014 13:11:16,     18.9,     40.2,     244,     3.7,     6.2,     11.1,     2.8,     87.9,     1001.9,     334.29,     255.5,     88.1,     -178.2,     13.822,     3.12,     87.1
80,     10.12.2014 13:21:16,     17.85,     40.2,     248,     2.6,     5.4,     8.8,     2.9,     87.8,     1001.7,     334.29,     256,     88,     -178
81,     10.12.2014 13:31:16,     11.55,     26.13,     248,     1.6,     5.8,     9.2,     3,     87.4,     1001.8,     334.29,     74.3,     87.8,     -2
82,     10.12.2014 13:41:16,     6.3,     16.08,     251,     0.8,     5,     7.7,     3.2,     87.5,     1001.9,     334.29,     76.6,     87.8,     -2
83,     10.12.2014 13:51:16,     32.55,     66.33,     258,     2.2,     5.1,     8.5,     3.4,     87.5,     1001.9,     334.29,     254.2,     88.1,     -178.1
84,     10.12.2014 14:01:16,     16.8,     34.17,     256,     2.7,     5.4,     8.5,     3.5,     87,     1001.8,     334.29,     255.3,     88.2,     -178.2
85,     10.12.2014 14:11:17,     17.85,     38.19,     255,     2.5,     5.2,     9.3,     3.6,     87.2,     1001.8,     334.29,     255,     88.3,     -178.3,     12.883,     3.81,     87.0
86,     10.12.2014 14:21:17,     10.5,     24.12,     260,     2.9,     6.5,     11.1,     3.8,     86.5,     1001.7,     334.29,     74.8,     87.6,     -2.2
87,     10.12.2014 14:31:17,     16.8,     36.18,     259,     1.7,     6.1,     11,     3.8,     86.7,     1001.7,     334.29,     255.7,     87.9,     -178
88,     10.12.2014 14:41:17,     15.75,     34.17,     261,     2.8,     6.3,     10.4,     3.9,     87,     1001.7,     334.29,     254.7,     88,     -178
89,     10.12.2014 14:51:17,     15.75,     32.16,     261,     2.3,     6,     9.9,     3.9,     86.9,     1001.7,     334.29,     255.5,     88.2,     -178.2
90,     10.12.2014 15:01:17,     11.55,     26.13,     260,     3.4,     5.9,     10.4,     4,     87.1,     1001.7,     334.29,     255.7,     88,     -178
91,     10.12.2014 15:11:16,     13.65,     28.14,     268,     3,     5.8,     10.3,     4.1,     86.7,     1001.8,     334.29,     75.3,     87.2,     -2.6,     12.736,     4.48,     86.7
92,     10.12.2014 15:21:16,     6.3,     18.09,     271,     3.1,     5.7,     8.5,     4.2,     86.6,     1002,     334.29,     75.1,     88.1,     -1.8
93,     10.12.2014 15:31:16,     4.2,     12.06,     265,     3.6,     6.3,     9.9,     4.3,     86.6,     1002.1,     334.29,     78.2,     87.6,     -2.3
94,     10.12.2014 15:41:16,     2.1,     10.05,     273,     2.5,     5.6,     10.3,     4.3,     86.5,     1002.1,     334.29,     77.7,     87.9,     -2
95,     10.12.2014 15:51:16,     1.05,     4.02,     274,     1,     5.7,     8.8,     4.4,     86.4,     1002.2,     334.29,     75,     87.5,     -2.4
96,     10.12.2014 16:01:16,     -1.05,     0,     281,     2.5,     5.2,     9.1,     4.5,     85.9,     1002.2,     334.29,     254,     87.9,     -177.9
97,     10.12.2014 16:11:16,     -1.05,     0,     273,     3,     5.1,     10.4,     4.5,     86.1,     1002.4,     334.29,     73.8,     87.9,     -2,     12.618,     4.79,     86.7
98,     10.12.2014 16:21:16,     -2.1,     0,     273,     1.8,     4.6,     8.2,     4.5,     85.9,     1002.5,     334.29,     74,     88,     -1.9
99,     10.12.2014 16:31:16,     -2.1,     0,     283,     0.4,     3.7,     5.8,     4.6,     85.6,     1002.6,     334.29,     253.9,     87.9,     -177.9
100,     10.12.2014 16:41:16,     -2.1,     0,     264,     2.4,     4.1,     6.5,     4.6,     85.7,     1002.6,     334.29,     75.6,     87.9,     -2
101,     10.12.2014 16:51:16,     -1.05,     0,     270,     2.3,     4.6,     8.2,     4.5,     86.1,     1002.7,     334.29,     74.6,     87.8,     -2.1
102,     10.12.2014 17:01:16,     -3.15,     0,     269,     2.9,     4.8,     8,     4.5,     85.8,     1002.6,     334.29,     75,     88.1,     -1.8
103,     10.12.2014 17:11:16,     -4.2,     0,     267,     2.4,     5,     8.6,     4.5,     86,     1002.7,     334.29,     255.6,     88.2,     -178.2,     12.588,     4.78,     86.6
104,     10.12.2014 17:21:16,     -3.15,     0,     264,     1.7,     5.3,     8.9,     4.5,     86.2,     1002.6,     334.29,     255.1,     88.1,     -178.1
105,     10.12.2014 17:31:16,     -2.1,     -2.01,     266,     2.3,     4.8,     7.8,     4.5,     86.4,     1002.7,     334.29,     253.5,     87.8,     -177.9
106,     10.12.2014 17:41:16,     -3.15,     -2.01,     263,     2.8,     5.3,     8.5,     4.6,     86.1,     1002.5,     334.29,     255.4,     87.4,     -177.5
107,     10.12.2014 17:51:16,     -2.1,     0,     261,     1.9,     5.4,     8.6,     4.6,     86,     1002.6,     334.29,     253.7,     87.7,     -177.8
108,     10.12.2014 18:01:16,     -2.1,     -2.01,     258,     2.9,     5.6,     8.2,     4.6,     86.3,     1002.7,     334.29,     76.1,     87.5,     -2.3
109,     10.12.2014 18:11:16,     -2.1,     -4.02,     259,     2.2,     5,     8.1,     4.6,     86.5,     1002.7,     334.32,     74.2,     88,     -1.9,     12.584,     4.65,     86.8
110,     10.12.2014 18:21:16,     -3.15,     -2.01,     258,     2.2,     4.7,     7.5,     4.6,     86,     1002.7,     334.32,     255.2,     88.3,     -178.3
111,     10.12.2014 18:31:16,     -3.15,     -2.01,     264,     2.1,     5.3,     8.2,     4.7,     85.7,     1002.8,     334.32,     255.4,     87.7,     -177.7
112,     10.12.2014 18:41:16,     -2.1,     0,     262,     2.7,     5.7,     8.8,     4.6,     86.3,     1002.8,     334.36,     254.7,     87.7,     -177.7
113,     10.12.2014 18:51:16,     -2.1,     -2.01,     264,     2.1,     5.1,     8.5,     4.6,     86.9,     1002.9,     334.4,     254.1,     88,     -178
114,     10.12.2014 19:01:16,     -2.1,     0,     274,     1.6,     3.6,     5.9,     4.5,     86.6,     1002.8,     334.4,     254,     87.8,     -177.9
115,     10.12.2014 19:11:16,     -2.1,     -2.01,     318,     1.3,     3.7,     6.2,     4.3,     85.2,     1003.1,     334.45,     253.7,     87.9,     -178,     12.552,     4.89,     86.7
116,     10.12.2014 19:21:16,     -1.05,     -2.01,     321,     0.7,     2.9,     6.8,     4,     86.5,     1003,     334.47,     253.8,     88.2,     -178.2
117,     10.12.2014 19:31:16,     -3.15,     -2.01,     283,     0.8,     3.2,     7.2,     4.2,     86.6,     1003,     334.47,     74,     87.9,     -2
118,     10.12.2014 19:41:16,     -4.2,     -2.01,     264,     1,     3.1,     5.1,     4.3,     86.5,     1002.9,     334.47,     74.3,     88,     -1.9
119,     10.12.2014 19:51:16,     -4.2,     -2.01,     246,     1.4,     3.2,     6.3,     4.1,     86.1,     1002.8,     334.47,     74.2,     88,     -1.9
120,     10.12.2014 20:01:16,     -5.25,     -2.01,     253,     1.6,     4.1,     6.6,     3.9,     86.2,     1002.8,     334.47,     74.7,     87.9,     -2
121,     10.12.2014 20:11:17,     -4.2,     0,     255,     1.2,     4.2,     7.5,     3.9,     85.6,     1002.7,     334.47,     74.3,     88,     -1.9,     12.537,     4.11,     86.7
122,     10.12.2014 20:21:17,     -5.25,     0,     254,     2.2,     4.5,     7.3,     3.9,     85.4,     1002.7,     334.47,     75.2,     87.8,     -2.1
123,     10.12.2014 20:31:17,     -5.25,     -2.01,     256,     3.1,     4.9,     7.4,     3.9,     85.5,     1002.7,     334.47,     254.3,     87.8,     -177.8
124,     10.12.2014 20:41:17,     -4.2,     -2.01,     251,     2.2,     4.5,     7.5,     3.8,     85.9,     1002.6,     334.47,     255.5,     87.9,     -177.9
125,     10.12.2014 20:51:17,     -4.2,     -2.01,     251,     2.4,     5.1,     7.9,     3.7,     86.1,     1002.5,     334.47,     254,     87.8,     -177.8
126,     10.12.2014 21:01:17,     -5.25,     -2.01,     247,     2.7,     4.8,     8.6,     3.7,     86.1,     1002.5,     334.47,     254.9,     87.8,     -177.8
127,     10.12.2014 21:11:16,     -5.25,     -2.01,     249,     2.5,     4.9,     7.4,     3.7,     85.8,     1002.5,     334.47,     255,     87.9,     -177.9,     12.522,     3.36,     87.1
128,     10.12.2014 21:21:16,     -4.2,     -2.01,     249,     2.7,     4.6,     7,     3.7,     85.2,     1002.6,     334.47,     74.1,     88,     -1.9
129,     10.12.2014 21:31:16,     -5.25,     -2.01,     256,     2.7,     5.1,     7.6,     3.7,     84.9,     1002.7,     334.47,     73.9,     88,     -1.9
130,     10.12.2014 21:41:16,     -4.2,     -2.01,     254,     1.4,     4.8,     7.4,     3.6,     85,     1002.6,     334.47,     255.3,     87.9,     -177.9
131,     10.12.2014 21:51:16,     -5.25,     -2.01,     248,     2.3,     4.8,     7.9,     3.5,     85.3,     1002.6,     334.47,     254.4,     87.9,     -177.9
132,     10.12.2014 22:01:16,     -5.25,     -4.02,     248,     2.5,     4.4,     7.3,     3.4,     85.7,     1002.7,     334.47,     255.3,     87.7,     -177.7
133,     10.12.2014 22:11:16,     -5.25,     0,     245,     2.4,     4.5,     7.6,     3.3,     85.8,     1002.6,     334.47,     254.4,     87.8,     -177.8,     12.518,     3.03,     87.2
134,     10.12.2014 22:21:16,     -5.25,     -2.01,     237,     2.3,     3.9,     7,     3,     86.5,     1002.6,     334.47,     75,     87.9,     -2
135,     10.12.2014 22:31:16,     -5.25,     -2.01,     238,     2.2,     3.7,     6.3,     2.9,     87.2,     1002.4,     334.47,     254,     87.8,     -177.8
136,     10.12.2014 22:41:16,     -4.2,     0,     239,     1.9,     4,     6.3,     2.9,     87.4,     1002.4,     334.47,     254,     87.9,     -177.9
137,     10.12.2014 22:51:16,     -4.2,     0,     242,     2.4,     4.2,     6.2,     3.1,     86.1,     1002.4,     334.47,     253.9,     88,     -178
138,     10.12.2014 23:01:16,     -4.2,     -2.01,     244,     2.6,     4.7,     8.4,     3.2,     84.1,     1002.2,     334.47,     254.2,     87.8,     -177.9
139,     10.12.2014 23:11:16,     -5.25,     0,     249,     2.8,     4.9,     7.5,     3.4,     83.2,     1002.2,     334.47,     74.7,     87.9,     -2,     13.832,     2.59,     87.2
140,     10.12.2014 23:21:16,     -6.3,     -2.01,     251,     3,     5.4,     10.1,     3.5,     82.2,     1002,     334.47,     256.3,     87.9,     -177.9
141,     10.12.2014 23:31:16,     -4.2,     -2.01,     253,     3.6,     5.9,     8.7,     3.6,     82.2,     1001.9,     334.47,     254,     87.6,     -177.7
142,     10.12.2014 23:41:16,     -5.25,     -2.01,     251,     2.7,     5.5,     8.1,     3.6,     81.7,     1001.9,     334.47,     254.9,     88.1,     -178.1
143,     10.12.2014 23:51:16,     -5.25,     -2.01,     242,     2.3,     4.8,     7.6,     3.5,     82.4,     1001.8,     334.47,     254.2,     88.1,     -178.1
144,     11.12.2014 00:01:16,     -5.25,     -2.01,     243,     2.7,     4.9,     8.2,     3.4,     82.4,     1001.7,     334.47,     74.2,     88.1,     -1.9,     13.862,     2.73,     87.1