Logger: #D10248 'TSK_Meteo' - USP_EXP2 (V2.10, Jan 24 2012)
No,     Time,     #1:W/m²:0,     #2:ÂµMol:(do.),     #5:deg:2,     #6:m/sMIN:(do.),     #7:m/sMIT:(do.),     #8:m/sMAX:(do.),     #9:Â°C:(do.),     #10:%:(do.),     #11:hPa:(do.),     #12:mm:(do.),     #14:AZ:3,     #15:EL:(do.),     #16:Roll:(do.),     #HK-Bat:V,     #HK-Temp:oC,     #HK-rH:%
(GSM Transfer OK / Signal:15)
1,     21.12.2014 00:11:17,     -4.2,     -2.01,     323,     2.6,     5.1,     8.3,     4.3,     80.3,     1004.5,     360.97,     73.8,     87.4,     -2.5,     12.597,     5.07,     86.1
2,     21.12.2014 00:21:17,     -2.1,     -2.01,     332,     2,     5.1,     8.9,     4.3,     81.5,     1004.9,     360.97,     254,     87.8,     -177.8
3,     21.12.2014 00:31:17,     -2.1,     -2.01,     334,     2,     5.4,     9.7,     4.2,     82.5,     1005,     360.98,     253.5,     87.7,     -177.8
4,     21.12.2014 00:41:17,     -2.1,     -2.01,     334,     3,     6,     9.4,     4.3,     82.2,     1005.4,     360.99,     74.8,     87.9,     -1.9
5,     21.12.2014 00:51:17,     -2.1,     -2.01,     334,     2.6,     5.5,     8.6,     4.3,     82.1,     1005.4,     360.99,     75.3,     88.1,     -1.8
6,     21.12.2014 01:01:17,     -2.1,     -2.01,     332,     3,     5.8,     10.5,     4.4,     80.7,     1005.7,     360.99,     73.5,     87.8,     -2.1
7,     21.12.2014 01:11:16,     -3.15,     -2.01,     330,     3.6,     6.1,     9.3,     4.4,     80.5,     1005.7,     360.99,     73.6,     87.9,     -2,     13.828,     4.55,     88.0
8,     21.12.2014 01:21:16,     -3.15,     -2.01,     330,     3.5,     5.8,     9.1,     4.4,     79.9,     1006,     360.99,     75,     88.1,     -1.8
9,     21.12.2014 01:31:16,     -2.1,     -2.01,     333,     2.9,     5.6,     8.8,     4.5,     79.9,     1006,     360.99,     74.1,     87.8,     -2
10,     21.12.2014 01:41:16,     -3.15,     -4.02,     331,     3.1,     5.3,     9.9,     4.4,     79.8,     1006.3,     360.99,     74.6,     87.9,     -2
11,     21.12.2014 01:51:16,     -4.2,     0,     331,     2.6,     5.4,     9.2,     4.4,     79.9,     1006.6,     360.99,     75.7,     88,     -1.8
12,     21.12.2014 02:01:16,     -5.25,     -2.01,     328,     2.7,     5.4,     10.1,     4.3,     80.1,     1006.8,     360.99,     74,     87.6,     -2.3
13,     21.12.2014 02:11:16,     -2.1,     0,     329,     3.2,     5.4,     8.3,     4.4,     79.9,     1007,     360.99,     74.5,     88.1,     -1.8,     12.719,     4.43,     88.0
14,     21.12.2014 02:21:16,     -3.15,     -2.01,     329,     2.7,     5.1,     8.4,     4.4,     79.8,     1007.1,     360.99,     253.9,     87.9,     -177.9
15,     21.12.2014 02:31:16,     -3.15,     -2.01,     328,     2.3,     5.5,     10.7,     4.3,     80,     1007.3,     360.99,     73.4,     87.7,     -2.2
16,     21.12.2014 02:41:16,     -4.2,     -2.01,     330,     1.5,     4.8,     8.4,     4.3,     80.2,     1007.5,     360.99,     253.2,     87.8,     -177.8
17,     21.12.2014 02:51:16,     -3.15,     -2.01,     328,     2.9,     5.1,     8.1,     4.3,     80.7,     1007.8,     360.99,     73.8,     87.6,     -2.3
18,     21.12.2014 03:01:16,     -3.15,     0,     327,     2.5,     5.3,     8.1,     4.4,     80.5,     1008,     360.99,     254,     88.2,     -178.2
19,     21.12.2014 03:11:16,     -5.25,     -2.01,     329,     1.9,     4.8,     7.8,     4.4,     80.5,     1008.1,     360.99,     73.8,     87.8,     -2.1,     12.656,     4.32,     88.0
20,     21.12.2014 03:21:16,     -4.2,     -2.01,     329,     1.9,     5.1,     8.5,     4.4,     80.2,     1008.3,     360.99,     74.3,     87.1,     -2.8
21,     21.12.2014 03:31:16,     -5.25,     0,     332,     2.1,     5.3,     8.6,     4.5,     80.1,     1008.4,     360.99,     74.6,     87.9,     -1.9
22,     21.12.2014 03:41:16,     -5.25,     -2.01,     333,     2.1,     6.4,     11,     4.5,     80.1,     1008.6,     360.99,     73.8,     87.4,     -2.5
23,     21.12.2014 03:51:16,     -5.25,     -2.01,     333,     3.1,     5.9,     9.4,     4.5,     80.7,     1008.9,     360.99,     253.1,     88,     -177.9
24,     21.12.2014 04:01:16,     -5.25,     0,     335,     3.4,     6,     10.4,     4.6,     80.6,     1008.8,     360.99,     255.2,     87.8,     -177.8
25,     21.12.2014 04:11:16,     -4.2,     0,     334,     3.4,     5.9,     9.3,     4.6,     80.2,     1009.2,     360.99,     74.3,     88,     -2,     12.599,     4.18,     88.0
26,     21.12.2014 04:21:16,     -4.2,     0,     339,     2.8,     5,     8.6,     4.5,     80.2,     1009.3,     360.99,     254.1,     87.6,     -177.8
27,     21.12.2014 04:31:16,     -5.25,     -2.01,     338,     3.3,     5.7,     10.7,     4.6,     79.7,     1009.5,     360.99,     74.8,     87.9,     -2
28,     21.12.2014 04:41:16,     -3.15,     0,     339,     2.9,     4.9,     8.7,     4.7,     79.3,     1009.6,     360.99,     253.9,     88.1,     -178.2
29,     21.12.2014 04:51:16,     -4.2,     -2.01,     345,     2.7,     5.1,     9.2,     4.8,     79.2,     1009.7,     360.99,     254.1,     87.3,     -177.3
30,     21.12.2014 05:01:16,     -3.15,     -2.01,     345,     3.1,     5.4,     8.9,     5,     78.2,     1009.9,     360.99,     254.3,     88.1,     -178.1
31,     21.12.2014 05:11:16,     -4.2,     -2.01,     346,     2.9,     5.4,     9.1,     5.1,     77.8,     1009.8,     360.99,     253.6,     88.8,     -178.9,     12.580,     4.42,     88.1
32,     21.12.2014 05:21:16,     -2.1,     0,     344,     3.1,     5.5,     9.4,     5.3,     77.2,     1010,     360.99,     73.9,     88.4,     -1.5
33,     21.12.2014 05:31:16,     -2.1,     0,     340,     2.6,     5.3,     8.6,     5.3,     77.2,     1010,     360.99,     74.4,     88.5,     -1.4
34,     21.12.2014 05:41:16,     -3.15,     0,     335,     2.4,     5.3,     8.8,     5.3,     77.9,     1010.1,     360.99,     253.7,     87.6,     -177.6
35,     21.12.2014 05:51:16,     -5.25,     -2.01,     334,     3.2,     5.6,     9.9,     5.1,     78.1,     1010.1,     360.99,     74.2,     87.9,     -2
36,     21.12.2014 06:01:16,     -3.15,     0,     333,     3.2,     5.8,     8.5,     4.9,     78.7,     1010.3,     360.99,     74.2,     87.7,     -2.2
37,     21.12.2014 06:11:16,     -5.25,     -2.01,     329,     3.1,     5.9,     10.5,     4.7,     79.5,     1010.5,     360.99,     74.2,     87.8,     -2.2,     12.567,     4.81,     87.7
38,     21.12.2014 06:21:16,     -5.25,     -2.01,     326,     2.6,     4.9,     7.9,     4.6,     79.8,     1010.7,     360.99,     254.5,     87.9,     -177.9
39,     21.12.2014 06:31:16,     -5.25,     -2.01,     323,     1.5,     4,     6.4,     4.5,     80.5,     1010.9,     360.99,     74,     88.1,     -1.8
40,     21.12.2014 06:41:16,     -5.25,     -2.01,     324,     2.1,     4.6,     7.4,     4.4,     80.7,     1011,     360.99,     254.1,     87.9,     -177.8
41,     21.12.2014 06:51:16,     -5.25,     -2.01,     323,     1.2,     3.9,     6.5,     4.3,     81.2,     1011.2,     360.99,     253.4,     88.1,     -178.1
42,     21.12.2014 07:01:16,     -5.25,     -2.01,     320,     1.2,     3.5,     6.2,     4.2,     81.6,     1011.3,     360.99,     253.8,     87.9,     -178
43,     21.12.2014 07:11:17,     -5.25,     -2.01,     317,     1.3,     3.4,     6.2,     4.1,     81.9,     1011.5,     360.99,     253.1,     87.8,     -177.9,     12.535,     3.85,     88.1
44,     21.12.2014 07:21:17,     -5.25,     -4.02,     317,     1.2,     3.5,     7.3,     4.1,     82.1,     1011.8,     360.99,     253.4,     87.8,     -177.8
45,     21.12.2014 07:31:17,     -5.25,     -4.02,     310,     1.4,     3.4,     6.8,     4,     82.3,     1011.9,     360.99,     74.1,     87.8,     -2
46,     21.12.2014 07:41:17,     -4.2,     -2.01,     307,     1.6,     3.9,     6.5,     4.1,     82.2,     1012,     360.99,     254.2,     87.9,     -177.9
47,     21.12.2014 07:51:17,     -5.25,     -2.01,     303,     1.9,     4.2,     7,     4,     82.6,     1012,     360.99,     253.3,     87.9,     -178
48,     21.12.2014 08:01:17,     -3.15,     -2.01,     301,     1.9,     4.4,     7.1,     4.1,     82.5,     1012.3,     360.99,     254.5,     87.9,     -177.9
49,     21.12.2014 08:11:16,     -1.05,     2.01,     299,     2,     4.8,     8.2,     4.1,     82.6,     1012.3,     360.99,     255.5,     88.3,     -178.3,     12.535,     3.37,     88.4
50,     21.12.2014 08:21:16,     3.15,     8.04,     299,     1.6,     4.4,     7.6,     4.1,     82.6,     1012.4,     360.99,     253.6,     87.9,     -177.9
51,     21.12.2014 08:31:16,     6.3,     16.08,     297,     2,     3.9,     5.8,     4.1,     82.7,     1012.5,     360.99,     73.7,     87.8,     -2.1
52,     21.12.2014 08:41:16,     19.95,     24.12,     296,     2.4,     4.1,     7.4,     4.2,     82.2,     1012.6,     360.99,     253.3,     87.8,     -177.8
53,     21.12.2014 08:51:16,     24.15,     38.19,     303,     0.9,     4.1,     7.5,     4.3,     82,     1012.7,     360.99,     74,     87.9,     -2
54,     21.12.2014 09:01:16,     38.85,     62.31,     298,     3,     5.1,     8,     4.6,     81.1,     1012.8,     360.99,     74.3,     87.9,     -1.9
55,     21.12.2014 09:11:16,     37.8,     64.32,     303,     2.1,     4.4,     7.8,     4.7,     81.1,     1012.9,     360.99,     73.9,     88.1,     -1.8,     13.856,     4.15,     88.4
56,     21.12.2014 09:21:16,     50.4,     94.47,     306,     1.3,     3.8,     6.4,     4.7,     81.2,     1013,     360.99,     74.5,     87.9,     -2
57,     21.12.2014 09:31:16,     61.95,     108.54,     306,     1,     4.6,     8.2,     4.8,     81,     1013,     360.99,     75.2,     88,     -1.9
58,     21.12.2014 09:41:16,     63,     116.58,     299,     3.3,     6,     9.4,     4.9,     81.2,     1013.1,     360.99,     74.4,     87.8,     -2
59,     21.12.2014 09:51:16,     69.3,     128.64,     289,     1.9,     5.8,     9.3,     4.8,     81.3,     1013.1,     360.99,     254.2,     87.8,     -177.8
60,     21.12.2014 10:01:16,     78.75,     148.74,     292,     2.2,     5,     8.6,     4.8,     81.6,     1013.2,     360.99,     74.4,     88,     -1.9
61,     21.12.2014 10:11:16,     73.5,     140.7,     290,     1.8,     4.7,     7.4,     4.6,     81.3,     1013.2,     360.99,     255,     87.8,     -177.9,     13.705,     5.19,     87.9
62,     21.12.2014 10:21:16,     74.55,     146.73,     298,     3.3,     6.1,     10.2,     4.6,     81.5,     1013.1,     360.99,     75,     87.9,     -1.9
63,     21.12.2014 10:31:16,     81.9,     158.79,     296,     3,     5.9,     9.4,     4.6,     81.3,     1012.9,     360.99,     75.9,     87.7,     -2.1
64,     21.12.2014 10:41:16,     82.95,     160.8,     296,     3.1,     6.7,     10.9,     4.5,     82,     1012.9,     360.99,     254.1,     87.4,     -177.4
65,     21.12.2014 10:51:16,     78.75,     152.76,     296,     2.9,     6.1,     8.7,     4.6,     82.1,     1012.9,     360.99,     76,     87.4,     -2.3
66,     21.12.2014 11:01:16,     74.55,     146.73,     296,     2.9,     6.1,     10.9,     4.7,     81.7,     1013,     360.99,     75.6,     87.5,     -2.3
67,     21.12.2014 11:11:16,     55.65,     112.56,     296,     1.6,     5.4,     8.3,     4.7,     82,     1013.1,     360.99,     76.1,     87.9,     -2,     13.786,     5.29,     87.9
68,     21.12.2014 11:21:16,     59.85,     118.59,     293,     1.7,     5.7,     10.6,     4.8,     82.1,     1013.1,     360.99,     253.7,     87.9,     -177.9
69,     21.12.2014 11:31:16,     46.2,     92.46,     299,     2.4,     5.5,     10.9,     5,     82.2,     1013,     360.99,     74.6,     87.6,     -2.2
70,     21.12.2014 11:41:16,     49.35,     98.49,     301,     2.2,     5.3,     8.9,     5.2,     81.3,     1013,     360.99,     74,     88.2,     -1.7
71,     21.12.2014 11:51:16,     72.45,     144.72,     298,     2.4,     5,     8.4,     5.2,     81.5,     1012.9,     360.99,     74.6,     87.6,     -2.3
72,     21.12.2014 12:01:16,     82.95,     164.82,     292,     1.6,     5.3,     9.8,     5.2,     81.7,     1012.9,     360.99,     76,     87.8,     -2
73,     21.12.2014 12:11:21,     114.45,     219.09,     293,     3.1,     6,     10.7,     5.3,     81.5,     1012.7,     360.99,     75.9,     88,     -1.8,     13.722,     6.01,     87.6
74,     21.12.2014 12:21:21,     92.4,     186.93,     289,     2.3,     5.6,     9.8,     5.3,     81.4,     1012.7,     360.99,     256.2,     88,     -178
75,     21.12.2014 12:31:21,     106.05,     207.03,     296,     3.5,     6.4,     9.8,     5.4,     81.2,     1012.7,     360.99,     254,     87.8,     -177.8
76,     21.12.2014 12:41:21,     86.1,     172.86,     290,     2.6,     5.9,     11.2,     5.5,     80.9,     1012.7,     360.99,     76,     87.9,     -2
77,     21.12.2014 12:51:21,     76.65,     148.74,     288,     2.7,     5.9,     9.7,     5.6,     80.7,     1012.6,     360.99,     75.4,     87.8,     -2.1
78,     21.12.2014 13:01:21,     57.75,     122.61,     287,     2.7,     5.7,     11.8,     5.6,     80.4,     1012.6,     360.99,     76,     87.9,     -1.9
79,     21.12.2014 13:11:16,     92.4,     180.9,     290,     3.2,     5.7,     8.6,     5.6,     80.4,     1012.5,     360.99,     75.4,     87.9,     -2,     13.714,     6.59,     87.4
80,     21.12.2014 13:21:16,     101.85,     196.98,     293,     0.5,     5.2,     10.2,     5.7,     80,     1012.5,     360.99,     256.2,     88.3,     -178.3
81,     21.12.2014 13:31:16,     85.05,     164.82,     289,     2.6,     6.4,     13,     5.8,     79.4,     1012.5,     360.99,     255.8,     87.8,     -178.3
82,     21.12.2014 13:41:16,     39.9,     80.4,     290,     2.3,     5.9,     9.8,     5.8,     78.8,     1012.4,     360.99,     255.6,     87.7,     -177.7
83,     21.12.2014 13:51:16,     22.05,     46.23,     290,     2.3,     5.6,     9.4,     5.8,     78.8,     1012.1,     361,     76.4,     87.8,     -2
84,     21.12.2014 14:01:16,     18.9,     44.22,     287,     2.4,     5.5,     11.3,     5.6,     81.1,     1012,     361.01,     75.8,     87.8,     -2
85,     21.12.2014 14:11:16,     30.45,     66.33,     284,     2.5,     4.5,     7.6,     5.5,     82.4,     1011.9,     361.01,     75.9,     88,     -1.9,     13.574,     6.61,     87.4
86,     21.12.2014 14:21:16,     32.55,     70.35,     269,     1.6,     4.2,     8.3,     5.5,     82.9,     1011.7,     361.01,     254.1,     88.1,     -178.1
87,     21.12.2014 14:31:16,     16.8,     38.19,     273,     2.1,     4.5,     6.9,     5.4,     82.8,     1011.6,     361.01,     75,     87.7,     -2.2
88,     21.12.2014 14:41:16,     13.65,     28.14,     273,     2.2,     4.3,     7.2,     5.5,     82.4,     1011.6,     361.01,     74.8,     87.9,     -2
89,     21.12.2014 14:51:16,     12.6,     32.16,     273,     1.9,     4.3,     7.2,     5.5,     81.9,     1011.3,     361.01,     77.6,     87.8,     -2
90,     21.12.2014 15:01:16,     7.35,     20.1,     272,     2.5,     4.3,     8,     5.5,     82.2,     1011.2,     361.02,     75.1,     88,     -1.9
91,     21.12.2014 15:11:16,     1.05,     8.04,     266,     2.2,     4.9,     8.1,     5.5,     82.8,     1010.9,     361.03,     254.3,     87.8,     -177.8,     12.851,     6.11,     87.7
92,     21.12.2014 15:21:16,     0,     4.02,     266,     2.5,     4.8,     7.2,     5.4,     84.2,     1010.7,     361.07,     74.9,     88.2,     -1.7
93,     21.12.2014 15:31:16,     -1.05,     0,     263,     2.1,     4.6,     7.3,     5.3,     85.5,     1010.6,     361.07,     75.2,     88,     -1.9
94,     21.12.2014 15:41:16,     -1.05,     0,     269,     2.2,     4.5,     7.1,     5.3,     85.9,     1010.5,     361.07,     76.1,     87.9,     -2
95,     21.12.2014 15:51:16,     -2.1,     0,     267,     2,     4.9,     7.9,     5.3,     85.5,     1010.3,     361.07,     75.1,     87.9,     -2
96,     21.12.2014 16:01:16,     -3.15,     -2.01,     272,     2,     4.7,     7.5,     5.4,     85.4,     1010.3,     361.07,     74.4,     88.2,     -1.6
97,     21.12.2014 16:11:16,     -3.15,     -2.01,     272,     1.7,     5,     9.3,     5.4,     85,     1010.1,     361.07,     75.2,     87.6,     -2.2,     12.751,     5.85,     87.8
98,     21.12.2014 16:21:16,     -3.15,     -2.01,     266,     2,     5.3,     9.4,     5.5,     84.7,     1009.8,     361.08,     75.7,     87.9,     -2
99,     21.12.2014 16:31:16,     -2.1,     -2.01,     274,     2.7,     5.4,     10.1,     5.6,     84.4,     1009.6,     361.08,     76,     87.9,     -1.9
100,     21.12.2014 16:41:16,     -2.1,     -2.01,     269,     3,     5.7,     9.2,     5.6,     84.3,     1009.5,     361.08,     74.4,     87.8,     -2.1
101,     21.12.2014 16:51:16,     -4.2,     -4.02,     269,     2.3,     4.8,     8.3,     5.6,     83.9,     1009.2,     361.08,     75.8,     87.7,     -2.1
102,     21.12.2014 17:01:16,     -2.1,     -2.01,     269,     1.6,     5.5,     8.6,     5.7,     83.2,     1009.3,     361.08,     255.3,     87.8,     -177.8
103,     21.12.2014 17:11:17,     -3.15,     -2.01,     268,     2.7,     5.1,     8.8,     5.8,     82.6,     1009.1,     361.08,     254.2,     87.9,     -177.9,     12.717,     5.90,     87.9
104,     21.12.2014 17:21:17,     -2.1,     -2.01,     265,     2,     5.5,     10.8,     5.9,     82.3,     1008.8,     361.08,     256.1,     87.9,     -178
105,     21.12.2014 17:31:17,     -2.1,     -2.01,     267,     1.9,     5.6,     8.5,     5.9,     82.1,     1008.7,     361.1,     75.3,     87.7,     -2.2
106,     21.12.2014 17:41:17,     -2.1,     -2.01,     273,     2.8,     5.4,     11.6,     5.8,     83.2,     1008.7,     361.19,     75.4,     88,     -1.9
107,     21.12.2014 17:51:17,     -3.15,     2.01,     271,     2.2,     5.7,     9.7,     5.7,     83.8,     1008.5,     361.22,     254.6,     88,     -178
108,     21.12.2014 18:01:17,     -3.15,     0,     276,     2.3,     5.3,     8.7,     5.7,     84.1,     1008.4,     361.23,     255.1,     87.9,     -178
109,     21.12.2014 18:11:16,     -4.2,     -4.02,     277,     2.1,     5,     8.6,     5.7,     84.2,     1008.3,     361.26,     254.1,     87.9,     -177.9,     12.690,     5.99,     87.8
110,     21.12.2014 18:21:16,     -3.15,     -2.01,     272,     2.6,     5.8,     9.5,     5.7,     83.8,     1008.1,     361.33,     255.5,     87.8,     -177.9
111,     21.12.2014 18:31:16,     -3.15,     0,     266,     1.6,     5.6,     10.3,     5.7,     83.9,     1008,     361.35,     75.3,     87.7,     -2.1
112,     21.12.2014 18:41:16,     -3.15,     -2.01,     264,     2.9,     6.1,     9.7,     5.7,     84.9,     1007.8,     361.36,     76.2,     87.5,     -2.4
113,     21.12.2014 18:51:16,     -2.1,     -2.01,     268,     2.2,     6.4,     9.6,     5.6,     85.6,     1007.6,     361.36,     256.2,     88,     -178.1
114,     21.12.2014 19:01:16,     -3.15,     -2.01,     268,     3.1,     5.6,     8.8,     5.6,     85.5,     1007.3,     361.36,     75.3,     87.7,     -2.1
115,     21.12.2014 19:11:16,     -3.15,     -2.01,     269,     3.4,     6.1,     9.7,     5.7,     84.6,     1007.1,     361.37,     255.1,     88.4,     -178.4,     12.677,     5.95,     87.8
116,     21.12.2014 19:21:16,     -3.15,     -2.01,     271,     2.5,     6,     9.5,     5.8,     84.5,     1006.9,     361.38,     256.3,     87.8,     -177.9
117,     21.12.2014 19:31:16,     -2.1,     0,     274,     3.2,     6.2,     10.2,     5.8,     84.4,     1006.7,     361.38,     74.7,     87.6,     -2.1
118,     21.12.2014 19:41:16,     -3.15,     -2.01,     277,     2.4,     6.5,     11.8,     5.8,     84.6,     1006.5,     361.38,     254.9,     88.1,     -178.1
119,     21.12.2014 19:51:16,     -3.15,     -2.01,     279,     2.6,     5.9,     11,     5.8,     84.8,     1006.6,     361.38,     253.8,     88,     -178.1
120,     21.12.2014 20:01:16,     -1.05,     -2.01,     277,     2.5,     6.8,     11.6,     5.9,     84.2,     1006.5,     361.38,     257.4,     88,     -178
121,     21.12.2014 20:11:17,     -2.1,     -4.02,     278,     3.5,     6.4,     10.4,     5.9,     84.4,     1006.4,     361.38,     74.9,     87.7,     -2.1,     12.643,     6.13,     87.8
122,     21.12.2014 20:21:17,     -1.05,     -2.01,     275,     2,     7,     13.6,     5.9,     84.9,     1006.4,     361.38,     75.8,     88.2,     -1.6
123,     21.12.2014 20:31:17,     -1.05,     -2.01,     275,     3.2,     6.7,     10.4,     5.9,     85.6,     1006.1,     361.38,     255,     88,     -178.1
124,     21.12.2014 20:41:17,     -2.1,     -2.01,     275,     2.6,     6.8,     11.7,     5.9,     85.6,     1006,     361.38,     76,     88.2,     -1.7
125,     21.12.2014 20:51:17,     -3.15,     -2.01,     274,     3.4,     7.3,     12,     6,     85.2,     1005.8,     361.38,     75,     87.3,     -2.5
126,     21.12.2014 21:01:17,     -2.1,     -2.01,     274,     2.8,     6.8,     12.4,     6,     85.3,     1005.7,     361.38,     256.7,     87.6,     -177.7
127,     21.12.2014 21:11:17,     -2.1,     -2.01,     275,     3.1,     7.3,     10.9,     6,     85.4,     1005.6,     361.41,     75.9,     88.5,     -1.4,     12.650,     6.29,     87.8
128,     21.12.2014 21:21:17,     -2.1,     -2.01,     270,     3,     7.2,     10.9,     6,     86.1,     1005.2,     361.43,     255.8,     88.7,     -179.1
129,     21.12.2014 21:31:17,     -1.05,     0,     270,     3.8,     6.6,     10.7,     5.9,     86.9,     1005.1,     361.48,     256.3,     87.9,     -177.9
130,     21.12.2014 21:41:17,     0,     0,     275,     3.4,     6.6,     11.2,     5.9,     87.3,     1005,     361.49,     76.1,     87.6,     -2.1
131,     21.12.2014 21:51:17,     -2.1,     -2.01,     275,     3.1,     6.6,     12,     6,     87.3,     1005,     361.51,     73.9,     87.4,     -2.3
132,     21.12.2014 22:01:17,     -1.05,     -2.01,     273,     2.7,     6.8,     11,     6,     87.4,     1004.7,     361.52,     76.8,     88.2,     -1.5
133,     21.12.2014 22:11:16,     -2.1,     0,     270,     2.7,     6.4,     10,     6,     87.5,     1004.5,     361.52,     74.4,     87.9,     -1.9,     12.628,     6.29,     87.7
134,     21.12.2014 22:21:16,     -2.1,     -2.01,     274,     2.3,     6.8,     10.7,     6,     87.6,     1004.4,     361.53,     256.3,     88.1,     -178.1
135,     21.12.2014 22:31:16,     -1.05,     0,     274,     2.5,     6.4,     10.5,     6.1,     87.8,     1004.1,     361.53,     75,     87.7,     -2.2
136,     21.12.2014 22:41:16,     -1.05,     -2.01,     274,     2.4,     6.9,     13.4,     6.1,     87.8,     1003.8,     361.53,     77.1,     87.8,     -2.1
137,     21.12.2014 22:51:16,     -1.05,     0,     271,     2.7,     7.1,     12.9,     6.2,     87.6,     1003.6,     361.53,     77.9,     87.9,     -2
138,     21.12.2014 23:01:16,     -2.1,     -2.01,     273,     3.1,     8,     14.9,     6.3,     87.1,     1003.3,     361.53,     77,     88.3,     -1.2
139,     21.12.2014 23:11:16,     -1.05,     -2.01,     275,     3.1,     6.5,     11.8,     6.3,     87.7,     1003.1,     361.55,     256.2,     88.3,     -178.4,     12.616,     6.41,     87.7
140,     21.12.2014 23:21:16,     0,     -2.01,     282,     2.7,     6.4,     11.3,     6.4,     87.5,     1002.9,     361.56,     256.2,     88.2,     -178.6
141,     21.12.2014 23:31:16,     -1.05,     -2.01,     278,     2.2,     7.2,     14.1,     6.5,     87.2,     1002.7,     361.56,     256.5,     87.4,     -177.4
142,     21.12.2014 23:41:16,     -2.1,     -2.01,     279,     3.3,     7.7,     12.5,     6.6,     86.9,     1002.7,     361.56,     75.6,     87.5,     -2.3
143,     21.12.2014 23:51:16,     0,     0,     280,     3,     7.6,     13,     6.6,     87.2,     1002.5,     361.56,     77,     87.3,     -2.7
144,     22.12.2014 00:01:17,     -2.1,     -2.01,     283,     3.2,     7,     12.4,     6.7,     87.2,     1002.5,     361.56,     76.7,     87.5,     -2.1,     12.601,     6.65,     87.7