Logger: #D10248 'TSK_Meteo' - USP_EXP2 (V2.10, Jan 24 2012)
No,     Time,     #1:W/m²:0,     #2:ÂµMol:(do.),     #5:deg:2,     #6:m/sMIN:(do.),     #7:m/sMIT:(do.),     #8:m/sMAX:(do.),     #9:Â°C:(do.),     #10:%:(do.),     #11:hPa:(do.),     #12:mm:(do.),     #14:AZ:3,     #15:EL:(do.),     #16:Roll:(do.),     #HK-Bat:V,     #HK-Temp:oC,     #HK-rH:%
(GSM Transfer OK / Signal:13)
1,     17.07.2014 00:11:17,     -4.2,     0,     95,     0.1,     0.5,     1,     17.4,     81.4,     1014.8,     142.02,     255.1,     87.9,     -177.9,     12.510,     17.77,     68.9
2,     17.07.2014 00:21:17,     -3.15,     0,     101,     0.1,     0.4,     0.7,     17.2,     80.9,     1014.8,     142.02,     255,     87.9,     -177.9
3,     17.07.2014 00:31:17,     -4.2,     -4.02,     66,     0,     0.5,     1.1,     17.2,     82.8,     1014.7,     142.02,     255.1,     87.9,     -177.9
4,     17.07.2014 00:41:17,     -5.25,     -4.02,     104,     0,     0.6,     1.1,     17.2,     84,     1014.7,     142.02,     255,     87.9,     -177.9
5,     17.07.2014 00:51:17,     -4.2,     -2.01,     150,     0.1,     0.8,     1.2,     16.9,     85,     1014.6,     142.02,     255,     87.9,     -177.9
6,     17.07.2014 01:01:17,     -3.15,     -2.01,     151,     0,     0.5,     1.1,     16.6,     87.1,     1014.6,     142.02,     255.1,     87.9,     -177.9
7,     17.07.2014 01:11:21,     -4.2,     -2.01,     166,     0,     0.7,     1.2,     16.6,     88,     1014.6,     142.02,     255,     87.9,     -177.9,     12.539,     16.28,     70.3
8,     17.07.2014 01:21:21,     -5.25,     -2.01,     191,     0.1,     0.5,     1,     16.7,     88,     1014.6,     142.02,     255.1,     87.8,     -177.8
9,     17.07.2014 01:31:21,     -3.15,     0,     149,     0.1,     0.6,     1.1,     16.9,     88.8,     1014.7,     142.02,     255,     87.9,     -177.9
10,     17.07.2014 01:41:21,     -4.2,     -2.01,     151,     0.2,     0.6,     1.1,     16.5,     88.7,     1014.6,     142.02,     255,     87.9,     -177.9
11,     17.07.2014 01:51:21,     -4.2,     -2.01,     160,     0.2,     0.8,     1.3,     16.3,     88.6,     1014.6,     142.02,     255.1,     87.9,     -177.9
12,     17.07.2014 02:01:21,     -4.2,     -2.01,     166,     0.1,     0.8,     1.3,     16,     89.6,     1014.6,     142.02,     255.1,     87.8,     -177.8
13,     17.07.2014 02:11:22,     -3.15,     0,     149,     0,     0.6,     1.1,     16.1,     90.2,     1014.5,     142.02,     255.1,     87.9,     -177.9,     12.518,     15.82,     70.4
14,     17.07.2014 02:21:22,     -4.2,     -2.01,     175,     0.1,     0.7,     1.2,     16.1,     90.6,     1014.5,     142.02,     255,     88,     -178
15,     17.07.2014 02:31:22,     -3.15,     0,     163,     0.3,     0.7,     1.2,     16.3,     90.9,     1014.5,     142.02,     255.1,     87.9,     -177.9
16,     17.07.2014 02:41:22,     -5.25,     -2.01,     170,     0,     0.6,     1.2,     16.4,     90.4,     1014.4,     142.02,     255,     87.7,     -177.8
17,     17.07.2014 02:51:22,     -5.25,     -2.01,     124,     0.3,     0.8,     1.2,     15.6,     89.4,     1014.4,     142.02,     255.1,     87.8,     -177.8
18,     17.07.2014 03:01:22,     -4.2,     -2.01,     120,     0.5,     1,     1.4,     15.4,     90.6,     1014.4,     142.02,     255.1,     87.9,     -177.9
19,     17.07.2014 03:11:23,     -4.2,     -2.01,     157,     0,     0.4,     1,     15.5,     91.5,     1014.4,     142.02,     255.1,     87.8,     -177.9,     12.474,     15.38,     70.4
20,     17.07.2014 03:21:23,     -3.15,     -2.01,     176,     0,     0.9,     1.6,     15.6,     90.8,     1014.4,     142.02,     255.1,     87.9,     -177.9
21,     17.07.2014 03:31:23,     -4.2,     -2.01,     161,     0.1,     0.7,     1.3,     15.6,     91.2,     1014.4,     142.02,     255.1,     88,     -178
22,     17.07.2014 03:41:23,     -3.15,     0,     157,     0.1,     0.6,     1.1,     15.5,     91.4,     1014.3,     142.02,     255,     87.8,     -177.8
23,     17.07.2014 03:51:23,     -2.1,     2.01,     184,     0.5,     0.9,     1.3,     15.3,     90.7,     1014.3,     142.02,     255,     87.9,     -177.9
24,     17.07.2014 04:01:23,     0,     8.04,     167,     0.2,     0.8,     1.4,     15.2,     91.2,     1014.3,     142.02,     255,     87.9,     -177.9
25,     17.07.2014 04:11:23,     2.1,     14.07,     157,     0.5,     0.9,     1.5,     14.9,     90.7,     1014.3,     142.02,     255.1,     88,     -178,     12.440,     14.99,     70.6
26,     17.07.2014 04:21:23,     7.35,     24.12,     164,     0.5,     0.9,     1.3,     15,     91.7,     1014.3,     142.02,     255,     87.8,     -177.8
27,     17.07.2014 04:31:23,     14.7,     38.19,     170,     0.7,     1.2,     1.9,     15.5,     91.7,     1014.2,     142.02,     255.1,     87.9,     -177.9
28,     17.07.2014 04:41:23,     17.85,     52.26,     169,     0.1,     1,     1.9,     15.4,     90.8,     1014.2,     142.02,     255.1,     87.8,     -177.9
29,     17.07.2014 04:51:23,     28.35,     72.36,     185,     0.2,     1,     1.7,     15.4,     90.1,     1014.2,     142.02,     255.1,     87.9,     -177.9
30,     17.07.2014 05:01:23,     64.05,     108.54,     165,     0.1,     0.7,     1.5,     15.6,     90.2,     1014.3,     142.02,     255.1,     88,     -178
31,     17.07.2014 05:11:21,     85.05,     148.74,     162,     0,     0.2,     0.7,     15.9,     89.5,     1014.2,     142.02,     255.3,     87.9,     -177.9,     12.707,     15.33,     70.8
32,     17.07.2014 05:21:21,     93.45,     176.88,     144,     0,     0.4,     0.9,     16.4,     86.5,     1014.3,     142.02,     255.3,     88,     -178
33,     17.07.2014 05:31:21,     111.3,     219.09,     107,     0,     0.5,     1.2,     16.6,     85,     1014.3,     142.02,     255.3,     87.9,     -177.9
34,     17.07.2014 05:41:21,     126,     253.26,     98,     0,     0.4,     0.9,     17.3,     81.8,     1014.3,     142.02,     255.4,     87.9,     -177.9
35,     17.07.2014 05:51:21,     154.35,     303.51,     114,     0,     0.4,     0.9,     17.6,     79,     1014.3,     142.02,     255.5,     88,     -178
36,     17.07.2014 06:01:21,     176.4,     345.72,     160,     0,     0.9,     1.7,     17.5,     78.8,     1014.3,     142.02,     255.6,     88,     -178
37,     17.07.2014 06:11:16,     201.6,     389.94,     183,     0,     0.7,     1.6,     17.7,     80,     1014.4,     142.02,     255.7,     87.9,     -177.9,     14.256,     21.92,     71.1
38,     17.07.2014 06:21:16,     226.8,     434.16,     191,     0.1,     1.1,     1.9,     17.7,     79.8,     1014.4,     142.02,     255.4,     87.9,     -178
39,     17.07.2014 06:31:16,     256.2,     488.43,     178,     0.6,     1.2,     2.1,     18.1,     77.5,     1014.4,     142.02,     255.4,     87.9,     -177.9
40,     17.07.2014 06:41:16,     275.1,     524.61,     183,     0.1,     1.5,     2.6,     18.4,     74.4,     1014.4,     142.02,     255.3,     88,     -178
41,     17.07.2014 06:51:16,     297.15,     568.83,     180,     0.6,     1.7,     2.9,     18.7,     73.5,     1014.5,     142.02,     255.4,     88.1,     -178.1
42,     17.07.2014 07:01:16,     325.5,     621.09,     182,     0.6,     1.7,     2.9,     19.1,     71.2,     1014.5,     142.02,     255.4,     87.9,     -177.9
43,     17.07.2014 07:11:16,     360.15,     687.42,     194,     1.1,     2.2,     3.4,     19.3,     70.3,     1014.5,     142.02,     255.6,     88,     -178,     13.266,     26.19,     69.6
44,     17.07.2014 07:21:16,     386.4,     739.68,     183,     1.1,     2.1,     3.7,     19.5,     67.7,     1014.5,     142.02,     255.4,     87.9,     -177.9
45,     17.07.2014 07:31:16,     410.55,     787.92,     185,     1,     2.2,     3.3,     19.8,     68.6,     1014.5,     142.02,     255.7,     88,     -178
46,     17.07.2014 07:41:16,     438.9,     842.19,     171,     0.7,     2.1,     3.4,     19.9,     66.6,     1014.5,     142.02,     255.4,     88,     -178
47,     17.07.2014 07:51:16,     463.05,     890.43,     187,     0.3,     1.9,     3.2,     20.1,     66.9,     1014.6,     142.02,     255.5,     87.9,     -177.9
48,     17.07.2014 08:01:16,     487.2,     938.67,     197,     0.2,     1.9,     3.3,     20.2,     66.8,     1014.6,     142.02,     255.7,     88,     -178
49,     17.07.2014 08:11:22,     513.45,     996.96,     169,     0.2,     1.6,     3.7,     20.5,     65.6,     1014.6,     142.02,     255.5,     87.9,     -177.9,     13.283,     28.77,     68.4
50,     17.07.2014 08:21:22,     537.6,     1043.19,     227,     0.2,     1.6,     3,     20.6,     65.8,     1014.6,     142.02,     255.6,     87.9,     -177.9
51,     17.07.2014 08:31:22,     556.5,     1089.42,     147,     0,     0.8,     1.8,     20.9,     65,     1014.7,     142.02,     255.6,     88,     -178
52,     17.07.2014 08:41:22,     578.55,     1129.62,     154,     0.3,     1.7,     3,     20.9,     65.8,     1014.7,     142.02,     76,     87.9,     -2
53,     17.07.2014 08:51:22,     595.35,     1171.83,     183,     0,     0.4,     1.5,     21.6,     62.2,     1014.7,     142.02,     76.1,     87.9,     -2
54,     17.07.2014 09:01:22,     626.85,     1244.19,     212,     0,     0.5,     1.1,     22,     60.1,     1014.7,     142.02,     76.1,     87.9,     -2
55,     17.07.2014 09:11:16,     643.65,     1274.34,     6,     0.2,     0.9,     1.9,     21.3,     61.8,     1014.7,     142.02,     76,     88,     -1.9,     13.107,     32.61,     66.7
56,     17.07.2014 09:21:16,     712.95,     1402.98,     345,     0.2,     0.8,     1.5,     21.7,     60.6,     1014.8,     142.02,     76,     87.9,     -2
57,     17.07.2014 09:31:16,     338.1,     669.33,     286,     0,     0.6,     1.2,     22.2,     58.7,     1014.8,     142.02,     76,     87.9,     -2
58,     17.07.2014 09:41:16,     765.45,     1515.54,     263,     0,     0.6,     1.5,     22.1,     58.1,     1014.8,     142.02,     76,     87.9,     -2
59,     17.07.2014 09:51:16,     851.55,     1684.38,     14,     0.7,     1.5,     2.8,     21.8,     57.7,     1014.8,     142.02,     76,     88,     -1.9
60,     17.07.2014 10:01:16,     285.6,     623.1,     357,     0.1,     1.5,     2.9,     22.1,     56,     1014.8,     142.02,     76.2,     87.9,     -2
61,     17.07.2014 10:11:16,     221.55,     460.29,     332,     0.2,     1.5,     3.9,     22.2,     55.5,     1014.8,     142.02,     76.2,     87.9,     -2,     13.099,     34.47,     65.4
62,     17.07.2014 10:21:16,     178.5,     371.85,     309,     0.3,     1.7,     2.8,     22.3,     55.2,     1014.8,     142.02,     76.1,     87.9,     -2
63,     17.07.2014 10:31:16,     849.45,     1676.34,     253,     0.1,     1.5,     2.5,     22.4,     46.6,     1014.7,     142.02,     76.1,     87.7,     -2.2
64,     17.07.2014 10:41:16,     851.55,     1704.48,     175,     0,     0.6,     1.6,     23.2,     43.8,     1014.7,     142.02,     75.9,     87.8,     -2.1
65,     17.07.2014 10:51:16,     861,     1726.59,     193,     0,     1,     3.1,     23.4,     44,     1014.6,     142.02,     76.2,     87.9,     -2
66,     17.07.2014 11:01:16,     831.6,     1656.24,     296,     0.2,     2.3,     4.8,     23.1,     47.8,     1014.6,     142.02,     76,     87.7,     -2.2
67,     17.07.2014 11:11:16,     331.8,     844.2,     336,     0,     1.6,     3.3,     23,     51.7,     1014.6,     142.02,     75.9,     87.9,     -2,     13.010,     32.32,     65.7
68,     17.07.2014 11:21:16,     870.45,     1742.67,     323,     0.5,     1.9,     4.2,     23.2,     48.6,     1014.6,     142.02,     76,     87.9,     -2
69,     17.07.2014 11:31:16,     878.85,     1766.79,     347,     0,     1,     3.1,     23.3,     46.3,     1014.5,     142.02,     75.8,     87.9,     -1.9
70,     17.07.2014 11:41:16,     866.25,     1744.68,     347,     0,     0.9,     3.4,     23.6,     44.4,     1014.5,     142.02,     75.9,     87.8,     -2.1
71,     17.07.2014 11:51:16,     859.95,     1738.65,     328,     0.2,     1.9,     4.2,     23.4,     46,     1014.5,     142.02,     75.8,     87.8,     -2.1
72,     17.07.2014 12:01:16,     875.7,     1772.82,     320,     0.2,     1.8,     3.4,     23.5,     44.7,     1014.5,     142.02,     75.9,     87.8,     -2.1
73,     17.07.2014 12:11:16,     857.85,     1744.68,     20,     0.1,     1,     2.6,     23.6,     43.3,     1014.5,     142.02,     75.8,     87.8,     -2.1,     13.088,     31.62,     66.2
74,     17.07.2014 12:21:16,     851.55,     1734.63,     115,     0.1,     1.2,     3,     23.5,     43.2,     1014.5,     142.02,     75.9,     87.7,     -2.2
75,     17.07.2014 12:31:16,     857.85,     1748.7,     51,     0,     0.9,     3,     23.8,     41.9,     1014.4,     142.02,     76,     87.8,     -2.1
76,     17.07.2014 12:41:16,     870.45,     1758.75,     12,     0.2,     1.9,     5.3,     23.7,     41.1,     1014.4,     142.02,     75.8,     87.8,     -2.1
77,     17.07.2014 12:51:16,     866.25,     1760.76,     309,     0,     1.5,     3.1,     24.1,     41.3,     1014.3,     142.02,     76,     87.8,     -2
78,     17.07.2014 13:01:16,     823.2,     1684.38,     315,     0.1,     0.9,     1.8,     24.4,     41.5,     1014.2,     142.02,     75.8,     87.8,     -2
79,     17.07.2014 13:11:16,     842.1,     1722.57,     38,     0,     1.1,     2.2,     23.8,     42.2,     1014.2,     142.02,     75.8,     87.7,     -2.1,     13.127,     32.10,     65.4
80,     17.07.2014 13:21:16,     803.25,     1644.18,     18,     0,     0.4,     1.5,     24.7,     41.1,     1014.1,     142.02,     75.8,     87.7,     -2.2
81,     17.07.2014 13:31:16,     788.55,     1614.03,     88,     0,     0.5,     1.1,     24.3,     41.8,     1014.1,     142.02,     75.8,     87.8,     -2
82,     17.07.2014 13:41:16,     799.05,     1622.07,     6,     0.2,     1.7,     3.5,     24.5,     40,     1014.1,     142.02,     75.9,     87.7,     -2.1
83,     17.07.2014 13:51:16,     791.7,     1608,     261,     0,     1.3,     3.6,     24.8,     38.6,     1014.1,     142.02,     75.8,     88,     -2
84,     17.07.2014 14:01:16,     661.5,     1222.08,     140,     0,     0.5,     1.1,     24.7,     39.5,     1014,     142.02,     75.9,     87.7,     -2.1
85,     17.07.2014 14:11:16,     750.75,     1525.59,     162,     0,     0.4,     1.2,     25.2,     37,     1014,     142.02,     75.7,     87.8,     -2,     13.025,     32.96,     65.2
86,     17.07.2014 14:21:16,     737.1,     1487.4,     102,     0.2,     1,     2.4,     24.7,     37.7,     1014,     142.02,     75.7,     87.6,     -2.1
87,     17.07.2014 14:31:16,     727.65,     1459.26,     2,     0.3,     1.9,     3.8,     24.9,     41.8,     1014,     142.02,     75.8,     87.8,     -2
88,     17.07.2014 14:41:16,     715.05,     1425.09,     347,     0,     1.3,     3.3,     25,     36.7,     1013.9,     142.02,     75.7,     87.8,     -2.1
89,     17.07.2014 14:51:16,     703.5,     1400.97,     35,     0.1,     1.2,     2.8,     25,     36.1,     1013.9,     142.02,     75.7,     87.8,     -2
90,     17.07.2014 15:01:16,     687.75,     1366.8,     23,     0,     0.8,     3.4,     25.5,     37.9,     1013.8,     142.02,     75.6,     87.9,     -2
91,     17.07.2014 15:11:16,     693,     1356.75,     299,     0,     1.7,     3.3,     25.6,     34.3,     1013.8,     142.02,     76,     87.8,     -2.1,     12.997,     32.87,     65.4
92,     17.07.2014 15:21:16,     678.3,     1322.58,     313,     0.5,     2.1,     4.1,     25.5,     35,     1013.8,     142.02,     75.7,     87.8,     -2.1
93,     17.07.2014 15:31:16,     275.1,     574.86,     358,     0,     1.1,     2.6,     25.6,     38.5,     1013.8,     142.02,     75.9,     87.9,     -2
94,     17.07.2014 15:41:16,     306.6,     633.15,     358,     1.4,     2.6,     4.2,     25.3,     39.4,     1013.8,     142.02,     75.8,     87.8,     -2
95,     17.07.2014 15:51:16,     590.1,     1161.78,     358,     1.5,     2.7,     4.8,     25.2,     36,     1013.8,     142.02,     75.7,     87.8,     -2
96,     17.07.2014 16:01:16,     464.1,     914.55,     16,     0.7,     2.2,     4.5,     25.3,     37.7,     1013.8,     142.02,     75.7,     87.8,     -2.2
97,     17.07.2014 16:11:16,     578.55,     1113.54,     345,     0.9,     2.1,     4.4,     25.5,     34.7,     1013.7,     142.02,     75.7,     87.8,     -2,     13.245,     30.80,     66.5
98,     17.07.2014 16:21:16,     160.65,     335.67,     13,     0.1,     2.6,     4.9,     25.2,     37.8,     1013.7,     142.02,     75.7,     87.8,     -2
99,     17.07.2014 16:31:16,     169.05,     351.75,     19,     1.2,     2.9,     4.3,     24.9,     43.9,     1013.7,     142.02,     75.8,     87.6,     -2.2
100,     17.07.2014 16:41:16,     405.3,     787.92,     27,     2.4,     4.4,     7,     24.2,     52.7,     1013.8,     142.02,     75.6,     87.5,     -2.3
101,     17.07.2014 16:51:16,     219.45,     460.29,     31,     3.2,     4.6,     6.3,     24.1,     55.5,     1013.7,     142.02,     75.7,     88.2,     -1.6
102,     17.07.2014 17:01:16,     199.5,     406.02,     40,     2.4,     4.9,     8,     23.7,     57.1,     1013.7,     142.02,     75,     87.5,     -2.3
103,     17.07.2014 17:11:22,     460.95,     872.34,     36,     3.9,     5.7,     8.2,     23.3,     60.3,     1013.7,     142.02,     75,     87.8,     -2,     13.336,     28.07,     67.5
104,     17.07.2014 17:21:22,     421.05,     801.99,     32,     3.1,     5.1,     7.9,     23.4,     57.4,     1013.7,     142.02,     75,     87.7,     -2.3
105,     17.07.2014 17:31:22,     372.75,     691.44,     33,     2.7,     4.9,     6.9,     23.5,     56.3,     1013.7,     142.02,     75.2,     88.8,     -1.1
106,     17.07.2014 17:41:22,     332.85,     611.04,     27,     3.7,     5.1,     7.5,     23.5,     59,     1013.7,     142.02,     75.4,     87.7,     -2.1
107,     17.07.2014 17:51:22,     216.3,     404.01,     41,     0.7,     3.9,     6.2,     23.5,     58.5,     1013.7,     142.02,     75.1,     86.7,     -3.1
108,     17.07.2014 18:01:22,     275.1,     496.47,     38,     2.1,     4.8,     7,     23.4,     56.3,     1013.7,     142.02,     74.9,     87.5,     -2.4
109,     17.07.2014 18:11:16,     255.15,     458.28,     40,     3.3,     5.4,     8.2,     23.1,     56.2,     1013.7,     142.02,     75.4,     87.9,     -1.9,     13.413,     27.37,     67.1
110,     17.07.2014 18:21:16,     229.95,     414.06,     36,     2.7,     5.3,     7.6,     23,     57.3,     1013.8,     142.02,     254.8,     89.2,     -179.2
111,     17.07.2014 18:31:16,     202.65,     361.8,     42,     1.3,     4,     6.6,     22.9,     59.2,     1013.9,     142.02,     75.4,     88.6,     -1.3
112,     17.07.2014 18:41:16,     172.2,     303.51,     47,     1.2,     3.3,     6.4,     22.8,     58.1,     1013.9,     142.02,     74.8,     88.4,     -1.5
113,     17.07.2014 18:51:16,     155.4,     259.29,     44,     1.5,     3.8,     6.1,     22.6,     56.4,     1014,     142.02,     75.4,     88.1,     -1.8
114,     17.07.2014 19:01:16,     135.45,     198.99,     43,     1.3,     3.3,     5.6,     22.5,     58.4,     1014.1,     142.02,     75.5,     87.9,     -1.9
115,     17.07.2014 19:11:21,     113.4,     148.74,     50,     1.1,     2.6,     4.9,     22.4,     56.8,     1014.1,     142.02,     75.4,     87.9,     -1.9,     13.428,     26.58,     67.5
116,     17.07.2014 19:21:21,     90.3,     110.55,     50,     0.7,     2.2,     3.6,     22.3,     57.8,     1014.1,     142.02,     75.4,     88,     -1.8
117,     17.07.2014 19:31:21,     71.4,     92.46,     48,     0.8,     1.7,     3.2,     22.2,     58.9,     1014.1,     142.02,     75.5,     88,     -1.9
118,     17.07.2014 19:41:21,     53.55,     78.39,     52,     0.4,     1.5,     2.4,     22,     62,     1014.1,     142.02,     75.4,     87.9,     -1.9
119,     17.07.2014 19:51:21,     24.15,     54.27,     37,     0.6,     2,     2.9,     21.8,     61.1,     1014.1,     142.02,     75.4,     88.1,     -1.8
120,     17.07.2014 20:01:21,     7.35,     32.16,     40,     1,     1.9,     2.7,     21.5,     63.3,     1014.2,     142.02,     75.5,     88,     -1.9
121,     17.07.2014 20:11:16,     2.1,     20.1,     47,     0.4,     1.5,     2.2,     21.1,     64,     1014.2,     142.02,     75.4,     87.9,     -2,     12.789,     24.45,     68.6
122,     17.07.2014 20:21:16,     0,     10.05,     56,     0.1,     1.1,     2.2,     20.8,     65.5,     1014.2,     142.02,     75.3,     88,     -1.9
123,     17.07.2014 20:31:16,     -3.15,     4.02,     48,     0.5,     0.9,     1.5,     20.6,     64.8,     1014.2,     142.02,     75.4,     88.1,     -1.8
124,     17.07.2014 20:41:16,     -4.2,     0,     83,     0.3,     1,     1.4,     20.3,     69,     1014.3,     142.02,     75.4,     88,     -1.9
125,     17.07.2014 20:51:16,     -5.25,     0,     102,     0,     0.7,     1.2,     19.7,     71.3,     1014.3,     142.02,     75.4,     87.9,     -2
126,     17.07.2014 21:01:16,     -5.25,     -2.01,     68,     0.3,     0.7,     1.3,     19.6,     70,     1014.3,     142.02,     75.4,     87.9,     -2
127,     17.07.2014 21:11:16,     -5.25,     -4.02,     76,     0,     0.8,     1.7,     19.5,     73.1,     1014.4,     142.02,     75.3,     87.9,     -2,     12.666,     20.48,     69.9
128,     17.07.2014 21:21:16,     -5.25,     -4.02,     108,     0.3,     0.7,     1.2,     19.1,     74.8,     1014.4,     142.02,     75.4,     88,     -1.9
129,     17.07.2014 21:31:16,     -4.2,     0,     70,     0.5,     0.9,     1.3,     18.9,     76.3,     1014.4,     142.02,     75.4,     87.9,     -2
130,     17.07.2014 21:41:16,     -5.25,     -2.01,     107,     0.1,     0.8,     1.2,     18.7,     78.7,     1014.4,     142.02,     254.9,     88,     -178
131,     17.07.2014 21:51:16,     -4.2,     0,     128,     0.5,     0.9,     1.3,     18,     78.6,     1014.5,     142.02,     255,     88,     -178
132,     17.07.2014 22:01:16,     -5.25,     -4.02,     111,     0.6,     0.9,     1.2,     17.9,     81.1,     1014.4,     142.02,     75.3,     87.9,     -2
133,     17.07.2014 22:11:17,     -6.3,     -2.01,     122,     0.4,     0.8,     1.2,     17.9,     80.9,     1014.4,     142.02,     255.1,     87.8,     -177.9,     12.643,     17.99,     70.4
134,     17.07.2014 22:21:17,     -5.25,     -2.01,     108,     0.1,     0.6,     1.1,     17.7,     80.5,     1014.4,     142.02,     75.4,     87.9,     -2
135,     17.07.2014 22:31:17,     -6.3,     -6.03,     51,     0,     0.6,     1.1,     18.2,     83.7,     1014.4,     142.02,     75.4,     87.9,     -2
136,     17.07.2014 22:41:17,     -4.2,     2.01,     152,     0.4,     0.9,     1.3,     17.6,     80.2,     1014.4,     142.02,     255.1,     87.9,     -177.9
137,     17.07.2014 22:51:17,     -5.25,     -2.01,     136,     0.2,     0.6,     1.1,     17.3,     82.2,     1014.4,     142.02,     255,     87.9,     -177.9
138,     17.07.2014 23:01:17,     -4.2,     -2.01,     116,     0,     0.3,     0.9,     17.2,     82.5,     1014.4,     142.02,     255,     87.9,     -177.9
139,     17.07.2014 23:11:17,     -3.15,     -2.01,     49,     0,     0.3,     1.2,     17.7,     87,     1014.5,     142.02,     255.1,     88,     -178,     12.611,     16.53,     70.6
140,     17.07.2014 23:21:17,     -5.25,     -2.01,     109,     0,     0.6,     1.3,     17.6,     87.2,     1014.3,     142.02,     254.9,     87.9,     -177.9
141,     17.07.2014 23:31:17,     -5.25,     -2.01,     342,     0,     0.7,     1.3,     17.4,     86.1,     1014.4,     142.02,     255.1,     87.9,     -177.9
142,     17.07.2014 23:41:17,     -6.3,     -2.01,     180,     0.1,     0.7,     1.6,     17.1,     85.7,     1014.4,     142.02,     255,     87.9,     -177.9
143,     17.07.2014 23:51:17,     -4.2,     -2.01,     165,     0,     0.6,     1.6,     16.9,     87.2,     1014.3,     142.02,     254.9,     87.9,     -177.9
144,     18.07.2014 00:01:17,     -6.3,     -2.01,     158,     0.4,     0.9,     1.6,     16.6,     87.7,     1014.2,     142.02,     254.9,     87.9,     -177.9,     12.429,     16.10,     70.5