Logger: #D10248 'TSK_Meteo' - USP_EXP2 (V2.10, Jan 24 2012)
No,     Time,     #1:W/m²:0,     #2:ÂµMol:(do.),     #5:deg:2,     #6:m/sMIN:(do.),     #7:m/sMIT:(do.),     #8:m/sMAX:(do.),     #9:Â°C:(do.),     #10:%:(do.),     #11:hPa:(do.),     #12:mm:(do.),     #14:AZ:3,     #15:EL:(do.),     #16:Roll:(do.),     #HK-Bat:V,     #HK-Temp:oC,     #HK-rH:%
(GSM Transfer OK / Signal:17)
1,     06.02.2015 00:11:16,     -5.25,     0,     69,     0.9,     2.2,     3.5,     -1.7,     85.4,     1022.7,     432.38,     72.9,     87.9,     -2,     12.300,     -0.85,     90.9
2,     06.02.2015 00:21:16,     -5.25,     -2.01,     57,     1.5,     2.8,     3.9,     -1.9,     87,     1022.8,     432.38,     72.7,     87.9,     -2
3,     06.02.2015 00:31:16,     -6.3,     -2.01,     55,     1.5,     2.8,     4.3,     -2.1,     87.7,     1022.8,     432.38,     72.8,     88,     -1.9
4,     06.02.2015 00:41:16,     -5.25,     -2.01,     58,     1.2,     2.7,     3.8,     -2.2,     88.3,     1022.8,     432.38,     72.8,     88,     -1.9
5,     06.02.2015 00:51:16,     -4.2,     -2.01,     53,     1.2,     3.1,     4.8,     -2.7,     88.3,     1022.9,     432.38,     72.8,     88,     -1.9
6,     06.02.2015 01:01:16,     -3.15,     -2.01,     46,     1.3,     3.5,     4.8,     -3.2,     90.1,     1022.9,     432.38,     252.7,     88,     -178
7,     06.02.2015 01:11:16,     -3.15,     -2.01,     47,     0.8,     3,     4.7,     -3.4,     90.2,     1022.9,     432.38,     72.8,     87.9,     -1.9,     12.346,     -2.59,     93.6
8,     06.02.2015 01:21:16,     -1.05,     0,     46,     1.4,     3.3,     5,     -3.4,     90.5,     1022.8,     432.38,     73,     88,     -1.9
9,     06.02.2015 01:31:16,     -2.1,     0,     46,     1.5,     3.3,     5.2,     -3.5,     90.7,     1022.9,     432.38,     72.7,     87.9,     -2.1
10,     06.02.2015 01:41:16,     -2.1,     -2.01,     48,     1.9,     3.4,     5.6,     -3.5,     90.7,     1022.9,     432.38,     73,     88,     -1.9
11,     06.02.2015 01:51:16,     -1.05,     -2.01,     59,     1.2,     3.6,     5.3,     -3.6,     90.6,     1022.9,     432.38,     72.9,     87.9,     -2
12,     06.02.2015 02:01:16,     -3.15,     -2.01,     72,     1.2,     4,     5.6,     -3.5,     90.9,     1022.8,     432.38,     72.7,     87.9,     -2
13,     06.02.2015 02:11:16,     -1.05,     -2.01,     98,     0.8,     2.8,     5.2,     -3.7,     90.6,     1022.8,     432.38,     72.9,     88,     -1.9,     13.266,     -2.79,     93.6
14,     06.02.2015 02:21:16,     -1.05,     -2.01,     116,     0.8,     2.2,     3.9,     -3.7,     90.6,     1022.7,     432.38,     72.6,     87.9,     -2
15,     06.02.2015 02:31:16,     -3.15,     -6.03,     108,     1.4,     2.7,     4.8,     -4,     90.4,     1022.8,     432.38,     73,     87.9,     -2
16,     06.02.2015 02:41:16,     -1.05,     -2.01,     83,     1.4,     3.7,     5.2,     -3.9,     90.5,     1022.8,     432.38,     72.9,     87.9,     -2
17,     06.02.2015 02:51:16,     -2.1,     -2.01,     89,     0.7,     3,     4.5,     -3.9,     90.6,     1022.8,     432.38,     73,     88,     -1.9
18,     06.02.2015 03:01:16,     -2.1,     -2.01,     100,     0.2,     2.2,     4.1,     -4,     90.1,     1022.7,     432.38,     72.7,     87.8,     -2.1
19,     06.02.2015 03:11:17,     -3.15,     -2.01,     94,     2.1,     3.7,     4.6,     -4.1,     90.2,     1022.8,     432.38,     72.9,     87.9,     -1.9,     12.660,     -3.02,     93.6
20,     06.02.2015 03:21:17,     -2.1,     0,     86,     3.2,     4,     5,     -4.1,     90.5,     1022.7,     432.38,     72.9,     88,     -1.9
21,     06.02.2015 03:31:17,     -3.15,     0,     83,     2.9,     4,     4.9,     -4.1,     90.3,     1022.7,     432.38,     72.5,     87.9,     -2
22,     06.02.2015 03:41:17,     -1.05,     0,     83,     3.1,     3.9,     5,     -4.2,     90.3,     1022.8,     432.38,     72.7,     88,     -1.9
23,     06.02.2015 03:51:17,     -1.05,     0,     87,     2.9,     3.8,     4.9,     -4.2,     90.2,     1022.8,     432.38,     72.8,     87.8,     -2.1
24,     06.02.2015 04:01:17,     -2.1,     -2.01,     82,     3.3,     4.3,     5.8,     -4.3,     90.1,     1023,     432.38,     72.2,     87.9,     -1.9
25,     06.02.2015 04:11:17,     -2.1,     -2.01,     79,     2.5,     4.5,     5.6,     -4.5,     90,     1023,     432.38,     72.7,     88,     -1.9,     12.476,     -3.33,     93.7
26,     06.02.2015 04:21:17,     -1.05,     -2.01,     85,     2.7,     3.8,     5.3,     -4.6,     89.9,     1022.9,     432.38,     72.8,     87.9,     -2
27,     06.02.2015 04:31:17,     -1.05,     0,     85,     1.5,     4.1,     5.1,     -4.7,     89.7,     1022.8,     432.38,     72.8,     87.9,     -2
28,     06.02.2015 04:41:17,     -1.05,     0,     89,     1,     3.5,     4.9,     -4.8,     89.9,     1022.9,     432.38,     253,     87.9,     -178
29,     06.02.2015 04:51:17,     -2.1,     -2.01,     98,     0.5,     2.4,     4.9,     -4.8,     89.9,     1023,     432.38,     72.8,     88,     -1.9
30,     06.02.2015 05:01:17,     -3.15,     -2.01,     88,     1.6,     3.5,     4.6,     -5,     89.5,     1022.9,     432.38,     72.9,     87.9,     -2
31,     06.02.2015 05:11:17,     -2.1,     0,     87,     2.2,     3.3,     4,     -5,     89.5,     1022.8,     432.38,     72.8,     87.9,     -2,     12.363,     -3.66,     93.7
32,     06.02.2015 05:21:17,     -2.1,     0,     85,     2.6,     3.3,     4.3,     -5.1,     89.7,     1022.8,     432.38,     72.8,     87.9,     -2
33,     06.02.2015 05:31:17,     -2.1,     -2.01,     83,     2.5,     3.2,     4.1,     -5.1,     89.5,     1022.9,     432.38,     72.8,     87.9,     -2
34,     06.02.2015 05:41:17,     -1.05,     -2.01,     85,     2.1,     2.8,     3.8,     -5.2,     89.5,     1022.9,     432.38,     73,     88,     -1.9
35,     06.02.2015 05:51:17,     -2.1,     -2.01,     87,     2.1,     3.3,     4.5,     -5.1,     89.7,     1023,     432.38,     72.5,     87.9,     -2
36,     06.02.2015 06:01:17,     -2.1,     -4.02,     0,     0,     0,     0,     -5.4,     89.1,     1023.2,     432.38,     72.7,     88,     -1.9
37,     06.02.2015 06:11:16,     -1.05,     -2.01,     0,     0,     0,     0,     -5.4,     89.5,     1023.3,     432.38,     72.6,     87.9,     -2,     13.805,     -4.11,     93.8
38,     06.02.2015 06:21:16,     -2.1,     0,     0,     0,     0,     0,     -5.4,     89.5,     1023.3,     432.38,     72.8,     87.9,     -2
39,     06.02.2015 06:31:16,     -2.1,     0,     0,     0,     0,     0,     -5.5,     89.2,     1023.2,     432.38,     72.8,     87.9,     -2
40,     06.02.2015 06:41:16,     -3.15,     -2.01,     0,     0,     0,     0,     -5.7,     89.2,     1023.2,     432.38,     72.7,     87.9,     -2
41,     06.02.2015 06:51:16,     -3.15,     -2.01,     0,     0,     0,     0,     -6,     88.8,     1023.1,     432.38,     252.6,     88,     -178
42,     06.02.2015 07:01:16,     -3.15,     -2.01,     0,     0,     0,     0,     -6.1,     89,     1023.1,     432.38,     72.7,     87.9,     -2
43,     06.02.2015 07:11:16,     -3.15,     -2.01,     61,     0.8,     1.8,     3.9,     -6.1,     89.1,     1023,     432.38,     72.6,     88,     -1.9,     12.726,     -4.72,     93.9
44,     06.02.2015 07:21:16,     -2.1,     -2.01,     67,     0.5,     2,     3.6,     -6,     89.2,     1023.2,     432.38,     72.8,     87.9,     -2
45,     06.02.2015 07:31:16,     -1.05,     0,     79,     0.2,     1.2,     3,     -5.9,     89.2,     1023.3,     432.38,     72.6,     87.8,     -2.1
46,     06.02.2015 07:41:16,     0,     2.01,     73,     0.1,     1.2,     2.7,     -5.9,     89.1,     1023.2,     432.38,     72.6,     88,     -1.9
47,     06.02.2015 07:51:16,     1.05,     8.04,     70,     0.4,     1.5,     2.8,     -6,     89,     1023.4,     432.38,     72.9,     88,     -1.9
48,     06.02.2015 08:01:16,     4.2,     14.07,     67,     0.6,     1.8,     3.1,     -6.1,     88.9,     1023.5,     432.38,     72.4,     87.9,     -1.9
49,     06.02.2015 08:11:16,     6.3,     22.11,     61,     0.5,     1.9,     3.1,     -6.1,     89.2,     1023.5,     432.38,     72.6,     87.9,     -2,     12.474,     -4.97,     94.1
50,     06.02.2015 08:21:16,     16.8,     44.22,     75,     0.9,     1.5,     2.3,     -6,     89.2,     1023.5,     432.38,     72.5,     87.9,     -2
51,     06.02.2015 08:31:16,     19.95,     54.27,     60,     0.4,     1.3,     2.5,     -5.9,     89.3,     1023.6,     432.38,     252.6,     87.9,     -177.9
52,     06.02.2015 08:41:16,     31.5,     78.39,     55,     0.3,     1.4,     2.3,     -6.1,     88.9,     1023.7,     432.38,     252.7,     87.9,     -177.9
53,     06.02.2015 08:51:16,     36.75,     92.46,     52,     0.4,     1.3,     2,     -6,     89.2,     1023.7,     432.38,     72.7,     87.9,     -1.9
54,     06.02.2015 09:01:16,     54.6,     122.61,     73,     0.2,     1.2,     2.1,     -5.9,     89.3,     1023.7,     432.38,     72.9,     87.9,     -2
55,     06.02.2015 09:11:16,     68.25,     154.77,     82,     0.2,     0.8,     1.6,     -5.8,     89.2,     1023.7,     432.38,     72.9,     88,     -2,     14.388,     -4.69,     94.3
56,     06.02.2015 09:21:16,     74.55,     170.85,     64,     0.2,     1,     1.8,     -5.6,     89,     1023.7,     432.38,     252.8,     87.9,     -177.9
57,     06.02.2015 09:31:16,     80.85,     178.89,     58,     0.4,     1.2,     2.4,     -5.5,     89.2,     1023.7,     432.38,     72.6,     87.9,     -2
58,     06.02.2015 09:41:16,     87.15,     196.98,     64,     0.2,     1.2,     2.3,     -5.4,     89.3,     1023.7,     432.38,     252.6,     87.9,     -177.9
59,     06.02.2015 09:51:16,     107.1,     237.18,     89,     0.4,     1.1,     2.3,     -5.3,     89.4,     1023.9,     432.38,     252.8,     87.9,     -177.9
60,     06.02.2015 10:01:16,     97.65,     227.13,     80,     0.7,     1.6,     2.6,     -5.3,     89,     1024,     432.38,     72.7,     88,     -1.9
61,     06.02.2015 10:11:17,     124.95,     275.37,     69,     0.6,     1.8,     2.9,     -5.2,     89.4,     1024,     432.38,     72.7,     87.9,     -2,     13.879,     -3.46,     93.9
62,     06.02.2015 10:21:17,     151.2,     313.56,     79,     0.5,     1.5,     2.4,     -5,     89.6,     1023.9,     432.38,     73,     87.9,     -2
63,     06.02.2015 10:31:17,     194.25,     365.82,     76,     1,     1.8,     2.5,     -4.9,     89.4,     1024.2,     432.38,     72.8,     87.9,     -2
64,     06.02.2015 10:41:17,     214.2,     377.88,     73,     0.4,     1.1,     2.2,     -4.6,     89.6,     1024.1,     432.38,     73,     87.9,     -2
65,     06.02.2015 10:51:17,     234.15,     397.98,     80,     0.5,     1.2,     2.4,     -4.2,     89.4,     1024.2,     432.38,     72.9,     88,     -1.9
66,     06.02.2015 11:01:17,     343.35,     524.61,     78,     0.5,     1.1,     2,     -3.9,     89.5,     1024.2,     432.38,     72.9,     87.9,     -2
67,     06.02.2015 11:11:17,     361.2,     552.75,     71,     0.4,     1.5,     2.7,     -3.5,     89.5,     1024.2,     432.38,     72.9,     87.8,     -2.1,     13.425,     -0.95,     93.5
68,     06.02.2015 11:21:17,     368.55,     568.83,     76,     0.5,     1.9,     3.3,     -3.2,     89.3,     1024.2,     432.38,     73,     88,     -1.9
69,     06.02.2015 11:31:17,     375.9,     580.89,     75,     0.6,     2.3,     3.7,     -2.9,     89.4,     1024.2,     432.38,     73.1,     88,     -1.9
70,     06.02.2015 11:41:17,     386.4,     586.92,     75,     0.8,     2.2,     3.8,     -2.7,     89.6,     1024.2,     432.38,     72.8,     87.9,     -2
71,     06.02.2015 11:51:17,     400.05,     596.97,     64,     1,     5.6,     69.2,     -2.4,     89.6,     1024.1,     432.38,     73,     87.8,     -1.9
72,     06.02.2015 12:01:17,     409.5,     598.98,     0,     0,     0,     0,     -2.3,     89.4,     1024.1,     432.38,     73.3,     88.1,     -1.8
73,     06.02.2015 12:11:16,     421.05,     607.02,     0,     0,     0,     0,     -2.2,     89.3,     1024.1,     432.38,     73.1,     87.9,     -2,     13.360,     2.59,     91.7
74,     06.02.2015 12:21:16,     429.45,     611.04,     70,     0.6,     1.4,     2.9,     -1.8,     89.7,     1023.9,     432.38,     73.2,     87.8,     -1.9
75,     06.02.2015 12:31:16,     442.05,     607.02,     70,     0.6,     1.4,     2.5,     -1.7,     89.6,     1023.9,     432.38,     73.1,     88,     -1.9
76,     06.02.2015 12:41:16,     444.15,     600.99,     78,     0.5,     1.2,     2,     -1.5,     89.6,     1023.8,     432.38,     73,     87.7,     -2.1
77,     06.02.2015 12:51:16,     389.55,     588.93,     71,     0.1,     0.9,     1.9,     -1.2,     90,     1023.6,     432.38,     73.2,     88,     -1.9
78,     06.02.2015 13:01:16,     325.5,     546.72,     51,     0.1,     0.6,     1.1,     -1,     89.8,     1023.6,     432.38,     73.3,     87.9,     -2
79,     06.02.2015 13:11:16,     338.1,     574.86,     49,     0.3,     1.2,     1.9,     -0.9,     90,     1023.6,     432.38,     73.4,     87.9,     -1.9,     13.341,     5.71,     89.8
80,     06.02.2015 13:21:16,     322.35,     558.78,     67,     0.6,     1.8,     3.8,     -0.6,     90.3,     1023.5,     432.38,     73.3,     87.8,     -2
81,     06.02.2015 13:31:16,     303.45,     546.72,     77,     0.1,     1.2,     3.3,     -0.5,     90.3,     1023.4,     432.38,     73.3,     87.8,     -2.1
82,     06.02.2015 13:41:16,     288.75,     532.65,     112,     0,     0.6,     1.5,     -0.3,     90.4,     1023.4,     432.38,     73.4,     87.8,     -2
83,     06.02.2015 13:51:16,     276.15,     518.58,     98,     0,     0.4,     1.1,     -0.2,     90.3,     1023.3,     432.38,     73.5,     87.9,     -2
84,     06.02.2015 14:01:16,     256.2,     476.37,     63,     0,     0.8,     2.6,     -0.1,     89.8,     1023.4,     432.38,     73.5,     87.9,     -1.9
85,     06.02.2015 14:11:16,     242.55,     450.24,     85,     0.3,     1.1,     2.1,     -0.1,     90,     1023.4,     432.38,     73.4,     87.8,     -1.9,     13.434,     7.99,     88.7
86,     06.02.2015 14:21:16,     245.7,     448.23,     64,     0.4,     1.3,     2.1,     0,     90.4,     1023.5,     432.38,     73.5,     88,     -1.9
87,     06.02.2015 14:31:16,     219.45,     402,     64,     0.1,     1.2,     2.2,     0,     90.5,     1023.4,     432.38,     73.5,     87.9,     -2
88,     06.02.2015 14:41:16,     212.1,     383.91,     69,     0.8,     1.5,     2.4,     0,     90.6,     1023.3,     432.38,     73.2,     87.9,     -2
89,     06.02.2015 14:51:16,     193.2,     349.74,     64,     0.2,     1.6,     2.8,     0.1,     90.7,     1023.3,     432.38,     73.4,     87.9,     -2
90,     06.02.2015 15:01:16,     178.5,     315.57,     67,     0.8,     1.9,     3,     0.1,     90.8,     1023.3,     432.38,     73.3,     87.9,     -2
91,     06.02.2015 15:11:16,     156.45,     277.38,     64,     0.3,     1.9,     3,     0.2,     90.8,     1023.3,     432.38,     73,     87.8,     -1.9,     13.466,     7.59,     89.6
92,     06.02.2015 15:21:16,     139.65,     247.23,     46,     1.1,     2.2,     3.5,     0.2,     90.9,     1023.4,     432.38,     73.5,     87.9,     -2
93,     06.02.2015 15:31:16,     128.1,     221.1,     27,     1.4,     2.1,     3.2,     0.2,     90.8,     1023.3,     432.38,     73.5,     87.8,     -2
94,     06.02.2015 15:41:16,     108.15,     184.92,     4,     0.8,     2,     2.8,     0.2,     90.6,     1023.2,     432.38,     73.4,     87.9,     -2
95,     06.02.2015 15:51:16,     89.25,     150.75,     9,     1.1,     1.6,     2,     0.2,     90.5,     1023,     432.38,     73.5,     87.8,     -2
96,     06.02.2015 16:01:16,     73.5,     120.6,     13,     1,     1.5,     2,     0.1,     90.2,     1023,     432.38,     73.3,     87.9,     -1.9
97,     06.02.2015 16:11:16,     56.7,     96.48,     19,     1.3,     2,     2.7,     0.1,     89.9,     1023,     432.38,     73.3,     88,     -1.9,     13.667,     5.97,     90.1
98,     06.02.2015 16:21:16,     42,     74.37,     31,     1.6,     2.2,     2.8,     0.1,     90.2,     1023,     432.38,     73.4,     88,     -1.9
99,     06.02.2015 16:31:16,     26.25,     52.26,     48,     1.1,     1.8,     2.4,     0.2,     90.3,     1022.9,     432.38,     73.3,     87.9,     -2
100,     06.02.2015 16:41:16,     13.65,     38.19,     17,     0.4,     1.4,     2.9,     -0.1,     89.9,     1023.1,     432.38,     73.4,     88,     -1.9
101,     06.02.2015 16:51:16,     5.25,     20.1,     331,     0.9,     1.6,     2.9,     -0.5,     89.9,     1023,     432.38,     73.4,     87.9,     -2
102,     06.02.2015 17:01:16,     1.05,     12.06,     345,     0.4,     1.1,     2.4,     -0.7,     90.3,     1023,     432.38,     73.3,     87.9,     -1.9
103,     06.02.2015 17:11:17,     -2.1,     2.01,     334,     0.6,     1.3,     3.2,     -1,     90.2,     1023.2,     432.38,     73.3,     88,     -1.9,     12.779,     2.52,     91.2
104,     06.02.2015 17:21:17,     -3.15,     0,     54,     0.4,     1.1,     2.9,     -1.4,     89.6,     1023.1,     432.38,     73.2,     88,     -1.9
105,     06.02.2015 17:31:17,     -4.2,     -2.01,     58,     0.7,     2,     3.2,     -1.9,     89.5,     1023.2,     432.38,     73.1,     87.9,     -2
106,     06.02.2015 17:41:17,     -5.25,     0,     53,     1,     2.5,     3.3,     -2.2,     89.4,     1023.2,     432.38,     73.2,     87.9,     -2
107,     06.02.2015 17:51:17,     -5.25,     -2.01,     55,     0.7,     2.6,     3.6,     -2.8,     89.2,     1023.1,     432.38,     73,     87.9,     -2
108,     06.02.2015 18:01:17,     -5.25,     -2.01,     52,     1.3,     2.6,     3.6,     -2.9,     89.9,     1023,     432.38,     72.9,     87.9,     -2
109,     06.02.2015 18:11:16,     -4.2,     0,     52,     1.5,     2.8,     3.8,     -3.1,     90,     1023,     432.38,     72.9,     88,     -1.9,     13.805,     -1.37,     93.3
110,     06.02.2015 18:21:16,     -5.25,     -2.01,     30,     0.3,     2.4,     4.3,     -3.2,     90.8,     1022.9,     432.38,     73.1,     87.9,     -2
111,     06.02.2015 18:31:16,     -4.2,     0,     345,     0.9,     1.6,     4,     -3.4,     90.4,     1022.9,     432.38,     73,     88,     -1.9
112,     06.02.2015 18:41:16,     -4.2,     -4.02,     337,     0.6,     1.7,     3.9,     -3.6,     90.7,     1022.9,     432.38,     72.9,     87.9,     -2
113,     06.02.2015 18:51:16,     -3.15,     -4.02,     342,     0.3,     1.3,     3.7,     -3.6,     90.9,     1022.9,     432.38,     73.2,     88,     -1.9
114,     06.02.2015 19:01:16,     -4.2,     0,     332,     1.1,     2.4,     4.6,     -3.7,     91,     1022.9,     432.38,     73.2,     87.8,     -2.1
115,     06.02.2015 19:11:16,     -4.2,     -2.01,     339,     1,     1.9,     4,     -3.8,     90.9,     1022.8,     432.38,     73.1,     88,     -1.9,     12.616,     -3.17,     94.0
116,     06.02.2015 19:21:16,     -3.15,     -2.01,     343,     0.6,     1.6,     3.6,     -3.9,     90.8,     1022.8,     432.38,     73.2,     88,     -1.9
117,     06.02.2015 19:31:16,     -3.15,     -4.02,     346,     0.8,     1.8,     4.3,     -4,     90.9,     1022.9,     432.38,     73.2,     87.9,     -2
118,     06.02.2015 19:41:16,     -5.25,     -2.01,     344,     0.8,     1.6,     3,     -4.1,     90.7,     1022.8,     432.38,     73.1,     87.9,     -2
119,     06.02.2015 19:51:16,     -4.2,     -4.02,     328,     0.6,     1.8,     3.9,     -4.2,     90.6,     1022.9,     432.38,     72.9,     87.9,     -2
120,     06.02.2015 20:01:16,     -3.15,     0,     330,     0.2,     1.6,     3.3,     -4.3,     90.6,     1023,     432.38,     73.1,     88,     -1.9
121,     06.02.2015 20:11:16,     -3.15,     0,     330,     0.7,     1.6,     3.2,     -4.3,     90.7,     1023,     432.38,     72.9,     87.8,     -2.1,     12.537,     -3.85,     94.0
122,     06.02.2015 20:21:16,     -2.1,     -2.01,     318,     0.4,     1.4,     2.6,     -4.2,     90.7,     1022.9,     432.38,     73.2,     87.9,     -2
123,     06.02.2015 20:31:16,     -4.2,     -2.01,     312,     0.8,     1.8,     3.8,     -4.2,     90.8,     1022.9,     432.38,     73,     87.9,     -2
124,     06.02.2015 20:41:16,     -4.2,     -2.01,     328,     0.4,     1.5,     3.2,     -4.3,     90.6,     1022.9,     432.38,     252.9,     88,     -178
125,     06.02.2015 20:51:16,     -4.2,     -2.01,     309,     0.2,     1.8,     3.4,     -4.3,     90.5,     1023,     432.38,     253,     88,     -178
126,     06.02.2015 21:01:16,     -5.25,     -2.01,     312,     0.6,     1.9,     4.1,     -4.3,     90.6,     1022.9,     432.38,     252.9,     88,     -178
127,     06.02.2015 21:11:16,     -4.2,     -2.01,     316,     0.7,     2,     3.7,     -4.3,     90.7,     1022.9,     432.38,     73.1,     87.9,     -2,     12.497,     -4.09,     94.0
128,     06.02.2015 21:21:16,     -3.15,     -2.01,     310,     0.8,     2,     3.5,     -4.3,     90.8,     1023,     432.38,     72.9,     87.9,     -2
129,     06.02.2015 21:31:16,     -4.2,     0,     309,     1.2,     2.1,     3.4,     -4.4,     90.6,     1022.9,     432.38,     73,     88,     -1.9
130,     06.02.2015 21:41:16,     -4.2,     -2.01,     304,     1,     2,     3.4,     -4.3,     90.7,     1022.8,     432.38,     73.1,     88,     -1.9
131,     06.02.2015 21:51:16,     -4.2,     -2.01,     294,     0.9,     1.7,     3.1,     -4.1,     91,     1022.8,     432.38,     73.2,     87.9,     -2
132,     06.02.2015 22:01:16,     -5.25,     -2.01,     303,     0.8,     1.8,     3.1,     -4.1,     90.7,     1022.8,     432.38,     73,     87.9,     -2
133,     06.02.2015 22:11:16,     -5.25,     -2.01,     309,     0.6,     1.9,     3.2,     -4.2,     90.7,     1022.8,     432.38,     72.9,     87.9,     -2,     13.816,     -4.37,     94.0
134,     06.02.2015 22:21:16,     -4.2,     2.01,     321,     0.1,     1.2,     2.8,     -4.2,     90.6,     1022.8,     432.38,     72.9,     88,     -1.9
135,     06.02.2015 22:31:16,     -5.25,     -2.01,     318,     0.1,     1.1,     2.5,     -4.3,     90.5,     1022.8,     432.38,     72.9,     87.9,     -2
136,     06.02.2015 22:41:16,     -6.3,     0,     327,     0.1,     0.9,     2.9,     -4.4,     90.5,     1022.8,     432.38,     72.9,     88,     -1.9
137,     06.02.2015 22:51:16,     -5.25,     0,     316,     0.2,     1.3,     2.6,     -4.2,     90.9,     1022.6,     432.38,     72.9,     87.9,     -2
138,     06.02.2015 23:01:16,     -5.25,     0,     314,     0.1,     1.3,     2.8,     -4.2,     90.7,     1022.6,     432.38,     72.9,     88,     -1.9
139,     06.02.2015 23:11:16,     -6.3,     -2.01,     311,     0,     0.8,     2.2,     -4.2,     90.7,     1022.6,     432.38,     252.8,     87.8,     -177.8,     12.626,     -4.90,     93.9
140,     06.02.2015 23:21:16,     -5.25,     -2.01,     317,     0.1,     0.9,     2.1,     -4.2,     90.8,     1022.7,     432.38,     72.9,     88,     -1.9
141,     06.02.2015 23:31:16,     -2.1,     -2.01,     311,     0.1,     1.3,     2.9,     -4.2,     90.8,     1022.7,     432.38,     73.1,     88,     -1.9
142,     06.02.2015 23:41:16,     -1.05,     -2.01,     346,     0.1,     1,     2.8,     -4.1,     90.5,     1022.7,     432.38,     73,     87.9,     -2
143,     06.02.2015 23:51:16,     -1.05,     -2.01,     314,     0.3,     1.5,     3.3,     -4.2,     90.3,     1022.7,     432.38,     74.5,     87.9,     -2
144,     07.02.2015 00:01:17,     0,     -2.01,     279,     0.1,     1.1,     2.5,     -3.9,     90.6,     1022.8,     432.38,     253.8,     88,     -178,     12.147,     -4.46,     94.2