Logger: #D10248 'TSK_Meteo' - USP_EXP2 (V2.10, Jan 24 2012)
No,     Time,     #1:W/m²:0,     #2:ÂµMol:(do.),     #5:deg:2,     #6:m/sMIN:(do.),     #7:m/sMIT:(do.),     #8:m/sMAX:(do.),     #9:Â°C:(do.),     #10:%:(do.),     #11:hPa:(do.),     #12:mm:(do.),     #14:AZ:3,     #15:EL:(do.),     #16:Roll:(do.),     #HK-Bat:V,     #HK-Temp:oC,     #HK-rH:%
(GSM Transfer OK / Signal:17)
1,     05.10.2014 00:10:56,     -5.25,     -2.01,     173,     0.2,     2.1,     3.9,     11.5,     76.9,     1012.2,     291.46,     253.2,     87.8,     -177.8,     12.448,     10.92,     73.9
2,     05.10.2014 00:21:16,     -5.25,     0,     166,     0.3,     2.1,     3.3,     11.3,     77.1,     1012.1,     291.46,     253.2,     87.9,     -177.9,     12.374,     10.64,     74.9
3,     05.10.2014 00:31:16,     -4.2,     0,     164,     0.5,     1.8,     2.8,     11.2,     77.7,     1012.1,     291.46,     253.1,     88,     -178
4,     05.10.2014 00:41:16,     -4.2,     -2.01,     161,     0.4,     1.6,     3.1,     11,     78.6,     1012.1,     291.46,     253.2,     88,     -178
5,     05.10.2014 00:51:16,     -5.25,     -2.01,     166,     0.6,     1.8,     3.4,     10.9,     79.1,     1012,     291.46,     253.3,     88,     -178
6,     05.10.2014 01:01:16,     -6.3,     -4.02,     163,     0.2,     1.4,     2.6,     10.8,     79.2,     1012,     291.46,     253.3,     87.9,     -177.9
7,     05.10.2014 01:11:16,     -5.25,     -2.01,     161,     0,     1.2,     2.4,     10.8,     79.6,     1012.1,     291.46,     253.3,     87.9,     -177.9
8,     05.10.2014 01:21:16,     -5.25,     -2.01,     158,     0.6,     1.4,     2.6,     10.6,     79.8,     1012,     291.46,     253.4,     88,     -178,     12.491,     9.89,     75.6
9,     05.10.2014 01:31:16,     -5.25,     -2.01,     159,     0.4,     1.6,     2.9,     10.4,     79.8,     1011.9,     291.46,     253.1,     87.9,     -177.9
10,     05.10.2014 01:41:16,     -3.15,     -2.01,     164,     0.9,     2.2,     3.4,     10.4,     80.2,     1011.8,     291.46,     253,     87.9,     -177.9
11,     05.10.2014 01:51:16,     -4.2,     0,     168,     0.7,     2.1,     3.2,     10.3,     81.4,     1011.8,     291.46,     253.2,     87.9,     -177.9
12,     05.10.2014 02:01:16,     -5.25,     -4.02,     172,     0.6,     2.1,     3.4,     10.3,     80.2,     1011.8,     291.46,     253.1,     87.9,     -177.9
13,     05.10.2014 02:11:16,     -4.2,     0,     176,     0.6,     2,     3.4,     10.3,     80.9,     1011.7,     291.46,     253.3,     88,     -178
14,     05.10.2014 02:21:17,     -4.2,     -2.01,     170,     0.7,     1.9,     3.8,     10.2,     81.1,     1011.7,     291.46,     253.1,     87.8,     -177.8,     12.448,     9.41,     75.7
15,     05.10.2014 02:31:17,     -5.25,     -2.01,     171,     0.6,     2,     3.7,     10.1,     80.5,     1011.6,     291.46,     253.1,     88,     -178
16,     05.10.2014 02:41:17,     -4.2,     0,     164,     1,     2.2,     4,     10.1,     80.2,     1011.6,     291.46,     253.2,     88,     -178
17,     05.10.2014 02:51:17,     -6.3,     -2.01,     165,     0.4,     1.8,     3.4,     10.1,     80.8,     1011.6,     291.46,     253.2,     88,     -178
18,     05.10.2014 03:01:17,     -4.2,     0,     168,     0.2,     1.7,     3.2,     10,     80.2,     1011.6,     291.46,     253.2,     88,     -178
19,     05.10.2014 03:11:17,     -5.25,     -2.01,     174,     0.4,     1.5,     2.9,     10,     80.3,     1011.5,     291.46,     253.2,     87.9,     -177.9
20,     05.10.2014 03:21:22,     -5.25,     -2.01,     175,     0.1,     1.2,     3,     10,     80.9,     1011.5,     291.46,     253.2,     88.1,     -178,     12.435,     9.03,     75.8
21,     05.10.2014 03:31:22,     -5.25,     -2.01,     161,     0.1,     1.3,     2.7,     9.9,     80.5,     1011.5,     291.46,     253.2,     88,     -178
22,     05.10.2014 03:41:22,     -4.2,     -2.01,     159,     0.1,     1.4,     2.8,     9.8,     80.9,     1011.6,     291.46,     253.2,     87.9,     -177.9
23,     05.10.2014 03:51:22,     -5.25,     -2.01,     124,     0.1,     1.2,     2.9,     9.6,     81.1,     1011.5,     291.46,     253.1,     88,     -178
24,     05.10.2014 04:01:22,     -5.25,     -2.01,     89,     0,     1.1,     2.1,     9.4,     82.3,     1011.4,     291.46,     253.1,     87.9,     -177.9
25,     05.10.2014 04:11:22,     -5.25,     -2.01,     82,     0.1,     0.7,     1.8,     9.3,     82.5,     1011.5,     291.46,     253.2,     88,     -178
26,     05.10.2014 04:21:22,     -5.25,     -2.01,     123,     0,     0.6,     1.6,     9.3,     82.4,     1011.5,     291.46,     253.1,     87.9,     -178,     12.395,     8.41,     75.9
27,     05.10.2014 04:31:22,     -4.2,     0,     200,     0.1,     0.9,     1.6,     9.2,     82.6,     1011.5,     291.46,     253.3,     88,     -178
28,     05.10.2014 04:41:22,     -4.2,     -2.01,     132,     0,     0.9,     2,     9.3,     83.6,     1011.5,     291.46,     253.2,     87.9,     -177.9
29,     05.10.2014 04:51:22,     -4.2,     4.02,     142,     0.1,     0.9,     1.9,     9.2,     84,     1011.5,     291.46,     253.1,     87.9,     -177.9
30,     05.10.2014 05:01:22,     -5.25,     0,     142,     0.3,     1.1,     1.8,     9,     84,     1011.5,     291.46,     253.2,     88,     -178
31,     05.10.2014 05:11:22,     -5.25,     -4.02,     128,     0.4,     1.2,     2.1,     8.7,     83.9,     1011.4,     291.46,     253.2,     88,     -178
32,     05.10.2014 05:21:21,     -5.25,     -2.01,     97,     0,     0.9,     1.7,     8.7,     85,     1011.5,     291.46,     253.2,     88,     -178,     12.361,     7.81,     76.1
33,     05.10.2014 05:31:21,     -4.2,     -2.01,     104,     0.3,     0.9,     1.5,     8.7,     84.6,     1011.5,     291.46,     253.2,     88,     -178
34,     05.10.2014 05:41:21,     -5.25,     -2.01,     104,     0.4,     0.9,     1.6,     8.5,     84.1,     1011.6,     291.46,     253.2,     87.9,     -177.9
35,     05.10.2014 05:51:21,     -5.25,     0,     112,     0.5,     1,     1.5,     8.5,     85,     1011.6,     291.46,     253.1,     88,     -178
36,     05.10.2014 06:01:21,     -4.2,     0,     95,     0.3,     1,     1.6,     8.2,     85.5,     1011.6,     291.46,     253.1,     88,     -177.9
37,     05.10.2014 06:11:21,     -3.15,     4.02,     105,     0.6,     1.2,     1.8,     8.1,     86.4,     1011.6,     291.46,     253,     87.9,     -177.9
38,     05.10.2014 06:21:16,     0,     12.06,     115,     0.4,     1.1,     1.9,     8.1,     85.7,     1011.6,     291.46,     253.2,     88,     -178,     12.346,     7.24,     76.3
39,     05.10.2014 06:31:16,     5.25,     22.11,     105,     0.1,     1,     1.7,     8.2,     85.9,     1011.7,     291.46,     253,     87.9,     -177.9
40,     05.10.2014 06:41:16,     12.6,     38.19,     115,     0.2,     0.9,     1.7,     8.2,     86.6,     1011.7,     291.46,     253.1,     87.9,     -177.9
41,     05.10.2014 06:51:16,     19.95,     58.29,     117,     0.2,     1.1,     2.4,     8.2,     85,     1011.8,     291.46,     252.9,     87.9,     -178
42,     05.10.2014 07:01:16,     47.25,     88.44,     113,     0.1,     1,     2.1,     8.4,     84.9,     1011.8,     291.46,     253.3,     88,     -178
43,     05.10.2014 07:11:16,     68.25,     124.62,     111,     0,     0.9,     1.9,     8.8,     83.8,     1011.8,     291.46,     253.3,     88,     -178
44,     05.10.2014 07:21:17,     87.15,     160.8,     132,     0,     0.9,     2.6,     9.1,     81.3,     1011.9,     291.46,     253.6,     87.9,     -177.9,     13.610,     8.11,     77.1
45,     05.10.2014 07:31:17,     106.05,     203.01,     140,     0,     1,     2.9,     9.3,     81.8,     1012,     291.46,     253.3,     88,     -178
46,     05.10.2014 07:41:17,     130.2,     245.22,     167,     0,     0.6,     1.5,     9.8,     79,     1012.1,     291.46,     253.6,     88,     -178
47,     05.10.2014 07:51:17,     149.1,     279.39,     174,     0.1,     1.3,     2.4,     9.6,     79.9,     1012.1,     291.46,     253.4,     87.8,     -177.8
48,     05.10.2014 08:01:17,     171.15,     319.59,     180,     0.5,     1.4,     2.7,     9.8,     79.3,     1012.2,     291.46,     253.6,     88,     -178
49,     05.10.2014 08:11:17,     193.2,     359.79,     172,     0.5,     1.6,     3.2,     10,     78.8,     1012.2,     291.46,     253.6,     87.9,     -177.9
50,     05.10.2014 08:21:16,     214.2,     393.96,     187,     1.2,     2.3,     4,     10,     78.6,     1012.2,     291.46,     253.4,     87.9,     -177.9,     13.415,     12.90,     76.3
51,     05.10.2014 08:31:16,     232.05,     430.14,     180,     1.6,     3,     4.9,     10.1,     78.5,     1012.2,     291.46,     253.6,     88,     -178
52,     05.10.2014 08:41:16,     258.3,     480.39,     184,     1.5,     3,     4.2,     10.3,     79.7,     1012.1,     291.46,     254,     87.8,     -177.8
53,     05.10.2014 08:51:16,     278.25,     518.58,     181,     0.7,     2.6,     4.7,     10.7,     79.4,     1012.2,     291.46,     253.7,     87.9,     -177.9
54,     05.10.2014 09:01:16,     298.2,     558.78,     167,     0.5,     2.1,     4,     11.1,     77.2,     1012.3,     291.46,     253.4,     87.9,     -177.9
55,     05.10.2014 09:11:16,     319.2,     598.98,     173,     0.8,     2.4,     4.3,     11.4,     76.4,     1012.3,     291.46,     253.5,     87.9,     -177.9
56,     05.10.2014 09:21:16,     338.1,     637.17,     166,     0.5,     2.2,     4.2,     11.7,     76.2,     1012.2,     291.46,     253.2,     88,     -178,     13.175,     15.07,     74.8
57,     05.10.2014 09:31:16,     351.75,     665.31,     155,     0.3,     2,     4.3,     11.9,     75.8,     1012.3,     291.46,     253.4,     87.9,     -177.9
58,     05.10.2014 09:41:16,     366.45,     695.46,     164,     0.5,     2,     4.1,     12.2,     75.4,     1012.3,     291.46,     253.5,     87.9,     -177.8
59,     05.10.2014 09:51:16,     380.1,     719.58,     165,     0.2,     1.8,     3.6,     12.5,     74.6,     1012.3,     291.46,     253.5,     88,     -178
60,     05.10.2014 10:01:16,     393.75,     743.7,     152,     0.5,     1.9,     4,     12.8,     73.1,     1012.3,     291.46,     253.4,     87.9,     -177.9
61,     05.10.2014 10:11:16,     404.25,     763.8,     170,     0.5,     2.4,     4.2,     13.1,     72.8,     1012.3,     291.46,     253.5,     87.9,     -177.9
62,     05.10.2014 10:21:16,     421.05,     801.99,     157,     0.5,     2,     3.9,     13.5,     73,     1012.3,     291.46,     253.6,     88,     -178,     13.067,     16.99,     73.4
63,     05.10.2014 10:31:16,     422.1,     799.98,     175,     0.2,     2.2,     4.5,     13.8,     70.9,     1012.3,     291.46,     253.5,     87.9,     -177.9
64,     05.10.2014 10:41:16,     423.15,     795.96,     148,     0.2,     2.1,     4.4,     14,     71.4,     1012.2,     291.46,     253.3,     87.9,     -177.9
65,     05.10.2014 10:51:16,     438.9,     830.13,     130,     0.3,     2,     3.9,     14.2,     71.9,     1012.2,     291.46,     253.1,     87.8,     -177.8
66,     05.10.2014 11:01:16,     455.7,     866.31,     149,     0.2,     1.7,     4.1,     14.4,     71.2,     1012.1,     291.46,     73.9,     87.9,     -2
67,     05.10.2014 11:11:16,     466.2,     892.44,     145,     0.1,     1.9,     4.2,     14.6,     69.5,     1012.1,     291.46,     253.6,     87.9,     -177.9
68,     05.10.2014 11:21:17,     467.25,     890.43,     126,     0.2,     1.9,     3.9,     14.7,     69.4,     1012,     291.46,     73.6,     87.9,     -2,     13.137,     18.72,     72.7
69,     05.10.2014 11:31:17,     460.95,     876.36,     140,     0.2,     1.8,     3.9,     15,     68.9,     1011.9,     291.46,     73.5,     87.9,     -2.1
70,     05.10.2014 11:41:17,     472.5,     898.47,     157,     0.7,     2.3,     5.1,     15.1,     68.1,     1011.9,     291.46,     253.2,     87.9,     -177.8
71,     05.10.2014 11:51:17,     460.95,     866.31,     135,     0.2,     2.3,     4.3,     15.2,     68.2,     1011.9,     291.46,     73.9,     87.9,     -2.1
72,     05.10.2014 12:01:17,     466.2,     890.43,     131,     0.6,     2.7,     4.5,     15.4,     67.2,     1012,     291.46,     73.5,     87.7,     -2.1
73,     05.10.2014 12:11:17,     472.5,     904.5,     124,     0.2,     2,     4.1,     15.7,     66.5,     1011.9,     291.46,     72.7,     87.8,     -2.1
74,     05.10.2014 12:21:23,     463.05,     868.32,     141,     0.1,     2.5,     5.6,     15.8,     65.3,     1011.8,     291.46,     73.9,     87.9,     -2,     13.080,     20.10,     72.2
75,     05.10.2014 12:31:23,     450.45,     850.23,     122,     0.2,     2.2,     5.1,     16,     65.7,     1011.8,     291.46,     73.6,     87.9,     -2
76,     05.10.2014 12:41:23,     189,     486.42,     125,     0.1,     2.4,     4.9,     16.2,     65.5,     1011.7,     291.46,     73.1,     87.9,     -2.1
77,     05.10.2014 12:51:23,     237.3,     476.37,     151,     0.4,     2.3,     5,     16.4,     64.4,     1011.7,     291.46,     73.1,     88,     -1.9
78,     05.10.2014 13:01:23,     442.05,     836.16,     148,     0.4,     2.2,     5,     16.4,     64.9,     1011.5,     291.46,     73.1,     87.8,     -2.1
79,     05.10.2014 13:11:23,     298.2,     478.38,     169,     1.3,     2.7,     5.1,     16.6,     63.4,     1011.5,     291.46,     74,     88.1,     -1.8
80,     05.10.2014 13:21:16,     168,     381.9,     159,     0.1,     2,     5.4,     16.8,     64.6,     1011.4,     291.46,     74.1,     88,     -1.9,     13.095,     20.98,     72.0
81,     05.10.2014 13:31:16,     143.85,     321.6,     151,     0.1,     2.4,     7,     16.6,     66,     1011.5,     291.46,     73.4,     88,     -1.9
82,     05.10.2014 13:41:16,     142.8,     313.56,     140,     0.4,     2,     3.6,     16.6,     64.9,     1011.5,     291.46,     73.4,     87.9,     -1.9
83,     05.10.2014 13:51:16,     182.7,     436.17,     128,     0.1,     1.6,     3.8,     16.5,     65.1,     1011.5,     291.46,     73.5,     88,     -1.9
84,     05.10.2014 14:01:16,     176.4,     387.93,     140,     0,     1.8,     4.1,     16.6,     65.7,     1011.4,     291.46,     73.5,     87.9,     -2
85,     05.10.2014 14:11:16,     361.2,     643.2,     151,     0.1,     2.1,     4,     16.7,     66.1,     1011.4,     291.46,     73.9,     88,     -1.9
86,     05.10.2014 14:21:16,     106.05,     259.29,     152,     0.8,     2.3,     4.2,     16.6,     64.3,     1011.4,     291.46,     74,     87.9,     -2,     13.362,     19.41,     72.9
87,     05.10.2014 14:31:16,     84,     211.05,     162,     0.5,     2.1,     3.6,     16.7,     63.8,     1011.4,     291.46,     73.7,     87.9,     -2
88,     05.10.2014 14:41:16,     90.3,     217.08,     159,     0.2,     1.7,     4,     16.7,     65.8,     1011.4,     291.46,     253.5,     88,     -178
89,     05.10.2014 14:51:16,     97.65,     227.13,     154,     0.7,     2.3,     4.4,     16.6,     64.9,     1011.4,     291.46,     253.4,     88,     -178
90,     05.10.2014 15:01:16,     87.15,     209.04,     140,     0.3,     1.7,     4.6,     16.5,     65.5,     1011.4,     291.46,     73.7,     88,     -1.9
91,     05.10.2014 15:11:16,     199.5,     345.72,     149,     0.5,     2,     4.4,     16.5,     66.1,     1011.5,     291.46,     73.6,     88,     -1.9
92,     05.10.2014 15:21:16,     106.05,     241.2,     145,     0.2,     1.7,     3.4,     16.6,     66.1,     1011.5,     291.46,     252.9,     87.9,     -178,     13.404,     18.24,     73.5
93,     05.10.2014 15:31:16,     109.2,     233.16,     155,     0.1,     1.9,     4.4,     16.6,     66.5,     1011.4,     291.46,     73.3,     88,     -1.9
94,     05.10.2014 15:41:16,     175.35,     311.55,     148,     0.2,     1.9,     4.1,     16.6,     66.2,     1011.5,     291.46,     73.8,     87.9,     -2
95,     05.10.2014 15:51:16,     123.9,     225.12,     148,     0.3,     2.1,     4.4,     16.5,     66.4,     1011.5,     291.46,     73.4,     88,     -1.9
96,     05.10.2014 16:01:16,     55.65,     130.65,     153,     0.1,     1.9,     4.6,     16.3,     67,     1011.5,     291.46,     252.1,     88,     -178
97,     05.10.2014 16:11:16,     52.5,     122.61,     146,     0.3,     1.9,     4.6,     16.1,     68.2,     1011.5,     291.46,     253.5,     88,     -178
98,     05.10.2014 16:21:17,     34.65,     82.41,     153,     0.3,     1.7,     4.2,     15.9,     68.9,     1011.4,     291.46,     253.5,     88,     -178,     13.506,     17.99,     73.2
99,     05.10.2014 16:31:17,     25.2,     62.31,     135,     0.1,     1.2,     3.4,     15.7,     70.5,     1011.6,     291.46,     73.8,     87.9,     -2
100,     05.10.2014 16:41:17,     19.95,     56.28,     141,     0,     1.2,     3,     15.5,     72.4,     1011.5,     291.46,     73.7,     88,     -1.9
101,     05.10.2014 16:51:17,     19.95,     52.26,     122,     0.1,     1.2,     2.4,     15.2,     72.8,     1011.5,     291.46,     253.6,     87.9,     -177.9
102,     05.10.2014 17:01:17,     14.7,     40.2,     110,     0.1,     1.1,     2.9,     15,     74.7,     1011.6,     291.46,     253.5,     88,     -178
103,     05.10.2014 17:11:17,     11.55,     32.16,     125,     0,     0.8,     2,     14.7,     75.4,     1011.6,     291.46,     253.5,     88,     -178
104,     05.10.2014 17:21:16,     6.3,     22.11,     121,     0,     0.7,     2.2,     14.4,     76.1,     1011.5,     291.46,     253.5,     88,     -178,     12.760,     15.57,     74.4
105,     05.10.2014 17:31:16,     0,     10.05,     130,     0.1,     1.1,     2.5,     14.3,     76.6,     1011.5,     291.46,     253.3,     88,     -178
106,     05.10.2014 17:41:16,     -4.2,     2.01,     131,     0.1,     1.2,     2.5,     14.2,     76.7,     1011.6,     291.46,     253.4,     88,     -178
107,     05.10.2014 17:51:16,     -4.2,     0,     130,     0.1,     1.3,     3.7,     14,     77.2,     1011.6,     291.46,     253.5,     87.9,     -177.9
108,     05.10.2014 18:01:16,     -5.25,     0,     140,     0.1,     1.6,     3.5,     14,     76.9,     1011.7,     291.46,     253.4,     87.8,     -177.8
109,     05.10.2014 18:11:16,     -4.2,     0,     126,     0.1,     1.4,     3.1,     13.9,     77.2,     1011.8,     291.46,     253.5,     87.9,     -177.9
110,     05.10.2014 18:21:16,     -4.2,     -2.01,     124,     0.4,     1.6,     4.3,     13.8,     78,     1011.9,     291.46,     253,     88,     -178,     12.673,     13.43,     75.1
111,     05.10.2014 18:31:16,     -6.3,     -2.01,     130,     0.1,     1.4,     3.4,     13.6,     78.4,     1011.9,     291.46,     253.2,     87.9,     -177.9
112,     05.10.2014 18:41:16,     -5.25,     -4.02,     135,     0.3,     1.8,     3.7,     13.5,     77.8,     1012,     291.46,     253.3,     87.9,     -177.9
113,     05.10.2014 18:51:16,     -7.35,     -2.01,     150,     0.2,     1.8,     4.2,     13.4,     77.1,     1012,     291.46,     253.2,     87.9,     -177.9
114,     05.10.2014 19:01:16,     -4.2,     -2.01,     153,     0.2,     1.9,     4.7,     13.4,     76.5,     1012,     291.46,     253.1,     87.9,     -177.9
115,     05.10.2014 19:11:16,     -5.25,     -2.01,     157,     0.1,     1.6,     3.1,     13.2,     77.4,     1012,     291.46,     253.4,     88,     -178
116,     05.10.2014 19:21:22,     -4.2,     0,     164,     0.3,     1.7,     3.9,     13.1,     77.2,     1012.1,     291.46,     253.4,     88,     -178,     12.637,     12.57,     75.3
117,     05.10.2014 19:31:22,     -5.25,     -2.01,     171,     0.2,     1.8,     4.1,     13,     78.1,     1012.1,     291.46,     253.3,     88,     -178
118,     05.10.2014 19:41:22,     -3.15,     2.01,     168,     0.5,     1.6,     3.1,     12.8,     78.9,     1012.1,     291.46,     253.3,     88,     -178
119,     05.10.2014 19:51:22,     -4.2,     0,     169,     0.1,     1.5,     2.8,     12.7,     78.3,     1012.1,     291.46,     253.2,     87.9,     -177.9
120,     05.10.2014 20:01:22,     -4.2,     -2.01,     158,     0.3,     1.5,     3.1,     12.6,     77.8,     1012.1,     291.46,     253.6,     88,     -178
121,     05.10.2014 20:11:22,     -4.2,     0,     146,     0.2,     1.4,     3.2,     12.4,     77.4,     1012.1,     291.46,     253.2,     88,     -178
122,     05.10.2014 20:21:22,     -5.25,     -2.01,     136,     0.3,     1.6,     3.1,     12.3,     77.4,     1012.2,     291.46,     253.2,     87.9,     -177.9,     12.603,     11.79,     75.4
123,     05.10.2014 20:31:22,     -4.2,     -2.01,     143,     0.3,     1.6,     3.1,     12.2,     77.5,     1012.3,     291.46,     253.4,     88,     -178
124,     05.10.2014 20:41:22,     -5.25,     -2.01,     150,     0,     1.1,     2.6,     12.1,     77.8,     1012.3,     291.46,     253.4,     88,     -178
125,     05.10.2014 20:51:22,     -4.2,     0,     201,     0.1,     1.4,     2.7,     12.1,     78.3,     1012.4,     291.46,     253.2,     88,     -178
126,     05.10.2014 21:01:22,     -5.25,     -4.02,     183,     0.3,     1,     1.9,     11.9,     79.5,     1012.4,     291.46,     253.3,     87.9,     -177.9
127,     05.10.2014 21:11:22,     -4.2,     -2.01,     169,     0,     0.9,     1.8,     11.8,     80.1,     1012.4,     291.46,     253.3,     88,     -178
128,     05.10.2014 21:21:17,     -5.25,     -2.01,     146,     0,     0.7,     1.5,     11.7,     79.5,     1012.4,     291.46,     253.4,     87.8,     -178,     12.590,     10.94,     75.6
129,     05.10.2014 21:31:17,     -5.25,     -2.01,     134,     0,     0.8,     1.7,     11.5,     79.6,     1012.3,     291.46,     253.3,     87.9,     -177.9
130,     05.10.2014 21:41:17,     -4.2,     -2.01,     154,     0,     0.9,     2.2,     11.4,     79.5,     1012.2,     291.46,     253.4,     87.9,     -177.9
131,     05.10.2014 21:51:17,     -5.25,     0,     148,     0,     0.7,     2,     11.3,     79.3,     1012.2,     291.46,     253.4,     88,     -178
132,     05.10.2014 22:01:17,     -4.2,     0,     150,     0,     0.9,     1.9,     11.3,     78.7,     1012.2,     291.46,     253.4,     87.9,     -178
133,     05.10.2014 22:11:17,     -5.25,     -4.02,     144,     0,     0.6,     1.8,     11.2,     79.7,     1012.1,     291.46,     253.3,     88.1,     -178.1
134,     05.10.2014 22:21:16,     -3.15,     0,     153,     0,     0.5,     1.9,     11.1,     80.2,     1012.1,     291.46,     253.4,     88,     -178,     12.556,     10.03,     75.8
135,     05.10.2014 22:31:16,     -5.25,     0,     114,     0.1,     0.8,     1.8,     11.3,     78.7,     1012.2,     291.46,     253.3,     87.9,     -177.9
136,     05.10.2014 22:41:16,     -3.15,     2.01,     72,     0.2,     0.7,     1.3,     11.1,     79,     1012.1,     291.46,     253.3,     88,     -178
137,     05.10.2014 22:51:16,     -5.25,     -2.01,     107,     0.3,     0.7,     1.6,     11,     80.1,     1012.1,     291.46,     253.1,     87.9,     -177.9
138,     05.10.2014 23:01:16,     -4.2,     0,     94,     0.3,     0.6,     1.1,     10.9,     80.1,     1012.1,     291.46,     253.2,     87.8,     -177.8
139,     05.10.2014 23:11:16,     -4.2,     -2.01,     96,     0.3,     0.6,     1.1,     10.8,     81.4,     1012.1,     291.46,     253.3,     87.9,     -177.9
140,     05.10.2014 23:21:23,     -4.2,     0,     78,     0,     0.6,     1.1,     10.7,     81.4,     1012.1,     291.46,     253.2,     88,     -178,     12.537,     9.39,     75.9
141,     05.10.2014 23:31:23,     -3.15,     -2.01,     79,     0,     1,     1.6,     10.7,     81.2,     1012.1,     291.46,     253.2,     88,     -178
142,     05.10.2014 23:41:23,     -5.25,     -2.01,     100,     0.3,     1,     1.5,     10.6,     81.4,     1012.1,     291.46,     253.3,     87.9,     -177.9
143,     05.10.2014 23:51:23,     -5.25,     -2.01,     99,     0.3,     0.7,     1.3,     10.4,     82.5,     1012.1,     291.46,     253.1,     87.9,     -177.9
144,     06.10.2014 00:01:21,     -4.2,     -2.01,     83,     0.2,     0.7,     1.4,     10.3,     84.6,     1012.1,     291.46,     253.3,     88,     -178,     12.450,     9.13,     76.0