Logger: #D10248 'TSK_Meteo' - USP_EXP2 (V2.10, Jan 24 2012)
No,     Time,     #1:W/m²:0,     #2:ÂµMol:(do.),     #5:deg:2,     #6:m/sMIN:(do.),     #7:m/sMIT:(do.),     #8:m/sMAX:(do.),     #9:Â°C:(do.),     #10:%:(do.),     #11:hPa:(do.),     #12:mm:(do.),     #14:AZ:3,     #15:EL:(do.),     #16:Roll:(do.),     #HK-Bat:V,     #HK-Temp:oC,     #HK-rH:%
(GSM Transfer OK / Signal:14)
1,     27.08.2014 00:11:16,     -5.25,     -2.01,     180,     0.3,     0.9,     1.5,     10.5,     90.9,     1002.3,     224.59,     255.2,     88,     -178,     12.488,     10.47,     69.2
2,     27.08.2014 00:21:16,     -4.2,     -2.01,     181,     0,     0.5,     1.3,     10.4,     91.1,     1002.4,     224.59,     255.2,     87.8,     -177.9
3,     27.08.2014 00:31:16,     -4.2,     -2.01,     280,     0.1,     1.2,     1.7,     10.6,     90.8,     1002.5,     224.59,     255.2,     88,     -178
4,     27.08.2014 00:41:16,     -4.2,     0,     318,     0.2,     0.8,     1.4,     10.4,     90.4,     1002.6,     224.59,     255.1,     87.8,     -177.9
5,     27.08.2014 00:51:16,     -5.25,     -2.01,     315,     0.1,     0.6,     1.2,     10.4,     90.3,     1002.7,     224.59,     255.3,     87.9,     -177.9
6,     27.08.2014 01:01:16,     -4.2,     0,     293,     0.1,     0.8,     1.3,     10.3,     90.1,     1002.7,     224.59,     255.2,     87.9,     -178
7,     27.08.2014 01:11:16,     -5.25,     -2.01,     285,     0.2,     0.9,     1.5,     10.3,     90.5,     1002.8,     224.59,     255.3,     87.9,     -177.9,     12.499,     9.67,     70.4
8,     27.08.2014 01:21:16,     -4.2,     -2.01,     303,     0.1,     0.8,     1.4,     10.4,     90.2,     1002.9,     224.59,     255.2,     88,     -178
9,     27.08.2014 01:31:16,     -4.2,     0,     333,     0,     0.6,     1.2,     10.4,     90.5,     1002.9,     224.59,     255.1,     87.8,     -177.8
10,     27.08.2014 01:41:16,     -5.25,     -2.01,     321,     0,     0.6,     1.1,     10.3,     90.4,     1002.9,     224.59,     255.1,     87.9,     -177.8
11,     27.08.2014 01:51:16,     -6.3,     -2.01,     313,     0.1,     0.8,     1.3,     10.1,     90.2,     1002.9,     224.59,     255.2,     87.8,     -177.8
12,     27.08.2014 02:01:16,     -4.2,     0,     316,     0.1,     0.9,     1.5,     10.1,     90.3,     1002.9,     224.59,     255.3,     87.7,     -177.9
13,     27.08.2014 02:11:21,     -5.25,     -2.01,     313,     0.6,     1,     1.5,     9.9,     90.3,     1003,     224.59,     255.2,     87.9,     -177.9,     12.465,     9.35,     70.4
14,     27.08.2014 02:21:21,     -4.2,     -2.01,     320,     0.3,     0.9,     1.3,     10,     91,     1003.1,     224.59,     255.1,     87.9,     -177.9
15,     27.08.2014 02:31:21,     -5.25,     -4.02,     315,     0.2,     0.8,     1.2,     10.2,     91.1,     1003,     224.59,     255.3,     87.7,     -177.8
16,     27.08.2014 02:41:21,     -6.3,     -4.02,     316,     0,     0.7,     1.4,     10.1,     91,     1003.2,     224.59,     255.2,     87.9,     -177.9
17,     27.08.2014 02:51:21,     -5.25,     -2.01,     316,     0.3,     0.9,     1.4,     10.1,     90.7,     1003.1,     224.59,     255.2,     87.9,     -177.9
18,     27.08.2014 03:01:21,     -5.25,     -4.02,     332,     0.1,     0.9,     1.6,     10.1,     91,     1003.2,     224.59,     255.2,     87.9,     -178
19,     27.08.2014 03:11:16,     -4.2,     -2.01,     334,     0.4,     1,     1.6,     10,     90.9,     1003.3,     224.59,     255.2,     87.9,     -177.8,     12.423,     9.22,     70.5
20,     27.08.2014 03:21:16,     -5.25,     -2.01,     303,     0.2,     0.8,     1.3,     10,     91.1,     1003.3,     224.59,     255.2,     87.9,     -177.9
21,     27.08.2014 03:31:16,     -5.25,     -2.01,     338,     0.2,     0.7,     1.3,     9.9,     91.2,     1003.4,     224.59,     255.2,     87.8,     -177.8
22,     27.08.2014 03:41:16,     -4.2,     -2.01,     313,     0,     0.7,     1.3,     10,     91.2,     1003.4,     224.59,     255.2,     87.9,     -177.8
23,     27.08.2014 03:51:16,     -5.25,     0,     311,     0.3,     0.9,     1.6,     10,     91.1,     1003.4,     224.59,     255.2,     87.9,     -177.9
24,     27.08.2014 04:01:16,     -5.25,     -2.01,     315,     0,     0.7,     1.4,     9.9,     91.2,     1003.4,     224.59,     255.1,     87.9,     -177.9
25,     27.08.2014 04:11:17,     -5.25,     -2.01,     323,     0.2,     0.8,     1.8,     9.9,     91.3,     1003.5,     224.59,     255.2,     87.8,     -177.9,     12.372,     9.03,     70.5
26,     27.08.2014 04:21:17,     -4.2,     0,     318,     0.3,     1.1,     2.1,     9.9,     91.3,     1003.5,     224.59,     255.1,     87.9,     -177.9
27,     27.08.2014 04:31:17,     -5.25,     -2.01,     330,     0.3,     1.2,     2.3,     10,     91.2,     1003.7,     224.59,     255.1,     88,     -178
28,     27.08.2014 04:41:17,     -5.25,     0,     329,     0.7,     1.4,     2.9,     10.1,     91.2,     1003.8,     224.59,     255.3,     87.8,     -177.8
29,     27.08.2014 04:51:17,     -5.25,     -2.01,     325,     1.1,     1.8,     2.7,     9.9,     91.1,     1003.9,     224.59,     255.2,     87.7,     -177.8
30,     27.08.2014 05:01:17,     -3.15,     0,     321,     0.8,     1.6,     2.9,     9.8,     91.2,     1003.9,     224.59,     255.3,     87.7,     -177.9
31,     27.08.2014 05:11:16,     0,     8.04,     313,     0.5,     1.4,     3,     9.7,     91.2,     1004,     224.59,     255.2,     87.8,     -177.9,     12.346,     9.23,     70.4
32,     27.08.2014 05:21:16,     4.2,     20.1,     324,     0.9,     1.9,     3.4,     9.6,     91.2,     1004,     224.59,     255.3,     87.9,     -177.9
33,     27.08.2014 05:31:16,     10.5,     34.17,     322,     1,     2.1,     3.7,     9.4,     91.3,     1004.2,     224.59,     255.3,     87.8,     -177.9
34,     27.08.2014 05:41:16,     19.95,     50.25,     323,     0.5,     1.9,     3.8,     9.4,     91.4,     1004.3,     224.59,     255.3,     87.9,     -177.9
35,     27.08.2014 05:51:16,     25.2,     68.34,     323,     0.9,     1.8,     3.4,     9.3,     91.4,     1004.3,     224.59,     255.2,     87.9,     -177.9
36,     27.08.2014 06:01:16,     79.8,     126.63,     318,     0.4,     1.4,     2.7,     9.4,     91.6,     1004.3,     224.59,     255.4,     87.9,     -177.9
37,     27.08.2014 06:11:16,     93.45,     160.8,     323,     0.7,     1.2,     2.6,     9.6,     91.5,     1004.5,     224.59,     255.5,     87.9,     -178,     13.105,     9.85,     71.2
38,     27.08.2014 06:21:16,     106.05,     198.99,     317,     0.4,     1.3,     2.1,     9.7,     91.5,     1004.5,     224.59,     255.4,     87.9,     -177.9
39,     27.08.2014 06:31:16,     139.65,     265.32,     310,     0.4,     0.9,     1.5,     10.1,     91.7,     1004.5,     224.59,     255.6,     87.8,     -178
40,     27.08.2014 06:41:16,     141.75,     271.35,     302,     0.1,     1,     2.1,     10.5,     91.3,     1004.6,     224.59,     255.7,     88,     -177.9
41,     27.08.2014 06:51:16,     97.65,     219.09,     305,     0.3,     1.7,     2.7,     10.7,     91.2,     1004.7,     224.59,     255.8,     87.9,     -178
42,     27.08.2014 07:01:16,     225.75,     412.05,     306,     1.1,     1.8,     2.8,     11.1,     91.5,     1004.8,     224.59,     255.7,     87.9,     -177.9
43,     27.08.2014 07:11:16,     267.75,     500.49,     317,     0,     1.3,     2.7,     11.9,     92,     1004.9,     224.59,     255.7,     87.9,     -177.9,     13.428,     15.67,     70.7
44,     27.08.2014 07:21:16,     318.15,     590.94,     4,     0.2,     2.6,     4.7,     12.9,     90.9,     1005,     224.59,     255.5,     87.4,     -177.4
45,     27.08.2014 07:31:16,     374.85,     689.43,     19,     2.1,     3.2,     5.3,     13.4,     88.5,     1005.2,     224.59,     255.7,     87.9,     -177.9
46,     27.08.2014 07:41:16,     257.25,     498.48,     12,     2.1,     3.5,     5.5,     13.8,     85.9,     1005.3,     224.59,     255.4,     87.8,     -177.8
47,     27.08.2014 07:51:16,     141.75,     303.51,     9,     1.6,     3.6,     5.3,     13.8,     86.5,     1005.3,     224.59,     255.9,     87.9,     -177.9
48,     27.08.2014 08:01:16,     149.1,     315.57,     7,     1.3,     3.3,     4.9,     13.6,     86,     1005.4,     224.59,     255.6,     88.1,     -178.1
49,     27.08.2014 08:11:22,     162.75,     343.71,     2,     1.7,     2.9,     5.5,     13.7,     86.9,     1005.5,     224.59,     255.7,     87.8,     -177.8,     13.544,     18.33,     68.6
50,     27.08.2014 08:21:22,     236.25,     482.4,     3,     1.1,     2.7,     4.2,     13.8,     85.3,     1005.6,     224.59,     255.8,     87.8,     -177.8
51,     27.08.2014 08:31:22,     364.35,     709.53,     10,     1.5,     3.1,     4.5,     14.2,     84.2,     1005.7,     224.59,     255.7,     88.4,     -178.4
52,     27.08.2014 08:41:22,     216.3,     448.23,     15,     3,     4.2,     6.2,     14.4,     83.6,     1005.8,     224.59,     255.6,     87.7,     -177.7
53,     27.08.2014 08:51:22,     236.25,     488.43,     13,     2.2,     3.9,     5.7,     14.6,     83.8,     1005.9,     224.59,     255.6,     88,     -178
54,     27.08.2014 09:01:22,     245.7,     508.53,     7,     1.2,     3.4,     5.4,     14.7,     83,     1005.9,     224.59,     255.5,     87.2,     -177.3
55,     27.08.2014 09:11:16,     256.2,     528.63,     2,     1.8,     2.9,     5.3,     14.9,     81.2,     1006,     224.59,     255.9,     87.8,     -177.8,     13.436,     17.59,     68.8
56,     27.08.2014 09:21:16,     237.3,     494.46,     1,     2,     3.4,     5,     15,     80.6,     1006.1,     224.59,     255.5,     88,     -178
57,     27.08.2014 09:31:16,     180.6,     377.88,     359,     1.9,     3.8,     6.1,     15,     79.7,     1006.3,     224.59,     255.6,     88,     -178
58,     27.08.2014 09:41:16,     236.25,     496.47,     4,     1.9,     3.4,     5.5,     15.1,     78.7,     1006.4,     224.59,     255.5,     87.8,     -177.8
59,     27.08.2014 09:51:16,     343.35,     673.35,     0,     1.7,     3.6,     5.9,     15.2,     78.6,     1006.4,     224.59,     255.9,     87.7,     -177.7
60,     27.08.2014 10:01:16,     187.95,     414.06,     4,     2.3,     4.2,     7.1,     15.3,     77.5,     1006.6,     224.59,     255.5,     87.5,     -177.5
61,     27.08.2014 10:11:17,     714,     1417.05,     5,     1.8,     3.7,     6.5,     15.8,     72.6,     1006.6,     224.59,     255.9,     87.6,     -177.7,     13.315,     18.03,     68.8
62,     27.08.2014 10:21:17,     711.9,     1382.88,     9,     2.7,     4.7,     7.3,     16.3,     68.4,     1006.6,     224.59,     255.3,     88.5,     -178.5
63,     27.08.2014 10:31:17,     708.75,     1479.36,     8,     2.3,     4.5,     7.9,     16.4,     67.5,     1006.7,     224.59,     255.8,     87,     -177
64,     27.08.2014 10:41:17,     197.4,     406.02,     27,     2.8,     4.8,     7.7,     16.7,     63.8,     1006.7,     224.59,     256,     88.1,     -178.2
65,     27.08.2014 10:51:17,     741.3,     1445.19,     8,     3.1,     5.2,     8.9,     16.8,     61.7,     1006.7,     224.59,     75.3,     88.3,     -1.6
66,     27.08.2014 11:01:17,     729.75,     1423.08,     28,     2.9,     5,     7.7,     17.1,     59.5,     1006.7,     224.59,     75.3,     87.3,     -2.5
67,     27.08.2014 11:11:16,     775.95,     1519.56,     25,     1.5,     4.6,     8.6,     17.3,     57.1,     1006.8,     224.59,     76.1,     89.1,     0.8,     13.190,     20.42,     67.4
68,     27.08.2014 11:21:16,     775.95,     1527.6,     15,     2.6,     5,     7.7,     17.4,     55,     1006.8,     224.59,     255.5,     87.1,     -177.2
69,     27.08.2014 11:31:16,     183.75,     375.87,     7,     0.5,     4.5,     8.3,     17.5,     53.2,     1006.9,     224.59,     75.5,     87.6,     -2.3
70,     27.08.2014 11:41:16,     721.35,     1419.06,     8,     2.1,     4.8,     7.6,     17.8,     52.6,     1006.9,     224.59,     75.9,     87.3,     -2.6
71,     27.08.2014 11:51:16,     147,     307.53,     15,     1,     4.4,     8,     17.8,     53.5,     1006.9,     224.59,     75.8,     88.1,     -1.8
72,     27.08.2014 12:01:16,     761.25,     1499.46,     34,     1.8,     4.8,     8,     17.8,     53.8,     1007,     224.59,     254.7,     87.8,     -177.8
73,     27.08.2014 12:11:16,     686.7,     1360.77,     12,     1.6,     4.1,     7.2,     18,     49.1,     1007,     224.59,     255.2,     87.2,     -177.2,     13.046,     21.45,     67.3
74,     27.08.2014 12:21:16,     751.8,     1479.36,     9,     2,     4.2,     6.8,     18.2,     48.9,     1006.9,     224.59,     255.7,     88.7,     -178.7
75,     27.08.2014 12:31:16,     753.9,     1664.28,     10,     3.1,     5.8,     8,     18.1,     48.4,     1007,     224.59,     255.6,     87.7,     -177.7
76,     27.08.2014 12:41:16,     775.95,     1517.55,     3,     2.5,     4.8,     7.5,     18.3,     44.3,     1007,     224.59,     75.7,     88.4,     -1.4
77,     27.08.2014 12:51:16,     808.5,     1573.83,     11,     0.6,     4.3,     10.6,     18.4,     49.1,     1006.9,     224.59,     255.6,     88,     -178
78,     27.08.2014 13:01:16,     748.65,     1467.3,     356,     0.7,     4.7,     8.2,     18.6,     49,     1007,     224.59,     76.2,     87.4,     -2.5
79,     27.08.2014 13:11:17,     102.9,     225.12,     4,     1.9,     4.1,     7.3,     18.5,     51,     1007,     224.59,     255.8,     87.7,     -177.7,     13.381,     21.87,     67.2
80,     27.08.2014 13:21:17,     735,     1439.16,     3,     1.6,     3.9,     6.7,     18.3,     47.1,     1007,     224.59,     255.5,     88,     -178
81,     27.08.2014 13:31:17,     802.2,     1545.69,     353,     0.3,     3.5,     8.4,     18.8,     44.9,     1007,     224.59,     75.7,     87.9,     -2
82,     27.08.2014 13:41:17,     180.6,     349.74,     27,     2.8,     5.2,     8.4,     18.6,     46.2,     1007,     224.59,     255.5,     88,     -178
83,     27.08.2014 13:51:17,     156.45,     317.58,     8,     2.6,     5.1,     7.6,     18.4,     48.1,     1007.1,     224.59,     255.6,     87.4,     -177.4
84,     27.08.2014 14:01:17,     185.85,     385.92,     7,     2.4,     3.9,     5.6,     18.7,     46,     1007,     224.59,     255.4,     87.7,     -177.8
85,     27.08.2014 14:11:16,     676.2,     1310.52,     7,     2.1,     4.2,     8.9,     18.9,     47.6,     1007.1,     224.59,     255.2,     88.6,     -178.6,     13.466,     21.44,     67.6
86,     27.08.2014 14:21:16,     141.75,     265.32,     24,     3.6,     5.5,     7.8,     18.7,     50.6,     1007.2,     224.59,     75.8,     88.4,     -1.5
87,     27.08.2014 14:31:16,     112.35,     231.15,     23,     3,     5.6,     8.3,     18.4,     51.3,     1007.2,     224.59,     75.6,     87.2,     -2.6
88,     27.08.2014 14:41:16,     681.45,     1298.46,     19,     2.6,     4.8,     7.1,     18.5,     47.9,     1007.2,     224.59,     255.8,     88.1,     -178.1
89,     27.08.2014 14:51:16,     627.9,     1189.92,     13,     2.4,     4.7,     8.5,     19,     41.9,     1007.1,     224.59,     76.1,     88.7,     -1.2
90,     27.08.2014 15:01:16,     611.1,     1165.8,     2,     1.9,     4.9,     8.1,     19.2,     40.2,     1007.1,     224.59,     76,     87.7,     -2.2
91,     27.08.2014 15:11:16,     557.55,     1061.28,     347,     1.7,     4.4,     8.3,     19.4,     50.6,     1007.2,     224.59,     255.2,     87.6,     -177.6,     13.196,     21.70,     67.4
92,     27.08.2014 15:21:16,     533.4,     1007.01,     338,     2.2,     4.7,     7.2,     19.4,     39.6,     1007.1,     224.59,     76.3,     88.2,     -1.7
93,     27.08.2014 15:31:16,     490.35,     924.6,     351,     1.8,     4.3,     8.2,     19.3,     40.6,     1007.1,     224.66,     75.9,     87.7,     -2.1
94,     27.08.2014 15:41:16,     472.5,     886.41,     353,     2.4,     5,     8,     19.4,     41,     1007.1,     224.66,     75.9,     88.3,     -1.7
95,     27.08.2014 15:51:16,     445.2,     832.14,     338,     1.9,     4.5,     7.6,     19.3,     40.7,     1007.2,     224.66,     76.1,     87.7,     -2.2
96,     27.08.2014 16:01:16,     417.9,     779.88,     340,     2.4,     4.8,     7.6,     19.2,     44.2,     1007.2,     224.66,     76,     88.1,     -1.8
97,     27.08.2014 16:11:16,     400.05,     747.72,     351,     2,     4.2,     6.9,     19.2,     41.9,     1007.2,     224.66,     75.4,     87.2,     -2.7,     13.302,     22.26,     66.9
98,     27.08.2014 16:21:16,     367.5,     683.4,     7,     2.9,     5.1,     9.6,     19.1,     45.8,     1007.3,     224.66,     76.1,     87.5,     -2.3
99,     27.08.2014 16:31:16,     340.2,     629.13,     7,     2.8,     5.2,     7.8,     19,     43.1,     1007.3,     224.66,     76.2,     87.1,     -2.8
100,     27.08.2014 16:41:16,     312.9,     580.89,     357,     2.4,     4.6,     7.3,     19,     44.1,     1007.3,     224.66,     254.6,     88,     -178
101,     27.08.2014 16:51:16,     286.65,     528.63,     7,     2.4,     5,     7.6,     19,     43.6,     1007.4,     224.66,     255.9,     88.4,     -178.4
102,     27.08.2014 17:01:16,     260.4,     472.35,     5,     2.4,     4.7,     7.5,     19,     45.8,     1007.4,     224.66,     255.5,     88.3,     -178.2
103,     27.08.2014 17:11:16,     234.15,     424.11,     356,     1.4,     3.8,     7.2,     19,     42.9,     1007.5,     224.66,     255.5,     87.9,     -177.9,     13.445,     21.95,     66.9
104,     27.08.2014 17:21:16,     210,     379.89,     347,     2.2,     3.9,     5.9,     19,     41.5,     1007.5,     224.66,     75.9,     88,     -1.9
105,     27.08.2014 17:31:16,     186.9,     333.66,     349,     2.2,     3.8,     6,     18.9,     41.5,     1007.5,     224.66,     255.6,     87.5,     -177.5
106,     27.08.2014 17:41:16,     163.8,     291.45,     358,     2.5,     3.7,     5.7,     18.9,     41.9,     1007.5,     224.66,     255.4,     88,     -178
107,     27.08.2014 17:51:16,     137.55,     239.19,     358,     1.9,     3.5,     5.6,     18.8,     44,     1007.6,     224.66,     75.8,     88.3,     -1.6
108,     27.08.2014 18:01:16,     114.45,     192.96,     351,     1.6,     3.5,     5.4,     18.7,     43.8,     1007.7,     224.66,     76.1,     87.6,     -2.3
109,     27.08.2014 18:11:16,     92.4,     150.75,     356,     2,     3.3,     5.4,     18.6,     44.6,     1007.8,     224.66,     76.1,     88,     -1.9,     13.523,     21.64,     67.0
110,     27.08.2014 18:21:16,     71.4,     112.56,     357,     1.4,     2.7,     4.6,     18.4,     46.2,     1007.8,     224.66,     75.7,     88,     -1.9
111,     27.08.2014 18:31:16,     51.45,     78.39,     358,     2,     3.3,     5.5,     18.3,     45,     1007.8,     224.66,     76,     87.8,     -2.1
112,     27.08.2014 18:41:16,     17.85,     46.23,     354,     1.5,     2.4,     3.5,     18,     46.6,     1007.9,     224.66,     75.8,     88,     -1.9
113,     27.08.2014 18:51:16,     7.35,     30.15,     348,     1.3,     1.9,     2.6,     17.4,     50.2,     1008,     224.66,     75.8,     88,     -2
114,     27.08.2014 19:01:16,     3.15,     18.09,     348,     1.2,     1.9,     2.9,     16.9,     49.8,     1008,     224.66,     75.7,     87.9,     -2
115,     27.08.2014 19:11:16,     -1.05,     10.05,     347,     0.9,     1.5,     2.4,     16.5,     52.5,     1008.1,     224.66,     255.4,     88,     -178,     12.756,     19.13,     68.3
116,     27.08.2014 19:21:16,     -4.2,     2.01,     333,     0.7,     1.1,     1.5,     15.9,     57.2,     1008.1,     224.66,     255.4,     88,     -178
117,     27.08.2014 19:31:16,     -6.3,     0,     307,     0.5,     0.8,     1.2,     15.2,     62.2,     1008.2,     224.66,     255.4,     88,     -178
118,     27.08.2014 19:41:16,     -6.3,     -2.01,     333,     0,     0.4,     1,     14.9,     65.8,     1008.2,     224.66,     255.3,     87.9,     -177.9
119,     27.08.2014 19:51:16,     -6.3,     -2.01,     337,     0.1,     0.5,     1.1,     14.5,     68.1,     1008.4,     224.66,     255.3,     87.9,     -177.9
120,     27.08.2014 20:01:16,     -7.35,     -2.01,     342,     0.2,     0.6,     1.2,     13.8,     70.3,     1008.4,     224.66,     255.3,     87.9,     -177.9
121,     27.08.2014 20:11:16,     -6.3,     -2.01,     354,     0.1,     0.4,     0.9,     13.4,     72.7,     1008.5,     224.66,     255.3,     87.9,     -177.9,     12.671,     14.54,     69.7
122,     27.08.2014 20:21:16,     -5.25,     0,     347,     0.3,     0.8,     1.3,     13,     69.5,     1008.6,     224.66,     255.3,     87.9,     -177.9
123,     27.08.2014 20:31:16,     -5.25,     -4.02,     313,     0.6,     1.2,     1.6,     13.2,     65.6,     1008.6,     224.66,     255.2,     87.9,     -177.9
124,     27.08.2014 20:41:16,     -5.25,     -2.01,     297,     0.7,     1.3,     1.8,     13.3,     68.4,     1008.7,     224.66,     255.2,     87.9,     -177.9
125,     27.08.2014 20:51:16,     -6.3,     -4.02,     309,     0.1,     0.7,     1.3,     13.1,     71.3,     1008.7,     224.66,     255.2,     87.8,     -177.8
126,     27.08.2014 21:01:16,     -6.3,     -2.01,     320,     0.3,     0.7,     1.1,     12.7,     74.2,     1008.7,     224.66,     255.2,     88,     -178
127,     27.08.2014 21:11:16,     -5.25,     -2.01,     251,     0,     0.5,     0.9,     12.6,     80.6,     1008.8,     224.66,     255.2,     87.9,     -177.9,     12.637,     12.00,     70.3
128,     27.08.2014 21:21:16,     -5.25,     0,     178,     0,     0.5,     1.1,     12.3,     82.1,     1008.8,     224.66,     255.1,     87.9,     -177.9
129,     27.08.2014 21:31:16,     -4.2,     -2.01,     204,     0.1,     0.6,     0.9,     12.3,     84,     1008.8,     224.66,     255.2,     87.9,     -177.9
130,     27.08.2014 21:41:16,     -4.2,     -2.01,     298,     0.3,     0.7,     1.2,     12,     73.1,     1008.8,     224.66,     255.1,     87.9,     -177.9
131,     27.08.2014 21:51:16,     -5.25,     -2.01,     279,     0.2,     0.7,     1.1,     12.4,     80.4,     1008.8,     224.66,     255.1,     87.9,     -177.9
132,     27.08.2014 22:01:16,     -5.25,     -2.01,     192,     0.7,     1,     1.3,     11.9,     83.6,     1008.8,     224.66,     255,     87.9,     -177.9
133,     27.08.2014 22:11:22,     -5.25,     -2.01,     187,     0.2,     0.8,     1.3,     11.6,     84.6,     1008.8,     224.66,     255.2,     87.9,     -177.9,     12.586,     10.93,     70.4
134,     27.08.2014 22:21:22,     -5.25,     -2.01,     179,     0.4,     0.9,     1.2,     11.3,     85.1,     1008.8,     224.66,     255.1,     88,     -178
135,     27.08.2014 22:31:22,     -5.25,     0,     177,     0.4,     0.8,     1.2,     11,     85.6,     1008.9,     224.66,     255.1,     87.8,     -177.8
136,     27.08.2014 22:41:22,     -4.2,     0,     178,     0.1,     0.7,     1.2,     11.1,     86.3,     1008.9,     224.66,     255.1,     88,     -178
137,     27.08.2014 22:51:22,     -6.3,     -4.02,     185,     0.7,     1.1,     1.5,     11,     86,     1009,     224.66,     255.2,     87.8,     -177.8
138,     27.08.2014 23:01:22,     -5.25,     -2.01,     145,     0.2,     0.7,     1.3,     10.9,     86.8,     1009.1,     224.66,     255.1,     87.9,     -177.9
139,     27.08.2014 23:11:16,     -5.25,     -2.01,     176,     0.1,     0.9,     1.4,     10.6,     86.1,     1009.2,     224.66,     255.2,     87.7,     -177.7,     12.580,     10.24,     70.4
140,     27.08.2014 23:21:16,     -4.2,     -2.01,     142,     0.1,     0.8,     1.3,     10.6,     88,     1009.2,     224.66,     255.1,     87.8,     -177.8
141,     27.08.2014 23:31:16,     -4.2,     0,     124,     0,     0.4,     0.9,     10.8,     88.5,     1009.3,     224.66,     255.2,     88,     -178
142,     27.08.2014 23:41:16,     -3.15,     0,     116,     0,     0.3,     0.8,     10.7,     88.7,     1009.3,     224.66,     255.2,     87.9,     -177.9
143,     27.08.2014 23:51:16,     -4.2,     -2.01,     151,     0,     0.4,     1.3,     10.7,     88.6,     1009.3,     224.66,     255.2,     87.9,     -177.9
144,     28.08.2014 00:01:21,     -3.15,     -4.02,     188,     0.3,     1,     1.4,     10.6,     88.6,     1009.3,     224.66,     255.1,     87.9,     -178,     12.418,     9.70,     70.4