Logger: #D10248 'TSK_Meteo' - USP_EXP2 (V2.10, Jan 24 2012)
No,     Time,     #1:W/m²:0,     #2:ÂµMol:(do.),     #5:deg:2,     #6:m/sMIN:(do.),     #7:m/sMIT:(do.),     #8:m/sMAX:(do.),     #9:Â°C:(do.),     #10:%:(do.),     #11:hPa:(do.),     #12:mm:(do.),     #14:AZ:3,     #15:EL:(do.),     #16:Roll:(do.),     #HK-Bat:V,     #HK-Temp:oC,     #HK-rH:%
(GSM Transfer OK / Signal:15)
1,     05.01.2015 00:11:17,     -2.1,     -4.02,     332,     2,     4.3,     6.8,     3.3,     81.9,     1019.4,     383.94,     74,     88,     -1.9,     12.546,     3.49,     87.7
2,     05.01.2015 00:21:17,     -3.15,     -2.01,     332,     2,     4,     6.8,     3.3,     82.6,     1019.4,     383.94,     73.9,     87.9,     -2
3,     05.01.2015 00:31:17,     -4.2,     0,     328,     1.9,     3.5,     6,     3.3,     83.3,     1019.4,     383.94,     73.8,     87.9,     -2
4,     05.01.2015 00:41:17,     -1.05,     4.02,     328,     2,     3.6,     6,     3.3,     83.6,     1019.4,     383.94,     73.2,     88,     -1.9
5,     05.01.2015 00:51:17,     -3.15,     -2.01,     329,     2,     3.8,     6.4,     3.4,     83.2,     1019.4,     383.94,     73.1,     87.9,     -2
6,     05.01.2015 01:01:17,     -3.15,     -2.01,     332,     2,     3.6,     5.6,     3.5,     83.8,     1019.4,     383.95,     73.9,     87.9,     -2
7,     05.01.2015 01:11:16,     -3.15,     -2.01,     331,     1.5,     3.6,     5.9,     3.5,     83.7,     1019.3,     383.95,     74,     87.9,     -2,     12.539,     3.43,     89.7
8,     05.01.2015 01:21:16,     -3.15,     -2.01,     327,     1.7,     3.6,     5.9,     3.6,     83.5,     1019.2,     383.96,     73.4,     87.9,     -1.9
9,     05.01.2015 01:31:16,     -2.1,     0,     326,     1.8,     3.5,     6.3,     3.7,     83.9,     1019.2,     383.97,     252.9,     87.9,     -177.9
10,     05.01.2015 01:41:16,     -3.15,     -4.02,     330,     2.1,     3.9,     7.1,     3.8,     83.8,     1019.1,     383.99,     73.3,     87.9,     -2
11,     05.01.2015 01:51:16,     -2.1,     -2.01,     330,     2.1,     3.7,     7.2,     3.8,     84.3,     1019.1,     384.02,     253.4,     88,     -178
12,     05.01.2015 02:01:16,     -2.1,     -2.01,     329,     1.4,     3.4,     6.7,     3.7,     84.7,     1019.1,     384.08,     73.6,     88,     -1.9
13,     05.01.2015 02:11:16,     -3.15,     0,     326,     1.6,     3.3,     6.8,     3.8,     84.6,     1019,     384.11,     73.7,     88,     -1.9,     12.510,     3.81,     89.6
14,     05.01.2015 02:21:16,     -1.05,     0,     325,     1.5,     2.7,     4.6,     3.8,     84.9,     1019,     384.11,     73.3,     87.9,     -1.9
15,     05.01.2015 02:31:16,     -2.1,     -2.01,     319,     0.9,     3,     7,     3.9,     85.2,     1019,     384.12,     73.8,     87.9,     -2
16,     05.01.2015 02:41:16,     -2.1,     -2.01,     316,     0.5,     2.7,     4.9,     3.9,     85.6,     1019,     384.12,     74,     87.9,     -2
17,     05.01.2015 02:51:16,     -3.15,     -2.01,     305,     1.2,     3.3,     5.9,     3.8,     85.7,     1018.8,     384.12,     74.1,     87.9,     -2
18,     05.01.2015 03:01:16,     -3.15,     -2.01,     310,     1.1,     3.7,     6.5,     3.9,     85.5,     1018.7,     384.12,     75.2,     87.9,     -1.9
19,     05.01.2015 03:11:17,     -2.1,     0,     317,     1.4,     3.6,     6.2,     3.9,     84.5,     1018.6,     384.12,     73.5,     87.9,     -2,     12.493,     3.97,     89.5
20,     05.01.2015 03:21:17,     -3.15,     -2.01,     318,     1.4,     3.7,     7.2,     4,     83.9,     1018.5,     384.12,     75.1,     88.1,     -1.8
21,     05.01.2015 03:31:17,     -3.15,     -2.01,     321,     2.1,     4.4,     7.9,     4.1,     83.3,     1018.5,     384.13,     74,     87.9,     -2
22,     05.01.2015 03:41:17,     -3.15,     -2.01,     327,     2.2,     4.1,     6.9,     4.1,     83,     1018.3,     384.14,     252.8,     88,     -177.9
23,     05.01.2015 03:51:17,     -3.15,     -2.01,     321,     1.5,     3.8,     6.4,     4.1,     83.2,     1018.2,     384.14,     73.6,     88,     -1.8
24,     05.01.2015 04:01:17,     -3.15,     -2.01,     304,     2,     4.6,     7.9,     4,     83.3,     1018,     384.14,     254.4,     87.9,     -177.9
25,     05.01.2015 04:11:16,     -3.15,     -4.02,     301,     2,     5.3,     9.5,     4.1,     83,     1017.9,     384.16,     74,     87.9,     -2,     12.488,     4.15,     89.6
26,     05.01.2015 04:21:16,     -3.15,     0,     321,     1.9,     4.5,     7.1,     4.1,     83.1,     1017.8,     384.16,     73.5,     87.8,     -2.1
27,     05.01.2015 04:31:16,     -2.1,     -2.01,     320,     1.4,     4.3,     9.7,     4.1,     84.2,     1017.8,     384.26,     73.1,     88.2,     -1.7
28,     05.01.2015 04:41:16,     -1.05,     -2.01,     317,     2.5,     4.6,     8.6,     3.9,     85.1,     1017.7,     384.48,     74.5,     88.1,     -1.8
29,     05.01.2015 04:51:16,     -2.1,     0,     314,     1.2,     4.3,     9.8,     3.8,     86.1,     1017.6,     384.57,     74.8,     88,     -1.9
30,     05.01.2015 05:01:16,     0,     0,     322,     1.6,     4.3,     9.3,     3.8,     86.6,     1017.6,     384.66,     74.3,     88.1,     -1.8
31,     05.01.2015 05:11:17,     -2.1,     0,     314,     1.5,     4.2,     7.7,     3.7,     86.6,     1017.6,     384.75,     73.8,     88,     -1.9,     12.474,     4.21,     89.5
32,     05.01.2015 05:21:17,     -1.05,     0,     317,     1.7,     4.1,     8.4,     3.6,     87.4,     1017.5,     384.77,     74.6,     88,     -1.9
33,     05.01.2015 05:31:17,     -1.05,     0,     311,     1.3,     4.1,     7.5,     3.6,     87.8,     1017.4,     384.77,     74,     88,     -1.9
34,     05.01.2015 05:41:17,     -1.05,     -2.01,     322,     1.3,     3.9,     6.9,     3.6,     88,     1017.2,     384.83,     73.7,     88.2,     -1.8
35,     05.01.2015 05:51:17,     -1.05,     -2.01,     320,     1.5,     3.9,     6.5,     3.6,     88.1,     1017.1,     384.83,     73.7,     87.8,     -2.1
36,     05.01.2015 06:01:17,     -1.05,     0,     323,     1.6,     4.3,     9.2,     3.7,     87.5,     1017.1,     384.86,     73.6,     88,     -1.9
37,     05.01.2015 06:11:17,     -2.1,     -2.01,     314,     1.3,     4.1,     8,     3.7,     87.6,     1017,     384.89,     73.4,     88,     -1.9,     13.010,     4.11,     89.5
38,     05.01.2015 06:21:17,     -1.05,     0,     295,     0.2,     2.1,     5.4,     3.6,     88.2,     1016.8,     384.96,     73.9,     88,     -1.9
39,     05.01.2015 06:31:17,     -1.05,     -2.01,     295,     0.5,     2.3,     5.4,     3.6,     88.5,     1016.8,     384.97,     253.9,     87.9,     -177.9
40,     05.01.2015 06:41:17,     -1.05,     -2.01,     306,     0.3,     2.1,     6.8,     3.8,     88.2,     1016.9,     384.98,     74.1,     88,     -1.9
41,     05.01.2015 06:51:17,     -2.1,     0,     326,     0.5,     3.6,     7.6,     3.9,     87.6,     1016.8,     385,     74.1,     88,     -1.9
42,     05.01.2015 07:01:17,     -1.05,     -2.01,     323,     2.6,     4.7,     7.7,     4,     87,     1016.7,     385.02,     74.4,     88,     -1.8
43,     05.01.2015 07:11:16,     -1.05,     -2.01,     324,     1.5,     4.8,     8.9,     4.1,     86.6,     1016.7,     385.07,     74.3,     88.1,     -1.8,     12.751,     4.19,     89.6
44,     05.01.2015 07:21:16,     -1.05,     0,     330,     2.2,     4.5,     7,     4.2,     86.7,     1016.7,     385.11,     254.6,     88,     -178
45,     05.01.2015 07:31:16,     -2.1,     -2.01,     333,     2.4,     5.3,     9.3,     4.3,     86.2,     1016.8,     385.21,     254.4,     87.7,     -177.7
46,     05.01.2015 07:41:16,     -2.1,     -4.02,     332,     2.5,     5.4,     9.9,     4.5,     85.7,     1016.8,     385.34,     73.5,     88.2,     -1.7
47,     05.01.2015 07:51:16,     -2.1,     -2.01,     331,     2.9,     5.7,     8.8,     4.5,     85.6,     1016.7,     385.4,     254.2,     87.9,     -178
48,     05.01.2015 08:01:16,     -2.1,     0,     333,     3,     5.8,     9.7,     4.5,     85.7,     1016.7,     385.44,     74.7,     88.2,     -1.6
49,     05.01.2015 08:11:17,     -3.15,     -2.01,     334,     3.1,     5.8,     9.6,     4.5,     85.8,     1016.8,     385.49,     74.6,     87.9,     -2,     12.628,     4.54,     89.5
50,     05.01.2015 08:21:17,     -1.05,     2.01,     332,     2.5,     5.5,     9.5,     4.5,     86.2,     1016.8,     385.61,     254.3,     88.7,     -178.9
51,     05.01.2015 08:31:17,     -1.05,     0,     341,     1.2,     4.4,     8.8,     4.5,     86.4,     1016.8,     385.73,     75,     88.5,     -1.4
52,     05.01.2015 08:41:17,     0,     2.01,     339,     1.8,     4.6,     7.7,     4.5,     86.7,     1017,     385.86,     75.9,     88.3,     -1.6
53,     05.01.2015 08:51:17,     2.1,     8.04,     336,     1.5,     4.7,     7.7,     4.5,     86.9,     1017,     385.96,     73.5,     87.6,     -2.2
54,     05.01.2015 09:01:17,     4.2,     12.06,     348,     1,     3.5,     8.7,     4.5,     87,     1017,     386,     73.4,     87.8,     -2
55,     05.01.2015 09:11:16,     5.25,     14.07,     339,     1,     3.8,     7.7,     4.5,     87.1,     1017,     386.1,     74.8,     87.8,     -2.1,     12.569,     4.77,     89.4
56,     05.01.2015 09:21:16,     6.3,     16.08,     345,     0.7,     3.1,     7,     4.5,     87.3,     1017,     386.18,     254.7,     87.9,     -177.9
57,     05.01.2015 09:31:16,     9.45,     24.12,     342,     1,     3.9,     7.5,     4.5,     87.4,     1017.1,     386.23,     253.2,     88.3,     -178.3
58,     05.01.2015 09:41:16,     12.6,     32.16,     336,     2.7,     5.8,     10.2,     4.5,     87.8,     1017.1,     386.35,     253.8,     88.7,     -178.8
59,     05.01.2015 09:51:16,     18.9,     40.2,     336,     2.1,     5.3,     9.1,     4.5,     88.3,     1017.1,     386.39,     73.7,     88.3,     -1.6
60,     05.01.2015 10:01:16,     16.8,     36.18,     337,     1.4,     5,     8.8,     4.5,     88.8,     1017.2,     386.4,     74.6,     87.4,     -2.5
61,     05.01.2015 10:11:16,     30.45,     68.34,     345,     1.3,     4.3,     7.5,     4.5,     89.1,     1017.2,     386.4,     74.7,     88.6,     -1.3,     12.789,     4.91,     89.4
62,     05.01.2015 10:21:16,     21,     48.24,     347,     1,     4.1,     7.6,     4.5,     89.3,     1017.2,     386.41,     74,     88.7,     -1.3
63,     05.01.2015 10:31:16,     21,     48.24,     342,     0.9,     4.3,     9,     4.5,     89.4,     1017.2,     386.41,     74,     88.4,     -1.5
64,     05.01.2015 10:41:16,     24.15,     54.27,     348,     0.9,     4.1,     8.3,     4.6,     89.5,     1017.3,     386.41,     254,     88,     -177.9
65,     05.01.2015 10:51:16,     16.8,     38.19,     329,     2.7,     5.1,     8.6,     4.6,     89.6,     1017.4,     386.41,     253.3,     88.4,     -178.4
66,     05.01.2015 11:01:16,     16.8,     38.19,     338,     3.2,     5.5,     8.8,     4.5,     89.6,     1017.3,     386.41,     73.7,     88.3,     -1.7
67,     05.01.2015 11:11:16,     24.15,     52.26,     340,     2.8,     5.4,     9.2,     4.5,     89.6,     1017.3,     386.41,     74.3,     88.1,     -1.7,     12.881,     5.09,     89.3
68,     05.01.2015 11:21:16,     37.8,     82.41,     336,     2.7,     5.3,     8.5,     4.5,     89.7,     1017.4,     386.41,     73.7,     88.1,     -1.8
69,     05.01.2015 11:31:16,     32.55,     70.35,     330,     2.1,     5,     8,     4.5,     89.8,     1017.3,     386.41,     74,     87.4,     -2.5
70,     05.01.2015 11:41:16,     28.35,     64.32,     340,     2.7,     5.3,     11.1,     4.5,     89.8,     1017.3,     386.41,     73.3,     87.8,     -2.1
71,     05.01.2015 11:51:16,     32.55,     70.35,     342,     2.3,     4.8,     8.7,     4.5,     89.9,     1017.3,     386.41,     74.4,     87.5,     -2.4
72,     05.01.2015 12:01:16,     32.55,     74.37,     338,     2.9,     5.1,     8.7,     4.5,     89.9,     1017.3,     386.41,     74.8,     87.8,     -2.1
73,     05.01.2015 12:11:17,     40.95,     86.43,     335,     2.9,     5.5,     9.6,     4.6,     89.8,     1017.2,     386.41,     74,     88.3,     -1.6,     14.481,     5.25,     89.2
74,     05.01.2015 12:21:17,     34.65,     74.37,     344,     2.5,     4.8,     9.7,     4.6,     90,     1017.2,     386.41,     75.4,     87,     -2.9
75,     05.01.2015 12:31:17,     55.65,     118.59,     343,     2.7,     5.8,     9.3,     4.6,     89.7,     1017.1,     386.41,     75.1,     87.2,     -2.7
76,     05.01.2015 12:41:17,     44.1,     92.46,     339,     3.3,     5.8,     8.7,     4.7,     89.5,     1017.2,     386.41,     74.4,     87.6,     -2.2
77,     05.01.2015 12:51:17,     50.4,     104.52,     344,     2.9,     5.4,     8.8,     4.7,     89.4,     1017.1,     386.41,     75.1,     86.6,     -3.3
78,     05.01.2015 13:01:17,     52.5,     108.54,     346,     2.7,     5,     8.8,     4.7,     89.4,     1017.1,     386.41,     74.5,     87.6,     -2.2
79,     05.01.2015 13:11:16,     25.2,     50.25,     341,     2.3,     4.4,     6.8,     4.8,     89.4,     1017.1,     386.41,     74,     87.6,     -2.3,     13.777,     5.43,     89.3
80,     05.01.2015 13:21:16,     15.75,     36.18,     334,     2.2,     3.9,     8.5,     4.6,     89.5,     1017.2,     386.41,     73.8,     88.2,     -1.7
81,     05.01.2015 13:31:16,     23.1,     52.26,     339,     2.2,     4.2,     7.7,     4.5,     89.7,     1017.3,     386.41,     72.7,     88.1,     -1.8
82,     05.01.2015 13:41:16,     31.5,     68.34,     338,     2.3,     4.4,     8.4,     4.4,     89.8,     1017.4,     386.41,     73.9,     88,     -1.9
83,     05.01.2015 13:51:16,     19.95,     44.22,     340,     1.8,     4.1,     7,     4.4,     89.9,     1017.6,     386.41,     253.7,     88.1,     -178.1
84,     05.01.2015 14:01:16,     15.75,     38.19,     342,     1.9,     4.1,     7.1,     4.3,     89.8,     1017.6,     386.41,     253.4,     87.9,     -177.9
85,     05.01.2015 14:11:17,     16.8,     38.19,     343,     2,     4,     6.6,     4.4,     90,     1017.7,     386.41,     74,     88,     -1.9,     13.419,     5.27,     89.2
86,     05.01.2015 14:21:17,     18.9,     44.22,     342,     2.1,     4.4,     7.1,     4.4,     90,     1017.7,     386.41,     73.4,     87.8,     -2.1
87,     05.01.2015 14:31:17,     14.7,     32.16,     348,     2,     4.5,     7.2,     4.4,     89.7,     1017.8,     386.41,     74.4,     87.7,     -2.2
88,     05.01.2015 14:41:17,     13.65,     32.16,     0,     1.1,     3.4,     8.4,     4.4,     89.7,     1017.9,     386.41,     254.4,     88.8,     -178.8
89,     05.01.2015 14:51:17,     13.65,     28.14,     345,     2.4,     4.8,     7.5,     4.4,     89.8,     1017.9,     386.41,     253.1,     87.5,     -177.5
90,     05.01.2015 15:01:17,     11.55,     26.13,     346,     2.4,     4.1,     6.3,     4.4,     90,     1018.1,     386.41,     74.3,     87.8,     -2.1
91,     05.01.2015 15:11:16,     8.4,     18.09,     344,     2.2,     3.8,     5.9,     4.4,     90.2,     1018,     386.41,     74.3,     88.1,     -1.8,     12.961,     5.10,     89.3
92,     05.01.2015 15:21:16,     4.2,     10.05,     341,     2.7,     4.5,     6.9,     4.4,     90.1,     1018,     386.41,     74.9,     88.1,     -1.8
93,     05.01.2015 15:31:16,     3.15,     10.05,     341,     2.3,     4,     7,     4.4,     90.1,     1018,     386.41,     73.6,     88.1,     -1.8
94,     05.01.2015 15:41:16,     1.05,     6.03,     336,     1.6,     3.4,     5.2,     4.2,     90.2,     1018.1,     386.41,     73.9,     88,     -1.9
95,     05.01.2015 15:51:16,     2.1,     4.02,     337,     2.5,     4,     5.8,     4.1,     90.5,     1018.2,     386.41,     74.1,     88,     -1.9
96,     05.01.2015 16:01:16,     1.05,     4.02,     339,     2.5,     4.1,     7.1,     4.1,     90.6,     1018.1,     386.41,     73.6,     87.9,     -2.1
97,     05.01.2015 16:11:16,     0,     0,     342,     2,     4.4,     6.9,     4.1,     90.5,     1018.2,     386.41,     254,     87.7,     -177.8,     12.764,     4.91,     89.3
98,     05.01.2015 16:21:16,     -1.05,     0,     346,     2.2,     3.9,     6.4,     4.1,     90.5,     1018.2,     386.41,     74.1,     88,     -1.9
99,     05.01.2015 16:31:16,     0,     0,     353,     1.5,     3,     5.7,     4.1,     90.6,     1018.3,     386.41,     253,     87.9,     -177.9
100,     05.01.2015 16:41:16,     -2.1,     -2.01,     7,     1.9,     2.9,     4.7,     4.1,     90.7,     1018.5,     386.41,     253.2,     87.9,     -178
101,     05.01.2015 16:51:16,     -1.05,     -2.01,     11,     1.4,     2.5,     3.8,     4.1,     90.7,     1018.2,     386.41,     73.7,     88.1,     -1.8
102,     05.01.2015 17:01:16,     -2.1,     0,     9,     1.6,     2.4,     3.3,     4.1,     90.8,     1018.5,     386.41,     73.5,     88,     -1.9
103,     05.01.2015 17:11:16,     -1.05,     0,     9,     1.5,     2.4,     3.5,     4.1,     90.9,     1018.5,     386.41,     73.4,     88,     -2,     12.677,     4.73,     89.4
104,     05.01.2015 17:21:16,     -1.05,     -2.01,     7,     1.4,     2.3,     3.3,     4.1,     90.9,     1018.4,     386.41,     73.4,     88,     -1.9
105,     05.01.2015 17:31:16,     -1.05,     -2.01,     14,     1.6,     2.3,     3.5,     4.1,     91,     1018.5,     386.42,     72.9,     88,     -1.9
106,     05.01.2015 17:41:16,     -1.05,     0,     93,     0.9,     1.9,     3.6,     3.7,     90.6,     1018.6,     386.42,     73.3,     88,     -2
107,     05.01.2015 17:51:16,     -1.05,     -2.01,     101,     0.6,     1.5,     2.5,     3.6,     90.7,     1018.6,     386.42,     73.3,     87.9,     -2
108,     05.01.2015 18:01:16,     -2.1,     -2.01,     120,     0.7,     1.4,     2.3,     3.4,     90.7,     1018.7,     386.42,     73.3,     88,     -1.9
109,     05.01.2015 18:11:16,     -1.05,     -2.01,     116,     0.3,     0.9,     1.5,     3.3,     90.8,     1018.7,     386.42,     73.4,     88,     -1.9,     12.628,     4.49,     89.4
110,     05.01.2015 18:21:16,     -2.1,     -2.01,     148,     0.3,     0.9,     1.7,     3.3,     90.9,     1018.8,     386.42,     73.3,     88,     -1.9
111,     05.01.2015 18:31:16,     -2.1,     -2.01,     143,     0.1,     1.2,     2.5,     3.1,     90.5,     1018.9,     386.42,     73.3,     88,     -1.9
112,     05.01.2015 18:41:16,     -1.05,     -2.01,     118,     0.1,     0.8,     1.5,     3.1,     90.4,     1018.9,     386.42,     73.4,     87.9,     -2
113,     05.01.2015 18:51:16,     -1.05,     -2.01,     101,     0,     0.4,     1,     3.1,     90.6,     1019,     386.43,     73.4,     88,     -1.9
114,     05.01.2015 19:01:16,     -1.05,     -2.01,     144,     0,     0.5,     0.9,     3.1,     90.7,     1018.9,     386.43,     73.3,     88,     -1.9
115,     05.01.2015 19:11:16,     -2.1,     -2.01,     185,     0.4,     1.3,     2.2,     3.1,     90.7,     1018.9,     386.43,     73.4,     88,     -1.9,     12.588,     3.97,     89.6
116,     05.01.2015 19:21:16,     -1.05,     -2.01,     188,     0.5,     1.2,     1.7,     3.1,     90.8,     1018.9,     386.43,     73.4,     88,     -1.9
117,     05.01.2015 19:31:16,     -1.05,     0,     191,     0.7,     1.4,     2.3,     3,     90.8,     1019.1,     386.43,     73.3,     88,     -1.9
118,     05.01.2015 19:41:16,     -1.05,     -2.01,     185,     0.3,     1,     1.6,     3,     90.9,     1019.2,     386.43,     73.3,     88,     -1.9
119,     05.01.2015 19:51:16,     -1.05,     -2.01,     168,     0.3,     1,     1.5,     3,     91,     1019.2,     386.43,     73.3,     87.8,     -2.1
120,     05.01.2015 20:01:16,     -2.1,     -2.01,     149,     0.3,     1,     1.7,     3,     91.1,     1019.2,     386.43,     73.4,     88,     -1.9
121,     05.01.2015 20:11:17,     -1.05,     -2.01,     155,     0.2,     0.8,     1.4,     3,     91.2,     1019.2,     386.43,     73.3,     88,     -1.9,     13.847,     3.75,     89.7
122,     05.01.2015 20:21:17,     -1.05,     -2.01,     177,     0.7,     1.5,     2.9,     2.9,     91.1,     1019.2,     386.43,     73.2,     87.8,     -2
123,     05.01.2015 20:31:17,     -1.05,     0,     177,     1,     2.1,     3.7,     2.9,     91.3,     1019.2,     386.43,     253.1,     87.8,     -177.8
124,     05.01.2015 20:41:17,     -1.05,     -2.01,     160,     0.1,     1,     2,     3,     91.4,     1019,     386.43,     73.3,     88,     -1.9
125,     05.01.2015 20:51:17,     -1.05,     -2.01,     190,     1,     1.7,     2.5,     2.9,     91.3,     1019,     386.43,     73.4,     88,     -1.9
126,     05.01.2015 21:01:17,     -1.05,     -2.01,     176,     0.8,     1.8,     3.7,     2.9,     91.4,     1019.1,     386.43,     73.2,     88,     -1.9
127,     05.01.2015 21:11:16,     0,     0,     177,     1,     1.7,     2.5,     2.9,     91.4,     1019.1,     386.43,     253.2,     87.9,     -178,     12.745,     3.65,     89.7
128,     05.01.2015 21:21:16,     0,     0,     172,     0.8,     1.5,     2.1,     3,     91.4,     1019.2,     386.43,     73.4,     88,     -1.9
129,     05.01.2015 21:31:16,     -1.05,     -2.01,     170,     0.6,     1.3,     2.1,     3,     91.5,     1019.3,     386.43,     73.2,     87.9,     -2
130,     05.01.2015 21:41:16,     -2.1,     -2.01,     186,     0.6,     1.4,     2,     3,     91.5,     1019.3,     386.43,     73.3,     87.9,     -2
131,     05.01.2015 21:51:16,     -1.05,     -2.01,     187,     1.3,     1.8,     2.5,     3,     91.6,     1019.2,     386.43,     73.4,     88,     -1.9
132,     05.01.2015 22:01:16,     -1.05,     0,     193,     0.8,     1.6,     2.5,     3.1,     91.7,     1019.3,     386.43,     73.4,     87.9,     -2
133,     05.01.2015 22:11:16,     -1.05,     0,     180,     1,     1.9,     3.2,     3.1,     91.7,     1019.3,     386.43,     253.1,     88,     -178,     12.652,     3.67,     89.7
134,     05.01.2015 22:21:16,     -1.05,     -2.01,     214,     0.6,     1.6,     2.4,     3,     91.8,     1019.4,     386.43,     73.4,     88,     -1.9
135,     05.01.2015 22:31:16,     -2.1,     -2.01,     239,     0,     1.3,     2.8,     3,     91.8,     1019.3,     386.43,     73.2,     88,     -1.9
136,     05.01.2015 22:41:16,     -1.05,     -4.02,     189,     1.4,     2.2,     3,     3,     91.8,     1019.2,     386.43,     73.4,     88,     -1.9
137,     05.01.2015 22:51:16,     -1.05,     0,     216,     0.9,     1.7,     2.6,     3,     91.9,     1019.2,     386.43,     253.3,     88,     -177.9
138,     05.01.2015 23:01:16,     -1.05,     -2.01,     217,     1,     1.6,     3.8,     3,     91.9,     1019.2,     386.43,     73.5,     88,     -1.9
139,     05.01.2015 23:11:16,     -1.05,     -2.01,     202,     0.5,     1.7,     2.4,     2.9,     91.9,     1019.1,     386.43,     73.3,     87.9,     -2,     12.573,     3.74,     89.7
140,     05.01.2015 23:21:16,     0,     -2.01,     214,     0.9,     1.6,     2.1,     2.9,     91.9,     1019.1,     386.43,     73.5,     88,     -1.9
141,     05.01.2015 23:31:16,     -3.15,     -4.02,     211,     0.8,     1.5,     2.2,     2.9,     91.9,     1019,     386.43,     73.3,     87.9,     -2
142,     05.01.2015 23:41:16,     -1.05,     0,     205,     1.2,     1.9,     2.8,     2.9,     92,     1019,     386.43,     73.6,     88,     -1.9
143,     05.01.2015 23:51:16,     -1.05,     0,     215,     1.1,     1.7,     2.5,     3,     92,     1018.9,     386.43,     253.3,     87.9,     -177.9
144,     06.01.2015 00:01:17,     0,     -2.01,     232,     1.1,     1.9,     2.6,     2.9,     92,     1018.9,     386.43,     73.5,     88,     -1.9,     12.556,     3.71,     89.7