Logger: #D10248 'TSK_Meteo' - USP_EXP2 (V2.10, Jan 24 2012)
No,     Time,     #1:W/m²:0,     #2:ÂµMol:(do.),     #5:deg:2,     #6:m/sMIN:(do.),     #7:m/sMIT:(do.),     #8:m/sMAX:(do.),     #9:Â°C:(do.),     #10:%:(do.),     #11:hPa:(do.),     #12:mm:(do.),     #14:AZ:3,     #15:EL:(do.),     #16:Roll:(do.),     #HK-Bat:V,     #HK-Temp:oC,     #HK-rH:%
(GSM Transfer OK / Signal:13)
1,     22.12.2014 00:11:16,     -2.1,     0,     281,     3.8,     7.7,     13.3,     6.8,     86.9,     1002.4,     361.56,     255.7,     88.7,     -178.7,     12.590,     7.25,     85.7
2,     22.12.2014 00:21:16,     -1.05,     -2.01,     280,     4,     7.7,     15,     6.7,     87.2,     1001.9,     361.56,     78,     87.4,     -1.8
3,     22.12.2014 00:31:16,     -2.1,     -4.02,     280,     2.8,     7.2,     13.1,     6.8,     87.1,     1001.9,     361.57,     255.8,     88,     -178.1
4,     22.12.2014 00:41:16,     -1.05,     -4.02,     274,     3.1,     7.2,     11.9,     6.8,     86.9,     1001.7,     361.57,     255.9,     87.2,     -177.2
5,     22.12.2014 00:51:16,     -2.1,     0,     284,     2.4,     7.5,     14.7,     7,     86.3,     1001.7,     361.57,     76.9,     89,     -0.9
6,     22.12.2014 01:01:16,     -1.05,     -2.01,     284,     4.3,     8.1,     13.8,     7.1,     85.9,     1001.5,     361.57,     75.8,     86.8,     -2.2
7,     22.12.2014 01:11:16,     0,     0,     289,     2,     7,     12,     7.1,     85.7,     1001.3,     361.57,     75.7,     87.6,     -2.2,     12.597,     7.05,     87.5
8,     22.12.2014 01:21:16,     -2.1,     -2.01,     291,     3.3,     7.8,     12.6,     7.3,     84.8,     1001.4,     361.59,     255.4,     88.7,     -178.8
9,     22.12.2014 01:31:16,     -1.05,     -2.01,     290,     3,     7.7,     12.8,     7.3,     85.1,     1001.1,     361.64,     75,     87.5,     -2.3
10,     22.12.2014 01:41:16,     -3.15,     -2.01,     288,     4.2,     8.5,     13.8,     7.4,     85,     1000.8,     361.65,     76.6,     86.8,     -2.2
11,     22.12.2014 01:51:16,     -2.1,     0,     288,     4.3,     8.3,     12.6,     7.5,     84.6,     1000.9,     361.65,     75.6,     88.2,     -1.6
12,     22.12.2014 02:01:16,     -3.15,     0,     286,     2.5,     8.3,     13.7,     7.6,     84.2,     1000.6,     361.65,     76.5,     84.2,     -3.9
13,     22.12.2014 02:11:16,     -1.05,     0,     288,     4.3,     9,     15.3,     7.8,     83.6,     1000.3,     361.65,     256.2,     87.8,     -177.8,     12.588,     7.40,     87.5
14,     22.12.2014 02:21:16,     -2.1,     -2.01,     287,     4.8,     9.2,     16.7,     7.8,     83.9,     1000.2,     361.71,     256.2,     87.3,     -177.5
15,     22.12.2014 02:31:16,     -1.05,     0,     289,     4.5,     8.2,     13.2,     7.8,     84.6,     1000.3,     361.71,     75.3,     87.7,     -2
16,     22.12.2014 02:41:16,     -1.05,     0,     291,     2,     7.7,     13.9,     7.8,     85.5,     1000.3,     361.71,     255.5,     88.3,     -178.6
17,     22.12.2014 02:51:16,     -1.05,     -2.01,     292,     4.3,     7.4,     11.7,     7.7,     86.7,     1000.2,     361.71,     76.6,     87.5,     -2.4
18,     22.12.2014 03:01:16,     -2.1,     -2.01,     290,     3.2,     8,     12.5,     7.8,     86.6,     1000.1,     361.71,     255,     87.9,     -177.9
19,     22.12.2014 03:11:17,     0,     0,     286,     3.7,     8.8,     15.8,     7.9,     86.9,     999.8,     361.71,     77.6,     86.5,     -2.8,     12.584,     7.77,     87.3
20,     22.12.2014 03:21:17,     -2.1,     -2.01,     289,     3.4,     7.9,     13.2,     7.9,     87.3,     999.8,     361.71,     254.5,     87.4,     -178.3
21,     22.12.2014 03:31:17,     0,     -2.01,     290,     2.2,     7.7,     12.2,     8,     87.6,     999.6,     361.71,     77.1,     88.1,     -1.8
22,     22.12.2014 03:41:17,     -1.05,     -4.02,     287,     3,     8.1,     12.7,     8.1,     87.5,     999.5,     361.71,     79.2,     87.4,     -2.3
23,     22.12.2014 03:51:17,     0,     0,     270,     1.8,     6.7,     12.9,     8.1,     87.8,     999.4,     361.71,     78.7,     88,     -1.9
24,     22.12.2014 04:01:17,     -1.05,     -2.01,     269,     2.4,     7.1,     14,     8.2,     87.8,     999.1,     361.71,     255.8,     87.8,     -177.9
25,     22.12.2014 04:11:16,     -1.05,     -2.01,     293,     4,     8.5,     14.1,     8.3,     87.7,     999,     361.71,     76,     87.3,     -2.1,     12.575,     8.05,     87.3
26,     22.12.2014 04:21:16,     -1.05,     -2.01,     291,     4.6,     8.6,     13.7,     8.3,     87.8,     998.8,     361.71,     255.2,     88.3,     -178.6
27,     22.12.2014 04:31:16,     0,     0,     290,     4.4,     8.5,     12.7,     8.4,     87.7,     998.5,     361.71,     77.2,     87.3,     -2.3
28,     22.12.2014 04:41:16,     0,     0,     279,     2.5,     8.2,     14.2,     8.4,     87.8,     998.3,     361.71,     76.2,     87.2,     -1.8
29,     22.12.2014 04:51:16,     0,     0,     0,     0,     0,     0,     8.5,     87.6,     998.3,     361.71,     76.4,     87.6,     -2.1
30,     22.12.2014 05:01:16,     -1.05,     0,     281,     3.3,     7.7,     16,     8.5,     88,     998.4,     361.71,     255.9,     88.4,     -178.6
31,     22.12.2014 05:11:16,     0,     -2.01,     290,     4.3,     8.5,     15.8,     8.5,     88,     998.4,     361.71,     75.5,     87.3,     -2.3,     12.552,     8.35,     87.2
32,     22.12.2014 05:21:16,     0,     -2.01,     278,     2.5,     8.9,     17.6,     8.5,     87.9,     998.5,     361.71,     258.8,     87.7,     -177.8
33,     22.12.2014 05:31:16,     -1.05,     0,     279,     1.9,     9.5,     20,     8.6,     88,     998.3,     361.71,     255.8,     87.6,     -177.6
34,     22.12.2014 05:41:16,     -1.05,     -2.01,     0,     0,     0,     0,     8.7,     87.7,     998.3,     361.72,     77,     87.8,     -2
35,     22.12.2014 05:51:16,     -2.1,     -4.02,     286,     2.7,     7.4,     11.6,     8.7,     87.7,     998.3,     361.72,     76.5,     87.5,     -2.4
36,     22.12.2014 06:01:16,     -2.1,     -4.02,     292,     3.7,     7.6,     13.5,     8.7,     88.1,     998.2,     361.72,     75.3,     88,     -1.9
37,     22.12.2014 06:11:16,     -1.05,     -2.01,     294,     3.8,     7.6,     11.5,     8.7,     88.2,     998.2,     361.72,     255.8,     87.4,     -177.4,     12.554,     8.59,     87.1
38,     22.12.2014 06:21:16,     -1.05,     -4.02,     292,     4.1,     8.1,     14,     8.8,     87.9,     998.1,     361.72,     77.7,     87.6,     -2.3
39,     22.12.2014 06:31:16,     0,     0,     292,     3.9,     7.6,     12.4,     8.8,     88,     998.2,     361.74,     75.4,     88,     -1.8
40,     22.12.2014 06:41:16,     -1.05,     -2.01,     292,     2.6,     7.9,     11.9,     8.9,     87.7,     998.2,     361.74,     76.5,     88.3,     -1.5
41,     22.12.2014 06:51:16,     -1.05,     -2.01,     292,     4.2,     7.8,     13,     9,     87.6,     998.3,     361.8,     255,     87.9,     -178
42,     22.12.2014 07:01:16,     -2.1,     -2.01,     293,     3,     6.8,     10.9,     9,     87.9,     998.3,     361.81,     255.7,     87.2,     -177.3
43,     22.12.2014 07:11:16,     -1.05,     -2.01,     294,     3.6,     7.4,     11.6,     9.1,     87.9,     998.2,     361.82,     254.4,     87.8,     -178.1,     12.563,     8.83,     87.1
44,     22.12.2014 07:21:16,     -1.05,     -2.01,     294,     4.5,     7.6,     12.3,     9.2,     87.8,     998.1,     361.84,     75.4,     87.9,     -1.6
45,     22.12.2014 07:31:16,     -1.05,     -2.01,     290,     2.3,     7,     11.5,     9.2,     88.2,     998.1,     361.84,     255.4,     87.7,     -177.7
46,     22.12.2014 07:41:16,     -1.05,     -2.01,     286,     2.2,     7.1,     12.9,     9.2,     88.1,     998.1,     361.84,     75.3,     88,     -1.9
47,     22.12.2014 07:51:16,     -1.05,     -2.01,     287,     3.6,     6.7,     10.4,     9.2,     88.3,     998.1,     361.85,     75.7,     88.1,     -1.8
48,     22.12.2014 08:01:16,     -3.15,     -4.02,     288,     3.4,     7.5,     12.1,     9.3,     88.1,     998.1,     361.86,     77.1,     87.5,     -2.1
49,     22.12.2014 08:11:16,     -1.05,     0,     290,     3.6,     7.3,     13.6,     9.3,     88.2,     998,     361.91,     75.6,     87.3,     -2.3,     12.537,     9.09,     87.0
50,     22.12.2014 08:21:16,     0,     0,     287,     1.9,     6.1,     10.9,     9.3,     88.5,     997.9,     361.96,     254.4,     88,     -178.4
51,     22.12.2014 08:31:16,     0,     2.01,     286,     3.3,     7.3,     13.6,     9.3,     88.1,     997.8,     361.99,     76.3,     87.8,     -2.1
52,     22.12.2014 08:41:16,     0,     2.01,     286,     2.7,     6.6,     12.5,     9.3,     88.5,     997.8,     361.99,     76.2,     86.7,     -3.2
53,     22.12.2014 08:51:16,     3.15,     8.04,     288,     4.6,     8,     12.2,     9.4,     88.1,     997.6,     361.99,     257,     86.2,     -176.2
54,     22.12.2014 09:01:16,     3.15,     10.05,     291,     3.3,     7.5,     12.1,     9.4,     88.1,     997.6,     362,     254.4,     87.6,     -177.8
55,     22.12.2014 09:11:16,     5.25,     12.06,     289,     1.4,     7.5,     13.1,     9.4,     87.8,     997.5,     362,     75.6,     87.6,     -2.2,     12.546,     9.29,     87.0
56,     22.12.2014 09:21:16,     6.3,     16.08,     288,     2.8,     8.2,     14.3,     9.5,     87.7,     997.4,     362.06,     77.6,     88.3,     -1.6
57,     22.12.2014 09:31:16,     13.65,     26.13,     287,     2.6,     7.9,     13.9,     9.5,     87.9,     997.4,     362.09,     76.6,     87.7,     -2.1
58,     22.12.2014 09:41:16,     18.9,     38.19,     288,     2.2,     8.1,     13.5,     9.5,     87.5,     997.1,     362.11,     254.6,     87.7,     -177.7
59,     22.12.2014 09:51:16,     21,     42.21,     283,     2.6,     6.9,     12.3,     9.4,     87.8,     997.2,     362.12,     76.9,     87.9,     -2
60,     22.12.2014 10:01:16,     13.65,     32.16,     281,     2.8,     6.4,     12.1,     9.4,     88.5,     997.2,     362.13,     76.6,     87.6,     -2.2
61,     22.12.2014 10:11:17,     17.85,     38.19,     278,     4.1,     7.7,     12.5,     9.5,     87.9,     997,     362.13,     255.8,     88,     -178.2,     12.662,     9.48,     86.9
62,     22.12.2014 10:21:17,     15.75,     38.19,     269,     3.3,     7.6,     12.5,     9.5,     88.3,     997.1,     362.15,     257.3,     87.7,     -177.7
63,     22.12.2014 10:31:17,     9.45,     22.11,     272,     3.5,     8.1,     15.6,     9.4,     88.3,     996.9,     362.19,     255,     87.1,     -178.1
64,     22.12.2014 10:41:17,     10.5,     26.13,     274,     4.1,     8.2,     13.5,     9.5,     87.8,     996.8,     362.33,     256.2,     87.1,     -177.1
65,     22.12.2014 10:51:17,     14.7,     34.17,     282,     3,     8,     14.7,     9.6,     87.1,     996.8,     362.35,     75.6,     87.8,     -1.9
66,     22.12.2014 11:01:17,     17.85,     42.21,     283,     2.9,     8.2,     14.7,     9.7,     87.4,     996.8,     362.37,     79.5,     87.6,     -2.3
67,     22.12.2014 11:11:16,     42,     92.46,     286,     3.1,     9.1,     14.2,     9.9,     86.7,     996.7,     362.42,     256.7,     87.4,     -177.8,     12.781,     9.55,     87.0
68,     22.12.2014 11:21:16,     39.9,     88.44,     285,     4.8,     8.5,     15.7,     9.9,     86.1,     996.6,     362.42,     77.9,     88,     -0.3
69,     22.12.2014 11:31:16,     38.85,     88.44,     283,     4,     8.2,     14.9,     10,     86.4,     996.5,     362.55,     258.1,     87.9,     -178
70,     22.12.2014 11:41:16,     49.35,     108.54,     285,     4.8,     8.5,     17.4,     10,     86.1,     996.4,     362.68,     259.2,     88.9,     -179
71,     22.12.2014 11:51:16,     32.55,     72.36,     280,     2.6,     7.9,     14.5,     10,     86.1,     996.4,     362.73,     257,     88.5,     -178.5
72,     22.12.2014 12:01:16,     27.3,     64.32,     283,     3.7,     8.1,     14.5,     10.1,     86,     996.3,     362.98,     76.6,     87.2,     -2.2
73,     22.12.2014 12:11:16,     17.85,     40.2,     283,     3.3,     8.4,     14.3,     10.1,     86,     996.4,     363.53,     76.1,     87.2,     -2.7,     12.910,     9.97,     86.9
74,     22.12.2014 12:21:16,     16.8,     38.19,     289,     3.3,     7.8,     14.1,     10.2,     86.3,     996.2,     364.29,     257.5,     87.3,     -177.3
75,     22.12.2014 12:31:16,     18.9,     46.23,     285,     1.5,     7.5,     13.6,     10.2,     86.6,     996.2,     364.99,     256.7,     87.6,     -177.7
76,     22.12.2014 12:41:16,     12.6,     30.15,     289,     4.5,     7.9,     14.7,     10.2,     86.9,     996.3,     365.44,     77.2,     87.8,     -2
77,     22.12.2014 12:51:16,     17.85,     40.2,     296,     3.7,     8,     13.8,     10.2,     87,     996.1,     365.91,     75.8,     87.9,     -1.9
78,     22.12.2014 13:01:16,     18.9,     42.21,     291,     3.8,     8.5,     13.5,     10.3,     86.2,     995.9,     366.45,     75.6,     88,     -1.7
79,     22.12.2014 13:11:16,     24.15,     54.27,     290,     5.2,     9.1,     14.3,     10.3,     86.3,     995.7,     366.9,     256,     87.5,     -177.9,     12.900,     10.09,     86.8
80,     22.12.2014 13:21:16,     21,     48.24,     292,     3.1,     8.3,     13.3,     10.3,     86.5,     995.9,     367.11,     76.2,     87.7,     -1.1
81,     22.12.2014 13:31:16,     15.75,     32.16,     294,     3.8,     7.4,     11.4,     10.2,     86.9,     995.9,     367.3,     256.2,     88.1,     -178.2
82,     22.12.2014 13:41:16,     16.8,     38.19,     291,     4.2,     7.8,     13,     10.2,     87.1,     995.9,     367.76,     76,     88,     -1.8
83,     22.12.2014 13:51:16,     13.65,     34.17,     291,     3.9,     7.6,     11.7,     10.2,     87.7,     995.9,     368.2,     75,     87.3,     -2.6
84,     22.12.2014 14:01:16,     11.55,     28.14,     292,     3.5,     7.4,     12.8,     10.2,     87.9,     995.9,     369.19,     254.3,     88.1,     -178.1
85,     22.12.2014 14:11:16,     11.55,     28.14,     297,     3.5,     7.1,     11.5,     10.2,     88.2,     996,     369.94,     74.7,     87.9,     -1.9,     12.785,     10.18,     86.8
86,     22.12.2014 14:21:16,     13.65,     32.16,     297,     1.9,     6.5,     10.8,     10.2,     88.3,     996,     370.04,     76.8,     88,     -1.9
87,     22.12.2014 14:31:16,     11.55,     28.14,     294,     2.3,     6.9,     11.7,     10.3,     88.2,     996.1,     370.33,     253.5,     87.9,     -177.8
88,     22.12.2014 14:41:16,     8.4,     20.1,     298,     1.5,     6.4,     14.6,     10.3,     88.5,     996.2,     370.65,     254.2,     88.1,     -178
89,     22.12.2014 14:51:16,     5.25,     14.07,     300,     3.5,     6.4,     11,     10.4,     88.3,     996.2,     371,     74.3,     87.9,     -2.1
90,     22.12.2014 15:01:16,     6.3,     14.07,     302,     2.6,     6.4,     11.3,     10.5,     88.1,     996.3,     371.32,     255.6,     87.8,     -177.8
91,     22.12.2014 15:11:16,     5.25,     12.06,     298,     3,     6.9,     12.1,     10.6,     87.3,     996.3,     371.55,     74.4,     88,     -1.8,     12.705,     10.33,     86.8
92,     22.12.2014 15:21:16,     3.15,     6.03,     302,     2.7,     6.4,     12.2,     10.6,     87.5,     996.4,     371.85,     74.7,     88.2,     -1.7
93,     22.12.2014 15:31:16,     1.05,     4.02,     307,     1.6,     5.6,     11.6,     10.6,     87.6,     996.6,     372.15,     76.6,     88.3,     -1.6
94,     22.12.2014 15:41:16,     0,     0,     309,     1.2,     5.4,     10.5,     10.5,     87.8,     996.6,     372.31,     75.3,     88.4,     -1.4
95,     22.12.2014 15:51:16,     0,     0,     309,     2.3,     5.6,     10.4,     10.5,     88.2,     996.7,     372.4,     253.6,     88.2,     -178.2
96,     22.12.2014 16:01:16,     0,     0,     302,     1.4,     4.9,     8.4,     10.4,     89.3,     996.8,     372.46,     74.2,     87.8,     -2.1
97,     22.12.2014 16:11:17,     -1.05,     -2.01,     307,     1.5,     4.3,     8.3,     10.3,     89.6,     997,     372.47,     253.1,     88.2,     -178.2,     12.639,     10.46,     86.7
98,     22.12.2014 16:21:17,     -1.05,     0,     312,     1.5,     5.3,     9,     10.4,     89,     997.1,     372.47,     254,     87.9,     -177.9
99,     22.12.2014 16:31:17,     -1.05,     -2.01,     311,     2,     5.9,     10.6,     10.5,     88.8,     997.3,     372.5,     74.6,     88.3,     -1.6
100,     22.12.2014 16:41:17,     -1.05,     -2.01,     320,     2.6,     5.3,     9.7,     10.5,     88.2,     997.4,     372.51,     73.7,     87.9,     -2
101,     22.12.2014 16:51:17,     -1.05,     0,     318,     1.2,     6.1,     11.1,     10.5,     86.7,     997.6,     372.53,     75.5,     87.6,     -2.3
102,     22.12.2014 17:01:17,     -1.05,     0,     319,     2.3,     7,     11.7,     10.7,     85.6,     997.6,     372.53,     74.2,     88.1,     -1.8
103,     22.12.2014 17:11:16,     -1.05,     -2.01,     318,     3,     6.3,     11.4,     10.6,     85.8,     997.8,     372.53,     74.8,     88.3,     -1.6,     12.607,     10.44,     86.7
104,     22.12.2014 17:21:16,     -1.05,     0,     316,     2.8,     6.3,     11.3,     10.5,     86.5,     997.8,     372.54,     74.4,     88.1,     -1.9
105,     22.12.2014 17:31:16,     -1.05,     0,     321,     3,     5.8,     13.1,     10.4,     86.8,     997.9,     372.56,     74.5,     87.7,     -2.3
106,     22.12.2014 17:41:16,     -1.05,     -2.01,     319,     1.1,     6,     11.5,     10.5,     85.8,     997.9,     372.56,     254.2,     88,     -178
107,     22.12.2014 17:51:16,     -1.05,     -2.01,     319,     2.4,     5.6,     12.9,     10.4,     85.7,     997.9,     372.56,     255.7,     88.1,     -178.2
108,     22.12.2014 18:01:16,     -3.15,     -4.02,     318,     2.4,     5.8,     11,     10.4,     85.9,     997.8,     372.56,     77.2,     88.4,     -1.4
109,     22.12.2014 18:11:16,     -2.1,     -2.01,     313,     2.1,     6,     11,     10.4,     86.8,     998,     372.56,     75.1,     88.1,     -1.9,     12.571,     10.38,     86.8
110,     22.12.2014 18:21:16,     -2.1,     -2.01,     316,     1.7,     5.4,     9.7,     10.3,     87.7,     998.1,     372.56,     73.6,     88,     -1.8
111,     22.12.2014 18:31:16,     -1.05,     -2.01,     318,     1.7,     4.7,     8.1,     10.1,     88.5,     998.1,     372.56,     75.2,     88.2,     -1.7
112,     22.12.2014 18:41:16,     -1.05,     -2.01,     317,     1,     5.1,     9.3,     10.1,     88.8,     998.4,     372.56,     253.9,     88,     -178
113,     22.12.2014 18:51:16,     -2.1,     -4.02,     322,     1.1,     4.1,     7.7,     10,     89.4,     998.3,     372.56,     75.1,     87.9,     -2
114,     22.12.2014 19:01:16,     -2.1,     -2.01,     316,     1.1,     4.1,     7.2,     10,     89.4,     998.4,     372.56,     74.6,     87.5,     -2.4
115,     22.12.2014 19:11:22,     -3.15,     -4.02,     311,     2.3,     4.9,     12.2,     10.1,     89.1,     998.5,     372.56,     255.7,     87.7,     -177.8,     12.567,     10.26,     86.8
116,     22.12.2014 19:21:22,     -1.05,     0,     309,     1.6,     5.1,     9.3,     10.1,     88.7,     998.5,     372.56,     254.2,     87.8,     -177.8
117,     22.12.2014 19:31:22,     -1.05,     -2.01,     313,     1.8,     4.9,     10.9,     10.1,     88.6,     998.6,     372.56,     76,     87.6,     -2.2
118,     22.12.2014 19:41:22,     -1.05,     -2.01,     311,     1.7,     5.2,     10.2,     10.2,     87.9,     998.4,     372.56,     254.5,     88.3,     -178.3
119,     22.12.2014 19:51:22,     -1.05,     0,     297,     2.3,     5.3,     8.3,     10.1,     88.5,     998,     372.56,     74.6,     87.9,     -2.1
120,     22.12.2014 20:01:22,     -2.1,     0,     305,     1.9,     4.8,     8.8,     10.1,     89.1,     998,     372.56,     74.3,     88.2,     -1.8
121,     22.12.2014 20:11:17,     -1.05,     -2.01,     305,     1.7,     5.1,     9.4,     10.1,     88.9,     998,     372.56,     255.5,     88.1,     -178.1,     12.537,     10.19,     86.9
122,     22.12.2014 20:21:17,     0,     0,     312,     1.4,     4.6,     8,     10.1,     88.8,     998.3,     372.56,     74.7,     87.7,     -2.2
123,     22.12.2014 20:31:17,     -2.1,     -2.01,     306,     2.7,     5.3,     10.1,     10.1,     88.6,     998.3,     372.56,     75.4,     88.4,     -1.4
124,     22.12.2014 20:41:17,     -1.05,     -2.01,     307,     1.1,     5.7,     10,     10.1,     89,     998.3,     372.56,     73.9,     87.7,     -2.2
125,     22.12.2014 20:51:17,     -2.1,     -2.01,     304,     3,     6.2,     11.4,     10.1,     89.1,     998.3,     372.57,     76.1,     87.9,     -2
126,     22.12.2014 21:01:17,     0,     -2.01,     306,     2,     6.1,     10.6,     10.2,     88.6,     998.3,     372.57,     75,     87.9,     -2
127,     22.12.2014 21:11:16,     -2.1,     -2.01,     302,     2.4,     5.5,     10.3,     10.2,     89.1,     998.4,     372.57,     253.3,     87.7,     -177.7,     12.531,     10.24,     86.9
128,     22.12.2014 21:21:16,     -1.05,     -2.01,     302,     2.1,     5.8,     12.2,     10.2,     89,     998.4,     372.57,     254.5,     87.9,     -177.9
129,     22.12.2014 21:31:16,     -1.05,     -2.01,     303,     2.1,     5.4,     8.7,     10.2,     88.9,     998.5,     372.57,     75.8,     88.1,     -1.9
130,     22.12.2014 21:41:16,     -1.05,     0,     302,     2.6,     6.2,     9.9,     10.2,     89.2,     998.4,     372.57,     74.2,     88.3,     -1.5
131,     22.12.2014 21:51:16,     -1.05,     0,     304,     2.1,     5.5,     10.5,     10.2,     89,     998.4,     372.57,     254.7,     88,     -178
132,     22.12.2014 22:01:16,     -2.1,     -2.01,     303,     2.4,     6.2,     10.8,     10.3,     88.8,     998.4,     372.57,     75.2,     87.8,     -2.1
133,     22.12.2014 22:11:16,     -2.1,     -2.01,     298,     2.6,     6.2,     10.2,     10.2,     88.8,     998.4,     372.57,     75,     88,     -1.9,     12.529,     10.28,     86.8
134,     22.12.2014 22:21:16,     -1.05,     0,     303,     2,     6.1,     13.1,     10.2,     88.8,     998.4,     372.68,     75.2,     88,     -1.9
135,     22.12.2014 22:31:16,     -2.1,     -4.02,     302,     2.9,     6.3,     10.7,     10.3,     89.1,     998.3,     372.78,     255,     88.2,     -178.2
136,     22.12.2014 22:41:16,     0,     -2.01,     301,     2.6,     6.3,     11.3,     10.2,     89,     998.4,     372.94,     253.6,     88.1,     -178.1
137,     22.12.2014 22:51:16,     -1.05,     -2.01,     295,     3,     6.3,     9.9,     10.2,     89.3,     998.3,     373.15,     76.3,     87.8,     -2
138,     22.12.2014 23:01:16,     -1.05,     -2.01,     297,     3.7,     6.6,     12.6,     10.3,     88.2,     998.2,     373.2,     76.6,     88.3,     -1.6
139,     22.12.2014 23:11:16,     -1.05,     0,     295,     2.7,     7.2,     11.7,     10.4,     88,     998.2,     373.25,     75.2,     87.3,     -2.5,     12.507,     10.32,     86.9
140,     22.12.2014 23:21:16,     -1.05,     -2.01,     298,     2.4,     6.5,     11.4,     10.3,     88.4,     998,     373.28,     74.9,     87.9,     -2.1
141,     22.12.2014 23:31:16,     -2.1,     -2.01,     294,     2.7,     7.4,     11.9,     10.4,     88,     998.1,     373.32,     256.1,     88.1,     -178.2
142,     22.12.2014 23:41:16,     0,     -2.01,     297,     3.6,     7.2,     11.7,     10.4,     88,     998.1,     373.34,     76.3,     87.8,     -1.9
143,     22.12.2014 23:51:16,     -2.1,     -2.01,     282,     1.9,     6.4,     12.4,     10.4,     87.9,     998.1,     373.4,     256.5,     88.3,     -178.4
144,     23.12.2014 00:01:17,     -1.05,     -2.01,     285,     1.1,     6.3,     14.8,     10.4,     87.8,     998,     373.42,     255.6,     87.7,     -177.9,     12.510,     10.32,     86.8