Logger: #D10248 'TSK_Meteo' - USP_EXP2 (V2.10, Jan 24 2012)
No,     Time,     #1:W/m²:0,     #2:ÂµMol:(do.),     #5:deg:2,     #6:m/sMIN:(do.),     #7:m/sMIT:(do.),     #8:m/sMAX:(do.),     #9:Â°C:(do.),     #10:%:(do.),     #11:hPa:(do.),     #12:mm:(do.),     #14:AZ:3,     #15:EL:(do.),     #16:Roll:(do.),     #HK-Bat:V,     #HK-Temp:oC,     #HK-rH:%
(GSM Transfer OK / Signal:17)
1,     23.10.2014 00:11:23,     -2.1,     -2.01,     3,     0.5,     1.1,     2,     11.6,     90.5,     1007.3,     320.62,     253.5,     88,     -178,     12.259,     12.15,     77.4
2,     23.10.2014 00:21:23,     -2.1,     0,     32,     1,     1.8,     3.2,     11.7,     90.4,     1007.4,     320.62,     253.5,     88,     -178
3,     23.10.2014 00:31:23,     -2.1,     -2.01,     47,     0.5,     1.6,     2.5,     11.7,     90.3,     1007.5,     320.62,     253.4,     88,     -178
4,     23.10.2014 00:41:23,     -2.1,     -2.01,     62,     0.1,     1.3,     2.2,     11.6,     90,     1007.5,     320.62,     253.5,     88,     -178
5,     23.10.2014 00:51:23,     -2.1,     -2.01,     28,     0.9,     1.6,     2.4,     11.8,     90.2,     1007.6,     320.62,     253.4,     88,     -178
6,     23.10.2014 01:01:23,     -3.15,     -4.02,     36,     0.9,     1.9,     2.7,     11.9,     90.2,     1007.6,     320.62,     253.6,     88,     -178
7,     23.10.2014 01:11:17,     -2.1,     0,     44,     0.7,     2,     3,     11.9,     89.6,     1007.7,     320.62,     253.4,     88,     -178,     12.342,     11.89,     79.0
8,     23.10.2014 01:21:17,     -1.05,     0,     36,     1,     2.1,     3,     11.9,     89.6,     1007.9,     320.62,     253.4,     87.9,     -177.9
9,     23.10.2014 01:31:17,     -1.05,     0,     45,     1.3,     2.1,     2.8,     11.9,     89.2,     1008.1,     320.62,     253.5,     87.9,     -177.9
10,     23.10.2014 01:41:17,     -2.1,     -4.02,     37,     1.6,     2.2,     3.1,     11.9,     89.3,     1008.1,     320.62,     253.5,     88,     -178
11,     23.10.2014 01:51:17,     -1.05,     -2.01,     36,     1.8,     2.6,     3.3,     11.8,     89.1,     1008.1,     320.62,     253.3,     88,     -178
12,     23.10.2014 02:01:17,     -1.05,     0,     40,     1.6,     2.3,     2.8,     11.8,     89.5,     1008.2,     320.62,     253.4,     88,     -178
13,     23.10.2014 02:11:21,     -1.05,     0,     55,     0.7,     1.8,     2.8,     11.8,     89.5,     1008.3,     320.62,     253.4,     87.9,     -177.9,     12.344,     12.15,     78.9
14,     23.10.2014 02:21:21,     -2.1,     -2.01,     56,     0.5,     1.6,     2.5,     11.7,     89.8,     1008.4,     320.62,     253.5,     88,     -178
15,     23.10.2014 02:31:21,     -1.05,     -2.01,     51,     0.8,     1.5,     2.2,     11.7,     90,     1008.5,     320.62,     253.5,     88.1,     -178.1
16,     23.10.2014 02:41:21,     -2.1,     -4.02,     52,     0.6,     1.4,     2.2,     11.7,     90.2,     1008.6,     320.62,     253.6,     88,     -178
17,     23.10.2014 02:51:21,     -2.1,     0,     49,     0.7,     1.5,     2.4,     11.8,     90.2,     1008.7,     320.62,     253.3,     88,     -178
18,     23.10.2014 03:01:21,     -3.15,     -2.01,     50,     0.7,     1.5,     2.3,     11.8,     90.4,     1008.7,     320.62,     253.5,     88,     -178
19,     23.10.2014 03:11:22,     -3.15,     -2.01,     55,     0.5,     1.2,     2,     11.7,     90.2,     1008.7,     320.62,     253.4,     88.1,     -178.1,     12.353,     12.13,     78.9
20,     23.10.2014 03:21:22,     -4.2,     -2.01,     56,     0.1,     1,     1.7,     11.7,     90.5,     1008.8,     320.62,     253.5,     88.1,     -178.1
21,     23.10.2014 03:31:22,     -2.1,     -4.02,     42,     0.8,     1.5,     2.3,     11.7,     90.8,     1008.8,     320.62,     253.5,     88,     -178
22,     23.10.2014 03:41:22,     -1.05,     0,     60,     0.4,     1.2,     1.9,     11.6,     90.7,     1008.9,     320.62,     253.5,     88,     -178
23,     23.10.2014 03:51:22,     -2.1,     -2.01,     54,     0.5,     1.1,     1.8,     11.7,     91,     1009,     320.62,     253.4,     88,     -178
24,     23.10.2014 04:01:22,     -1.05,     0,     48,     0.8,     1.6,     2.4,     11.7,     91.1,     1009.2,     320.62,     253.3,     88,     -178
25,     23.10.2014 04:11:22,     -1.05,     0,     50,     0.8,     1.5,     2.5,     11.7,     90.7,     1009.3,     320.62,     253.4,     88,     -177.9,     12.336,     12.03,     79.1
26,     23.10.2014 04:21:22,     -1.05,     -2.01,     49,     0.7,     1.4,     2.2,     11.6,     90.9,     1009.4,     320.62,     253.5,     87.9,     -177.9
27,     23.10.2014 04:31:22,     -2.1,     -2.01,     54,     0.7,     1.3,     2.1,     11.6,     90.9,     1009.4,     320.62,     253.5,     88,     -178
28,     23.10.2014 04:41:22,     -2.1,     0,     60,     0.6,     1.1,     1.6,     11.6,     91,     1009.5,     320.62,     253.4,     88,     -178
29,     23.10.2014 04:51:22,     -3.15,     -4.02,     69,     0.4,     0.9,     1.6,     11.6,     90.9,     1009.6,     320.62,     253.6,     88,     -178
30,     23.10.2014 05:01:22,     -3.15,     -2.01,     60,     0,     0.9,     1.9,     11.6,     91,     1009.6,     320.62,     253.5,     88,     -178
31,     23.10.2014 05:11:17,     -2.1,     -4.02,     80,     0.1,     1,     2,     11.6,     90.9,     1009.8,     320.62,     253.5,     88,     -178,     12.344,     12.00,     79.1
32,     23.10.2014 05:21:17,     -2.1,     -2.01,     81,     0.1,     0.9,     1.8,     11.6,     90.9,     1009.9,     320.62,     253.5,     88,     -178
33,     23.10.2014 05:31:17,     -1.05,     -2.01,     97,     0.3,     1.1,     1.8,     11.5,     90.8,     1010,     320.62,     253.6,     88,     -178
34,     23.10.2014 05:41:17,     -1.05,     -2.01,     85,     0.1,     0.9,     1.7,     11.4,     90.7,     1010.2,     320.62,     253.6,     88,     -178
35,     23.10.2014 05:51:17,     -2.1,     -2.01,     99,     0.1,     0.8,     1.8,     11.4,     90.8,     1010.2,     320.62,     253.6,     87.9,     -177.9
36,     23.10.2014 06:01:17,     -1.05,     0,     119,     0.1,     0.8,     1.7,     11.3,     90.4,     1010.3,     320.62,     253.6,     88,     -178
37,     23.10.2014 06:11:16,     0,     2.01,     104,     0.2,     0.8,     1.7,     11.3,     89.9,     1010.4,     320.62,     253.6,     88,     -178,     12.332,     11.87,     79.1
38,     23.10.2014 06:21:16,     -2.1,     -2.01,     148,     0.5,     1.2,     2.3,     11.3,     89.6,     1010.5,     320.62,     253.6,     88,     -178
39,     23.10.2014 06:31:16,     -2.1,     -2.01,     98,     0,     0.8,     1.6,     11.2,     89.4,     1010.6,     320.62,     253.5,     88,     -178
40,     23.10.2014 06:41:16,     -3.15,     0,     79,     0,     0.7,     1.5,     11.2,     89,     1010.9,     320.62,     253.6,     87.9,     -177.9
41,     23.10.2014 06:51:16,     0,     2.01,     64,     0,     0.7,     1.4,     11.2,     88.9,     1011.1,     320.62,     253.5,     88,     -178
42,     23.10.2014 07:01:16,     2.1,     8.04,     73,     0.1,     0.9,     1.7,     11.2,     88.4,     1011.2,     320.62,     253.5,     88,     -178
43,     23.10.2014 07:11:16,     3.15,     18.09,     82,     0,     0.8,     1.5,     11.2,     88.2,     1011.4,     320.62,     253.4,     88,     -178,     12.346,     11.59,     79.3
44,     23.10.2014 07:21:16,     6.3,     20.1,     52,     0.1,     1,     1.7,     11.2,     88.3,     1011.5,     320.62,     253.4,     87.9,     -177.9
45,     23.10.2014 07:31:16,     11.55,     30.15,     84,     0.3,     0.9,     1.7,     11.2,     88.5,     1011.7,     320.62,     253.5,     87.8,     -177.9
46,     23.10.2014 07:41:16,     11.55,     38.19,     96,     0.1,     0.8,     1.2,     11.2,     89,     1011.8,     320.62,     253.5,     88,     -178
47,     23.10.2014 07:51:16,     25.2,     58.29,     88,     0,     0.8,     1.5,     11.1,     88.8,     1011.9,     320.62,     253.4,     88,     -178
48,     23.10.2014 08:01:16,     36.75,     78.39,     97,     0.2,     1,     1.8,     11,     88.7,     1012,     320.62,     253.5,     87.9,     -177.9
49,     23.10.2014 08:11:23,     35.7,     82.41,     90,     0.4,     1.1,     1.8,     10.9,     88.5,     1012,     320.62,     253.4,     88,     -178,     12.533,     11.53,     79.2
50,     23.10.2014 08:21:23,     39.9,     92.46,     95,     0,     0.8,     1.5,     11,     88.4,     1012,     320.62,     253.5,     87.9,     -178
51,     23.10.2014 08:31:23,     67.2,     138.69,     114,     0,     0.6,     1.4,     11,     88.3,     1012.1,     320.62,     253.5,     88.1,     -178.1
52,     23.10.2014 08:41:23,     68.25,     142.71,     98,     0,     0.8,     1.6,     11,     88,     1012.3,     320.62,     253.6,     88,     -178
53,     23.10.2014 08:51:23,     73.5,     156.78,     119,     0.1,     1,     2,     10.9,     87.6,     1012.4,     320.62,     253.5,     88,     -178
54,     23.10.2014 09:01:23,     90.3,     184.92,     138,     0.3,     1.1,     2.3,     10.9,     87.5,     1012.4,     320.62,     253.5,     87.8,     -177.9
55,     23.10.2014 09:11:17,     100.8,     211.05,     153,     0.2,     1.3,     2.4,     11,     86.7,     1012.6,     320.62,     253.6,     87.9,     -177.9,     13.059,     12.23,     79.1
56,     23.10.2014 09:21:17,     100.8,     211.05,     171,     0.3,     1.3,     2.9,     11,     86.7,     1012.7,     320.62,     253.6,     88,     -178
57,     23.10.2014 09:31:17,     124.95,     257.28,     155,     0,     0.8,     1.6,     11.1,     85.5,     1012.7,     320.62,     253.7,     88,     -178
58,     23.10.2014 09:41:17,     85.05,     190.95,     156,     0.1,     1.2,     2.4,     11.1,     84.4,     1012.7,     320.62,     253.6,     88,     -178
59,     23.10.2014 09:51:17,     78.75,     170.85,     136,     0.2,     1.3,     2.3,     11.2,     84.8,     1012.7,     320.62,     253.6,     88,     -178
60,     23.10.2014 10:01:17,     133.35,     271.35,     123,     0.5,     1.4,     3,     11.2,     83,     1012.8,     320.62,     253.7,     88,     -178
61,     23.10.2014 10:11:16,     163.8,     337.68,     127,     0.2,     1.3,     2.9,     11.3,     82.2,     1012.9,     320.62,     253.6,     87.9,     -177.9,     13.311,     13.06,     78.9
62,     23.10.2014 10:21:16,     121.8,     257.28,     136,     0.1,     1.4,     2.7,     11.4,     81,     1013.1,     320.62,     253.4,     87.9,     -178
63,     23.10.2014 10:31:16,     85.05,     172.86,     127,     0.1,     1.2,     2.3,     11.3,     80.8,     1013.2,     320.62,     253.7,     88,     -178
64,     23.10.2014 10:41:16,     89.25,     192.96,     119,     0.1,     1.1,     2,     11.4,     81.7,     1013.3,     320.62,     253.5,     88,     -178
65,     23.10.2014 10:51:16,     72.45,     160.8,     95,     0.3,     1,     1.7,     11.5,     82.6,     1013.4,     320.62,     253.5,     87.9,     -177.9
66,     23.10.2014 11:01:16,     57.75,     126.63,     119,     0,     1,     2.1,     11.4,     81.9,     1013.5,     320.62,     253.6,     88,     -178
67,     23.10.2014 11:11:16,     47.25,     108.54,     124,     0.1,     0.8,     1.7,     11.4,     82.4,     1013.6,     320.62,     253.6,     87.9,     -177.9,     13.042,     13.63,     78.5
68,     23.10.2014 11:21:16,     64.05,     142.71,     128,     0.3,     1.3,     2.6,     11.3,     82.1,     1013.6,     320.62,     253.5,     88,     -178
69,     23.10.2014 11:31:16,     74.55,     164.82,     125,     0.2,     1.4,     2.6,     11.2,     82.6,     1013.6,     320.62,     253.5,     88,     -178
70,     23.10.2014 11:41:16,     85.05,     182.91,     147,     0.6,     1.7,     2.9,     11.1,     82.6,     1013.6,     320.62,     253.7,     88,     -178
71,     23.10.2014 11:51:16,     72.45,     156.78,     121,     0.2,     1.3,     2.7,     11.1,     82.5,     1013.7,     320.62,     253.5,     88,     -178
72,     23.10.2014 12:01:16,     59.85,     134.67,     112,     0.1,     1.1,     2.1,     11.1,     82.3,     1013.8,     320.62,     253.6,     88,     -178
73,     23.10.2014 12:11:16,     56.7,     128.64,     128,     0,     1.1,     2.1,     11.1,     81.6,     1013.9,     320.62,     253.5,     88,     -177.9,     12.772,     13.31,     78.7
74,     23.10.2014 12:21:16,     67.2,     146.73,     136,     0.1,     1.2,     2.4,     11.1,     81.7,     1013.9,     320.62,     253.6,     87.9,     -177.9
75,     23.10.2014 12:31:16,     73.5,     158.79,     129,     0.1,     1.1,     2.4,     11.1,     82.1,     1013.9,     320.62,     253.5,     88.1,     -178.1
76,     23.10.2014 12:41:16,     71.4,     154.77,     136,     0.2,     1.2,     2.5,     11.1,     82.4,     1014,     320.62,     253.6,     88,     -178
77,     23.10.2014 12:51:16,     88.2,     190.95,     134,     0.3,     1.2,     2,     11.2,     82.2,     1013.9,     320.62,     253.7,     87.9,     -177.9
78,     23.10.2014 13:01:16,     66.15,     146.73,     137,     0.1,     1.1,     2.4,     11.2,     81.7,     1014,     320.62,     253.7,     88,     -178
79,     23.10.2014 13:11:22,     58.8,     126.63,     120,     0.1,     0.7,     1.9,     11.2,     81.4,     1014,     320.62,     253.6,     88,     -178,     13.052,     13.29,     78.7
80,     23.10.2014 13:21:22,     102.9,     219.09,     134,     0.2,     1.2,     2.1,     11.2,     81.9,     1013.8,     320.62,     253.7,     88,     -178
81,     23.10.2014 13:31:22,     112.35,     237.18,     132,     0.7,     1.5,     2.7,     11.3,     81.8,     1013.9,     320.62,     253.5,     88,     -178
82,     23.10.2014 13:41:22,     61.95,     130.65,     139,     0,     1.5,     3.1,     11.3,     81.6,     1014,     320.62,     253.6,     88,     -178
83,     23.10.2014 13:51:22,     105,     223.11,     143,     0.3,     1.5,     3.1,     11.2,     81.8,     1014,     320.62,     253.5,     88,     -178
84,     23.10.2014 14:01:22,     91.35,     192.96,     139,     0.1,     1,     2.1,     11.2,     81.4,     1014.1,     320.62,     253.7,     87.9,     -177.9
85,     23.10.2014 14:11:16,     80.85,     170.85,     151,     0.1,     1.1,     2.6,     11.2,     81.6,     1014.1,     320.62,     253.7,     88,     -178,     13.160,     13.45,     78.7
86,     23.10.2014 14:21:16,     117.6,     245.22,     105,     0.1,     1,     1.9,     11.2,     80.8,     1014.2,     320.62,     253.8,     88,     -178
87,     23.10.2014 14:31:16,     94.5,     196.98,     104,     0.2,     1.1,     2.1,     11.3,     80.8,     1014.2,     320.62,     253.5,     87.9,     -177.9
88,     23.10.2014 14:41:16,     72.45,     158.79,     135,     0.3,     1.1,     1.9,     11.3,     81,     1014.2,     320.62,     253.6,     88,     -178
89,     23.10.2014 14:51:16,     96.6,     203.01,     166,     0.2,     1.4,     2.7,     11.4,     81.1,     1014.1,     320.62,     253.6,     88,     -178
90,     23.10.2014 15:01:16,     54.6,     118.59,     188,     0,     1,     2.2,     11.5,     81.2,     1014.2,     320.62,     253.6,     88,     -178
91,     23.10.2014 15:11:16,     51.45,     112.56,     164,     0.1,     1.1,     2.8,     11.4,     81.8,     1014.2,     320.62,     253.5,     88,     -178,     13.078,     13.63,     78.6
92,     23.10.2014 15:21:16,     51.45,     110.55,     170,     1.2,     2.2,     3.4,     11.3,     82.5,     1014.1,     320.62,     253.4,     88,     -178
93,     23.10.2014 15:31:16,     43.05,     92.46,     165,     0.2,     1.9,     3.2,     11.2,     82.3,     1014.1,     320.62,     253.6,     88.1,     -178
94,     23.10.2014 15:41:16,     27.3,     60.3,     166,     0.4,     2.1,     3.8,     11,     82.7,     1014.2,     320.62,     253.5,     88,     -178
95,     23.10.2014 15:51:16,     23.1,     50.25,     165,     0.4,     1.9,     3.2,     11,     82.9,     1014.2,     320.62,     253.4,     88,     -178
96,     23.10.2014 16:01:16,     22.05,     46.23,     172,     0.1,     1.8,     3.3,     11,     83.2,     1014.3,     320.62,     253.5,     88,     -178
97,     23.10.2014 16:11:17,     26.25,     54.27,     171,     0.3,     1.6,     3.4,     11,     84,     1014.3,     320.62,     253.5,     88,     -178.1,     12.917,     12.69,     78.9
98,     23.10.2014 16:21:17,     17.85,     42.21,     169,     0.3,     1.4,     2.7,     10.9,     84.1,     1014.3,     320.62,     253.6,     88,     -178
99,     23.10.2014 16:31:17,     9.45,     22.11,     179,     0.2,     1,     2,     11,     84.6,     1014.3,     320.62,     253.5,     88,     -177.9
100,     23.10.2014 16:41:17,     3.15,     10.05,     179,     1.1,     1.8,     2.8,     10.8,     84.3,     1014.4,     320.62,     253.2,     87.9,     -177.9
101,     23.10.2014 16:51:17,     0,     4.02,     189,     0.8,     1.5,     2.9,     10.8,     85,     1014.4,     320.62,     253.5,     87.9,     -177.9
102,     23.10.2014 17:01:17,     0,     4.02,     176,     0.7,     2.1,     3.3,     10.6,     84.8,     1014.4,     320.62,     253.6,     87.9,     -177.9
103,     23.10.2014 17:11:16,     -1.05,     0,     176,     0.6,     1.8,     3.2,     10.5,     84.8,     1014.4,     320.62,     253.4,     87.9,     -177.9,     12.732,     11.79,     79.3
104,     23.10.2014 17:21:16,     -2.1,     -2.01,     178,     0.7,     1.9,     3.3,     10.5,     85.1,     1014.5,     320.62,     253.5,     88,     -178
105,     23.10.2014 17:31:16,     -2.1,     -2.01,     177,     0.3,     1.8,     3.3,     10.4,     85,     1014.6,     320.62,     253.6,     88,     -178
106,     23.10.2014 17:41:16,     -2.1,     -2.01,     170,     0.4,     1.5,     2.8,     10.4,     85.2,     1014.6,     320.62,     253.5,     88,     -178
107,     23.10.2014 17:51:16,     -1.05,     -2.01,     180,     0.2,     1.3,     2.3,     10.4,     85.8,     1014.7,     320.62,     253.5,     88,     -178
108,     23.10.2014 18:01:16,     -2.1,     -2.01,     186,     0.2,     1.3,     2.1,     10.4,     86,     1014.8,     320.62,     253.4,     87.9,     -178
109,     23.10.2014 18:11:16,     -3.15,     -2.01,     169,     0.5,     1.3,     2.1,     10.4,     86.6,     1014.8,     320.62,     253.5,     88,     -178,     12.681,     11.17,     79.4
110,     23.10.2014 18:21:16,     -3.15,     0,     176,     0.2,     1.2,     2.2,     10.3,     86.8,     1014.9,     320.62,     253.4,     88,     -178
111,     23.10.2014 18:31:16,     -3.15,     0,     173,     0.5,     1.3,     2.3,     10.3,     87.3,     1014.9,     320.62,     253.5,     87.9,     -177.9
112,     23.10.2014 18:41:16,     -3.15,     -2.01,     187,     0.5,     1.6,     2.6,     10.3,     86.9,     1015,     320.62,     253.3,     88,     -178
113,     23.10.2014 18:51:16,     -4.2,     -2.01,     188,     0.5,     1.8,     2.9,     10.3,     87,     1015.1,     320.62,     253.4,     87.9,     -177.9
114,     23.10.2014 19:01:16,     -2.1,     0,     190,     1,     1.9,     3.3,     10.3,     86.8,     1015,     320.62,     253.6,     87.8,     -177.9
115,     23.10.2014 19:11:17,     -3.15,     0,     184,     1.1,     1.9,     3.2,     10.2,     86.7,     1015,     320.62,     253.5,     87.9,     -177.9,     12.630,     10.88,     79.5
116,     23.10.2014 19:21:17,     -3.15,     0,     187,     1.4,     2.2,     3.4,     10.2,     87,     1014.9,     320.62,     253.4,     88,     -178
117,     23.10.2014 19:31:17,     -2.1,     -2.01,     183,     1.5,     2.4,     3.6,     10.2,     87,     1014.9,     320.62,     253.5,     88,     -178
118,     23.10.2014 19:41:17,     -3.15,     -2.01,     182,     0.8,     2.5,     3.7,     10.1,     86.8,     1014.9,     320.62,     253.8,     88,     -178
119,     23.10.2014 19:51:17,     -4.2,     0,     186,     1.3,     2.5,     3.7,     10.2,     87.3,     1015,     320.62,     253.3,     88,     -178
120,     23.10.2014 20:01:17,     -3.15,     -2.01,     197,     1.2,     2.1,     3.3,     10.1,     87.7,     1015.1,     320.62,     253.4,     87.9,     -177.9
121,     23.10.2014 20:11:16,     -1.05,     -2.01,     192,     0.7,     1.7,     2.6,     10.2,     88,     1015.1,     320.62,     253.7,     88,     -178,     12.605,     10.53,     79.7
122,     23.10.2014 20:21:16,     -2.1,     -2.01,     202,     0.9,     1.6,     2.4,     10.3,     88.2,     1015.2,     320.62,     253.6,     87.9,     -177.9
123,     23.10.2014 20:31:16,     -1.05,     0,     208,     1,     2.1,     3.7,     10.6,     88.8,     1015.2,     320.62,     253.5,     88,     -178
124,     23.10.2014 20:41:16,     -1.05,     -2.01,     217,     1.3,     2.5,     3.7,     10.6,     88.1,     1015.2,     320.62,     253.7,     88,     -178
125,     23.10.2014 20:51:16,     -2.1,     -2.01,     213,     1.4,     2.5,     4.4,     10.6,     88.1,     1015.2,     320.62,     253.9,     87.9,     -177.9
126,     23.10.2014 21:01:16,     -1.05,     -2.01,     208,     1.5,     3,     4.7,     10.6,     88.3,     1015.3,     320.62,     253.7,     88,     -178
127,     23.10.2014 21:11:16,     -2.1,     0,     202,     1.3,     3.3,     5.1,     10.6,     88.4,     1015.3,     320.62,     254,     87.9,     -178,     12.592,     10.85,     79.6
128,     23.10.2014 21:21:16,     -2.1,     0,     203,     1.8,     3.1,     4.5,     10.6,     88.6,     1015.3,     320.62,     253.7,     88.1,     -178.1
129,     23.10.2014 21:31:16,     -1.05,     -2.01,     213,     1.2,     2.7,     4.3,     10.5,     88.7,     1015.3,     320.62,     253.7,     88.1,     -178.1
130,     23.10.2014 21:41:16,     0,     2.01,     221,     1.3,     2.7,     5.1,     10.4,     88.4,     1015.4,     320.62,     253.8,     88.1,     -178.1
131,     23.10.2014 21:51:16,     -2.1,     -4.02,     215,     1.1,     2.7,     4.3,     10.4,     89.2,     1015.5,     320.62,     253.9,     88,     -178
132,     23.10.2014 22:01:16,     -1.05,     -2.01,     216,     1.5,     3,     4.7,     10.4,     89.2,     1015.4,     320.62,     253.5,     88,     -178
133,     23.10.2014 22:11:21,     -1.05,     -2.01,     212,     1.6,     2.7,     4.6,     10.4,     89.3,     1015.5,     320.62,     253.7,     87.9,     -177.9,     12.565,     11.03,     79.4
134,     23.10.2014 22:21:21,     -1.05,     0,     218,     1.1,     2.4,     3.7,     10.4,     89.5,     1015.5,     320.62,     253.9,     88,     -178
135,     23.10.2014 22:31:21,     -1.05,     0,     213,     1.4,     2.2,     3.7,     10.3,     89.6,     1015.5,     320.62,     253.5,     88.1,     -178.1
136,     23.10.2014 22:41:21,     -1.05,     -2.01,     211,     1.1,     2.1,     3.7,     10.4,     89.6,     1015.5,     320.62,     253.5,     87.9,     -177.9
137,     23.10.2014 22:51:21,     -1.05,     -2.01,     208,     1.3,     2.2,     3.5,     10.4,     89.7,     1015.5,     320.62,     253.5,     88.1,     -178.1
138,     23.10.2014 23:01:21,     -2.1,     -2.01,     209,     0.4,     2.4,     4.3,     10.4,     89.5,     1015.5,     320.62,     253.7,     88,     -178
139,     23.10.2014 23:11:16,     -1.05,     -2.01,     215,     0.7,     2,     3.2,     10.4,     89.6,     1015.5,     320.62,     253.8,     88,     -178,     12.554,     11.07,     79.4
140,     23.10.2014 23:21:16,     -2.1,     -2.01,     213,     1.1,     2.5,     4.2,     10.4,     89.5,     1015.4,     320.62,     253.9,     88,     -178
141,     23.10.2014 23:31:16,     -3.15,     -2.01,     208,     1.8,     2.9,     4.2,     10.3,     89.2,     1015.4,     320.62,     254.1,     88,     -178
142,     23.10.2014 23:41:16,     -4.2,     0,     213,     1.3,     2.4,     3.8,     10.2,     89.1,     1015.3,     320.62,     254,     87.9,     -178
143,     23.10.2014 23:51:16,     -4.2,     -2.01,     214,     1.5,     2.5,     4.3,     10,     89.1,     1015.2,     320.62,     253.6,     88,     -178
144,     24.10.2014 00:01:16,     -2.1,     -2.01,     214,     1.5,     3,     4.5,     10,     89.1,     1015.2,     320.62,     253.7,     88,     -178,     12.382,     10.71,     79.5