Logger: #D10248 'TSK_Meteo' - USP_EXP2 (V2.10, Jan 24 2012)
No,     Time,     #1:W/m²:0,     #2:ÂµMol:(do.),     #5:deg:2,     #6:m/sMIN:(do.),     #7:m/sMIT:(do.),     #8:m/sMAX:(do.),     #9:Â°C:(do.),     #10:%:(do.),     #11:hPa:(do.),     #12:mm:(do.),     #14:AZ:3,     #15:EL:(do.),     #16:Roll:(do.),     #HK-Bat:V,     #HK-Temp:oC,     #HK-rH:%
(GSM Transfer OK / Signal:14)
1,     11.08.2014 00:11:16,     -3.15,     -2.01,     228,     1.9,     4.9,     8.2,     20.7,     74.6,     996,     204.44,     256.4,     87.8,     -177.8,     12.463,     21.59,     66.6
2,     11.08.2014 00:21:16,     -3.15,     -2.01,     221,     2,     4.6,     8.5,     20.6,     75.4,     995.9,     204.44,     256.2,     87.9,     -177.8
3,     11.08.2014 00:31:16,     -2.1,     0,     220,     1.2,     4.2,     8.2,     20.4,     75.8,     995.8,     204.44,     255.5,     88.1,     -178.2
4,     11.08.2014 00:41:16,     -3.15,     -2.01,     216,     1.1,     3.3,     7.1,     20.3,     77,     995.7,     204.44,     255.1,     88.1,     -178.1
5,     11.08.2014 00:51:16,     -3.15,     0,     217,     1.5,     3.4,     5.8,     20.1,     77.4,     995.8,     204.44,     255.8,     88,     -177.9
6,     11.08.2014 01:01:16,     -4.2,     -2.01,     216,     1.8,     3.9,     5.9,     19.9,     77.6,     995.6,     204.44,     256.3,     87.8,     -177.9
7,     11.08.2014 01:11:16,     -3.15,     -2.01,     220,     0.9,     3.4,     5.1,     19.8,     78.5,     995.7,     204.44,     255.4,     88,     -178,     12.556,     20.61,     67.8
8,     11.08.2014 01:21:16,     -8.4,     -2.01,     221,     0.5,     3.7,     6.2,     19.7,     77.6,     995.6,     204.44,     255.5,     88,     -178
9,     11.08.2014 01:31:16,     -3.15,     0,     224,     1.5,     3.7,     6.4,     19.5,     78.2,     995.9,     204.44,     255.4,     87.8,     -177.9
10,     11.08.2014 01:41:16,     -3.15,     -2.01,     227,     2.6,     4.1,     6.5,     19.4,     78.2,     995.9,     204.44,     (NO REPLY),     (NO REPLY),     (NO REPLY)
11,     11.08.2014 01:51:16,     -2.1,     -2.01,     228,     2,     4,     7.2,     19.4,     78.8,     996.1,     204.44,     255.7,     88,     -178
12,     11.08.2014 02:01:16,     -3.15,     -2.01,     230,     1.5,     4,     6.7,     19.4,     79.5,     996.2,     204.44,     255.6,     88,     -178
13,     11.08.2014 02:11:16,     -2.1,     -2.01,     229,     1.3,     3.8,     6.4,     19.5,     79.2,     996.3,     204.44,     256.1,     87.9,     -177.9,     12.524,     19.93,     68.1
14,     11.08.2014 02:21:16,     -2.1,     -4.02,     230,     2.3,     4.3,     6.6,     19.6,     78.5,     996.4,     204.44,     255.6,     87.8,     -177.8
15,     11.08.2014 02:31:16,     -3.15,     -2.01,     239,     2,     4.4,     7.1,     19.8,     77.9,     996.6,     204.44,     256,     87.7,     -177.7
16,     11.08.2014 02:41:16,     -3.15,     -6.03,     245,     1,     4.3,     8,     19.8,     78,     996.6,     204.44,     256,     88,     -177.9
17,     11.08.2014 02:51:16,     -2.1,     0,     252,     1.9,     4.9,     7.6,     20.1,     78.4,     996.7,     204.44,     76.2,     87.8,     -2.2
18,     11.08.2014 03:01:16,     -4.2,     0,     265,     2.4,     5.5,     8.2,     20.2,     78.7,     996.8,     204.44,     256.1,     88.2,     -178.2
19,     11.08.2014 03:11:16,     -4.2,     -2.01,     268,     2.6,     5,     8.3,     20.1,     78.2,     996.7,     204.44,     255.9,     87.9,     -177.9,     12.497,     20.09,     68.0
20,     11.08.2014 03:21:16,     -4.2,     -4.02,     272,     2.4,     4.7,     7.6,     20,     76.2,     996.9,     204.44,     255.5,     88.1,     -178
21,     11.08.2014 03:31:16,     -4.2,     -2.01,     284,     2.1,     4.1,     6.9,     19.8,     76.1,     997.2,     204.44,     255.6,     88,     -178
22,     11.08.2014 03:41:16,     -2.1,     -2.01,     297,     2.1,     5.3,     10.5,     19.5,     70.8,     997.4,     204.44,     256.2,     88,     -178
23,     11.08.2014 03:51:16,     -2.1,     -2.01,     292,     2.5,     4.7,     8.1,     19.2,     71.5,     997.6,     204.44,     256,     87.8,     -177.9
24,     11.08.2014 04:01:16,     -4.2,     -2.01,     293,     2.3,     5.5,     10.1,     18.9,     71.6,     997.8,     204.44,     256.2,     88.2,     -178.3
25,     11.08.2014 04:11:16,     -4.2,     -2.01,     294,     2.1,     4.9,     8.5,     18.6,     71.4,     998.1,     204.44,     255.5,     88,     -178,     12.446,     19.54,     68.1
26,     11.08.2014 04:21:16,     -4.2,     -2.01,     300,     0.5,     4.5,     7.5,     18.3,     73.4,     998.3,     204.44,     255.9,     87.7,     -177.8
27,     11.08.2014 04:31:16,     -4.2,     -2.01,     295,     1,     4.5,     9.1,     18.1,     74.1,     998.6,     204.44,     255.7,     88,     -177.9
28,     11.08.2014 04:41:16,     -2.1,     4.02,     298,     2,     4.7,     7.9,     17.8,     75.4,     998.9,     204.44,     255.7,     88,     -178
29,     11.08.2014 04:51:16,     0,     10.05,     296,     2.2,     4.3,     7.1,     17.6,     76.1,     999,     204.44,     255.7,     88,     -178
30,     11.08.2014 05:01:16,     4.2,     18.09,     294,     0.8,     4.2,     8.6,     17.4,     77.2,     999.1,     204.44,     255.4,     88,     -178
31,     11.08.2014 05:11:16,     13.65,     38.19,     295,     2.4,     4.5,     8,     17.3,     76.4,     999.1,     204.44,     256.1,     88.2,     -178.2,     12.442,     17.91,     68.7
32,     11.08.2014 05:21:16,     26.25,     66.33,     296,     1.8,     4.2,     6.5,     17.1,     77.9,     999.1,     204.44,     255.8,     87.8,     -177.8
33,     11.08.2014 05:31:16,     32.55,     78.39,     294,     2.1,     4,     6.4,     17,     76.8,     999.1,     204.44,     255.7,     88,     -178
34,     11.08.2014 05:41:16,     75.6,     124.62,     292,     1.9,     3.6,     6.1,     17,     77.5,     999.4,     204.44,     255.9,     87.9,     -177.9
35,     11.08.2014 05:51:16,     107.1,     184.92,     287,     0.9,     3.4,     5.8,     17.1,     77.1,     999.4,     204.44,     255.9,     87.9,     -177.9
36,     11.08.2014 06:01:16,     86.1,     178.89,     277,     0.2,     3,     6,     17.1,     77.5,     999.6,     204.44,     255.5,     88,     -178
37,     11.08.2014 06:11:16,     120.75,     229.14,     277,     1.8,     4,     6.9,     17.2,     77.7,     999.8,     204.44,     255.3,     87.8,     -177.9,     13.226,     18.57,     69.4
38,     11.08.2014 06:21:16,     156.45,     293.46,     277,     1.5,     3.9,     6.7,     17.1,     77.8,     999.9,     204.44,     256.4,     87.9,     -177.9
39,     11.08.2014 06:31:16,     135.45,     263.31,     281,     2.2,     4.3,     7.6,     17.1,     77.6,     999.9,     204.44,     256,     88,     -177.9
40,     11.08.2014 06:41:16,     196.35,     349.74,     284,     0.9,     4.2,     8.1,     17.1,     77.1,     1000,     204.44,     256.5,     88,     -178
41,     11.08.2014 06:51:16,     228.9,     432.15,     277,     2.4,     4.4,     8.8,     17.2,     78.5,     1000.1,     204.44,     256,     87.8,     -177.8
42,     11.08.2014 07:01:16,     249.9,     478.38,     280,     1.2,     3.9,     7.4,     17.3,     76.5,     1000.3,     204.44,     255.9,     88,     -178
43,     11.08.2014 07:11:16,     339.15,     621.09,     275,     1.1,     4.4,     7.7,     17.4,     76.1,     1000.3,     204.44,     255.7,     87.9,     -177.9,     14.254,     20.71,     68.6
44,     11.08.2014 07:21:16,     342.3,     647.22,     280,     1.2,     4.5,     8.1,     17.5,     76,     1000.4,     204.44,     255.8,     87.8,     -177.8
45,     11.08.2014 07:31:16,     363.3,     669.33,     292,     1.3,     4.1,     8.1,     17.5,     74.6,     1000.5,     204.44,     255.8,     88,     -178
46,     11.08.2014 07:41:16,     257.25,     520.59,     284,     1.4,     4.4,     8,     17.7,     74.1,     1000.7,     204.44,     256,     87.9,     -178
47,     11.08.2014 07:51:16,     343.35,     781.89,     289,     1.9,     5.1,     9.2,     17.7,     73.2,     1000.8,     204.44,     255.8,     87.5,     -177.6
48,     11.08.2014 08:01:16,     355.95,     679.38,     279,     1.6,     4.7,     9.6,     17.8,     73.3,     1000.8,     204.44,     255.5,     87.9,     -178
49,     11.08.2014 08:11:17,     389.55,     715.56,     281,     2.2,     4.9,     8.3,     18,     71.4,     1000.9,     204.44,     256.1,     88.1,     -178.2,     13.419,     22.28,     67.8
50,     11.08.2014 08:21:17,     358.05,     671.34,     275,     2.4,     4.9,     8.8,     18,     71.1,     1001,     204.44,     256.6,     88.3,     -178.3
51,     11.08.2014 08:31:17,     462,     892.44,     289,     1.9,     5.4,     9.4,     17.9,     71.4,     1001,     204.44,     255.8,     87.9,     -177.9
52,     11.08.2014 08:41:17,     468.3,     910.53,     284,     1.2,     5.7,     9.3,     18.1,     68.3,     1001,     204.44,     255.8,     87.7,     -177.8
53,     11.08.2014 08:51:17,     266.7,     536.67,     288,     2.3,     4.6,     8.5,     18.2,     69.3,     1001.1,     204.44,     255.9,     87.7,     -177.6
54,     11.08.2014 09:01:17,     219.45,     442.2,     288,     0.9,     5.5,     8.7,     18.1,     71.1,     1001.2,     204.44,     256.1,     87.8,     -177.7
55,     11.08.2014 09:11:16,     259.35,     510.54,     276,     1.6,     5.3,     9.4,     18.3,     67.2,     1001.2,     204.44,     256,     88,     -178.1,     13.404,     23.00,     67.3
56,     11.08.2014 09:21:16,     649.95,     1252.23,     271,     1.7,     5.4,     8.4,     18.4,     64.5,     1001.3,     204.44,     256.6,     87.9,     -177.9
57,     11.08.2014 09:31:16,     555.45,     1298.46,     279,     1,     5.2,     9.2,     18.6,     62,     1001.3,     204.44,     256.4,     88.2,     -178.2
58,     11.08.2014 09:41:16,     768.6,     1437.15,     265,     1.7,     6.1,     9.8,     18.7,     60.2,     1001.4,     204.44,     257,     87.7,     -178.3
59,     11.08.2014 09:51:16,     260.4,     546.72,     282,     1.8,     5.4,     8.9,     18.8,     59.9,     1001.5,     204.44,     256.2,     87.8,     -177.8
60,     11.08.2014 10:01:16,     672,     1089.42,     271,     1.9,     5,     8.9,     18.9,     59.7,     1001.6,     204.44,     256.5,     88,     -178
61,     11.08.2014 10:11:16,     661.5,     1284.39,     265,     1.8,     4.5,     8.5,     19.1,     58.6,     1001.5,     204.44,     256.2,     88,     -178.1,     13.059,     23.94,     66.9
62,     11.08.2014 10:21:16,     595.35,     1135.65,     249,     3,     6,     9.6,     19.1,     57.6,     1001.5,     204.44,     256.8,     88.1,     -178.1
63,     11.08.2014 10:31:16,     714,     1326.6,     284,     3.2,     5.8,     9.2,     19.1,     56.2,     1001.8,     204.44,     256.4,     87.8,     -177.8
64,     11.08.2014 10:41:16,     373.8,     908.52,     268,     0.5,     5,     8.9,     19.4,     54.2,     1001.8,     204.44,     76.5,     88,     -1.8
65,     11.08.2014 10:51:16,     285.6,     572.85,     266,     2,     4.9,     7.6,     19.4,     56.5,     1001.9,     204.44,     256.3,     87.8,     -177.8
66,     11.08.2014 11:01:16,     751.8,     1485.39,     271,     3.5,     6,     9.1,     19.3,     55.2,     1001.9,     204.44,     77.8,     87.6,     -2.2
67,     11.08.2014 11:11:16,     240.45,     464.31,     269,     1.5,     5.3,     8.7,     19.5,     55.8,     1002,     204.44,     256.2,     88,     -178,     13.379,     24.22,     66.6
68,     11.08.2014 11:21:16,     200.55,     412.05,     272,     2.3,     5.4,     9.8,     19.6,     53.3,     1002,     204.44,     256.1,     87.9,     -178
69,     11.08.2014 11:31:16,     844.2,     1648.2,     282,     2,     4.9,     8.6,     19.6,     53.9,     1002.1,     204.44,     256.4,     87.9,     -177.9
70,     11.08.2014 11:41:16,     369.6,     1270.32,     261,     2.2,     5.6,     10.7,     19.7,     53.6,     1002.2,     204.44,     256.2,     87.9,     -177.9
71,     11.08.2014 11:51:16,     690.9,     1463.28,     266,     1.1,     5.5,     9.4,     19.8,     50.2,     1002.3,     204.44,     257.4,     87.6,     -177.7
72,     11.08.2014 12:01:16,     879.9,     1734.63,     272,     3.1,     5.9,     10.7,     19.8,     51.4,     1002.3,     204.44,     76.5,     88.1,     -1.9
73,     11.08.2014 12:11:16,     357,     721.59,     255,     1.7,     5,     9.8,     19.8,     53.7,     1002.4,     204.44,     76.9,     87.9,     -2,     13.220,     24.21,     66.4
74,     11.08.2014 12:21:16,     308.7,     627.12,     253,     2.8,     6.1,     10,     20,     50.8,     1002.4,     204.44,     76.6,     87.9,     -2
75,     11.08.2014 12:31:16,     950.25,     1855.23,     263,     2.9,     5.5,     8.7,     20,     48.5,     1002.6,     204.44,     256.5,     87.6,     -177.6
76,     11.08.2014 12:41:16,     910.35,     1776.84,     255,     2.7,     5.6,     10.1,     20.2,     51.8,     1002.6,     204.44,     76.9,     87.8,     -2.1
77,     11.08.2014 12:51:16,     782.25,     1644.18,     253,     2.4,     5.3,     8.2,     20.2,     50.7,     1002.5,     204.44,     77,     88,     -1.9
78,     11.08.2014 13:01:16,     676.2,     1413.03,     254,     2.6,     5.5,     8.4,     20.2,     49.5,     1002.5,     204.44,     256.8,     88.1,     -178
79,     11.08.2014 13:11:16,     225.75,     478.38,     276,     1.8,     5.5,     9.8,     20.2,     51,     1002.5,     204.44,     256.6,     88.1,     -178.1,     13.249,     24.84,     66.1
80,     11.08.2014 13:21:16,     296.1,     629.13,     286,     0.3,     3.6,     6.3,     20.2,     50.1,     1002.4,     204.44,     76.4,     88,     -1.9
81,     11.08.2014 13:31:16,     873.6,     1710.51,     283,     0.3,     4.4,     8,     20.4,     52.1,     1002.5,     204.44,     256.1,     87.7,     -177.8
82,     11.08.2014 13:41:16,     835.8,     1610.01,     268,     2.4,     5.5,     9.8,     20.6,     51.8,     1002.4,     204.44,     76.2,     87.9,     -2.1
83,     11.08.2014 13:51:16,     886.2,     1714.53,     263,     2.3,     5.6,     10.5,     20.7,     45.5,     1002.4,     204.44,     257.1,     87.9,     -177.9
84,     11.08.2014 14:01:16,     675.15,     1413.03,     265,     3.1,     6,     9.5,     20.7,     49,     1002.4,     204.44,     76.8,     88.2,     -1.7
85,     11.08.2014 14:11:16,     800.1,     1545.69,     269,     2.3,     5.7,     11.7,     20.8,     46.6,     1002.5,     204.44,     76.5,     87.9,     -1.9,     13.084,     25.25,     66.1
86,     11.08.2014 14:21:16,     191.1,     402,     270,     1.6,     5.3,     8.9,     20.8,     47,     1002.5,     204.44,     255.9,     87.6,     -177.7
87,     11.08.2014 14:31:16,     802.2,     1525.59,     281,     1,     4.8,     7.9,     20.8,     47.1,     1002.6,     204.44,     256.1,     87.7,     -177.7
88,     11.08.2014 14:41:16,     700.35,     1348.71,     304,     1.8,     4.2,     7.4,     20.9,     46,     1002.5,     204.44,     76.5,     88,     -2
89,     11.08.2014 14:51:16,     727.65,     1402.98,     290,     2.1,     4.1,     7.2,     21,     43.4,     1002.5,     204.44,     76.6,     87.9,     -2
90,     11.08.2014 15:01:16,     665.7,     1272.33,     279,     2.4,     5.2,     8.6,     21.1,     45.6,     1002.5,     204.44,     76.4,     87.7,     -2.2
91,     11.08.2014 15:11:16,     318.15,     743.7,     268,     2.3,     4.5,     7,     20.9,     45.1,     1002.5,     204.44,     76,     87.9,     -2.1,     13.413,     25.09,     66.3
92,     11.08.2014 15:21:16,     173.25,     375.87,     287,     0.3,     3,     5.6,     21.2,     48,     1002.4,     204.44,     76.3,     88.1,     -1.8
93,     11.08.2014 15:31:16,     466.2,     816.06,     275,     0.5,     3.4,     7.6,     21.4,     42.9,     1002.3,     204.44,     76.3,     87.9,     -2
94,     11.08.2014 15:41:16,     202.65,     438.18,     275,     1.2,     4.1,     7.2,     21.5,     43.1,     1002.4,     204.44,     255.8,     87.8,     -177.9
95,     11.08.2014 15:51:16,     518.7,     960.78,     282,     1.4,     4.3,     6.9,     21.4,     43.5,     1002.4,     204.44,     76.7,     88,     -1.9
96,     11.08.2014 16:01:16,     490.35,     950.73,     284,     2.3,     4.7,     9.2,     21.2,     45,     1002.3,     204.44,     255.9,     88,     -178
97,     11.08.2014 16:11:16,     168,     397.98,     269,     2.2,     4.7,     7.5,     21.2,     45.1,     1002.4,     204.44,     76.5,     88,     -2,     13.396,     25.20,     66.2
98,     11.08.2014 16:21:16,     459.9,     844.2,     266,     2.1,     4,     7.5,     21.2,     43.6,     1002.4,     204.44,     256,     88,     -178
99,     11.08.2014 16:31:16,     448.35,     806.01,     262,     2,     4.2,     6.7,     21.1,     42.8,     1002.4,     204.44,     76.7,     88,     -1.9
100,     11.08.2014 16:41:16,     155.4,     343.71,     268,     1.2,     4,     6.9,     21.2,     42.1,     1002.5,     204.44,     76.3,     87.8,     -2
101,     11.08.2014 16:51:16,     319.2,     538.68,     275,     1.5,     3.6,     6.5,     21.3,     43,     1002.6,     204.44,     76.5,     87.9,     -1.9
102,     11.08.2014 17:01:16,     343.35,     605.01,     275,     1.7,     3.8,     6,     21.1,     43.7,     1002.6,     204.44,     255.6,     87.9,     -177.9
103,     11.08.2014 17:11:23,     93.45,     201,     266,     2.1,     4.4,     8.2,     21.1,     44.8,     1002.5,     204.44,     256.5,     88.1,     -178.1,     13.438,     24.27,     66.6
104,     11.08.2014 17:21:23,     112.35,     209.04,     269,     2.2,     4.5,     8.2,     21,     44.7,     1002.5,     204.44,     76.4,     88.1,     -1.9
105,     11.08.2014 17:31:23,     108.15,     213.06,     267,     1.5,     3.4,     5.8,     20.9,     44,     1002.4,     204.44,     255.8,     88.1,     -178.1
106,     11.08.2014 17:41:23,     98.7,     205.02,     272,     1.5,     2.8,     5,     20.8,     45.2,     1002.4,     204.44,     75.9,     87.8,     -2
107,     11.08.2014 17:51:23,     63,     130.65,     263,     1,     2.4,     4.3,     20.7,     48.6,     1002.4,     204.44,     255.7,     87.8,     -177.9
108,     11.08.2014 18:01:23,     50.4,     98.49,     254,     0.7,     2.6,     4.1,     20.6,     47.1,     1002.4,     204.44,     76.4,     88,     -2
109,     11.08.2014 18:11:16,     95.55,     174.87,     259,     1.5,     2.6,     4.1,     20.6,     48.4,     1002.5,     204.44,     255.7,     88,     -178,     13.472,     22.51,     67.5
110,     11.08.2014 18:21:16,     67.2,     152.76,     259,     0.4,     2.2,     4,     20.7,     45.7,     1002.4,     204.44,     255.8,     87.8,     -177.9
111,     11.08.2014 18:31:16,     108.15,     180.9,     256,     0.3,     2.5,     4.6,     20.8,     46,     1002.5,     204.44,     75.9,     88,     -2
112,     11.08.2014 18:41:16,     36.75,     92.46,     246,     1.1,     2.2,     3.6,     20.7,     46.6,     1002.5,     204.44,     75.9,     87.9,     -1.9
113,     11.08.2014 18:51:16,     44.1,     100.5,     243,     1,     2.2,     4.1,     20.4,     47.3,     1002.5,     204.44,     75.7,     88,     -1.9
114,     11.08.2014 19:01:16,     60.9,     92.46,     238,     0.7,     1.9,     3,     20.2,     49.2,     1002.5,     204.44,     255.6,     87.9,     -177.9
115,     11.08.2014 19:11:27,     28.35,     56.28,     247,     0.7,     1.8,     2.9,     20.1,     52.9,     1002.6,     204.44,     255.6,     87.9,     -178,     12.938,     21.88,     67.4
116,     11.08.2014 19:21:27,     16.8,     42.21,     246,     0.8,     1.9,     3,     20,     51.1,     1002.6,     204.44,     255.6,     87.9,     -178
117,     11.08.2014 19:31:27,     6.3,     26.13,     242,     0.4,     1.8,     2.6,     19.8,     53,     1002.7,     204.44,     255.5,     88,     -178
118,     11.08.2014 19:41:27,     -1.05,     12.06,     239,     0.9,     1.7,     2.5,     19.6,     52.3,     1002.7,     204.44,     255.5,     88,     -178
119,     11.08.2014 19:51:27,     -3.15,     2.01,     236,     0.9,     2,     3.3,     19.4,     52.4,     1002.8,     204.44,     255.6,     88,     -178
120,     11.08.2014 20:01:27,     -5.25,     2.01,     241,     0.9,     2.7,     4.4,     19.2,     51.9,     1002.9,     204.44,     255.5,     88,     -178
121,     11.08.2014 20:11:17,     -5.25,     0,     253,     1.3,     2.7,     4.7,     19.1,     52.3,     1003,     204.44,     255.5,     87.9,     -177.9,     12.696,     19.53,     68.4
122,     11.08.2014 20:21:17,     -5.25,     -4.02,     249,     0.8,     2.5,     3.8,     19.1,     54.9,     1003,     204.44,     255.5,     88,     -178
123,     11.08.2014 20:31:17,     -6.3,     -2.01,     242,     0.9,     2.2,     3.4,     18.8,     56.1,     1003,     204.44,     255.4,     87.9,     -178
124,     11.08.2014 20:41:17,     -6.3,     -2.01,     245,     0.9,     2.1,     3.7,     18.7,     54,     1003,     204.44,     255.4,     87.8,     -177.8
125,     11.08.2014 20:51:17,     -5.25,     -2.01,     239,     0.9,     2.1,     3.7,     18.6,     53.6,     1003,     204.44,     255.5,     88,     -178
126,     11.08.2014 21:01:17,     -5.25,     0,     231,     1,     1.9,     2.8,     18.4,     54.2,     1003,     204.44,     255.5,     87.9,     -177.9
127,     11.08.2014 21:11:16,     -6.3,     -4.02,     223,     0.3,     1.6,     2.6,     18,     58.1,     1003,     204.44,     255.4,     88,     -178,     12.650,     17.81,     68.7
128,     11.08.2014 21:21:16,     -6.3,     -4.02,     222,     0.7,     1.5,     2.3,     17.7,     58.6,     1003,     204.44,     255.5,     87.8,     -177.8
129,     11.08.2014 21:31:16,     -6.3,     -4.02,     221,     0.9,     1.6,     2.3,     17.5,     58,     1003,     204.44,     255.3,     87.9,     -177.9
130,     11.08.2014 21:41:16,     -5.25,     -2.01,     212,     0.8,     1.6,     2.6,     17.3,     59.8,     1003,     204.44,     255.3,     87.9,     -177.9
131,     11.08.2014 21:51:16,     -6.3,     -4.02,     208,     0.8,     1.5,     2.2,     17.1,     61.3,     1003,     204.44,     255.3,     88,     -178
132,     11.08.2014 22:01:16,     -5.25,     -2.01,     230,     0,     0.8,     1.5,     17,     62.4,     1003,     204.44,     255.3,     88,     -178
133,     11.08.2014 22:11:16,     -5.25,     -2.01,     210,     0.1,     1.3,     2.2,     16.9,     64.6,     1003,     204.44,     255.3,     87.9,     -177.9,     12.626,     16.37,     69.0
134,     11.08.2014 22:21:16,     -6.3,     -2.01,     199,     0.8,     1.4,     2.1,     16.6,     63.3,     1003,     204.44,     255.3,     87.9,     -177.9
135,     11.08.2014 22:31:16,     -6.3,     -2.01,     198,     0.5,     1.5,     2.1,     16.3,     60.4,     1003,     204.44,     255.3,     87.9,     -177.9
136,     11.08.2014 22:41:16,     -6.3,     -2.01,     201,     0.5,     1.3,     1.9,     16.3,     62.7,     1003,     204.44,     255.2,     87.9,     -177.9
137,     11.08.2014 22:51:16,     -5.25,     -2.01,     182,     0.7,     1.3,     1.9,     15.9,     66.7,     1002.9,     204.44,     255.2,     87.9,     -177.9
138,     11.08.2014 23:01:16,     -6.3,     -2.01,     178,     0.4,     1,     1.7,     15.7,     68.8,     1003,     204.44,     255.2,     87.8,     -177.9
139,     11.08.2014 23:11:16,     -5.25,     -2.01,     180,     0.6,     1.1,     1.5,     15.4,     71.8,     1003,     204.44,     255.2,     88,     -178,     12.582,     15.11,     69.3
140,     11.08.2014 23:21:16,     -4.2,     -2.01,     173,     0.4,     1.1,     1.6,     15.3,     74.4,     1002.9,     204.44,     255.1,     87.9,     -177.9
141,     11.08.2014 23:31:16,     -5.25,     0,     168,     0.4,     1.1,     1.6,     15.2,     73,     1002.9,     204.44,     255.2,     87.7,     -177.8
142,     11.08.2014 23:41:16,     -5.25,     -2.01,     178,     0.5,     1.3,     2.2,     15.2,     75,     1002.9,     204.44,     255.2,     87.9,     -177.9
143,     11.08.2014 23:51:16,     -5.25,     -4.02,     207,     0.6,     1.6,     2.8,     15.3,     69.7,     1003,     204.44,     255.3,     87.9,     -177.9
144,     12.08.2014 00:01:16,     -5.25,     0,     230,     1,     1.9,     3.1,     15.7,     66.6,     1003,     204.44,     255.3,     87.9,     -177.9,     12.471,     14.33,     69.4