Logger: #D10248 'TSK_Meteo' - USP_EXP2 (V2.10, Jan 24 2012)
No,     Time,     #1:W/m²:0,     #2:ÂµMol:(do.),     #5:deg:2,     #6:m/sMIN:(do.),     #7:m/sMIT:(do.),     #8:m/sMAX:(do.),     #9:Â°C:(do.),     #10:%:(do.),     #11:hPa:(do.),     #12:mm:(do.),     #14:AZ:3,     #15:EL:(do.),     #16:Roll:(do.),     #HK-Bat:V,     #HK-Temp:oC,     #HK-rH:%
(GSM Transfer OK / Signal:16)
1,     28.07.2014 00:11:22,     -4.2,     -4.02,     327,     0.1,     0.9,     1.7,     19.7,     85.5,     1006.3,     143.83,     255.1,     87.9,     -177.9,     12.442,     19.47,     66.0
2,     28.07.2014 00:21:22,     -4.2,     -4.02,     337,     0.2,     0.7,     1.4,     19.7,     85.1,     1006.4,     143.83,     255.2,     87.9,     -177.9
3,     28.07.2014 00:31:22,     -4.2,     -2.01,     48,     0,     0.6,     1,     19.8,     87,     1006.3,     143.83,     (NO REPLY),     (NO REPLY),     (NO REPLY)
4,     28.07.2014 00:41:22,     -4.2,     -4.02,     322,     0.1,     0.7,     1.5,     19.8,     87.1,     1006.2,     143.83,     (NO REPLY),     (NO REPLY),     (NO REPLY)
5,     28.07.2014 00:51:22,     -4.2,     0,     1,     0,     0.5,     1.2,     19.7,     86,     1006.2,     143.83,     255.2,     87.8,     -177.9
6,     28.07.2014 01:01:22,     -5.25,     -2.01,     117,     0.2,     0.8,     1.1,     19.4,     86.7,     1006.3,     143.83,     255.2,     87.9,     -177.9
7,     28.07.2014 01:11:16,     -3.15,     -2.01,     125,     0.2,     0.7,     1.1,     19.4,     86.8,     1006.2,     143.83,     255.2,     87.9,     -177.9,     12.541,     18.93,     67.1
8,     28.07.2014 01:21:16,     -4.2,     0,     85,     0,     0.5,     1,     19.5,     87,     1006.2,     143.83,     255.2,     87.9,     -177.9
9,     28.07.2014 01:31:16,     -4.2,     -2.01,     102,     0.1,     0.7,     1.4,     19.7,     87.1,     1006.2,     143.83,     255.2,     87.8,     -177.8
10,     28.07.2014 01:41:16,     -6.3,     -4.02,     124,     0,     0.6,     1.3,     19.5,     87,     1006.2,     143.83,     255.2,     87.9,     -177.9
11,     28.07.2014 01:51:16,     -3.15,     0,     63,     0.5,     1.1,     2,     19.5,     86.3,     1006.1,     143.83,     255.2,     87.9,     -177.9
12,     28.07.2014 02:01:16,     -4.2,     -2.01,     100,     0.2,     0.7,     1.3,     19.3,     86.8,     1006.1,     143.83,     255.2,     87.8,     -178
13,     28.07.2014 02:11:22,     -3.15,     -2.01,     37,     0,     0.7,     1.4,     19.4,     88.1,     1006.1,     143.83,     255.3,     87.9,     -177.9,     12.514,     18.74,     67.2
14,     28.07.2014 02:21:22,     -4.2,     0,     46,     0,     0.7,     1.4,     19.3,     88.1,     1006.1,     143.83,     255.2,     87.8,     -177.8
15,     28.07.2014 02:31:22,     -5.25,     -2.01,     140,     0.2,     0.7,     1.3,     18.7,     88.6,     1006,     143.83,     255.2,     88,     -178
16,     28.07.2014 02:41:22,     -3.15,     -2.01,     77,     0,     0.5,     1.1,     18.9,     89.7,     1005.9,     143.83,     255.2,     87.9,     -178
17,     28.07.2014 02:51:22,     -4.2,     -2.01,     333,     0.1,     0.9,     1.6,     18.7,     88.5,     1005.9,     143.83,     255.2,     87.9,     -177.9
18,     28.07.2014 03:01:22,     -5.25,     0,     320,     0.5,     0.9,     1.5,     18.4,     88.3,     1005.9,     143.83,     255.2,     87.8,     -178
19,     28.07.2014 03:11:16,     -3.15,     -2.01,     311,     0.4,     0.9,     1.5,     18.3,     88.3,     1005.8,     143.83,     255.2,     87.9,     -177.9,     12.474,     18.37,     67.3
20,     28.07.2014 03:21:16,     -5.25,     0,     344,     0.6,     1.1,     1.6,     18.2,     88.2,     1005.8,     143.83,     255.2,     87.9,     -177.9
21,     28.07.2014 03:31:16,     -4.2,     0,     24,     0,     0.7,     1.6,     18.4,     89.9,     1005.9,     143.83,     255.2,     87.9,     -177.9
22,     28.07.2014 03:41:16,     -4.2,     -4.02,     356,     0,     1.2,     1.9,     18.1,     88.1,     1005.7,     143.83,     255.3,     87.9,     -177.9
23,     28.07.2014 03:51:16,     -3.15,     -2.01,     327,     0,     1.2,     2,     17.9,     87.9,     1005.7,     143.83,     255.2,     88,     -178
24,     28.07.2014 04:01:16,     -3.15,     -2.01,     336,     0,     0.8,     1.5,     18,     88.9,     1005.7,     143.83,     255.1,     87.9,     -177.9
25,     28.07.2014 04:11:16,     -1.05,     2.01,     324,     0.4,     1.3,     1.9,     17.9,     88.9,     1005.7,     143.83,     255.3,     87.9,     -177.9,     12.442,     17.85,     67.4
26,     28.07.2014 04:21:16,     0,     8.04,     328,     0.3,     1,     1.7,     17.9,     89.4,     1005.7,     143.83,     255.2,     88,     -178
27,     28.07.2014 04:31:16,     3.15,     14.07,     332,     0.5,     1.4,     2,     17.9,     88.5,     1005.7,     143.83,     255.1,     87.9,     -177.9
28,     28.07.2014 04:41:16,     9.45,     26.13,     324,     0.3,     0.9,     1.6,     17.9,     88.9,     1005.8,     143.83,     255.2,     87.9,     -177.9
29,     28.07.2014 04:51:16,     17.85,     44.22,     308,     0.1,     0.9,     1.3,     17.7,     88.2,     1005.8,     143.83,     255.2,     88,     -177.9
30,     28.07.2014 05:01:16,     34.65,     72.36,     328,     0.2,     0.9,     1.5,     17.9,     88.9,     1005.9,     143.83,     255.2,     87.9,     -177.9
31,     28.07.2014 05:11:16,     35.7,     76.38,     326,     0.1,     0.8,     2,     18.1,     89.3,     1005.9,     143.83,     255.3,     87.9,     -177.9,     12.590,     17.75,     67.5
32,     28.07.2014 05:21:16,     38.85,     82.41,     326,     0.4,     0.9,     1.7,     18.4,     88.9,     1006,     143.83,     255.2,     88,     -178
33,     28.07.2014 05:31:16,     45.15,     92.46,     327,     0.5,     1.4,     2.5,     18.6,     88.1,     1006.1,     143.83,     255.3,     88,     -178
34,     28.07.2014 05:41:16,     45.15,     96.48,     314,     0.4,     1,     1.8,     18.5,     88.1,     1006.2,     143.83,     255.2,     88,     -178
35,     28.07.2014 05:51:16,     54.6,     114.57,     348,     0.2,     1.2,     2.3,     18.8,     88.7,     1006.1,     143.83,     255.3,     87.8,     -177.9
36,     28.07.2014 06:01:16,     60.9,     132.66,     13,     0.8,     1.7,     2.8,     19.1,     87.9,     1006.1,     143.83,     255.3,     88,     -178
37,     28.07.2014 06:11:22,     71.4,     148.74,     350,     0.4,     1.6,     2.5,     19.1,     87.3,     1006.1,     143.83,     255.3,     87.9,     -177.9,     12.925,     19.04,     67.1
38,     28.07.2014 06:21:22,     67.2,     142.71,     9,     0.7,     1.6,     2.7,     19.2,     87.2,     1006.1,     143.83,     255.3,     87.9,     -177.9
39,     28.07.2014 06:31:22,     76.65,     160.8,     40,     0.6,     1.7,     2.7,     19.2,     85.9,     1006.1,     143.83,     255.2,     87.9,     -178
40,     28.07.2014 06:41:22,     74.55,     162.81,     46,     0.4,     1.4,     3,     19.4,     86.5,     1006.1,     143.83,     255.1,     88,     -178
41,     28.07.2014 06:51:22,     80.85,     172.86,     45,     0.9,     1.9,     3.3,     19.3,     85.9,     1006.1,     143.83,     255.3,     87.9,     -177.9
42,     28.07.2014 07:01:22,     84,     180.9,     31,     1.3,     2.1,     3.1,     19.4,     85.3,     1006,     143.83,     255.4,     88,     -178
43,     28.07.2014 07:11:18,     112.35,     241.2,     24,     1.5,     2.2,     3.1,     19.5,     86.2,     1006,     143.83,     255.4,     88,     -178,     13.266,     20.05,     66.8
44,     28.07.2014 07:21:18,     129.15,     277.38,     23,     1.1,     2.1,     3,     19.4,     84.1,     1005.9,     143.83,     (NO REPLY),     (NO REPLY),     (NO REPLY)
45,     28.07.2014 07:31:18,     158.55,     331.65,     28,     1.3,     2.1,     3.1,     19.5,     85.4,     1006.2,     143.83,     255.4,     88,     -178
46,     28.07.2014 07:41:18,     195.3,     406.02,     29,     1.4,     2.2,     3.3,     19.6,     84.2,     1006.1,     143.83,     255.4,     87.9,     -177.9
47,     28.07.2014 07:51:18,     264.6,     540.69,     27,     1.5,     2.2,     2.9,     19.7,     84.5,     1006.2,     143.83,     255.5,     87.8,     -178
48,     28.07.2014 08:01:18,     289.8,     588.93,     34,     1.4,     2.5,     3.8,     20,     83.8,     1006.2,     143.83,     (NO REPLY),     (NO REPLY),     (NO REPLY)
49,     28.07.2014 08:11:31,     227.85,     474.36,     32,     1.3,     2.6,     4.2,     20.2,     83.3,     1006.2,     143.83,     (NO REPLY),     (NO REPLY),     (NO REPLY),     13.372,     21.95,     66.4
50,     28.07.2014 08:21:31,     212.1,     440.19,     36,     1.8,     2.9,     4.2,     20.3,     82.9,     1006.2,     143.83,     255.5,     88,     -178
51,     28.07.2014 08:31:31,     195.3,     406.02,     39,     1.8,     2.9,     4.3,     20.4,     82,     1006.2,     143.83,     255.3,     87.9,     -177.9
52,     28.07.2014 08:41:31,     176.4,     367.83,     37,     0.6,     2.6,     4.1,     20.5,     81.1,     1006.3,     143.83,     255.4,     87.8,     -177.8
53,     28.07.2014 08:51:31,     174.3,     365.82,     33,     1.3,     2.5,     3.8,     20.5,     81.7,     1006.3,     143.83,     (NO REPLY),     (NO REPLY),     (NO REPLY)
54,     28.07.2014 09:01:31,     245.7,     508.53,     22,     1.5,     2.8,     3.9,     20.5,     82.9,     1006.3,     143.89,     255.3,     88,     -178
55,     28.07.2014 09:11:21,     208.95,     434.16,     33,     1.4,     2.5,     3.5,     20.7,     83.3,     1006.3,     143.89,     255.3,     87.9,     -177.9,     13.370,     23.11,     65.8
56,     28.07.2014 09:21:21,     140.7,     301.5,     38,     1.1,     2.1,     3.7,     20.8,     82.3,     1006.3,     143.89,     (NO REPLY),     (NO REPLY),     (NO REPLY)
57,     28.07.2014 09:31:21,     165.9,     363.81,     60,     0,     1.2,     2.9,     21,     81.1,     1006.4,     143.89,     255.4,     87.8,     -177.9
58,     28.07.2014 09:41:21,     72.45,     156.78,     133,     0.2,     1.4,     2.6,     21.1,     80.8,     1007,     143.89,     255.2,     87.9,     -177.9
59,     28.07.2014 09:51:21,     153.3,     345.72,     112,     0,     1,     3.1,     21.2,     78.2,     1006.9,     143.89,     255.4,     88,     -178
60,     28.07.2014 10:01:21,     148.05,     335.67,     176,     0,     0.4,     1.1,     21.5,     77.7,     1007,     143.89,     255.5,     87.9,     -177.9
61,     28.07.2014 10:11:16,     98.7,     229.14,     196,     0.3,     1.6,     3,     21.8,     77.7,     1007.1,     143.89,     255.4,     87.9,     -177.9,     13.396,     23.56,     65.8
62,     28.07.2014 10:21:16,     93.45,     221.1,     195,     0.9,     2.8,     5.1,     21.8,     75.8,     1007.2,     143.89,     255.7,     87.9,     -177.9
63,     28.07.2014 10:31:16,     70.35,     172.86,     211,     1.4,     3.3,     5.5,     21.4,     77.3,     1007.2,     143.89,     255.3,     87.9,     -177.9
64,     28.07.2014 10:41:16,     57.75,     138.69,     197,     1.3,     2.9,     5,     21.1,     79.1,     1007.1,     143.91,     255.4,     87.8,     -177.8
65,     28.07.2014 10:51:16,     64.05,     158.79,     193,     1.6,     2.7,     4.4,     20.6,     83.1,     1007,     144.16,     255.2,     88,     -178
66,     28.07.2014 11:01:16,     65.1,     160.8,     207,     0.9,     1.9,     3.5,     20.4,     84.5,     1006.8,     144.34,     255.4,     87.8,     -177.9
67,     28.07.2014 11:11:22,     67.2,     162.81,     215,     1.1,     2,     3.1,     20.1,     85.8,     1006.7,     144.72,     255.4,     87.8,     -177.9,     13.421,     22.46,     66.3
68,     28.07.2014 11:21:22,     75.6,     180.9,     219,     0.7,     1.4,     2.2,     20.1,     87.3,     1006.6,     145.34,     255.4,     87.9,     -177.9
69,     28.07.2014 11:31:22,     84,     192.96,     202,     0.6,     1.7,     2.8,     20,     88.8,     1006.6,     146.46,     (NO REPLY),     (NO REPLY),     (NO REPLY)
70,     28.07.2014 11:41:22,     98.7,     229.14,     192,     0.2,     1.3,     2.4,     20,     89.1,     1006.5,     146.68,     255.3,     87.9,     -177.9
71,     28.07.2014 11:51:22,     110.25,     255.27,     202,     0,     0.6,     1.4,     20.2,     89.4,     1006.5,     146.74,     255.4,     88,     -178
72,     28.07.2014 12:01:22,     132.3,     299.49,     215,     0,     0.6,     1.4,     20.3,     89.1,     1006.4,     146.77,     255.3,     88,     -178
73,     28.07.2014 12:11:22,     158.55,     355.77,     309,     0,     0.4,     1,     20.4,     88.7,     1006.2,     146.78,     255.3,     87.9,     -177.9,     13.519,     21.77,     66.6
74,     28.07.2014 12:21:22,     195.3,     434.16,     26,     0,     0.7,     1.4,     20.6,     87.8,     1006.1,     146.78,     255.4,     88,     -178
75,     28.07.2014 12:31:22,     274.05,     598.98,     29,     0.2,     0.8,     1.6,     20.7,     87.3,     1006,     146.78,     255.4,     87.9,     -177.9
76,     28.07.2014 12:41:22,     465.15,     994.95,     45,     0,     0.5,     1.1,     21.1,     86.1,     1005.9,     146.78,     255.5,     88,     -178
77,     28.07.2014 12:51:22,     598.5,     1262.28,     90,     0,     0.4,     1.5,     21.6,     85.4,     1005.8,     146.78,     255.3,     87.9,     -177.9
78,     28.07.2014 13:01:22,     581.7,     1201.98,     91,     0.1,     1.2,     2.5,     21.8,     79.3,     1005.8,     146.78,     255.4,     87.9,     -177.9
79,     28.07.2014 13:11:16,     633.15,     1280.37,     53,     0.1,     1.3,     3.2,     22.2,     78.6,     1005.7,     146.78,     255.4,     87.9,     -177.9,     13.099,     25.79,     64.9
80,     28.07.2014 13:21:16,     525,     1091.43,     44,     0.2,     1.5,     3.2,     22.3,     77.5,     1005.7,     146.78,     255.2,     88,     -177.9
81,     28.07.2014 13:31:16,     736.05,     1499.46,     34,     0.5,     2.3,     4.1,     22.3,     76,     1005.7,     146.78,     255.3,     88,     -178
82,     28.07.2014 13:41:16,     549.15,     1141.68,     49,     0.1,     1.4,     2.7,     22.6,     76.4,     1005.7,     146.78,     75.8,     87.9,     -2.1
83,     28.07.2014 13:51:16,     722.4,     1529.61,     46,     0.3,     1.8,     4,     22.7,     75.3,     1005.6,     146.78,     255.3,     88,     -178
84,     28.07.2014 14:01:16,     420,     878.37,     22,     0.1,     1.4,     2.3,     22.7,     74.9,     1005.6,     146.78,     75.8,     87.9,     -2.1
85,     28.07.2014 14:11:16,     810.6,     1626.09,     2,     0,     1.2,     2.5,     23,     76.4,     1005.6,     146.78,     75.8,     87.9,     -2,     13.135,     28.71,     64.2
86,     28.07.2014 14:21:16,     527.1,     1047.21,     315,     0.4,     1.4,     2.9,     23.4,     72.2,     1005.6,     146.78,     75.9,     87.9,     -2
87,     28.07.2014 14:31:16,     362.25,     759.78,     359,     1,     2,     3.1,     23.4,     71.3,     1005.6,     146.78,     75.9,     87.9,     -2
88,     28.07.2014 14:41:16,     640.5,     1203.99,     26,     1.6,     2.3,     3.3,     23.5,     69.9,     1005.5,     146.78,     75.7,     88,     -1.9
89,     28.07.2014 14:51:16,     627.9,     1224.09,     12,     1.8,     2.6,     3.6,     23.6,     70.7,     1005.4,     146.78,     75.9,     87.7,     -2.2
90,     28.07.2014 15:01:16,     548.1,     1069.32,     23,     1.5,     2.5,     3.5,     23.7,     68.9,     1005.3,     146.78,     75.8,     87.8,     -2.1
91,     28.07.2014 15:11:16,     523.95,     1069.32,     27,     1,     2.5,     3.6,     23.9,     69.5,     1005.2,     146.78,     75.8,     88,     -2,     13.023,     29.52,     64.1
92,     28.07.2014 15:21:16,     711.9,     1376.85,     39,     1.3,     2.3,     3.4,     24.2,     66.3,     1005.1,     146.78,     75.6,     87.9,     -2
93,     28.07.2014 15:31:16,     572.25,     1157.76,     28,     0.7,     2.8,     5.8,     24.4,     66.2,     1005.1,     146.78,     75.8,     87.9,     -2
94,     28.07.2014 15:41:16,     530.25,     1005,     46,     0.4,     2.2,     4.1,     24.4,     65.6,     1005,     146.78,     75.7,     87.9,     -2
95,     28.07.2014 15:51:16,     548.1,     1109.52,     69,     0,     1.5,     4.6,     24.8,     65.3,     1004.9,     146.78,     75.6,     88,     -1.9
96,     28.07.2014 16:01:16,     497.7,     994.95,     102,     0,     1.3,     3.9,     24.7,     60.3,     1004.8,     146.78,     75.7,     87.9,     -2
97,     28.07.2014 16:11:16,     498.75,     964.8,     70,     0,     1.4,     3.3,     24.9,     61,     1004.7,     146.78,     75.8,     87.9,     -2,     13.171,     31.17,     63.2
98,     28.07.2014 16:21:16,     498.75,     954.75,     67,     0.2,     1.5,     3.7,     24.9,     58.2,     1004.7,     146.78,     75.5,     87.9,     -2
99,     28.07.2014 16:31:16,     444.15,     848.22,     71,     0,     1.8,     3.3,     25,     57.1,     1004.7,     146.78,     75.9,     87.9,     -2
100,     28.07.2014 16:41:16,     417.9,     801.99,     65,     0.3,     1.6,     4,     25.2,     56.4,     1004.7,     146.78,     75.7,     88,     -1.9
101,     28.07.2014 16:51:16,     360.15,     685.41,     87,     0.1,     1.7,     3.8,     25,     57.8,     1004.7,     146.78,     75.6,     88,     -1.9
102,     28.07.2014 17:01:16,     364.35,     687.42,     75,     0.1,     1.7,     4.5,     25.2,     57.6,     1004.7,     146.78,     75.7,     88,     -1.9
103,     28.07.2014 17:11:16,     330.75,     631.14,     117,     0,     1.4,     2.8,     25.1,     57.7,     1004.5,     146.78,     75.8,     88.1,     -1.8,     13.184,     31.83,     63.0
104,     28.07.2014 17:21:16,     315,     594.96,     101,     0,     1.2,     3.9,     25.1,     59.7,     1004.3,     146.78,     75.8,     87.9,     -2
105,     28.07.2014 17:31:16,     275.1,     512.55,     103,     0,     1.4,     2.8,     25,     58.5,     1004.3,     146.78,     75.4,     88,     -1.9
106,     28.07.2014 17:41:16,     180.6,     391.95,     99,     0.1,     1.3,     3,     25,     59,     1004.3,     146.78,     75.8,     88,     -1.9
107,     28.07.2014 17:51:16,     254.1,     474.36,     99,     0.1,     1.5,     3.6,     24.9,     61.4,     1004.3,     146.78,     75.8,     88,     -1.9
108,     28.07.2014 18:01:16,     200.55,     371.85,     97,     0,     1.8,     4.2,     24.8,     62.2,     1004.2,     146.78,     75.7,     88.1,     -1.8
109,     28.07.2014 18:11:16,     164.85,     297.48,     74,     0.3,     2,     4.4,     24.7,     64.2,     1004.3,     146.78,     75.5,     88,     -1.9,     13.370,     30.85,     63.6
110,     28.07.2014 18:21:16,     143.85,     267.33,     58,     0.1,     1.3,     3.4,     24.8,     64.6,     1004.2,     146.78,     75.7,     88,     -1.9
111,     28.07.2014 18:31:16,     132.3,     243.21,     58,     0.3,     1.6,     2.9,     24.6,     62.3,     1004.3,     146.78,     75.7,     88,     -2
112,     28.07.2014 18:41:16,     106.05,     203.01,     51,     0.1,     1.2,     2.8,     24.6,     63.1,     1004.3,     146.78,     75.7,     87.9,     -2
113,     28.07.2014 18:51:16,     100.8,     182.91,     50,     0.1,     1.2,     2.2,     24.5,     67.7,     1004.3,     146.78,     75.7,     88,     -1.9
114,     28.07.2014 19:01:16,     78.75,     146.73,     47,     0.4,     1.2,     2.4,     24.4,     65,     1004.3,     146.78,     75.6,     88,     -1.9
115,     28.07.2014 19:11:16,     61.95,     114.57,     50,     0.4,     1.1,     1.8,     24.3,     63.9,     1004.3,     146.78,     75.7,     87.9,     -2,     13.322,     28.56,     64.6
116,     28.07.2014 19:21:16,     34.65,     84.42,     48,     0.4,     1.3,     2.5,     24.1,     66.3,     1004.4,     146.78,     75.7,     88,     -1.9
117,     28.07.2014 19:31:16,     26.25,     60.3,     39,     0.3,     1.3,     2.3,     23.7,     66.6,     1004.4,     146.78,     75.6,     88,     -1.9
118,     28.07.2014 19:41:16,     18.9,     42.21,     55,     0.2,     1.4,     2.5,     23.5,     66.6,     1004.5,     146.78,     255.3,     87.9,     -178
119,     28.07.2014 19:51:16,     9.45,     30.15,     44,     0.2,     1.2,     2.1,     23.4,     71.1,     1004.5,     146.78,     255.3,     88,     -178
120,     28.07.2014 20:01:16,     4.2,     16.08,     48,     0.5,     1.1,     1.7,     23.1,     70.3,     1004.4,     146.78,     255.2,     87.8,     -177.8
121,     28.07.2014 20:11:16,     1.05,     8.04,     53,     0.4,     1,     1.7,     22.8,     71.2,     1004.5,     146.78,     255.3,     88,     -178,     12.745,     25.17,     66.0
122,     28.07.2014 20:21:16,     -2.1,     2.01,     41,     0.9,     1.5,     2.2,     22.8,     73.3,     1004.6,     146.78,     255.3,     87.9,     -177.9
123,     28.07.2014 20:31:16,     -4.2,     0,     54,     0.6,     1.3,     1.9,     22.5,     76.2,     1004.6,     146.78,     255.3,     88,     -178
124,     28.07.2014 20:41:16,     -4.2,     -2.01,     61,     0.4,     1.2,     2.2,     22.2,     76,     1004.7,     146.78,     255.3,     88.1,     -178.1
125,     28.07.2014 20:51:16,     -3.15,     -2.01,     53,     0.4,     1.2,     2.1,     22.1,     78.1,     1004.7,     146.78,     255.3,     88,     -178
126,     28.07.2014 21:01:16,     -4.2,     -2.01,     58,     0.2,     0.8,     1.7,     21.9,     79.6,     1004.7,     146.78,     255.2,     88,     -178
127,     28.07.2014 21:11:17,     -4.2,     -2.01,     61,     0.1,     0.7,     1.3,     21.7,     80.8,     1004.7,     146.78,     255.3,     88,     -178,     12.669,     22.49,     66.7
128,     28.07.2014 21:21:17,     -4.2,     0,     72,     0,     0.7,     1.3,     21.7,     80.6,     1004.8,     146.78,     255.2,     88,     -178
129,     28.07.2014 21:31:17,     -5.25,     -2.01,     144,     0.1,     0.8,     1.4,     21,     83.1,     1004.8,     146.78,     255.2,     87.9,     -177.9
130,     28.07.2014 21:41:17,     -3.15,     0,     97,     0,     0.6,     1.6,     21.2,     82.4,     1004.6,     146.78,     255.2,     87.9,     -177.9
131,     28.07.2014 21:51:17,     -4.2,     -2.01,     92,     0.1,     0.7,     1.4,     21.2,     81.5,     1004.6,     146.78,     255.2,     87.9,     -177.9
132,     28.07.2014 22:01:17,     -4.2,     0,     61,     0.1,     0.7,     1.6,     21.3,     82.6,     1004.6,     146.78,     255.2,     87.9,     -177.9
133,     28.07.2014 22:11:31,     -3.15,     -2.01,     79,     0.3,     1,     2.6,     21.1,     82.1,     1004.4,     146.78,     (NO REPLY),     (NO REPLY),     (NO REPLY),     12.650,     21.00,     66.9
134,     28.07.2014 22:21:31,     -4.2,     -2.01,     58,     0.1,     1.1,     2,     21.2,     81.7,     1004.3,     146.78,     255.2,     87.9,     -177.9
135,     28.07.2014 22:31:31,     -4.2,     -2.01,     73,     0.1,     0.9,     1.8,     21.1,     82.6,     1004.3,     146.78,     (NO REPLY),     (NO REPLY),     (NO REPLY)
136,     28.07.2014 22:41:31,     -4.2,     0,     76,     0,     0.7,     2.3,     21,     82.5,     1004.2,     146.78,     255.2,     87.9,     -177.9
137,     28.07.2014 22:51:31,     -5.25,     -2.01,     102,     0.1,     0.8,     1.7,     20.9,     83.3,     1004.2,     146.78,     255.2,     88,     -178
138,     28.07.2014 23:01:31,     -5.25,     -2.01,     75,     0,     0.8,     1.6,     20.8,     83.1,     1004.2,     146.78,     255.2,     87.9,     -177.9
139,     28.07.2014 23:11:22,     -5.25,     -2.01,     53,     0.3,     1.2,     1.9,     20.7,     83.7,     1004.2,     146.78,     255.3,     88,     -178,     12.622,     20.28,     66.9
140,     28.07.2014 23:21:22,     -5.25,     -4.02,     70,     0.4,     0.9,     1.7,     20.6,     85.1,     1004.2,     146.78,     255.2,     87.9,     -177.9
141,     28.07.2014 23:31:22,     -4.2,     -2.01,     58,     0.5,     1.1,     1.8,     20.5,     86,     1004.3,     146.78,     (NO REPLY),     (NO REPLY),     (NO REPLY)
142,     28.07.2014 23:41:22,     -5.25,     -2.01,     61,     0.4,     1.3,     2.1,     20.5,     86.9,     1004.2,     146.78,     (NO REPLY),     (NO REPLY),     (NO REPLY)
143,     28.07.2014 23:51:22,     -4.2,     -2.01,     85,     0,     0.8,     1.7,     20.3,     86.9,     1004.3,     146.78,     255.2,     87.9,     -177.9
144,     29.07.2014 00:01:30,     -4.2,     -2.01,     74,     0.4,     0.9,     1.7,     20.2,     87.5,     1004.1,     146.78,     (NO REPLY),     (NO REPLY),     (NO REPLY),     12.531,     19.97,     66.9