Logger: #D10248 'TSK_Meteo' - USP_EXP2 (V2.10, Jan 24 2012)
No,     Time,     #1:W/m²:0,     #2:ÂµMol:(do.),     #5:deg:2,     #6:m/sMIN:(do.),     #7:m/sMIT:(do.),     #8:m/sMAX:(do.),     #9:Â°C:(do.),     #10:%:(do.),     #11:hPa:(do.),     #12:mm:(do.),     #14:AZ:3,     #15:EL:(do.),     #16:Roll:(do.),     #HK-Bat:V,     #HK-Temp:oC,     #HK-rH:%
(GSM Transfer OK / Signal:15)
1,     21.07.2014 00:11:21,     -5.25,     0,     76,     0.4,     1.6,     3.2,     18.3,     83.1,     1003.7,     142.02,     255,     87.9,     -177.9,     12.448,     18.53,     67.8
2,     21.07.2014 00:21:21,     -5.25,     -2.01,     70,     0.3,     1.7,     3.7,     18.2,     82.2,     1003.7,     142.02,     255,     88,     -178
3,     21.07.2014 00:31:21,     -4.2,     -2.01,     67,     0.3,     1.8,     3.4,     18.2,     82.8,     1003.6,     142.02,     254.9,     88,     -178
4,     21.07.2014 00:41:21,     -4.2,     4.02,     69,     0.1,     1.8,     3.1,     18.1,     82.8,     1003.7,     142.02,     254.9,     88,     -178
5,     21.07.2014 00:51:21,     -5.25,     -2.01,     59,     0.6,     2,     3.6,     18,     83.1,     1003.6,     142.02,     255.1,     88,     -178.1
6,     21.07.2014 01:01:21,     -4.2,     -2.01,     53,     0.7,     2.2,     4.2,     18,     84.4,     1003.5,     142.02,     254.6,     87.9,     -177.9
7,     21.07.2014 01:11:16,     -4.2,     -2.01,     60,     0.4,     2.3,     4.2,     18.1,     83.6,     1003.5,     142.02,     255.3,     87.9,     -177.9,     12.546,     17.69,     69.0
8,     21.07.2014 01:21:16,     -5.25,     -2.01,     68,     0.2,     1.7,     3.8,     17.9,     83.8,     1003.5,     142.02,     255,     87.9,     -177.9
9,     21.07.2014 01:31:16,     -5.25,     0,     77,     0,     1.4,     3.1,     17.9,     85,     1003.5,     142.02,     255.1,     87.8,     -177.9
10,     21.07.2014 01:41:16,     -5.25,     -4.02,     67,     0.4,     1.6,     3.1,     17.8,     85.1,     1003.4,     142.02,     255.3,     88,     -178
11,     21.07.2014 01:51:16,     -4.2,     -2.01,     74,     0.5,     1.7,     3.4,     17.8,     85.2,     1003.4,     142.02,     255,     88,     -178
12,     21.07.2014 02:01:16,     -5.25,     -2.01,     80,     0,     1.4,     2.7,     17.6,     85.2,     1003.4,     142.02,     255.1,     87.9,     -177.9
13,     21.07.2014 02:11:17,     -4.2,     -2.01,     68,     0.1,     1.4,     3.1,     17.6,     86.1,     1003.5,     142.02,     255.2,     87.8,     -177.8,     12.488,     17.33,     69.0
14,     21.07.2014 02:21:17,     -4.2,     0,     68,     0.1,     1.4,     2.7,     17.6,     86.1,     1003.4,     142.02,     255.1,     87.9,     -177.9
15,     21.07.2014 02:31:17,     -4.2,     -2.01,     67,     0,     1.3,     3,     17.6,     86.4,     1003.3,     142.02,     255,     87.9,     -177.9
16,     21.07.2014 02:41:17,     -4.2,     -2.01,     68,     0,     1.3,     2.7,     17.6,     86.3,     1003.4,     142.02,     255.1,     88,     -178
17,     21.07.2014 02:51:17,     -3.15,     -2.01,     61,     0.3,     1.6,     3.3,     17.6,     87,     1003.3,     142.02,     255.1,     87.8,     -177.9
18,     21.07.2014 03:01:17,     -4.2,     -2.01,     64,     0.1,     1.4,     2.8,     17.5,     87.3,     1003.3,     142.02,     255.1,     87.9,     -177.9
19,     21.07.2014 03:11:22,     -4.2,     -2.01,     68,     0.1,     1.5,     2.8,     17.5,     87.2,     1003.3,     142.02,     255,     88,     -178,     12.452,     17.11,     69.0
20,     21.07.2014 03:21:22,     -3.15,     -2.01,     61,     0.5,     1.8,     3.5,     17.3,     87.4,     1003.4,     142.02,     255,     87.8,     -177.8
21,     21.07.2014 03:31:22,     -4.2,     0,     84,     0.2,     1.5,     3,     17.2,     87.6,     1003.4,     142.02,     255.1,     87.9,     -177.9
22,     21.07.2014 03:41:22,     -2.1,     -2.01,     77,     0.1,     1.3,     3.6,     17.1,     88.5,     1003.4,     142.02,     255.1,     88.1,     -178.1
23,     21.07.2014 03:51:22,     -2.1,     0,     76,     0.2,     1.4,     3,     17.1,     88.8,     1003.5,     142.02,     255.2,     88.1,     -178.1
24,     21.07.2014 04:01:22,     0,     4.02,     71,     0.3,     1.6,     3,     17.1,     88.2,     1003.5,     142.02,     255,     87.9,     -177.9
25,     21.07.2014 04:11:16,     2.1,     8.04,     79,     0.1,     1.5,     3.1,     17.1,     88.1,     1003.5,     142.02,     255.1,     88,     -178,     12.433,     16.92,     69.1
26,     21.07.2014 04:21:16,     8.4,     18.09,     74,     0.1,     1.4,     3.1,     17.2,     88.6,     1003.6,     142.02,     255.2,     88,     -178
27,     21.07.2014 04:31:16,     16.8,     32.16,     74,     0.2,     1.5,     3.4,     17.2,     87.1,     1003.7,     142.02,     255.2,     87.9,     -177.9
28,     21.07.2014 04:41:16,     24.15,     50.25,     72,     0.1,     1.3,     3,     17.3,     87.9,     1003.7,     142.02,     255.1,     87.9,     -177.9
29,     21.07.2014 04:51:16,     35.7,     74.37,     63,     0.2,     1.8,     3.3,     17.2,     86.5,     1003.7,     142.02,     255.3,     87.9,     -177.9
30,     21.07.2014 05:01:16,     52.5,     102.51,     58,     0.2,     1.8,     3.3,     17.3,     85.8,     1003.7,     142.02,     255.2,     87.9,     -178
31,     21.07.2014 05:11:16,     59.85,     118.59,     68,     0.1,     1.4,     3.2,     17.4,     85.1,     1003.7,     142.02,     255.1,     87.8,     -177.8,     12.739,     17.26,     69.1
32,     21.07.2014 05:21:16,     71.4,     140.7,     64,     0.1,     1.5,     3.5,     17.5,     85.1,     1003.8,     142.02,     255.2,     87.9,     -177.9
33,     21.07.2014 05:31:16,     84,     168.84,     60,     0.5,     1.8,     4.1,     17.6,     85.3,     1003.8,     142.02,     255.2,     87.8,     -177.8
34,     21.07.2014 05:41:16,     99.75,     198.99,     76,     0.2,     2.1,     6.2,     17.7,     85.1,     1003.8,     142.02,     255.2,     88,     -178
35,     21.07.2014 05:51:16,     109.2,     221.1,     79,     0.4,     2.1,     4.1,     17.8,     83.8,     1003.8,     142.02,     255.2,     88,     -178
36,     21.07.2014 06:01:16,     126,     249.24,     83,     0.4,     2.1,     3.7,     18.1,     83.7,     1004,     142.02,     255.2,     87.9,     -177.9
37,     21.07.2014 06:11:16,     132.3,     265.32,     73,     0.2,     1.8,     4.8,     18.2,     82.6,     1003.9,     142.02,     255.2,     87.9,     -177.9,     13.315,     18.87,     68.9
38,     21.07.2014 06:21:16,     166.95,     323.61,     76,     0,     1.9,     4.8,     18.4,     84,     1004,     142.02,     255.3,     87.9,     -177.9
39,     21.07.2014 06:31:16,     231,     432.15,     67,     0.4,     1.9,     3.9,     18.6,     81.5,     1004,     142.02,     (NO REPLY),     (NO REPLY),     (NO REPLY)
40,     21.07.2014 06:41:16,     207.9,     404.01,     78,     0.3,     1.9,     3.6,     18.9,     80.3,     1004.1,     142.02,     254.8,     87.8,     -177.8
41,     21.07.2014 06:51:16,     254.1,     480.39,     80,     0.1,     2,     4.3,     19.2,     78.7,     1004,     142.02,     255.4,     87.8,     -177.8
42,     21.07.2014 07:01:16,     289.8,     548.73,     87,     0.3,     2.1,     4.4,     19.5,     77.4,     1004.1,     142.02,     255,     87.9,     -178
43,     21.07.2014 07:11:16,     309.75,     594.96,     93,     0.2,     2,     4.1,     19.8,     76,     1004.1,     142.02,     255,     87.8,     -177.9,     13.345,     23.26,     68.2
44,     21.07.2014 07:21:16,     329.7,     637.17,     97,     0.3,     2.4,     5.7,     20.1,     75.4,     1004.3,     142.02,     254.2,     87.8,     -177.9
45,     21.07.2014 07:31:16,     384.3,     731.64,     99,     0.1,     2.1,     4.6,     20.4,     73.8,     1004.3,     142.02,     255.4,     87.9,     -177.9
46,     21.07.2014 07:41:16,     404.25,     781.89,     96,     0.2,     2.7,     6.9,     20.7,     72.5,     1004.3,     142.02,     254.7,     88,     -178
47,     21.07.2014 07:51:16,     492.45,     936.66,     96,     0.5,     2.9,     6.2,     21,     71.1,     1004.3,     142.02,     255,     87.9,     -177.9
48,     21.07.2014 08:01:16,     535.5,     1007.01,     98,     0.4,     2.8,     7.2,     21.3,     68.4,     1004.4,     142.02,     255.4,     87.9,     -177.9
49,     21.07.2014 08:11:22,     620.55,     1163.79,     100,     0.3,     2.7,     7,     21.5,     67.4,     1004.5,     142.02,     255.5,     87.8,     -177.8,     13.150,     28.07,     66.7
50,     21.07.2014 08:21:22,     434.7,     858.27,     100,     0.4,     3,     5.7,     21.6,     67.7,     1004.7,     142.02,     255,     87.9,     -177.9
51,     21.07.2014 08:31:22,     410.55,     820.08,     95,     0.7,     3.1,     6,     21.7,     66.4,     1004.7,     142.02,     75.6,     87.7,     -2.2
52,     21.07.2014 08:41:22,     415.8,     846.21,     100,     0.1,     2.4,     7.4,     21.9,     67.6,     1004.8,     142.02,     254.9,     88,     -178
53,     21.07.2014 08:51:22,     453.6,     908.52,     87,     0.4,     2.8,     6.9,     22.2,     66.8,     1004.9,     142.02,     75.7,     87.9,     -2
54,     21.07.2014 09:01:22,     655.2,     1270.32,     87,     0.5,     3.2,     7.4,     22.1,     64.8,     1005,     142.02,     255.4,     88,     -178
55,     21.07.2014 09:11:16,     680.4,     1326.6,     90,     0.3,     3,     6.2,     22.6,     63.6,     1005.1,     142.02,     75.7,     87.7,     -2.2,     13.095,     28.71,     66.3
56,     21.07.2014 09:21:16,     680.4,     1334.64,     98,     0.4,     3.2,     6.2,     22.8,     61.3,     1005.1,     142.02,     75.3,     88.1,     -1.8
57,     21.07.2014 09:31:16,     684.6,     1346.7,     92,     0.4,     3.2,     7.2,     23,     61.6,     1005.1,     142.02,     75.7,     87.7,     -2.2
58,     21.07.2014 09:41:16,     728.7,     1435.14,     107,     0.1,     2.3,     6.3,     23.5,     59.5,     1005.1,     142.02,     75.8,     87.9,     -2
59,     21.07.2014 09:51:16,     741.3,     1461.27,     114,     0.3,     2.7,     6.4,     23.5,     57.9,     1005.1,     142.02,     74.9,     87.8,     -2.2
60,     21.07.2014 10:01:16,     717.15,     1423.08,     107,     0.4,     3.1,     6.8,     23.7,     58.6,     1005.1,     142.02,     75.8,     88.2,     -1.6
61,     21.07.2014 10:11:16,     711.9,     1415.04,     83,     0.2,     3.1,     8,     23.6,     57.4,     1005.2,     142.02,     75.4,     88.1,     -1.8,     13.203,     30.71,     65.2
62,     21.07.2014 10:21:16,     753.9,     1497.45,     84,     0.3,     3,     6.2,     23.9,     56.7,     1005.3,     142.02,     76,     87.5,     -2.4
63,     21.07.2014 10:31:16,     765.45,     1527.6,     114,     0.4,     2.9,     6.7,     24.3,     55.4,     1005.3,     142.02,     75.8,     88.1,     -1.8
64,     21.07.2014 10:41:16,     783.3,     1569.81,     96,     0.1,     2.3,     5.6,     24.4,     55.6,     1005.2,     142.02,     75.6,     87.7,     -2.2
65,     21.07.2014 10:51:16,     800.1,     1597.95,     83,     1.1,     3.8,     9.3,     24.3,     54.6,     1005.2,     142.02,     75.4,     87.3,     -2.6
66,     21.07.2014 11:01:16,     775.95,     1557.75,     91,     0.4,     3.3,     6.6,     24.5,     55.5,     1005.2,     142.02,     75.7,     87.9,     -1.9
67,     21.07.2014 11:11:16,     738.15,     1497.45,     102,     0.1,     3,     6.3,     24.7,     54.7,     1005.2,     142.02,     75.8,     87.8,     -2.1,     13.054,     30.29,     65.1
68,     21.07.2014 11:21:16,     799.05,     1605.99,     105,     0.1,     3,     6.4,     24.8,     54.2,     1005.2,     142.02,     255.2,     88.2,     -178.2
69,     21.07.2014 11:31:16,     823.2,     1652.22,     87,     0.8,     3.4,     7.6,     24.7,     49.7,     1005.1,     142.02,     75.2,     87.9,     -2
70,     21.07.2014 11:41:16,     813.75,     1632.12,     105,     0.4,     3.8,     9,     25,     49.4,     1005.3,     142.02,     75.5,     87.8,     -2.1
71,     21.07.2014 11:51:16,     834.75,     1674.33,     102,     0.4,     3.5,     7.5,     25,     51.3,     1005.3,     142.02,     75.8,     87.9,     -1.9
72,     21.07.2014 12:01:16,     843.15,     1698.45,     104,     0.1,     3.3,     8,     25.1,     49.1,     1005.4,     142.02,     75.6,     87.9,     -1.9
73,     21.07.2014 12:11:17,     836.85,     1682.37,     103,     0.1,     3.7,     8.2,     25.1,     46.9,     1005.4,     142.02,     75.5,     87.8,     -2.1,     12.872,     29.34,     65.6
74,     21.07.2014 12:21:17,     775.95,     1567.8,     107,     0.5,     3.7,     7.6,     25.1,     46.6,     1005.4,     142.02,     76,     87.9,     -1.9
75,     21.07.2014 12:31:17,     833.7,     1678.35,     109,     0.5,     3.2,     7.2,     25.3,     47,     1005.4,     142.02,     75.8,     87.6,     -2.3
76,     21.07.2014 12:41:17,     840,     1690.41,     92,     0.1,     3.5,     8,     25.4,     42.9,     1005.4,     142.02,     255,     88,     -178
77,     21.07.2014 12:51:17,     838.95,     1684.38,     104,     0.6,     3.6,     9.3,     25.4,     41.1,     1005.4,     142.02,     75.8,     87.9,     -2
78,     21.07.2014 13:01:17,     833.7,     1672.32,     114,     0.2,     2.8,     7.5,     25.5,     41.5,     1005.5,     142.02,     75.3,     87.8,     -2.1
79,     21.07.2014 13:11:23,     821.1,     1646.19,     96,     0.6,     3.2,     7.5,     25.6,     40.7,     1005.4,     142.02,     75.2,     87.4,     -2.5,     13.158,     29.74,     65.1
80,     21.07.2014 13:21:23,     822.15,     1644.18,     108,     0.9,     3.8,     7.8,     25.6,     38.9,     1005.5,     142.02,     74.3,     87.9,     -1.9
81,     21.07.2014 13:31:23,     816.9,     1630.11,     87,     0.2,     3,     6.5,     25.9,     39.1,     1005.5,     142.02,     75.5,     87.9,     -1.9
82,     21.07.2014 13:41:23,     815.85,     1618.05,     69,     0.6,     3.9,     8.1,     25.6,     39.2,     1005.5,     142.02,     75.5,     87.5,     -2.4
83,     21.07.2014 13:51:23,     742.35,     1475.34,     105,     0.2,     3.6,     8.4,     25.5,     39.1,     1005.6,     142.02,     75.5,     87.6,     -2.3
84,     21.07.2014 14:01:23,     792.75,     1563.78,     85,     0.5,     3.6,     8.1,     25.8,     36.2,     1005.5,     142.02,     75.7,     87.7,     -2.2
85,     21.07.2014 14:11:16,     746.55,     1481.37,     95,     0.5,     3.3,     7.6,     25.7,     37.1,     1005.6,     142.02,     74.8,     87.7,     -2.2,     13.059,     29.73,     65.2
86,     21.07.2014 14:21:16,     687.75,     1354.74,     109,     0.9,     3.8,     9.6,     25.9,     36.3,     1005.6,     142.02,     75.6,     88,     -1.9
87,     21.07.2014 14:31:16,     764.4,     1495.44,     116,     0.2,     3.2,     7.8,     25.7,     37.3,     1005.5,     142.02,     74.6,     87.8,     -2.1
88,     21.07.2014 14:41:16,     655.2,     1290.42,     115,     0.4,     3.3,     7.6,     25.9,     39.5,     1005.4,     142.02,     75,     88.2,     -1.6
89,     21.07.2014 14:51:16,     561.75,     1109.52,     79,     0.1,     4,     9.1,     25.7,     40.1,     1005.4,     142.02,     75,     87.5,     -2.4
90,     21.07.2014 15:01:16,     554.4,     1077.36,     92,     0.9,     3.5,     8,     25.6,     41.2,     1005.6,     142.02,     75.4,     88.2,     -1.6
91,     21.07.2014 15:11:16,     580.65,     1131.63,     76,     0.2,     3.9,     8.4,     25.5,     39.1,     1005.6,     142.02,     75.6,     87.8,     -2,     13.097,     29.52,     65.4
92,     21.07.2014 15:21:16,     576.45,     1123.59,     87,     0.3,     4.1,     10,     25.5,     40.2,     1005.7,     142.02,     75,     88,     -1.9
93,     21.07.2014 15:31:16,     640.5,     1228.11,     87,     0.2,     3.3,     7.5,     25.6,     40.8,     1005.7,     142.02,     75.4,     88.1,     -1.8
94,     21.07.2014 15:41:16,     551.25,     1053.24,     90,     0.1,     3.3,     9.4,     25.5,     40.2,     1005.7,     142.02,     75.1,     87.7,     -2.2
95,     21.07.2014 15:51:16,     547.05,     1043.19,     104,     0.8,     3.5,     7.3,     25.3,     38.9,     1005.6,     142.02,     75.2,     87.9,     -1.9
96,     21.07.2014 16:01:16,     522.9,     994.95,     107,     0.2,     3.1,     7.3,     25.3,     39.6,     1005.7,     142.02,     75.4,     87.8,     -2.1
97,     21.07.2014 16:11:16,     491.4,     944.7,     98,     0.6,     3.4,     7.7,     25.4,     42.5,     1005.7,     142.02,     74.5,     88.1,     -1.7,     13.273,     29.31,     65.2
98,     21.07.2014 16:21:16,     490.35,     920.58,     93,     0.5,     3.9,     7.8,     25.1,     43.7,     1005.7,     142.02,     75.4,     88.3,     -1.6
99,     21.07.2014 16:31:16,     388.5,     741.69,     85,     0.3,     3.8,     8.6,     25,     43.4,     1005.9,     142.02,     255.2,     88.5,     -178.5
100,     21.07.2014 16:41:16,     344.4,     655.26,     92,     0.4,     3.5,     7.4,     24.8,     44,     1006,     142.02,     75.1,     88.5,     -1.3
101,     21.07.2014 16:51:16,     338.1,     647.22,     96,     0.5,     3.9,     8.5,     24.4,     44,     1006.1,     142.02,     75.5,     88.1,     -1.9
102,     21.07.2014 17:01:16,     382.2,     717.57,     90,     0.5,     3.8,     8.1,     24.3,     46.3,     1006.2,     142.02,     75.8,     87.5,     -2.2
103,     21.07.2014 17:11:17,     348.6,     657.27,     105,     0.4,     3.4,     7.4,     24.2,     47,     1006.3,     142.02,     73.5,     88,     -1.9,     13.271,     28.42,     65.5
104,     21.07.2014 17:21:17,     299.25,     560.79,     96,     0.6,     3.6,     7.1,     24,     47.8,     1006.3,     142.02,     74,     87.9,     -2
105,     21.07.2014 17:31:17,     218.4,     418.08,     95,     1.2,     3.9,     9.6,     23.8,     48.6,     1006.3,     142.02,     75.4,     88,     -1.9
106,     21.07.2014 17:41:17,     242.55,     452.25,     95,     0.3,     3.5,     7.8,     23.6,     49.2,     1006.3,     142.02,     75.9,     87.9,     -2
107,     21.07.2014 17:51:17,     227.85,     424.11,     79,     0.2,     2.5,     6.3,     23.6,     51.8,     1006.4,     142.02,     75.2,     88,     -1.9
108,     21.07.2014 18:01:17,     233.1,     428.13,     79,     0.1,     3.1,     6.9,     23.3,     53.5,     1006.5,     142.02,     74.6,     89,     -0.9
109,     21.07.2014 18:11:16,     218.4,     402,     76,     0.5,     3.4,     8.3,     23.2,     54,     1006.6,     142.02,     75.5,     88.2,     -1.6,     13.411,     27.23,     65.8
110,     21.07.2014 18:21:16,     153.3,     291.45,     82,     0.4,     3.3,     7.4,     23,     55,     1006.7,     142.02,     75.4,     87.6,     -2.2
111,     21.07.2014 18:31:16,     131.25,     247.23,     82,     0.3,     3.1,     7.2,     22.7,     58,     1006.9,     142.02,     75.2,     88.3,     -1.6
112,     21.07.2014 18:41:16,     98.7,     188.94,     83,     0.4,     2.9,     5.9,     22.4,     58.2,     1007,     142.02,     75.5,     88.1,     -1.8
113,     21.07.2014 18:51:16,     141.75,     231.15,     94,     0.1,     3.2,     6.6,     22.3,     58.7,     1007,     142.02,     74.7,     87.9,     -2.1
114,     21.07.2014 19:01:16,     120.75,     166.83,     90,     0.2,     3.1,     6.2,     22.1,     59.8,     1007.1,     142.02,     75.3,     87.9,     -2
115,     21.07.2014 19:11:17,     77.7,     114.57,     82,     0.3,     2.5,     5.5,     21.9,     61.8,     1007.2,     142.02,     75.4,     88.1,     -1.8,     13.457,     25.64,     66.6
116,     21.07.2014 19:21:17,     85.05,     96.48,     85,     0.3,     2.1,     4.7,     21.7,     63.2,     1007.2,     142.02,     75.2,     87.9,     -2
117,     21.07.2014 19:31:17,     68.25,     78.39,     79,     0.3,     3.2,     6.5,     21.4,     63.9,     1007.2,     142.02,     75.6,     87.8,     -2.1
118,     21.07.2014 19:41:17,     50.4,     64.32,     87,     0.4,     3,     6.6,     21.2,     64.6,     1007.3,     142.02,     75.5,     88.2,     -1.7
119,     21.07.2014 19:51:17,     33.6,     50.25,     80,     0.2,     2.6,     5.6,     20.9,     65.9,     1007.4,     142.02,     254.8,     88,     -178
120,     21.07.2014 20:01:17,     14.7,     34.17,     81,     0.3,     2.9,     5.7,     20.7,     68,     1007.5,     142.02,     75.3,     87.9,     -2
121,     21.07.2014 20:11:16,     5.25,     20.1,     69,     0.3,     2.6,     6.6,     20.5,     71.3,     1007.7,     142.02,     255,     88,     -178,     12.783,     23.36,     67.5
122,     21.07.2014 20:21:16,     -1.05,     8.04,     69,     0.1,     2.9,     6.5,     20.1,     72.7,     1007.7,     142.02,     75.3,     88.1,     -1.8
123,     21.07.2014 20:31:16,     -1.05,     2.01,     73,     0.2,     2.6,     7.2,     19.8,     74.8,     1007.7,     142.02,     254.3,     87.9,     -177.9
124,     21.07.2014 20:41:16,     -2.1,     0,     70,     0.2,     2.7,     6.9,     19.6,     76.7,     1007.8,     142.02,     255.1,     87.6,     -177.6
125,     21.07.2014 20:51:16,     -4.2,     0,     80,     0.1,     2.2,     5.6,     19.3,     79,     1007.7,     142.02,     255,     87.9,     -177.9
126,     21.07.2014 21:01:16,     -5.25,     -2.01,     70,     0.2,     2.6,     6.5,     19.1,     79.9,     1007.9,     142.02,     255.1,     87.8,     -177.8
127,     21.07.2014 21:11:16,     -6.3,     -2.01,     61,     0.2,     2.3,     5.1,     18.9,     80.9,     1008,     142.02,     255.3,     88.1,     -178.2,     12.671,     20.13,     68.4
128,     21.07.2014 21:21:16,     -5.25,     -4.02,     58,     0.5,     2.9,     6.3,     18.8,     81,     1008.1,     142.02,     254.7,     88.2,     -178.3
129,     21.07.2014 21:31:16,     -5.25,     0,     63,     0.2,     2.1,     6.2,     18.7,     82,     1008.2,     142.02,     75.4,     88.1,     -1.9
130,     21.07.2014 21:41:16,     -4.2,     -2.01,     89,     0.1,     2,     4.3,     18.4,     83,     1008.1,     142.02,     255.1,     87.8,     -177.8
131,     21.07.2014 21:51:16,     -5.25,     -2.01,     68,     0.2,     1.8,     4.4,     18.3,     83.1,     1008.2,     142.02,     255.1,     87.7,     -177.7
132,     21.07.2014 22:01:16,     -4.2,     0,     77,     0.2,     1.9,     3.9,     18.2,     83.9,     1008.2,     142.02,     255.1,     87.9,     -177.9
133,     21.07.2014 22:11:22,     -5.25,     0,     69,     0.3,     1.9,     4.8,     18.1,     84.8,     1008.2,     142.02,     255.1,     88,     -178,     12.647,     18.29,     68.7
134,     21.07.2014 22:21:22,     -6.3,     -2.01,     67,     0.3,     1.9,     4.6,     18,     85.6,     1008.2,     142.02,     255,     87.9,     -177.9
135,     21.07.2014 22:31:22,     -3.15,     -2.01,     73,     0.3,     1.9,     4.8,     17.9,     85.5,     1008.2,     142.02,     254.9,     88,     -178
136,     21.07.2014 22:41:22,     -6.3,     -4.02,     71,     0.1,     1.8,     4.4,     17.8,     85.8,     1008.2,     142.02,     255.2,     88,     -178
137,     21.07.2014 22:51:22,     -4.2,     -2.01,     73,     0.2,     2.2,     4.8,     17.8,     86.6,     1008.2,     142.02,     255,     88,     -178
138,     21.07.2014 23:01:22,     -4.2,     -2.01,     69,     0.1,     1.9,     4,     17.7,     86.5,     1008.3,     142.02,     255,     87.9,     -177.9
139,     21.07.2014 23:11:16,     -5.25,     0,     68,     0.1,     1.5,     3.4,     17.7,     86.6,     1008.4,     142.02,     255,     87.9,     -177.9,     12.603,     17.43,     68.8
140,     21.07.2014 23:21:16,     -5.25,     0,     85,     0.1,     1.5,     3.4,     17.5,     87.4,     1008.4,     142.02,     255.1,     88,     -178
141,     21.07.2014 23:31:16,     -6.3,     -2.01,     84,     0,     1.4,     3.5,     17.5,     87.7,     1008.5,     142.02,     255,     88,     -178
142,     21.07.2014 23:41:16,     -5.25,     -2.01,     74,     0.1,     1.9,     3.9,     17.5,     87.7,     1008.5,     142.02,     255,     87.9,     -177.9
143,     21.07.2014 23:51:16,     -4.2,     -4.02,     70,     0.1,     1.9,     4.1,     17.5,     88,     1008.6,     142.02,     254.9,     87.8,     -177.8
144,     22.07.2014 00:01:16,     -5.25,     -2.01,     60,     0.1,     1.9,     4.6,     17.5,     87.6,     1008.6,     142.02,     255,     88,     -178,     12.486,     17.05,     68.8