Logger: #D10248 'TSK_Meteo' - USP_EXP2 (V2.10, Jan 24 2012)
No,     Time,     #1:W/m²:0,     #2:ÂµMol:(do.),     #5:deg:2,     #6:m/sMIN:(do.),     #7:m/sMIT:(do.),     #8:m/sMAX:(do.),     #9:Â°C:(do.),     #10:%:(do.),     #11:hPa:(do.),     #12:mm:(do.),     #14:AZ:3,     #15:EL:(do.),     #16:Roll:(do.),     #HK-Bat:V,     #HK-Temp:oC,     #HK-rH:%
(GSM Transfer OK / Signal:14)
1,     07.02.2015 00:11:16,     0,     -2.01,     302,     0.2,     1.1,     2.6,     -3.6,     90.6,     1022.8,     432.38,     74.9,     88,     -1.9,     12.058,     -3.61,     92.0
2,     07.02.2015 00:21:16,     0,     0,     291,     0.1,     1.3,     2.7,     -3.4,     90.5,     1022.8,     432.38,     72.6,     88,     -1.9
3,     07.02.2015 00:31:16,     0,     -2.01,     317,     0.5,     1.5,     2.4,     -3.3,     90.5,     1022.6,     432.38,     253.3,     88,     -178
4,     07.02.2015 00:41:16,     -2.1,     0,     300,     0.2,     1.4,     2.6,     -3.2,     90.3,     1022.3,     432.38,     70.3,     87.9,     -1.9
5,     07.02.2015 00:51:16,     -3.15,     -2.01,     300,     0.2,     1.4,     2.8,     -3.2,     90.1,     1022.3,     432.38,     72.3,     87.9,     -1.9
6,     07.02.2015 01:01:16,     0,     -2.01,     327,     0,     0.9,     2.6,     -3.1,     90.3,     1022.1,     432.38,     71.1,     87.9,     -2
7,     07.02.2015 01:11:17,     0,     0,     267,     0.1,     1,     2.6,     -3,     90.4,     1022.1,     432.38,     73,     87.9,     -2,     12.357,     -2.87,     93.4
8,     07.02.2015 01:21:17,     -1.05,     -2.01,     308,     0.4,     1.5,     3.1,     -2.8,     90.4,     1022,     432.38,     73.1,     87.9,     -2
9,     07.02.2015 01:31:17,     0,     0,     295,     0.1,     1.2,     3.1,     -2.7,     90.4,     1021.9,     432.38,     72.9,     88,     -2
10,     07.02.2015 01:41:17,     -1.05,     -2.01,     316,     0.1,     1.3,     2.9,     -2.6,     90.2,     1021.9,     432.38,     73.2,     88,     -1.9
11,     07.02.2015 01:51:17,     -1.05,     0,     301,     0,     1.6,     3.1,     -2.6,     90,     1021.9,     432.38,     73.1,     88,     -1.9
12,     07.02.2015 02:01:17,     0,     -2.01,     19,     0.1,     1,     2.5,     -2.5,     89.9,     1021.9,     432.38,     73,     88,     -1.9
13,     07.02.2015 02:11:16,     -1.05,     -2.01,     297,     0.1,     1.4,     2.6,     -2.5,     89.8,     1021.8,     432.38,     73,     87.9,     -2,     13.792,     -2.13,     93.2
14,     07.02.2015 02:21:16,     -1.05,     0,     283,     0.3,     1.7,     3,     -2.4,     89.7,     1021.6,     432.38,     73.2,     87.9,     -2
15,     07.02.2015 02:31:16,     -1.05,     0,     289,     0.3,     2.2,     3.5,     -2.3,     89.6,     1021.5,     432.38,     73.1,     87.9,     -1.9
16,     07.02.2015 02:41:16,     -2.1,     -2.01,     285,     1.3,     2.7,     4,     -2.4,     89.3,     1021.3,     432.38,     73.3,     88,     -1.9
17,     07.02.2015 02:51:16,     -1.05,     0,     289,     1.3,     2.5,     3.8,     -2.3,     89.4,     1021.3,     432.38,     73.2,     87.9,     -2
18,     07.02.2015 03:01:16,     -1.05,     -4.02,     288,     1.6,     2.8,     4.9,     -2.2,     89.4,     1021.1,     432.38,     73.2,     87.9,     -2.1
19,     07.02.2015 03:11:16,     -1.05,     -4.02,     293,     1.5,     2.7,     4.2,     -2.2,     89.4,     1021.1,     432.38,     73.3,     87.9,     -2,     12.711,     -1.65,     93.2
20,     07.02.2015 03:21:16,     0,     0,     290,     1.4,     2.5,     3.8,     -2.1,     89.2,     1021,     432.38,     73.4,     88,     -1.9
21,     07.02.2015 03:31:16,     -3.15,     -2.01,     294,     1.3,     2.5,     3.6,     -2.1,     89.1,     1021.1,     432.38,     73.5,     88,     -1.9
22,     07.02.2015 03:41:16,     -1.05,     0,     295,     1.4,     2.5,     3.9,     -2,     89.4,     1021,     432.38,     73.2,     88,     -2
23,     07.02.2015 03:51:16,     -1.05,     -2.01,     301,     0.7,     2.4,     3.9,     -2,     89,     1020.9,     432.38,     73.5,     87.9,     -2
24,     07.02.2015 04:01:16,     -1.05,     -2.01,     293,     1.8,     3,     4.5,     -1.9,     89.4,     1020.8,     432.38,     73.8,     88.1,     -1.8
25,     07.02.2015 04:11:17,     -1.05,     0,     291,     2.2,     3.5,     5.8,     -1.9,     88.8,     1020.7,     432.38,     73.7,     88,     -1.9,     12.486,     -1.30,     93.1
26,     07.02.2015 04:21:17,     -3.15,     0,     289,     1.7,     3.1,     4.3,     -1.8,     88.8,     1020.7,     432.38,     73.7,     88,     -1.9
27,     07.02.2015 04:31:17,     -2.1,     -2.01,     294,     1.7,     2.9,     4.2,     -1.7,     88.9,     1020.6,     432.38,     73.3,     87.9,     -2
28,     07.02.2015 04:41:17,     -3.15,     -2.01,     286,     0.8,     2.1,     3.3,     -1.6,     88.8,     1020.5,     432.38,     73.4,     88,     -1.9
29,     07.02.2015 04:51:17,     -2.1,     0,     298,     0.9,     1.8,     3,     -1.4,     88.8,     1020.6,     432.38,     73.1,     88,     -1.9
30,     07.02.2015 05:01:17,     -2.1,     -2.01,     295,     1.3,     1.9,     2.7,     -1.2,     88.7,     1020.5,     432.38,     73.4,     87.9,     -2
31,     07.02.2015 05:11:16,     -2.1,     -2.01,     279,     1.4,     2.6,     4,     -1.1,     88.4,     1020.4,     432.38,     73.4,     88,     -1.9,     12.382,     -0.95,     93.1
32,     07.02.2015 05:21:16,     -1.05,     0,     282,     1.4,     2.8,     4.7,     -1.1,     87.8,     1020.3,     432.38,     74.1,     87.9,     -2
33,     07.02.2015 05:31:16,     -3.15,     -2.01,     280,     2,     3.3,     5,     -1.1,     87.7,     1020.2,     432.38,     253.9,     88,     -177.9
34,     07.02.2015 05:41:16,     -3.15,     -2.01,     268,     2.4,     3.9,     5.9,     -1.4,     87.4,     1020,     432.38,     73.5,     88,     -1.9
35,     07.02.2015 05:51:16,     -1.05,     0,     272,     1.9,     3.5,     5.6,     -1.4,     87.6,     1019.9,     432.38,     73.3,     88.1,     -1.8
36,     07.02.2015 06:01:16,     0,     0,     274,     1.6,     2.9,     4.8,     -1.4,     87.8,     1019.9,     432.38,     73.4,     88,     -1.9
37,     07.02.2015 06:11:16,     -1.05,     -2.01,     273,     1.4,     2.7,     4.8,     -1.3,     88.3,     1019.8,     432.38,     73.5,     87.9,     -2,     13.135,     -0.63,     92.9
38,     07.02.2015 06:21:16,     -1.05,     -2.01,     288,     1.4,     2.8,     5.2,     -1.3,     88.3,     1019.5,     432.38,     73.6,     88,     -1.9
39,     07.02.2015 06:31:16,     -2.1,     -2.01,     281,     1.3,     2.8,     5.3,     -1.3,     88.4,     1019.3,     432.38,     73.4,     88,     -1.9
40,     07.02.2015 06:41:16,     -2.1,     -2.01,     274,     1.3,     2.7,     4.6,     -1.1,     88.7,     1019.3,     432.38,     73.7,     87.9,     -2
41,     07.02.2015 06:51:16,     -1.05,     0,     292,     1.3,     2.6,     5.1,     -1.1,     88.7,     1019.3,     432.38,     73.4,     88.1,     -1.8
42,     07.02.2015 07:01:16,     -2.1,     -2.01,     292,     1.3,     2.6,     5.5,     -1,     89,     1019.2,     432.38,     73.6,     88,     -1.9
43,     07.02.2015 07:11:16,     -1.05,     0,     303,     1.7,     2.7,     4.5,     -0.9,     89.5,     1019.2,     432.38,     73.3,     88,     -1.9,     12.622,     -0.50,     93.0
44,     07.02.2015 07:21:16,     -1.05,     -2.01,     293,     1.4,     3.6,     6.8,     -0.6,     89.8,     1018.9,     432.38,     73.7,     88,     -1.9
45,     07.02.2015 07:31:16,     -3.15,     -4.02,     299,     0.7,     3.2,     6.2,     -0.4,     89.9,     1018.7,     432.38,     73.5,     87.9,     -2
46,     07.02.2015 07:41:16,     1.05,     2.01,     300,     1.1,     3.8,     7.7,     -0.4,     89.5,     1018.6,     432.38,     73.6,     87.9,     -2
47,     07.02.2015 07:51:16,     2.1,     8.04,     302,     1.7,     4.1,     7.5,     -0.3,     89.6,     1018.5,     432.38,     74,     87.8,     -2.1
48,     07.02.2015 08:01:16,     2.1,     10.05,     301,     1.2,     3.9,     7.5,     -0.3,     89.6,     1018.6,     432.38,     74.2,     88,     -1.9
49,     07.02.2015 08:11:16,     7.35,     20.1,     310,     1.8,     3.8,     6.8,     -0.3,     90.1,     1018.6,     432.38,     73.6,     88,     -1.9,     12.435,     0.02,     92.9
50,     07.02.2015 08:21:16,     11.55,     22.11,     314,     1.1,     3.9,     8.6,     -0.1,     90.2,     1018.5,     432.38,     73.5,     88,     -1.9
51,     07.02.2015 08:31:16,     13.65,     34.17,     294,     2.8,     6,     10,     0,     90.4,     1018.3,     432.38,     73.6,     88,     -1.9
52,     07.02.2015 08:41:16,     23.1,     50.25,     292,     3.5,     6.4,     9,     0,     90.1,     1018.2,     432.38,     253.9,     88,     -177.9
53,     07.02.2015 08:51:16,     26.25,     54.27,     288,     4.3,     6.6,     8.8,     0,     90.4,     1018,     432.38,     253.7,     88,     -177.9
54,     07.02.2015 09:01:16,     22.05,     50.25,     288,     2.3,     6.3,     9.2,     0,     90.4,     1018,     432.38,     73.6,     88.1,     -1.7
55,     07.02.2015 09:11:16,     56.7,     116.58,     289,     3.3,     6.2,     9.8,     0.1,     90.6,     1017.7,     432.38,     253.3,     88,     -178,     12.650,     0.64,     92.8
56,     07.02.2015 09:21:16,     42,     90.45,     285,     1.7,     6.2,     9.3,     0.3,     90.7,     1017.5,     432.38,     74.2,     87.9,     -1.9
57,     07.02.2015 09:31:16,     34.65,     74.37,     298,     2.5,     5.5,     8.7,     0.5,     90.6,     1017.4,     432.38,     74.5,     87.9,     -2
58,     07.02.2015 09:41:16,     37.8,     82.41,     300,     2.3,     4.5,     7.8,     0.7,     90.5,     1017.2,     432.38,     254.2,     88.1,     -178.1
59,     07.02.2015 09:51:16,     37.8,     86.43,     297,     2.3,     5.1,     8.1,     0.9,     90.4,     1017,     432.38,     75.1,     88.2,     -1.6
60,     07.02.2015 10:01:16,     57.75,     122.61,     299,     1.8,     4.4,     8.3,     0.9,     90.3,     1016.8,     432.38,     73.8,     87.8,     -2
61,     07.02.2015 10:11:16,     52.5,     114.57,     301,     2.6,     5.1,     8.6,     1,     90.2,     1016.8,     432.38,     74.6,     88,     -1.9,     12.984,     1.45,     92.7
62,     07.02.2015 10:21:16,     42,     96.48,     303,     1.9,     4.5,     8.4,     1,     90.2,     1016.7,     432.38,     73.5,     88.1,     -1.8
63,     07.02.2015 10:31:16,     43.05,     96.48,     307,     1.6,     4.2,     8.6,     1.1,     90.3,     1016.6,     432.38,     74.7,     88,     -1.9
64,     07.02.2015 10:41:16,     51.45,     112.56,     299,     2,     4.4,     8,     1.1,     90.3,     1016.4,     432.38,     73.6,     88.1,     -1.8
65,     07.02.2015 10:51:16,     47.25,     106.53,     306,     1.6,     4.1,     7.8,     1.1,     90.3,     1016.3,     432.38,     74,     88,     -1.9
66,     07.02.2015 11:01:16,     70.35,     154.77,     310,     1.6,     4.1,     8,     1.1,     90.4,     1016.3,     432.38,     75,     88,     -1.8
67,     07.02.2015 11:11:17,     70.35,     156.78,     302,     1.1,     4.9,     9.6,     1.3,     90.6,     1015.8,     432.38,     253.5,     88.1,     -178.2,     13.527,     2.09,     92.5
68,     07.02.2015 11:21:17,     66.15,     144.72,     303,     2.9,     5.3,     10,     1.3,     90.5,     1015.7,     432.38,     74.9,     88.1,     -1.8
69,     07.02.2015 11:31:17,     63,     138.69,     296,     2.8,     5.1,     9.6,     1.4,     90.5,     1015.4,     432.38,     74,     87.9,     -2
70,     07.02.2015 11:41:17,     59.85,     134.67,     298,     2.4,     4.7,     7.8,     1.5,     90.6,     1015.4,     432.38,     74.3,     87.8,     -2
71,     07.02.2015 11:51:17,     70.35,     154.77,     298,     2.2,     5,     7.9,     1.5,     90.6,     1015,     432.38,     75.3,     88,     -1.9
72,     07.02.2015 12:01:17,     60.9,     136.68,     299,     1,     4.8,     8.5,     1.6,     90.6,     1014.8,     432.38,     74.3,     88,     -1.9
73,     07.02.2015 12:11:16,     72.45,     156.78,     307,     2.5,     5.5,     10.4,     1.7,     90.5,     1014.9,     432.38,     253.9,     88,     -177.9,     13.784,     2.69,     92.4
74,     07.02.2015 12:21:16,     64.05,     138.69,     316,     1.2,     5.8,     10.3,     1.8,     90.4,     1014.7,     432.38,     253.9,     87.7,     -177.8
75,     07.02.2015 12:31:16,     69.3,     150.75,     322,     2.9,     5.9,     10.6,     1.8,     90.3,     1014.6,     432.38,     73.3,     87.6,     -2.3
76,     07.02.2015 12:41:16,     74.55,     162.81,     323,     2.7,     5.7,     8.8,     1.8,     90.3,     1014.6,     432.38,     73.8,     88.1,     -1.8
77,     07.02.2015 12:51:16,     81.9,     174.87,     322,     2.8,     5.5,     9.1,     1.9,     90.5,     1014.4,     432.38,     74.5,     88.3,     -1.6
78,     07.02.2015 13:01:16,     74.55,     160.8,     318,     3,     5.3,     8.9,     2,     90.3,     1013.9,     432.38,     73.9,     87.9,     -2
79,     07.02.2015 13:11:16,     70.35,     150.75,     313,     1.7,     4.5,     8.2,     2,     90.4,     1013.7,     432.38,     75.2,     87.9,     -1.9,     13.741,     3.19,     92.2
80,     07.02.2015 13:21:16,     67.2,     142.71,     315,     2.3,     5,     8.5,     2.1,     90.3,     1013.5,     432.38,     74.9,     87.8,     -2.1
81,     07.02.2015 13:31:16,     82.95,     178.89,     319,     2.4,     5.4,     8.9,     2.2,     90.5,     1013.5,     432.38,     75.4,     88,     -1.9
82,     07.02.2015 13:41:16,     82.95,     174.87,     328,     3.5,     5.9,     8.8,     2.3,     90.4,     1013.5,     432.38,     254.4,     88.6,     -178.6
83,     07.02.2015 13:51:16,     64.05,     140.7,     329,     3.5,     5.9,     9.2,     2.5,     90.3,     1013.5,     432.38,     73.5,     88.3,     -1.6
84,     07.02.2015 14:01:16,     48.3,     106.53,     331,     3.4,     6,     10.1,     2.6,     89.9,     1013.6,     432.38,     74.8,     88.3,     -1.6
85,     07.02.2015 14:11:16,     45.15,     96.48,     332,     2.8,     5.8,     9.2,     2.8,     89.6,     1013.3,     432.38,     74.7,     88,     -1.9,     13.769,     3.63,     92.1
86,     07.02.2015 14:21:16,     38.85,     84.42,     338,     3,     5.7,     10.5,     2.9,     89,     1013.4,     432.38,     73.4,     87.3,     -2.6
87,     07.02.2015 14:31:16,     38.85,     84.42,     339,     3.5,     5.7,     9.1,     2.9,     89,     1013.2,     432.38,     75.2,     88.2,     -1.6
88,     07.02.2015 14:41:16,     76.65,     158.79,     335,     2.5,     4.8,     8.3,     2.9,     89.3,     1013,     432.38,     73.8,     87,     -2.8
89,     07.02.2015 14:51:16,     17.85,     42.21,     334,     2.3,     4.7,     8.3,     3,     88.9,     1012.9,     432.38,     74.3,     87.3,     -2.6
90,     07.02.2015 15:01:16,     30.45,     68.34,     335,     2.8,     5.4,     9.2,     3.1,     89.3,     1012.8,     432.38,     74.1,     87.8,     -2.1
91,     07.02.2015 15:11:16,     43.05,     90.45,     324,     2.8,     5.9,     12,     3.1,     89,     1012.6,     432.38,     73.7,     87,     -2.9,     13.849,     3.89,     92.1
92,     07.02.2015 15:21:16,     42,     86.43,     326,     3.1,     5.9,     12.6,     3.2,     88.9,     1012.2,     432.38,     75.3,     88.1,     -1.8
93,     07.02.2015 15:31:16,     23.1,     50.25,     334,     1.1,     4.9,     9.2,     3.2,     88.5,     1012.2,     432.38,     74.2,     87.8,     -2
94,     07.02.2015 15:41:16,     15.75,     34.17,     334,     0.8,     4.4,     8.7,     3.3,     88.4,     1012,     432.38,     254.7,     88.3,     -178.2
95,     07.02.2015 15:51:16,     9.45,     22.11,     334,     1.2,     4.5,     9.7,     3.2,     89,     1011.9,     432.38,     74.4,     88.1,     -1.8
96,     07.02.2015 16:01:16,     10.5,     24.12,     330,     2.1,     5.4,     9.3,     3.2,     89.2,     1011.6,     432.38,     73.6,     87.1,     -2.8
97,     07.02.2015 16:11:16,     15.75,     34.17,     327,     2,     5,     10,     3.2,     89.7,     1011.4,     432.38,     74,     87.9,     -1.9,     12.804,     3.93,     92.0
98,     07.02.2015 16:21:16,     22.05,     42.21,     333,     2.5,     5.6,     9.5,     3.3,     89.7,     1011.3,     432.38,     73.9,     87.8,     -2.1
99,     07.02.2015 16:31:16,     16.8,     32.16,     331,     2.6,     5.5,     9,     3.4,     89.3,     1010.8,     432.38,     75.3,     88.4,     -1.5
100,     07.02.2015 16:41:16,     10.5,     24.12,     325,     2.2,     4.9,     8.2,     3.5,     89,     1010.6,     432.38,     74.5,     87.4,     -2.5
101,     07.02.2015 16:51:16,     5.25,     10.05,     324,     2.3,     4.8,     8.6,     3.6,     88.4,     1010.2,     432.38,     76.1,     88.3,     -1.6
102,     07.02.2015 17:01:16,     0,     2.01,     328,     2.5,     5.3,     8,     3.8,     87,     1010.2,     432.38,     74.4,     88.1,     -1.8
103,     07.02.2015 17:11:17,     -2.1,     0,     331,     2.6,     5.6,     9.5,     4,     85.8,     1010.1,     432.38,     76.1,     88.2,     -1.6,     12.647,     3.99,     92.1
104,     07.02.2015 17:21:17,     0,     0,     334,     3,     5.9,     9.8,     4,     85.4,     1010,     432.38,     73.8,     87.9,     -2
105,     07.02.2015 17:31:17,     -2.1,     0,     331,     3.8,     6.3,     9.3,     4,     84.7,     1009.6,     432.38,     73.8,     87.9,     -2
106,     07.02.2015 17:41:17,     -2.1,     -2.01,     329,     3.2,     5.9,     10.9,     4.1,     84.3,     1009.3,     432.38,     253.9,     88.5,     -178.6
107,     07.02.2015 17:51:17,     -2.1,     0,     334,     3.2,     5.8,     9.8,     4.1,     83.9,     1009.5,     432.38,     74.8,     88,     -1.8
108,     07.02.2015 18:01:17,     -2.1,     -2.01,     338,     2.4,     5.3,     8.5,     4.1,     83.1,     1009.4,     432.38,     253.8,     88.7,     -178.7
109,     07.02.2015 18:11:16,     -3.15,     -2.01,     336,     3.9,     6.4,     9.5,     4.3,     82.3,     1009.3,     432.38,     254.3,     87.5,     -177.5,     12.565,     4.27,     91.9
110,     07.02.2015 18:21:16,     -4.2,     -4.02,     337,     3.1,     6.5,     11,     4.2,     81.9,     1009.2,     432.38,     73.8,     87.8,     -2.1
111,     07.02.2015 18:31:16,     -3.15,     -2.01,     337,     4.2,     6.7,     10.8,     4.2,     81.6,     1009.2,     432.38,     254.3,     88.3,     -178.3
112,     07.02.2015 18:41:16,     -2.1,     0,     338,     3.3,     6.3,     11.1,     4.2,     81.1,     1009.1,     432.38,     73.3,     88.6,     -1.3
113,     07.02.2015 18:51:16,     -3.15,     -2.01,     339,     3.5,     5.5,     8.9,     4,     81.2,     1009.1,     432.38,     74.5,     88.6,     -1.3
114,     07.02.2015 19:01:16,     -3.15,     2.01,     336,     3.3,     6.6,     10.7,     4.1,     81.1,     1008.8,     432.38,     74.5,     88.4,     -1.5
115,     07.02.2015 19:11:17,     -4.2,     -2.01,     334,     3.9,     7,     10.7,     4.1,     80.8,     1008.4,     432.38,     74.6,     86.1,     -3.8,     12.531,     4.05,     91.9
116,     07.02.2015 19:21:17,     -3.15,     -2.01,     335,     3.2,     6,     10.1,     4.1,     80.3,     1008.2,     432.38,     73.9,     87.1,     -2.7
117,     07.02.2015 19:31:17,     -4.2,     -2.01,     337,     3.1,     5.6,     8.5,     4.2,     79.3,     1008.2,     432.38,     75.2,     87.9,     -2
118,     07.02.2015 19:41:17,     -4.2,     -4.02,     334,     3.3,     5.7,     8.7,     4.1,     79.2,     1007.9,     432.38,     74.4,     87.6,     -2.3
119,     07.02.2015 19:51:17,     -5.25,     -4.02,     334,     3.1,     5.5,     8.9,     4,     79.6,     1007.6,     432.38,     74.1,     88.4,     -1.5
120,     07.02.2015 20:01:17,     -3.15,     -2.01,     334,     3,     5.7,     9.3,     3.9,     79.7,     1007.5,     432.38,     253.8,     88.1,     -178.1
121,     07.02.2015 20:11:16,     -4.2,     -2.01,     333,     3.3,     6.2,     11.5,     3.9,     79.5,     1007.4,     432.38,     74.4,     87.6,     -2.2,     13.803,     3.79,     92.0
122,     07.02.2015 20:21:16,     -4.2,     -2.01,     337,     3.6,     5.9,     9.8,     3.9,     79,     1007.2,     432.38,     254.2,     88,     -178
123,     07.02.2015 20:31:16,     -4.2,     0,     339,     2.8,     7,     12.2,     4,     78.2,     1007.1,     432.38,     74.8,     87.9,     -1.9
124,     07.02.2015 20:41:16,     -3.15,     0,     338,     4.2,     7.6,     12.7,     4,     77.7,     1006.9,     432.38,     254.5,     87.1,     -177.1
125,     07.02.2015 20:51:16,     -3.15,     0,     339,     4,     8.2,     13.1,     4.1,     77.1,     1006.7,     432.38,     75.3,     88.1,     -1.6
126,     07.02.2015 21:01:16,     -2.1,     0,     342,     4.8,     8,     14.1,     4.2,     76.5,     1006.7,     432.38,     251.7,     88.6,     178.6
127,     07.02.2015 21:11:16,     -4.2,     0,     344,     3.9,     7.1,     11.7,     4.1,     76.2,     1006.5,     432.38,     253.9,     88.6,     -178.6,     13.807,     3.97,     92.0
128,     07.02.2015 21:21:16,     -5.25,     -2.01,     345,     3.4,     6.5,     12,     4,     75.5,     1006.6,     432.38,     74.8,     87.6,     -2.3
129,     07.02.2015 21:31:16,     -4.2,     -2.01,     346,     3.6,     6.3,     11.8,     4,     74.5,     1006.3,     432.38,     254,     86.5,     -176.5
130,     07.02.2015 21:41:16,     -4.2,     -2.01,     349,     3.1,     6.8,     9.9,     4.1,     73.4,     1006.3,     432.38,     73.9,     87,     -2.9
131,     07.02.2015 21:51:16,     -4.2,     -4.02,     346,     3.3,     7.7,     12.4,     4.1,     71.4,     1006.1,     432.38,     77,     88.2,     -1.6
132,     07.02.2015 22:01:16,     -3.15,     0,     349,     4,     7.9,     14.7,     4.2,     69.8,     1006.1,     432.38,     253.8,     87.5,     -177.5
133,     07.02.2015 22:11:16,     -4.2,     -2.01,     350,     4.1,     8.1,     14,     4.1,     69.9,     1006.1,     432.38,     75.2,     86.6,     -3.1,     12.717,     3.83,     92.1
134,     07.02.2015 22:21:16,     -2.1,     -2.01,     349,     3.6,     8.7,     13.8,     4.1,     69.4,     1006.3,     432.38,     72.7,     89.4,     -0.3
135,     07.02.2015 22:31:16,     -4.2,     -2.01,     351,     4,     7.7,     12.9,     4,     70,     1006.1,     432.38,     254.5,     83.3,     -173.3
136,     07.02.2015 22:41:16,     -4.2,     0,     348,     4.2,     8.1,     13.5,     3.9,     70.2,     1006.1,     432.38,     253.7,     84.9,     -174.9
137,     07.02.2015 22:51:16,     -4.2,     -2.01,     348,     4,     7.6,     12.7,     3.8,     70.7,     1006.1,     432.38,     74.1,     86.6,     -3.2
138,     07.02.2015 23:01:16,     -4.2,     0,     346,     4.2,     7.7,     13.6,     3.7,     71.1,     1005.8,     432.38,     74.8,     89.4,     -0.5
139,     07.02.2015 23:11:16,     -4.2,     -2.01,     346,     3.7,     8,     15.7,     3.7,     71.9,     1005.9,     432.38,     76.1,     89.7,     0,     12.546,     3.62,     92.1
140,     07.02.2015 23:21:16,     -3.15,     0,     347,     3.7,     7.5,     13.4,     3.5,     71.9,     1005.9,     432.38,     254.2,     88.3,     -178.3
141,     07.02.2015 23:31:16,     -3.15,     0,     345,     4.2,     8,     14.4,     3.5,     71.3,     1005.9,     432.38,     73.8,     84.8,     -5
142,     07.02.2015 23:41:16,     -3.15,     -2.01,     351,     4.2,     7,     11.4,     3.4,     71.4,     1005.9,     432.38,     243.6,     85.2,     175.2
143,     07.02.2015 23:51:16,     -4.2,     0,     350,     3.9,     7.1,     13.4,     3.3,     71.7,     1005.9,     432.38,     251.3,     89,     179
144,     08.02.2015 00:01:16,     -2.1,     -2.01,     349,     3.6,     6.4,     10.7,     3.2,     72,     1006,     432.38,     74.3,     85.9,     -4,     12.268,     3.25,     92.2