Logger: #D10248 'TSK_Meteo' - USP_EXP2 (V2.10, Jan 24 2012)
No,     Time,     #1:W/m²:0,     #2:ÂµMol:(do.),     #5:deg:2,     #6:m/sMIN:(do.),     #7:m/sMIT:(do.),     #8:m/sMAX:(do.),     #9:Â°C:(do.),     #10:%:(do.),     #11:hPa:(do.),     #12:mm:(do.),     #14:AZ:3,     #15:EL:(do.),     #16:Roll:(do.),     #HK-Bat:V,     #HK-Temp:oC,     #HK-rH:%
(GSM Transfer OK / Signal:15)
1,     07.09.2014 00:11:21,     -3.15,     -2.01,     166,     0.8,     1.8,     2.9,     17.9,     74.5,     1004.8,     255.42,     257,     88,     -178,     12.501,     17.66,     68.5
2,     07.09.2014 00:21:21,     -2.1,     -2.01,     146,     0.3,     1.6,     3,     17.9,     74.7,     1004.7,     255.42,     257.1,     87.9,     -177.9
3,     07.09.2014 00:31:21,     -2.1,     -2.01,     104,     0.1,     0.7,     1.5,     17.7,     75.4,     1004.6,     255.42,     257.1,     87.8,     -177.9
4,     07.09.2014 00:41:21,     -3.15,     -2.01,     88,     0,     0.5,     1.3,     17.7,     76.8,     1004.5,     255.42,     257.1,     87.9,     -177.9
5,     07.09.2014 00:51:21,     -3.15,     -2.01,     150,     0.1,     1.1,     2,     17.9,     75.8,     1004.4,     255.42,     257.1,     88,     -178
6,     07.09.2014 01:01:21,     -3.15,     0,     156,     0,     0.7,     1.6,     17.8,     76.2,     1004.4,     255.42,     257.2,     88,     -178
7,     07.09.2014 01:11:22,     -3.15,     -2.01,     163,     0.2,     1.2,     2.2,     17.8,     77.4,     1004.6,     255.42,     257.1,     87.9,     -177.9,     12.518,     17.45,     69.6
8,     07.09.2014 01:21:22,     -3.15,     -4.02,     145,     0.1,     0.9,     1.9,     17.6,     77.1,     1004.6,     255.42,     257.1,     88,     -178
9,     07.09.2014 01:31:22,     -3.15,     -2.01,     170,     0.1,     0.7,     1.3,     17.6,     78.8,     1004.7,     255.42,     257.1,     88,     -178
10,     07.09.2014 01:41:22,     -2.1,     -2.01,     145,     0.1,     0.8,     1.6,     17.5,     78.3,     1004.7,     255.42,     257.1,     88,     -178
11,     07.09.2014 01:51:22,     -2.1,     -2.01,     145,     0.3,     1.2,     2.1,     17.3,     78.9,     1004.6,     255.42,     257.1,     87.9,     -177.9
12,     07.09.2014 02:01:22,     -4.2,     -2.01,     147,     0.1,     0.6,     1.1,     17.1,     82.3,     1004.7,     255.42,     257.1,     88,     -178
13,     07.09.2014 02:11:22,     -4.2,     -2.01,     158,     0,     0.5,     1,     16.9,     83.4,     1004.7,     255.42,     257.2,     87.9,     -177.9,     12.493,     17.04,     69.7
14,     07.09.2014 02:21:22,     -4.2,     -2.01,     232,     0.3,     0.9,     1.4,     16.8,     83.4,     1004.7,     255.42,     257.2,     88,     -178
15,     07.09.2014 02:31:22,     -3.15,     0,     287,     0.2,     1,     1.8,     16.9,     83.4,     1004.8,     255.42,     257.1,     88,     -178
16,     07.09.2014 02:41:22,     -3.15,     -2.01,     352,     0,     0.5,     1.6,     16.7,     83.6,     1004.7,     255.42,     257.1,     88,     -178
17,     07.09.2014 02:51:22,     -5.25,     -2.01,     107,     0.2,     0.8,     1.2,     15.7,     86.1,     1004.8,     255.42,     257.1,     87.9,     -177.9
18,     07.09.2014 03:01:22,     -3.15,     -4.02,     148,     0.3,     1,     1.4,     15.9,     88.5,     1004.7,     255.42,     257.1,     87.8,     -177.9
19,     07.09.2014 03:11:16,     -2.1,     -4.02,     151,     0.1,     0.7,     1.2,     16.1,     88.1,     1004.7,     255.42,     257,     87.8,     -177.8,     12.448,     15.89,     70.1
20,     07.09.2014 03:21:16,     -2.1,     -2.01,     207,     0.3,     0.6,     1,     16.1,     87.9,     1004.8,     255.42,     257.1,     87.8,     -177.8
21,     07.09.2014 03:31:16,     -2.1,     -2.01,     205,     0.1,     0.6,     1.2,     16.2,     88.2,     1004.7,     255.42,     257.1,     87.8,     -177.8
22,     07.09.2014 03:41:16,     -1.05,     -2.01,     191,     0.2,     0.7,     1.1,     16.3,     88,     1004.8,     255.42,     257.1,     87.9,     -177.9
23,     07.09.2014 03:51:16,     -2.1,     -2.01,     238,     0,     0.4,     0.8,     16.5,     88.9,     1004.7,     255.42,     257.1,     87.9,     -177.9
24,     07.09.2014 04:01:16,     -2.1,     -2.01,     50,     0,     0.5,     1.3,     16.5,     88,     1004.7,     255.42,     257,     88,     -178
25,     07.09.2014 04:11:16,     -2.1,     0,     95,     0,     0.6,     0.9,     16.1,     88.9,     1004.7,     255.42,     257.1,     88,     -178,     12.412,     16.15,     69.9
26,     07.09.2014 04:21:16,     -2.1,     -2.01,     133,     0,     0.4,     0.9,     16.2,     89.1,     1004.6,     255.42,     257,     87.8,     -177.8
27,     07.09.2014 04:31:16,     -2.1,     0,     81,     0,     0.5,     1,     16.5,     89.7,     1004.5,     255.43,     257.1,     87.8,     -177.8
28,     07.09.2014 04:41:16,     -3.15,     -2.01,     86,     0.1,     0.9,     1.4,     16.6,     89.2,     1004.5,     255.43,     257,     88,     -178
29,     07.09.2014 04:51:16,     -2.1,     -2.01,     114,     0.4,     0.7,     1.1,     16.5,     89.5,     1004.4,     255.43,     257.1,     87.9,     -177.9
30,     07.09.2014 05:01:16,     -3.15,     -2.01,     60,     0,     0.4,     0.9,     16.6,     90,     1004.5,     255.43,     257.1,     87.9,     -177.9
31,     07.09.2014 05:11:22,     -2.1,     0,     141,     0,     0.4,     1.3,     16.7,     90.1,     1004.5,     255.43,     257.1,     88,     -178,     12.410,     16.38,     69.8
32,     07.09.2014 05:21:22,     -1.05,     0,     178,     0.4,     1.1,     1.6,     16.6,     89.1,     1004.6,     255.43,     257.1,     88,     -178
33,     07.09.2014 05:31:22,     -1.05,     0,     186,     0.6,     1.2,     1.8,     16.6,     89.1,     1004.6,     255.43,     257,     88,     -178
34,     07.09.2014 05:41:22,     0,     4.02,     200,     0.3,     0.8,     1.3,     16.6,     88.9,     1004.5,     255.43,     257,     88,     -178
35,     07.09.2014 05:51:22,     2.1,     10.05,     168,     0.9,     1.7,     2.7,     16.8,     88.9,     1004.4,     255.43,     257,     88,     -178
36,     07.09.2014 06:01:22,     4.2,     16.08,     182,     0.9,     1.8,     2.9,     16.9,     88,     1004.5,     255.43,     257.1,     87.9,     -177.9
37,     07.09.2014 06:11:22,     15.75,     36.18,     194,     0.7,     1.5,     2.2,     16.8,     87.8,     1004.5,     255.43,     257.1,     87.9,     -177.9,     12.440,     16.75,     69.8
38,     07.09.2014 06:21:22,     23.1,     48.24,     192,     0,     1.2,     1.9,     16.8,     88,     1004.6,     255.43,     257.1,     87.9,     -177.9
39,     07.09.2014 06:31:22,     31.5,     68.34,     218,     0,     0.7,     1.5,     16.9,     87.9,     1004.6,     255.43,     257.1,     87.9,     -177.9
40,     07.09.2014 06:41:22,     50.4,     108.54,     199,     0.4,     1.1,     1.6,     17,     87.7,     1004.6,     255.43,     257.1,     88,     -178
41,     07.09.2014 06:51:22,     59.85,     124.62,     198,     0.9,     1.2,     1.8,     17,     87.4,     1004.8,     255.43,     257.2,     88,     -178
42,     07.09.2014 07:01:22,     78.75,     162.81,     198,     0,     0.5,     1.4,     17.1,     87.6,     1004.9,     255.43,     257.2,     87.8,     -177.9
43,     07.09.2014 07:11:17,     100.8,     213.06,     223,     0,     0.3,     1.1,     17.3,     86.9,     1005,     255.43,     257.3,     87.9,     -177.9,     13.088,     17.56,     69.7
44,     07.09.2014 07:21:17,     127.05,     263.31,     239,     0.1,     0.6,     1.2,     17.5,     86,     1005,     255.43,     257.1,     87.9,     -177.9
45,     07.09.2014 07:31:17,     135.45,     283.41,     218,     0,     0.5,     1.2,     17.7,     85.4,     1005.1,     255.43,     257.4,     88,     -178
46,     07.09.2014 07:41:17,     212.1,     414.06,     268,     0,     0.5,     1.4,     18,     84.6,     1005.1,     255.43,     257.6,     87.9,     -177.9
47,     07.09.2014 07:51:17,     316.05,     576.87,     248,     0.2,     0.8,     1.4,     18.3,     83.2,     1005.2,     255.43,     257.4,     87.8,     -177.9
48,     07.09.2014 08:01:17,     306.6,     653.25,     212,     0.5,     0.9,     1.6,     18.5,     82.3,     1005.2,     255.43,     257.6,     87.9,     -177.9
49,     07.09.2014 08:11:17,     430.5,     832.14,     190,     0.2,     0.7,     1.4,     19,     80,     1005.1,     255.43,     257.4,     88,     -178,     13.235,     22.12,     69.0
50,     07.09.2014 08:21:17,     320.25,     653.25,     160,     0,     0.4,     1,     20,     75.4,     1005.1,     255.43,     257.4,     88,     -178
51,     07.09.2014 08:31:17,     202.65,     438.18,     182,     0.1,     0.8,     1.7,     19.5,     74.5,     1005.1,     255.43,     257.5,     88,     -178
52,     07.09.2014 08:41:17,     175.35,     379.89,     200,     0.1,     0.6,     1.2,     19.6,     74.4,     1005.2,     255.43,     257.6,     87.9,     -177.9
53,     07.09.2014 08:51:17,     157.5,     339.69,     189,     0.4,     1,     1.6,     19.6,     76.1,     1005.3,     255.43,     257.3,     88,     -178
54,     07.09.2014 09:01:17,     144.9,     309.54,     197,     0.5,     1.3,     2,     19.6,     76.6,     1005.4,     255.43,     257.4,     88,     -178
55,     07.09.2014 09:11:21,     176.4,     375.87,     193,     0.5,     1.2,     2.1,     19.5,     76.6,     1005.4,     255.43,     257.5,     88,     -178,     13.322,     24.93,     67.6
56,     07.09.2014 09:21:21,     196.35,     418.08,     205,     0.1,     0.9,     2,     19.6,     76.7,     1005.5,     255.43,     257.4,     88,     -178.1
57,     07.09.2014 09:31:21,     218.4,     458.28,     252,     0,     0.8,     2.2,     19.8,     76.6,     1005.6,     255.43,     257.5,     88,     -178
58,     07.09.2014 09:41:21,     217.35,     456.27,     237,     0.7,     1.4,     2.1,     19.7,     76.6,     1005.6,     255.43,     257.5,     87.9,     -177.9
59,     07.09.2014 09:51:21,     191.1,     399.99,     238,     0.7,     1.3,     1.9,     19.6,     77,     1005.6,     255.43,     257.3,     88,     -177.9
60,     07.09.2014 10:01:21,     205.8,     430.14,     259,     0.4,     1.2,     1.9,     19.7,     76.1,     1005.6,     255.43,     257.4,     88,     -178
61,     07.09.2014 10:11:22,     237.3,     500.49,     247,     0.4,     0.8,     1.4,     19.8,     75.9,     1005.6,     255.43,     257.4,     87.9,     -177.9,     13.292,     23.81,     68.1
62,     07.09.2014 10:21:22,     303.45,     641.19,     228,     0.4,     1,     1.9,     20,     75.9,     1005.6,     255.43,     257.4,     88,     -178
63,     07.09.2014 10:31:22,     236.25,     504.51,     218,     0.3,     1.2,     2.9,     20,     75.9,     1005.6,     255.43,     257.3,     87.9,     -178
64,     07.09.2014 10:41:22,     258.3,     552.75,     199,     0.9,     1.7,     2.4,     19.9,     76,     1005.6,     255.43,     257.4,     88,     -178
65,     07.09.2014 10:51:22,     589.05,     1222.08,     195,     0.5,     1.4,     2.2,     20,     76.1,     1005.6,     255.43,     257.3,     88,     -178
66,     07.09.2014 11:01:22,     708.75,     1394.94,     196,     0.1,     0.9,     1.9,     20.4,     74,     1005.6,     255.43,     257.3,     87.8,     -177.8
67,     07.09.2014 11:11:17,     631.05,     1270.32,     144,     0.1,     0.9,     1.9,     20.6,     71.9,     1005.6,     255.43,     257.4,     87.8,     -177.8,     12.984,     25.17,     67.4
68,     07.09.2014 11:21:17,     612.15,     1238.16,     141,     0,     0.5,     1.3,     21,     69.5,     1005.6,     255.43,     257.5,     87.9,     -177.8
69,     07.09.2014 11:31:17,     612.15,     1234.14,     134,     0,     0.5,     1.3,     21.3,     68.6,     1005.6,     255.43,     77.8,     87.9,     -2.1
70,     07.09.2014 11:41:17,     623.7,     1256.25,     113,     0,     0.8,     1.5,     21.4,     66.9,     1005.6,     255.43,     77.7,     87.8,     -2.1
71,     07.09.2014 11:51:17,     682.5,     1358.76,     98,     0.1,     0.6,     1.5,     21.7,     66.5,     1005.6,     255.43,     77.8,     87.8,     -2.1
72,     07.09.2014 12:01:17,     636.3,     1276.35,     61,     0,     0.5,     1,     21.8,     65.8,     1005.6,     255.43,     77.8,     87.8,     -2.1
73,     07.09.2014 12:11:27,     613.2,     1230.12,     37,     0,     0.8,     1.6,     21.9,     64.4,     1005.5,     255.43,     77.8,     87.8,     -2.1,     12.904,     30.35,     65.0
74,     07.09.2014 12:21:27,     594.3,     1199.97,     102,     0,     0.5,     1.2,     22.4,     61.7,     1005.4,     255.43,     77.9,     87.9,     -2
75,     07.09.2014 12:31:27,     601.65,     1208.01,     160,     0,     0.3,     1,     23.5,     58.5,     1005.4,     255.43,     77.9,     87.8,     -2
76,     07.09.2014 12:41:27,     602.7,     1214.04,     171,     0,     0.3,     1.3,     23.8,     55.9,     1005.3,     255.43,     77.8,     87.8,     -2.1
77,     07.09.2014 12:51:27,     610.05,     1236.15,     141,     0,     0.2,     0.8,     23.9,     55.5,     1005.3,     255.43,     77.9,     87.9,     -2
78,     07.09.2014 13:01:27,     602.7,     1195.95,     178,     0,     0.5,     1.2,     24.2,     55.1,     1005.3,     255.43,     78.1,     87.8,     -2.1
79,     07.09.2014 13:11:16,     588,     1179.87,     181,     0,     0.7,     2,     23.6,     56.8,     1005.3,     255.43,     77.7,     87.8,     -2,     12.885,     33.06,     64.4
80,     07.09.2014 13:21:16,     565.95,     1119.57,     243,     0.1,     1,     2.4,     24,     57.9,     1005.3,     255.43,     77.9,     87.8,     -2
81,     07.09.2014 13:31:16,     224.7,     514.56,     261,     0,     1.2,     2.1,     23.5,     59.2,     1005.2,     255.43,     77.9,     87.9,     -2
82,     07.09.2014 13:41:16,     617.4,     1210.02,     212,     0,     0.6,     2,     23.8,     59,     1005.2,     255.43,     77.8,     87.9,     -2
83,     07.09.2014 13:51:16,     173.25,     404.01,     269,     0,     1,     3.4,     24.3,     57.2,     1005.2,     255.43,     78,     87.9,     -2
84,     07.09.2014 14:01:16,     185.85,     424.11,     247,     0.3,     1.8,     2.9,     23.2,     62.4,     1005.2,     255.43,     77.9,     87.9,     -2
85,     07.09.2014 14:11:16,     177.45,     397.98,     242,     0,     1.3,     2.7,     23.2,     62.6,     1005.2,     255.43,     77.9,     88,     -1.9,     13.201,     31.40,     65.7
86,     07.09.2014 14:21:16,     194.25,     430.14,     222,     0.1,     0.9,     1.5,     23.2,     63.1,     1005.1,     255.43,     77.8,     87.8,     -2
87,     07.09.2014 14:31:16,     273,     544.71,     228,     0.5,     1.2,     2.2,     23.1,     63.5,     1005,     255.43,     77.9,     87.9,     -2
88,     07.09.2014 14:41:16,     491.4,     944.7,     273,     0.4,     1.1,     2.3,     23.2,     65.1,     1004.9,     255.43,     77.7,     87.7,     -2.2
89,     07.09.2014 14:51:16,     466.2,     912.54,     331,     0.1,     1.5,     2.7,     23.3,     63.6,     1004.9,     255.43,     77.7,     87.8,     -2.1
90,     07.09.2014 15:01:16,     445.2,     870.33,     15,     0.4,     1.7,     2.9,     23.2,     61.4,     1004.8,     255.43,     77.8,     87.9,     -2
91,     07.09.2014 15:11:22,     418.95,     804,     53,     0.5,     1.1,     1.7,     23.2,     60.3,     1004.8,     255.43,     77.7,     87.9,     -2,     13.345,     28.67,     66.8
92,     07.09.2014 15:21:22,     124.95,     307.53,     74,     0,     0.9,     2,     23.7,     59.4,     1004.9,     255.43,     77.7,     88,     -1.9
93,     07.09.2014 15:31:22,     186.9,     416.07,     112,     0,     0.4,     1.1,     23.8,     60.1,     1004.8,     255.43,     77.7,     87.9,     -2
94,     07.09.2014 15:41:22,     58.8,     158.79,     189,     0.2,     0.8,     1.3,     23.5,     60.8,     1004.8,     255.43,     77.7,     87.9,     -2
95,     07.09.2014 15:51:22,     21,     68.34,     145,     0,     0.6,     1.3,     23.3,     66.5,     1004.8,     255.43,     77.8,     87.8,     -2.2
96,     07.09.2014 16:01:22,     17.85,     48.24,     40,     0.2,     0.9,     1.7,     22.9,     67.3,     1005,     255.43,     77.6,     87.9,     -2
97,     07.09.2014 16:11:16,     16.8,     46.23,     14,     0.7,     1.2,     1.7,     22.4,     70.7,     1004.8,     255.43,     77.8,     87.9,     -2,     12.851,     27.31,     67.2
98,     07.09.2014 16:21:16,     2.1,     6.03,     285,     0.8,     5.7,     13,     20.8,     66.7,     1005.4,     255.43,     78.7,     87.8,     -2.1
99,     07.09.2014 16:31:16,     126,     269.34,     318,     1.3,     6.8,     20.2,     18.4,     78.6,     1005.6,     260.05,     75.3,     88,     -1.9
100,     07.09.2014 16:41:16,     179.55,     397.98,     13,     0.2,     4.9,     12,     19.3,     68.8,     1005.3,     261.47,     73.7,     89.4,     -0.3
101,     07.09.2014 16:51:16,     232.05,     500.49,     44,     0.9,     2.2,     3.5,     18,     78.8,     1005.3,     261.47,     73.9,     88,     -2
102,     07.09.2014 17:01:16,     101.85,     219.09,     359,     1,     1.8,     3,     18.2,     78.4,     1005.3,     261.47,     253.6,     87.9,     -177.9
103,     07.09.2014 17:11:16,     43.05,     92.46,     287,     0.1,     1,     2,     18.4,     80.8,     1005.4,     261.47,     73.9,     87.9,     -2,     13.502,     21.46,     69.5
104,     07.09.2014 17:21:16,     26.25,     56.28,     130,     0.2,     1.2,     1.9,     18.1,     84.4,     1005.5,     261.47,     253.6,     88,     -177.9
105,     07.09.2014 17:31:16,     22.05,     48.24,     106,     0.1,     0.6,     1.2,     18.1,     86.1,     1005.4,     261.47,     253.6,     88,     -178
106,     07.09.2014 17:41:16,     27.3,     66.33,     106,     0.3,     0.7,     1,     18.2,     87.4,     1005.3,     261.47,     253.6,     88,     -178
107,     07.09.2014 17:51:16,     25.2,     62.31,     9,     0,     0.3,     1.1,     18.2,     87.5,     1005.2,     261.47,     253.6,     88,     -178
108,     07.09.2014 18:01:16,     25.2,     60.3,     297,     0.4,     1.3,     2.5,     18.1,     87.9,     1005.4,     261.47,     253.7,     87.9,     -177.9
109,     07.09.2014 18:11:16,     14.7,     38.19,     317,     0.4,     1.4,     2.2,     18.2,     88.4,     1005.6,     261.47,     253.6,     88,     -178,     12.828,     19.52,     69.7
110,     07.09.2014 18:21:16,     10.5,     28.14,     343,     0.5,     1.4,     2.1,     18.2,     89.5,     1005.5,     261.47,     253.8,     88,     -178
111,     07.09.2014 18:31:16,     5.25,     16.08,     355,     0.2,     1,     1.9,     18.2,     89.9,     1005.7,     261.47,     253.6,     88,     -178
112,     07.09.2014 18:41:16,     2.1,     10.05,     356,     0,     0.5,     1.3,     18.1,     90.1,     1005.7,     261.47,     253.6,     88,     -178
113,     07.09.2014 18:51:16,     1.05,     4.02,     346,     0.4,     1,     1.7,     18.2,     90.5,     1005.9,     261.47,     253.6,     88,     -178
114,     07.09.2014 19:01:16,     -3.15,     -2.01,     334,     0.7,     1.2,     1.8,     18.2,     90.8,     1005.9,     261.47,     253.6,     87.9,     -177.9
115,     07.09.2014 19:11:22,     -4.2,     -2.01,     335,     1,     1.5,     2.1,     18.1,     90.8,     1006,     261.47,     253.7,     88,     -178,     12.679,     18.49,     69.8
116,     07.09.2014 19:21:22,     -4.2,     -2.01,     333,     1,     1.7,     2.5,     17.9,     91,     1006.2,     261.47,     253.6,     87.9,     -177.9
117,     07.09.2014 19:31:22,     -2.1,     -2.01,     344,     0.8,     1.5,     2.3,     17.9,     91.5,     1006.4,     261.47,     253.6,     88,     -178
118,     07.09.2014 19:41:22,     -4.2,     -2.01,     358,     1,     1.6,     2.3,     18.1,     91.6,     1006.4,     261.47,     253.7,     87.9,     -177.9
119,     07.09.2014 19:51:22,     -2.1,     -4.02,     2,     0.6,     1.5,     2.4,     18.2,     91.3,     1006.4,     261.47,     253.5,     88,     -178
120,     07.09.2014 20:01:22,     -2.1,     -2.01,     328,     0.9,     1.4,     1.9,     18.1,     90.9,     1006.4,     261.47,     253.6,     87.8,     -177.8
121,     07.09.2014 20:11:17,     -3.15,     -2.01,     332,     0.5,     1.4,     2.1,     18,     90.8,     1006.4,     261.47,     253.6,     87.9,     -177.9,     12.645,     18.27,     69.7
122,     07.09.2014 20:21:17,     -3.15,     -2.01,     339,     0.1,     0.8,     1.5,     17.9,     91.1,     1006.5,     261.47,     253.6,     88,     -178
123,     07.09.2014 20:31:17,     -3.15,     -4.02,     16,     0,     0.5,     1.1,     18,     91.5,     1006.5,     261.47,     253.6,     87.9,     -177.9
124,     07.09.2014 20:41:17,     -2.1,     -2.01,     318,     0.1,     0.7,     1.4,     17.9,     91.3,     1006.5,     261.47,     253.6,     88,     -178
125,     07.09.2014 20:51:17,     -3.15,     -2.01,     354,     0.2,     0.7,     1.1,     18,     91.5,     1006.5,     261.47,     253.5,     88,     -178
126,     07.09.2014 21:01:17,     -2.1,     0,     314,     0.1,     0.8,     1.4,     17.9,     91.2,     1006.6,     261.47,     253.7,     88,     -178
127,     07.09.2014 21:11:27,     -3.15,     -4.02,     308,     0.4,     0.9,     1.5,     17.9,     91.2,     1006.7,     261.47,     253.7,     88,     -178,     12.624,     18.07,     69.6
128,     07.09.2014 21:21:27,     -3.15,     -4.02,     322,     0.4,     1.1,     1.5,     17.9,     91,     1006.8,     261.47,     (NO REPLY),     (NO REPLY),     (NO REPLY)
129,     07.09.2014 21:31:27,     -3.15,     -2.01,     312,     0,     0.8,     1.3,     17.8,     90.9,     1006.8,     261.47,     253.6,     88,     -177.9
130,     07.09.2014 21:41:27,     -1.05,     -2.01,     286,     0.1,     0.5,     0.9,     17.8,     91,     1006.8,     261.47,     253.6,     87.9,     -177.9
131,     07.09.2014 21:51:27,     -2.1,     0,     312,     0,     0.4,     0.8,     17.8,     91.1,     1006.9,     261.47,     253.6,     88,     -178
132,     07.09.2014 22:01:27,     -4.2,     -2.01,     316,     0,     0.5,     0.9,     17.8,     91.1,     1006.9,     261.47,     253.7,     88,     -178
133,     07.09.2014 22:11:31,     -2.1,     0,     328,     0.1,     0.7,     1.1,     17.8,     91.1,     1006.8,     261.47,     (NO REPLY),     (NO REPLY),     (NO REPLY),     12.590,     17.93,     69.6
134,     07.09.2014 22:21:31,     -4.2,     -2.01,     328,     0.4,     0.8,     1.2,     17.7,     91.1,     1006.7,     261.47,     253.6,     88,     -178
135,     07.09.2014 22:31:31,     -2.1,     -4.02,     327,     0.3,     0.9,     1.6,     17.6,     91.3,     1006.7,     261.47,     253.7,     88,     -177.9
136,     07.09.2014 22:41:31,     -3.15,     -2.01,     341,     0,     0.7,     1.8,     17.5,     91.4,     1006.8,     261.47,     253.6,     87.9,     -177.9
137,     07.09.2014 22:51:31,     -2.1,     -2.01,     317,     0,     0.8,     2,     17.4,     91.5,     1006.7,     261.47,     253.7,     87.9,     -177.9
138,     07.09.2014 23:01:31,     -3.15,     -2.01,     351,     0,     0.7,     1.5,     17.2,     91.8,     1006.8,     261.47,     253.7,     88,     -178
139,     07.09.2014 23:11:30,     -2.1,     0,     313,     0.1,     0.7,     1.7,     17.2,     91.8,     1006.8,     261.47,     (NO REPLY),     (NO REPLY),     (NO REPLY),     12.588,     17.41,     69.7
140,     07.09.2014 23:21:30,     -3.15,     -6.03,     311,     0.1,     0.8,     1.6,     17.2,     91.8,     1006.8,     261.47,     (NO REPLY),     (NO REPLY),     (NO REPLY)
141,     07.09.2014 23:31:30,     -2.1,     -2.01,     359,     0.1,     0.8,     1.4,     17.1,     91.6,     1006.7,     261.47,     253.7,     87.9,     -177.9
142,     07.09.2014 23:41:30,     -3.15,     -2.01,     17,     0,     0.5,     1,     17.1,     91.8,     1006.7,     261.47,     253.7,     87.9,     -177.9
143,     07.09.2014 23:51:30,     -2.1,     -2.01,     12,     0.1,     0.8,     1.5,     17.1,     91.6,     1006.8,     261.47,     (NO REPLY),     (NO REPLY),     (NO REPLY)
144,     08.09.2014 00:01:30,     -3.15,     -4.02,     302,     0.4,     0.9,     1.6,     17.1,     91.9,     1006.9,     261.47,     (NO REPLY),     (NO REPLY),     (NO REPLY),     12.505,     17.20,     69.7
(GSM ERROR Server Transfer: Timeout 166 / Signal:17 / 08.09.2014 00:03:14)