Logger: #D10248 'TSK_Meteo' - USP_EXP2 (V2.10, Jan 24 2012)
No,     Time,     #1:W/m²:0,     #2:ÂµMol:(do.),     #5:deg:2,     #6:m/sMIN:(do.),     #7:m/sMIT:(do.),     #8:m/sMAX:(do.),     #9:Â°C:(do.),     #10:%:(do.),     #11:hPa:(do.),     #12:mm:(do.),     #14:AZ:3,     #15:EL:(do.),     #16:Roll:(do.),     #HK-Bat:V,     #HK-Temp:oC,     #HK-rH:%
(GSM Transfer OK / Signal:16)
1,     20.11.2014 00:11:17,     -1.05,     -2.01,     329,     0.6,     1.4,     2.5,     5,     87,     1018.7,     323.71,     253,     88,     -177.9,     12.050,     6.24,     82.8
2,     20.11.2014 00:21:17,     -2.1,     -2.01,     331,     0.8,     1.4,     2.7,     5,     87.3,     1018.7,     323.71,     253.2,     88,     -178
3,     20.11.2014 00:31:17,     -1.05,     -2.01,     333,     0.4,     1.2,     2.2,     4.9,     88,     1018.7,     323.71,     253.2,     88,     -178
4,     20.11.2014 00:41:17,     -2.1,     0,     331,     0.6,     1.3,     2.7,     4.9,     88.7,     1018.7,     323.71,     253.3,     87.9,     -177.9
5,     20.11.2014 00:51:17,     -2.1,     -2.01,     343,     0.3,     1.1,     2,     4.9,     89.4,     1018.7,     323.71,     253.1,     87.9,     -177.9
6,     20.11.2014 01:01:17,     -1.05,     -2.01,     351,     0.6,     1.1,     1.8,     4.9,     89.8,     1018.6,     323.71,     253.3,     88,     -178
7,     20.11.2014 01:11:16,     -1.05,     -2.01,     354,     0.6,     1.3,     1.8,     4.9,     90.3,     1018.6,     323.71,     253.2,     88,     -178,     12.194,     5.73,     84.5
8,     20.11.2014 01:21:16,     -2.1,     -2.01,     5,     0.8,     1.4,     2,     4.9,     90.5,     1018.5,     323.71,     253.2,     88,     -178
9,     20.11.2014 01:31:16,     -1.05,     -2.01,     26,     1.1,     1.8,     2.6,     5.1,     90.7,     1018.5,     323.71,     253,     88,     -177.9
10,     20.11.2014 01:41:16,     -1.05,     -2.01,     66,     0.9,     1.6,     2.5,     5,     90.3,     1018.4,     323.71,     253,     87.9,     -177.9
11,     20.11.2014 01:51:16,     -1.05,     -2.01,     62,     0.8,     1.5,     2.2,     5,     90,     1018.4,     323.71,     253.1,     88,     -178
12,     20.11.2014 02:01:16,     -1.05,     -2.01,     52,     0.7,     1.4,     2.2,     5.1,     90.1,     1018.5,     323.71,     253.1,     87.9,     -177.9
13,     20.11.2014 02:11:17,     -2.1,     -2.01,     53,     0.4,     1,     1.7,     5.2,     89.7,     1018.4,     323.71,     252.9,     88,     -178,     12.187,     5.74,     84.5
14,     20.11.2014 02:21:17,     -1.05,     -2.01,     44,     1.1,     2.1,     3.4,     5.5,     89.8,     1018.5,     323.71,     253.1,     88,     -178
15,     20.11.2014 02:31:17,     -2.1,     -2.01,     25,     0.3,     1.6,     2.8,     5.5,     89.1,     1018.6,     323.71,     253.2,     87.9,     -177.9
16,     20.11.2014 02:41:17,     -2.1,     0,     353,     0.9,     1.7,     2.4,     5.5,     88.8,     1018.7,     323.71,     253.1,     88,     -177.9
17,     20.11.2014 02:51:17,     -3.15,     -4.02,     6,     0.7,     1.5,     2.2,     5.4,     88.3,     1018.7,     323.71,     253.2,     88,     -178
18,     20.11.2014 03:01:17,     -2.1,     -2.01,     5,     0.7,     1.5,     2.4,     5.6,     88,     1018.7,     323.71,     253.3,     87.9,     -178
19,     20.11.2014 03:11:17,     -2.1,     -2.01,     355,     0.9,     1.7,     2.7,     5.5,     87.8,     1018.8,     323.71,     253.1,     87.9,     -177.9,     12.189,     5.97,     84.5
20,     20.11.2014 03:21:17,     -1.05,     0,     349,     0.7,     1.5,     2.2,     5.4,     87.6,     1018.8,     323.71,     253.2,     88,     -177.9
21,     20.11.2014 03:31:17,     -2.1,     -2.01,     348,     0.9,     1.4,     2.1,     5.4,     88.2,     1018.9,     323.71,     253.1,     88,     -178
22,     20.11.2014 03:41:17,     -1.05,     -2.01,     1,     0.4,     1.1,     2,     5.4,     88.4,     1018.9,     323.71,     253.1,     88,     -178
23,     20.11.2014 03:51:17,     -2.1,     -2.01,     356,     0.6,     1.2,     2,     5.4,     88.4,     1018.9,     323.71,     253.1,     88,     -178
24,     20.11.2014 04:01:17,     -1.05,     -2.01,     347,     0.8,     1.4,     2.2,     5.3,     88.9,     1019,     323.71,     253.2,     88,     -178
25,     20.11.2014 04:11:16,     -1.05,     0,     338,     0.7,     1.5,     2.3,     5.3,     89.1,     1019,     323.71,     253.1,     87.9,     -177.9,     12.183,     6.05,     84.5
26,     20.11.2014 04:21:16,     -1.05,     -2.01,     354,     0.8,     1.7,     2.5,     5.3,     89.3,     1019,     323.71,     253.2,     88,     -178
27,     20.11.2014 04:31:16,     -1.05,     -2.01,     357,     0.7,     1.4,     2.2,     5.3,     89.3,     1019,     323.71,     253.1,     87.9,     -177.9
28,     20.11.2014 04:41:16,     -2.1,     -2.01,     358,     0.8,     1.4,     2.1,     5.4,     89.4,     1019.1,     323.71,     253.3,     88,     -178
29,     20.11.2014 04:51:16,     -3.15,     -2.01,     359,     0.9,     1.4,     2.2,     5.4,     89.6,     1019.1,     323.71,     253.3,     88,     -178
30,     20.11.2014 05:01:16,     -1.05,     -2.01,     354,     0.9,     1.5,     2.3,     5.3,     89.3,     1019.1,     323.71,     253.2,     88,     -178
31,     20.11.2014 05:11:16,     -2.1,     0,     355,     0.8,     1.4,     2.2,     5.4,     89.7,     1019.2,     323.71,     253.2,     88,     -178,     12.189,     6.03,     84.5
32,     20.11.2014 05:21:16,     -3.15,     0,     354,     0.7,     1.4,     2.1,     5.4,     89.8,     1019.1,     323.71,     253,     87.9,     -177.9
33,     20.11.2014 05:31:16,     -2.1,     -2.01,     359,     0.8,     1.3,     2,     5.4,     90.1,     1019.1,     323.71,     253.2,     87.9,     -177.9
34,     20.11.2014 05:41:16,     -1.05,     -2.01,     4,     0.7,     1.6,     2.6,     5.5,     90.1,     1019.1,     323.71,     253.2,     88,     -178
35,     20.11.2014 05:51:16,     -1.05,     0,     7,     0.3,     1.4,     2.3,     5.5,     90.3,     1019,     323.71,     253.2,     87.9,     -177.9
36,     20.11.2014 06:01:16,     -2.1,     -2.01,     21,     1.1,     2,     2.8,     5.6,     90.4,     1019.1,     323.71,     253.2,     88.1,     -178.1
37,     20.11.2014 06:11:16,     -2.1,     0,     0,     1.3,     1.9,     2.7,     5.5,     90.5,     1019.1,     323.71,     253,     88,     -178,     12.189,     6.15,     84.5
38,     20.11.2014 06:21:16,     -1.05,     -2.01,     2,     1.2,     1.9,     2.7,     5.5,     90.6,     1019.1,     323.71,     253.2,     88,     -178
39,     20.11.2014 06:31:16,     -1.05,     0,     0,     1,     1.7,     2.6,     5.5,     90.7,     1019.1,     323.71,     253.2,     88,     -178
40,     20.11.2014 06:41:16,     -1.05,     -2.01,     352,     1.2,     1.8,     2.8,     5.6,     90.6,     1019.3,     323.71,     253.2,     88,     -178
41,     20.11.2014 06:51:16,     -2.1,     -4.02,     354,     0.7,     1.4,     2.3,     5.6,     90.6,     1019.3,     323.71,     253.1,     88,     -178
42,     20.11.2014 07:01:16,     -1.05,     0,     349,     0.8,     1.5,     2.4,     5.6,     90.4,     1019.3,     323.71,     253.3,     88,     -178
43,     20.11.2014 07:11:16,     -2.1,     -2.01,     349,     0.5,     1.2,     2.2,     5.5,     90.5,     1019.3,     323.71,     253.1,     88,     -178,     12.177,     6.25,     84.4
44,     20.11.2014 07:21:16,     -1.05,     -2.01,     346,     0.6,     1.2,     2,     5.5,     90.4,     1019.5,     323.71,     253.3,     87.9,     -177.9
45,     20.11.2014 07:31:16,     -1.05,     0,     354,     0.4,     1.2,     1.8,     5.6,     90.6,     1019.4,     323.71,     253.2,     88,     -178
46,     20.11.2014 07:41:16,     0,     2.01,     352,     0.7,     1.3,     1.9,     5.6,     90.7,     1019.6,     323.71,     253.3,     88,     -178
47,     20.11.2014 07:51:16,     1.05,     6.03,     358,     0.6,     1.4,     2.1,     5.7,     90.9,     1019.7,     323.71,     253.3,     88,     -178
48,     20.11.2014 08:01:16,     0,     2.01,     359,     0.6,     1.4,     2.6,     5.7,     90.8,     1019.7,     323.71,     253.3,     88,     -178
49,     20.11.2014 08:11:16,     2.1,     4.02,     349,     0.8,     1.3,     2.1,     5.7,     90.7,     1019.8,     323.71,     253.2,     87.9,     -177.9,     12.185,     6.36,     84.4
50,     20.11.2014 08:21:16,     4.2,     10.05,     2,     0.7,     1.4,     2.4,     5.8,     91,     1019.9,     323.71,     253.2,     87.9,     -177.9
51,     20.11.2014 08:31:16,     5.25,     12.06,     7,     0.7,     1.4,     2.1,     5.7,     90.7,     1019.9,     323.71,     253.2,     88,     -178
52,     20.11.2014 08:41:16,     10.5,     22.11,     16,     0.7,     1.6,     2.7,     5.8,     90.6,     1019.8,     323.71,     253,     87.9,     -177.9
53,     20.11.2014 08:51:16,     16.8,     34.17,     65,     0.6,     1.6,     2.7,     5.8,     90.6,     1019.7,     323.71,     253.1,     88,     -178
54,     20.11.2014 09:01:16,     19.95,     42.21,     71,     0.6,     1.3,     2.1,     5.8,     90.6,     1019.6,     323.71,     253.2,     87.9,     -177.9
55,     20.11.2014 09:11:16,     18.9,     42.21,     44,     0.6,     1.6,     2.9,     5.9,     90.8,     1019.7,     323.71,     253.1,     88,     -178,     12.264,     6.59,     84.4
56,     20.11.2014 09:21:16,     19.95,     44.22,     48,     0.6,     1.5,     2.4,     5.9,     90.6,     1019.8,     323.71,     253.1,     87.9,     -177.9
57,     20.11.2014 09:31:16,     19.95,     48.24,     30,     0.3,     1.4,     2.2,     5.9,     90.3,     1019.9,     323.71,     253.1,     88,     -178
58,     20.11.2014 09:41:16,     22.05,     50.25,     351,     0.4,     1.1,     2,     6,     90.3,     1020,     323.71,     253.4,     88,     -178
59,     20.11.2014 09:51:16,     21,     46.23,     333,     0.4,     1,     1.7,     6,     90.3,     1020,     323.71,     253.1,     88,     -178
60,     20.11.2014 10:01:16,     15.75,     36.18,     338,     0.2,     0.8,     1.5,     6,     90.1,     1020.1,     323.71,     253.2,     88,     -178
61,     20.11.2014 10:11:17,     15.75,     36.18,     328,     0.2,     0.8,     1.5,     6,     89.9,     1020.2,     323.71,     253.2,     88,     -178,     12.279,     6.96,     84.3
62,     20.11.2014 10:21:17,     26.25,     60.3,     313,     0.4,     0.9,     1.7,     6.1,     89.9,     1020.2,     323.71,     253.3,     88,     -178
63,     20.11.2014 10:31:17,     31.5,     68.34,     318,     0.7,     1.2,     1.7,     6.1,     89.6,     1020.2,     323.71,     253.3,     88,     -178
64,     20.11.2014 10:41:17,     31.5,     72.36,     312,     0.5,     1.4,     2.2,     6.1,     89.7,     1020.4,     323.71,     253.3,     87.9,     -177.9
65,     20.11.2014 10:51:17,     43.05,     90.45,     332,     0.9,     1.7,     2.8,     6.2,     89.8,     1020.3,     323.71,     253.3,     88,     -178
66,     20.11.2014 11:01:17,     57.75,     124.62,     338,     0.8,     1.8,     2.9,     6.2,     89.5,     1020.2,     323.71,     253.4,     88,     -178
67,     20.11.2014 11:11:16,     47.25,     100.5,     335,     0.7,     1.9,     2.7,     6.2,     89.3,     1020.2,     323.71,     253.3,     87.9,     -177.9,     12.493,     7.33,     84.2
68,     20.11.2014 11:21:16,     31.5,     68.34,     336,     0.9,     1.8,     2.6,     6.3,     89.3,     1020.2,     323.71,     253.3,     87.9,     -177.9
69,     20.11.2014 11:31:16,     33.6,     74.37,     341,     0.9,     1.5,     2.3,     6.4,     89.4,     1020.2,     323.71,     253.3,     88,     -178
70,     20.11.2014 11:41:16,     38.85,     86.43,     358,     0.9,     1.6,     2.5,     6.4,     89,     1020.2,     323.71,     253.4,     88,     -178
71,     20.11.2014 11:51:16,     32.55,     70.35,     5,     0.6,     1.3,     2.2,     6.5,     89,     1020.1,     323.71,     253.1,     87.9,     -177.9
72,     20.11.2014 12:01:16,     38.85,     84.42,     28,     0.6,     1.4,     2.6,     6.6,     88.5,     1020.1,     323.71,     253.2,     88,     -178
73,     20.11.2014 12:11:17,     35.7,     76.38,     26,     0.9,     1.7,     2.7,     6.6,     88.3,     1020.1,     323.71,     253.2,     88,     -178,     12.206,     7.77,     84.0
74,     20.11.2014 12:21:17,     37.8,     84.42,     17,     1.5,     2,     2.7,     6.6,     88.3,     1020,     323.71,     253.2,     88,     -178
75,     20.11.2014 12:31:17,     47.25,     100.5,     10,     0.9,     2.1,     3,     6.6,     87.9,     1020,     323.71,     253.1,     88,     -178
76,     20.11.2014 12:41:17,     59.85,     126.63,     16,     0.2,     1.3,     2.1,     6.7,     87.8,     1019.9,     323.71,     253.3,     88,     -178
77,     20.11.2014 12:51:17,     57.75,     120.6,     31,     0.8,     1.6,     2.6,     6.8,     87.4,     1019.8,     323.71,     253.3,     88,     -178
78,     20.11.2014 13:01:17,     89.25,     182.91,     26,     1.2,     1.9,     2.7,     6.8,     87,     1019.7,     323.71,     253.2,     87.9,     -177.9
79,     20.11.2014 13:11:17,     79.8,     166.83,     28,     1,     2,     3.2,     6.9,     86.8,     1019.6,     323.71,     253.2,     88,     -178,     12.613,     8.19,     83.9
80,     20.11.2014 13:21:17,     82.95,     170.85,     22,     1.2,     2.4,     3.6,     6.9,     86,     1019.5,     323.71,     253.2,     88,     -177.9
81,     20.11.2014 13:31:17,     80.85,     164.82,     18,     1.3,     2,     3.2,     6.9,     85.7,     1019.5,     323.71,     253.3,     88,     -178
82,     20.11.2014 13:41:17,     71.4,     148.74,     13,     0.7,     1.7,     2.7,     7,     84.8,     1019.5,     323.71,     253.4,     88,     -178
83,     20.11.2014 13:51:17,     65.1,     132.66,     9,     0.9,     1.7,     2.5,     7.1,     84.5,     1019.6,     323.71,     253.4,     88,     -177.9
84,     20.11.2014 14:01:17,     78.75,     156.78,     0,     0.8,     1.5,     2.4,     7.1,     84.2,     1019.5,     323.71,     253.2,     88,     -178
85,     20.11.2014 14:11:16,     81.9,     162.81,     24,     1,     2.2,     3.4,     7.2,     81.6,     1019.5,     323.71,     253.3,     88,     -177.9,     12.845,     8.58,     83.8
86,     20.11.2014 14:21:16,     65.1,     134.67,     29,     1.7,     2.4,     3.3,     7.2,     82.4,     1019.5,     323.71,     253.2,     88.2,     -178.2
87,     20.11.2014 14:31:16,     57.75,     116.58,     20,     1.2,     2,     3,     7.4,     81.7,     1019.6,     323.71,     253.3,     88,     -178
88,     20.11.2014 14:41:16,     34.65,     72.36,     8,     1.1,     1.9,     3,     7.4,     81.5,     1019.6,     323.71,     253.3,     88,     -178
89,     20.11.2014 14:51:16,     28.35,     62.31,     338,     0.7,     1.6,     2.9,     7.4,     83,     1019.8,     323.71,     253.3,     87.9,     -178
90,     20.11.2014 15:01:16,     26.25,     54.27,     314,     0.4,     1.5,     2.8,     7.4,     83.4,     1019.7,     323.71,     253.5,     88,     -178
91,     20.11.2014 15:11:16,     15.75,     34.17,     332,     0.4,     1.5,     2.3,     7.3,     83.2,     1019.7,     323.71,     253.3,     87.9,     -177.9,     12.592,     8.54,     83.8
92,     20.11.2014 15:21:16,     7.35,     20.1,     338,     0.8,     1.3,     1.8,     7.2,     83.1,     1019.6,     323.71,     253.3,     87.9,     -177.9
93,     20.11.2014 15:31:16,     10.5,     24.12,     354,     0.5,     1,     1.8,     7.3,     82.9,     1019.5,     323.71,     253.4,     88,     -177.9
94,     20.11.2014 15:41:16,     6.3,     18.09,     6,     0.2,     0.9,     1.7,     7.3,     82.6,     1019.4,     323.71,     253.3,     88.1,     -178.1
95,     20.11.2014 15:51:16,     4.2,     10.05,     0,     0.5,     1,     1.5,     7.2,     83.1,     1019.4,     323.71,     253.3,     88,     -178
96,     20.11.2014 16:01:16,     0,     8.04,     345,     0.5,     1,     1.7,     7.2,     83.3,     1019.4,     323.71,     253.3,     87.9,     -177.9
97,     20.11.2014 16:11:16,     -3.15,     2.01,     352,     0.5,     1,     1.6,     7.2,     84.1,     1019.4,     323.71,     253.3,     87.9,     -177.8,     12.423,     8.07,     84.0
98,     20.11.2014 16:21:16,     -2.1,     -2.01,     334,     0.5,     1,     1.7,     7.2,     85.1,     1019.4,     323.71,     253.3,     88,     -178
99,     20.11.2014 16:31:16,     -2.1,     -2.01,     343,     0.7,     1.5,     2.4,     7.2,     82.3,     1019.3,     323.71,     253.2,     88.1,     -178.1
100,     20.11.2014 16:41:16,     -2.1,     -2.01,     357,     0.7,     1.9,     3.1,     7.2,     80.8,     1019.3,     323.71,     253.4,     88,     -178
101,     20.11.2014 16:51:16,     -2.1,     0,     356,     1,     1.6,     2.5,     7.2,     80.4,     1019.3,     323.71,     253.3,     87.9,     -177.9
102,     20.11.2014 17:01:16,     -3.15,     -4.02,     358,     0.8,     1.8,     2.8,     7.1,     80.6,     1019.4,     323.71,     253.3,     88,     -178
103,     20.11.2014 17:11:17,     -2.1,     0,     6,     0.8,     1.7,     2.4,     7.1,     81.1,     1019.4,     323.71,     253.3,     88,     -178,     12.348,     7.66,     84.1
104,     20.11.2014 17:21:17,     -2.1,     -2.01,     12,     1,     1.6,     2.3,     7,     81.2,     1019.3,     323.71,     253.2,     88,     -178
105,     20.11.2014 17:31:17,     -2.1,     0,     346,     0.6,     1.2,     1.9,     6.9,     81.8,     1019.3,     323.71,     253.3,     88,     -178
106,     20.11.2014 17:41:17,     -1.05,     -2.01,     6,     0.4,     1,     1.6,     6.9,     82,     1019.3,     323.71,     253.3,     87.9,     -177.9
107,     20.11.2014 17:51:17,     -2.1,     -2.01,     0,     0.7,     1.1,     1.6,     6.9,     82.1,     1019.3,     323.71,     253.2,     88.1,     -178.1
108,     20.11.2014 18:01:17,     -2.1,     -2.01,     346,     0.6,     1,     1.6,     6.8,     82,     1019.4,     323.71,     253.2,     87.9,     -177.9
109,     20.11.2014 18:11:16,     -1.05,     0,     4,     0.6,     1,     1.5,     6.8,     82.9,     1019.3,     323.71,     253.2,     88,     -178,     12.281,     7.35,     84.2
110,     20.11.2014 18:21:16,     -2.1,     -2.01,     356,     0.8,     1.3,     1.9,     6.7,     82.6,     1019.2,     323.71,     253.2,     88,     -178
111,     20.11.2014 18:31:16,     -1.05,     -4.02,     353,     0.8,     1.3,     2,     6.8,     83,     1019.2,     323.71,     253.3,     88,     -178
112,     20.11.2014 18:41:16,     -2.1,     -2.01,     346,     0.8,     1.3,     1.9,     6.7,     82.9,     1019.2,     323.71,     253.4,     88,     -178
113,     20.11.2014 18:51:16,     -1.05,     -2.01,     335,     0.7,     1.3,     1.9,     6.6,     82.6,     1019.2,     323.71,     253.3,     87.9,     -177.8
114,     20.11.2014 19:01:16,     -2.1,     -2.01,     334,     0.7,     1.2,     1.8,     6.5,     84.2,     1019.2,     323.71,     253.4,     88,     -178
115,     20.11.2014 19:11:16,     -2.1,     0,     341,     0.6,     1.2,     1.8,     6.4,     83.5,     1019.2,     323.71,     253.2,     88,     -178,     12.242,     7.05,     84.3
116,     20.11.2014 19:21:16,     -2.1,     -2.01,     334,     0.5,     1.1,     1.6,     6.4,     83.6,     1019.3,     323.71,     253.2,     87.9,     -177.9
117,     20.11.2014 19:31:16,     -3.15,     -2.01,     333,     0.1,     1,     1.5,     6.4,     83.8,     1019.3,     323.71,     253.2,     88,     -178
118,     20.11.2014 19:41:16,     -1.05,     -2.01,     348,     0.4,     0.8,     1.2,     6.4,     84.6,     1019.3,     323.71,     253.2,     87.9,     -177.9
119,     20.11.2014 19:51:16,     -3.15,     -4.02,     331,     0.5,     1,     1.6,     6.3,     84.6,     1019.3,     323.71,     253.2,     87.9,     -177.9
120,     20.11.2014 20:01:16,     -2.1,     -4.02,     354,     0.4,     1.1,     1.8,     6.4,     84.7,     1019.3,     323.71,     253.1,     87.9,     -177.9
121,     20.11.2014 20:11:17,     -2.1,     -2.01,     331,     0.8,     1.5,     2.2,     6.3,     84,     1019.3,     323.71,     253.3,     88,     -178,     12.209,     6.75,     84.4
122,     20.11.2014 20:21:17,     -1.05,     0,     311,     0.4,     1.2,     1.8,     6.2,     84.7,     1019.3,     323.71,     253.3,     87.9,     -177.9
123,     20.11.2014 20:31:17,     -3.15,     -2.01,     300,     0.2,     1.1,     1.7,     6.1,     84.8,     1019.3,     323.71,     253.2,     87.9,     -177.9
124,     20.11.2014 20:41:17,     -2.1,     0,     314,     0.1,     0.8,     1.5,     6.2,     85.1,     1019.3,     323.71,     253.3,     87.8,     -177.8
125,     20.11.2014 20:51:17,     -2.1,     0,     317,     0.3,     0.9,     1.6,     6.1,     85,     1019.4,     323.71,     253.2,     88,     -178
126,     20.11.2014 21:01:17,     -2.1,     -4.02,     317,     0.4,     1.2,     2,     6.1,     84.8,     1019.5,     323.71,     253.2,     87.9,     -177.9
127,     20.11.2014 21:11:16,     -2.1,     -2.01,     314,     0.7,     1.3,     2,     6,     85.4,     1019.5,     323.71,     253.2,     87.9,     -177.9,     12.209,     6.52,     84.5
128,     20.11.2014 21:21:16,     -2.1,     -2.01,     297,     0.5,     1.2,     1.8,     5.9,     85.9,     1019.5,     323.71,     253.3,     87.9,     -177.9
129,     20.11.2014 21:31:16,     -1.05,     -2.01,     294,     1,     1.8,     3,     5.9,     86,     1019.5,     323.71,     253.4,     88,     -178
130,     20.11.2014 21:41:16,     -2.1,     -4.02,     291,     1.3,     2.1,     3,     6,     85.9,     1019.4,     323.71,     253.4,     88,     -178
131,     20.11.2014 21:51:16,     -4.2,     -2.01,     311,     0.1,     1.7,     3,     6,     85.8,     1019.5,     323.71,     253.1,     88,     -178
132,     20.11.2014 22:01:16,     -3.15,     0,     3,     0.1,     1,     2.3,     5.9,     86.2,     1019.5,     323.71,     253.2,     88,     -178
133,     20.11.2014 22:11:16,     -3.15,     -6.03,     356,     0.5,     1.3,     2.5,     5.8,     86.8,     1019.4,     323.71,     253.3,     88,     -178,     12.187,     6.30,     84.5
134,     20.11.2014 22:21:16,     -2.1,     -2.01,     339,     0.2,     0.9,     1.6,     5.8,     87.2,     1019.4,     323.71,     253.1,     88,     -178
135,     20.11.2014 22:31:16,     -3.15,     -2.01,     5,     0.1,     0.8,     1.8,     5.8,     87,     1019.5,     323.71,     253.1,     88,     -177.9
136,     20.11.2014 22:41:16,     -3.15,     -2.01,     349,     0.6,     1.2,     1.9,     5.8,     86.7,     1019.4,     323.71,     253.2,     87.9,     -177.9
137,     20.11.2014 22:51:16,     -2.1,     -2.01,     302,     0.4,     1.1,     1.8,     5.7,     87.1,     1019.5,     323.71,     253.3,     87.9,     -177.9
138,     20.11.2014 23:01:16,     -2.1,     0,     328,     0.1,     0.8,     1.9,     5.7,     86.8,     1019.4,     323.71,     253.3,     88,     -178
139,     20.11.2014 23:11:17,     -2.1,     -6.03,     334,     0,     0.7,     1.6,     5.7,     86.9,     1019.4,     323.71,     253.3,     87.9,     -177.9,     12.185,     6.05,     84.6
140,     20.11.2014 23:21:17,     -2.1,     0,     300,     0.7,     1.2,     2,     5.7,     86.9,     1019.4,     323.71,     253.1,     87.9,     -177.9
141,     20.11.2014 23:31:17,     -3.15,     -2.01,     304,     0.4,     1.1,     1.8,     5.7,     87,     1019.4,     323.71,     253.3,     87.8,     -177.9
142,     20.11.2014 23:41:17,     -2.1,     -2.01,     286,     0.2,     1.3,     2.2,     5.8,     87.3,     1019.4,     323.71,     253.2,     88,     -178
143,     20.11.2014 23:51:17,     -2.1,     -4.02,     285,     0.3,     1.1,     1.8,     5.9,     86.9,     1019.3,     323.71,     253.1,     88,     -178
144,     21.11.2014 00:01:22,     -2.1,     0,     292,     0.4,     1.2,     2.1,     5.8,     86.2,     1019.2,     323.71,     253.1,     88.1,     -178,     12.011,     5.96,     84.6