Logger: #D10248 'TSK_Meteo' - USP_EXP2 (V2.10, Jan 24 2012)
No,     Time,     #1:W/m²:0,     #2:ÂµMol:(do.),     #5:deg:2,     #6:m/sMIN:(do.),     #7:m/sMIT:(do.),     #8:m/sMAX:(do.),     #9:Â°C:(do.),     #10:%:(do.),     #11:hPa:(do.),     #12:mm:(do.),     #14:AZ:3,     #15:EL:(do.),     #16:Roll:(do.),     #HK-Bat:V,     #HK-Temp:oC,     #HK-rH:%
(GSM Transfer OK / Signal:16)
1,     06.01.2015 00:11:16,     -1.05,     -4.02,     240,     0.6,     1.2,     2,     3,     92.1,     1019.1,     386.43,     73.4,     88,     -1.9,     12.533,     4.27,     87.6
2,     06.01.2015 00:21:16,     0,     0,     207,     0.8,     1.3,     1.8,     3,     92.1,     1019,     386.43,     73.4,     87.9,     -2
3,     06.01.2015 00:31:16,     -1.05,     -2.01,     222,     0.7,     1.1,     1.6,     3,     92.1,     1018.9,     386.43,     73.6,     87.9,     -2
4,     06.01.2015 00:41:16,     -1.05,     -2.01,     252,     0.5,     1.1,     1.7,     3.1,     92.2,     1018.8,     386.43,     73.3,     88,     -1.9
5,     06.01.2015 00:51:16,     -1.05,     -2.01,     248,     0.3,     0.9,     1.6,     3.1,     92.2,     1018.8,     386.43,     73.5,     88,     -1.9
6,     06.01.2015 01:01:16,     -2.1,     -2.01,     239,     0.4,     1,     1.6,     3.1,     92.2,     1018.7,     386.43,     73.5,     88,     -1.9
7,     06.01.2015 01:11:16,     -1.05,     -2.01,     232,     0.1,     0.7,     1.2,     3.2,     92.2,     1018.7,     386.43,     73.3,     87.9,     -2,     12.514,     3.85,     89.6
8,     06.01.2015 01:21:16,     -1.05,     0,     163,     0.7,     1.2,     1.6,     3.2,     92.2,     1018.7,     386.43,     73.3,     88,     -1.9
9,     06.01.2015 01:31:16,     -1.05,     -2.01,     136,     0.6,     1.3,     1.9,     3.3,     92.3,     1018.7,     386.43,     73.3,     87.9,     -2
10,     06.01.2015 01:41:16,     -2.1,     0,     151,     1.1,     1.8,     2.4,     3.2,     92.3,     1018.8,     386.43,     73.2,     87.9,     -2
11,     06.01.2015 01:51:16,     -1.05,     -2.01,     167,     0.8,     1.4,     2,     3.2,     92.3,     1018.9,     386.43,     73.3,     87.9,     -1.9
12,     06.01.2015 02:01:16,     0,     0,     165,     0.5,     1.1,     1.9,     3.2,     92.4,     1018.8,     386.43,     73.3,     87.9,     -1.9
13,     06.01.2015 02:11:16,     -1.05,     -2.01,     166,     0.6,     1.3,     2.1,     3.2,     92.4,     1018.8,     386.43,     73.2,     87.9,     -2,     12.503,     3.91,     89.6
14,     06.01.2015 02:21:16,     -1.05,     -2.01,     179,     0.8,     1.3,     1.8,     3.3,     92.4,     1018.8,     386.43,     73.4,     87.9,     -2
15,     06.01.2015 02:31:16,     0,     -2.01,     190,     0.8,     1.3,     1.7,     3.3,     92.4,     1018.8,     386.43,     73.3,     87.9,     -2
16,     06.01.2015 02:41:16,     -1.05,     -2.01,     199,     0.7,     1.2,     1.7,     3.3,     92.5,     1018.8,     386.43,     73.5,     88,     -2
17,     06.01.2015 02:51:16,     -2.1,     -2.01,     203,     0.7,     1,     1.6,     3.4,     92.5,     1018.9,     386.43,     73.4,     88,     -1.9
18,     06.01.2015 03:01:16,     -1.05,     -2.01,     201,     0.7,     2.4,     4.6,     3.4,     92.5,     1018.9,     386.43,     73.5,     88,     -1.9
19,     06.01.2015 03:11:17,     -1.05,     0,     222,     0.7,     1.7,     4.3,     3.4,     92.5,     1018.8,     386.43,     73.5,     87.9,     -2,     12.482,     4.05,     89.6
20,     06.01.2015 03:21:17,     -1.05,     -2.01,     235,     0.5,     1.1,     3,     3.4,     92.5,     1018.9,     386.43,     253.3,     87.9,     -177.9
21,     06.01.2015 03:31:17,     -1.05,     0,     216,     0.5,     1.8,     4.3,     3.5,     92.6,     1018.9,     386.43,     73.4,     88,     -2
22,     06.01.2015 03:41:17,     -1.05,     0,     211,     0.7,     2.3,     4.6,     3.5,     92.6,     1018.8,     386.43,     253.3,     88,     -178
23,     06.01.2015 03:51:17,     -1.05,     -2.01,     199,     0.7,     2.5,     4.5,     3.5,     92.6,     1018.8,     386.43,     73.4,     88,     -1.9
24,     06.01.2015 04:01:17,     -1.05,     0,     220,     0.7,     2.2,     4.6,     3.5,     92.6,     1018.8,     386.43,     73.4,     88,     -1.9
25,     06.01.2015 04:11:16,     -1.05,     -2.01,     227,     0.7,     2.6,     4.8,     3.5,     92.6,     1018.7,     386.43,     73.4,     88,     -1.9,     12.476,     4.15,     89.6
26,     06.01.2015 04:21:16,     -1.05,     0,     222,     1,     2.8,     4.7,     3.5,     92.6,     1018.7,     386.43,     73.5,     88,     -1.9
27,     06.01.2015 04:31:16,     -2.1,     -2.01,     212,     1,     3.1,     5.1,     3.5,     92.6,     1018.7,     386.43,     73.5,     88,     -2
28,     06.01.2015 04:41:16,     -1.05,     -2.01,     210,     1,     3.4,     5.2,     3.5,     92.6,     1018.6,     386.43,     73.5,     88,     -1.9
29,     06.01.2015 04:51:16,     -1.05,     0,     188,     1,     1.6,     3.8,     3.5,     92.6,     1018.5,     386.51,     73.3,     88,     -1.9
30,     06.01.2015 05:01:16,     -1.05,     -2.01,     197,     1.1,     1.7,     2.9,     3.4,     92.6,     1018.4,     386.52,     73.5,     88,     -1.9
31,     06.01.2015 05:11:16,     -1.05,     -4.02,     214,     1.1,     1.7,     2.4,     3.4,     92.6,     1018.4,     386.52,     73.6,     88,     -1.9,     12.469,     4.18,     89.6
32,     06.01.2015 05:21:16,     -2.1,     -2.01,     210,     1,     1.8,     2.6,     3.4,     92.7,     1018.4,     386.52,     73.6,     88,     -1.9
33,     06.01.2015 05:31:16,     -2.1,     0,     224,     0.9,     1.7,     2.7,     3.3,     92.7,     1018.4,     386.52,     73.6,     87.9,     -2
34,     06.01.2015 05:41:16,     -2.1,     -2.01,     216,     0.9,     1.6,     2.4,     3.3,     92.7,     1018.4,     386.52,     73.4,     87.9,     -2
35,     06.01.2015 05:51:16,     -1.05,     -2.01,     223,     0.9,     1.6,     2.5,     3.3,     92.7,     1018.5,     386.52,     73.6,     87.9,     -2
36,     06.01.2015 06:01:16,     -1.05,     -2.01,     223,     0.8,     1.6,     2.2,     3.3,     92.7,     1018.5,     386.52,     73.5,     87.9,     -1.9
37,     06.01.2015 06:11:17,     -2.1,     -2.01,     202,     1.1,     1.7,     2.4,     3.3,     92.7,     1018.5,     386.52,     73.4,     87.9,     -1.9,     12.450,     4.13,     89.6
38,     06.01.2015 06:21:17,     -1.05,     0,     180,     0.9,     1.9,     3,     3.2,     92.7,     1018.5,     386.52,     73.6,     88,     -1.9
39,     06.01.2015 06:31:17,     -2.1,     -2.01,     189,     0.8,     2,     2.9,     3.2,     92.7,     1018.4,     386.52,     73.7,     88,     -1.9
40,     06.01.2015 06:41:17,     -1.05,     -2.01,     200,     1.1,     2.2,     3.5,     3.1,     92.7,     1018.5,     386.52,     253.7,     88,     -178
41,     06.01.2015 06:51:17,     -1.05,     -2.01,     201,     1.2,     2.4,     4.1,     3.1,     92.7,     1018.4,     386.52,     253.2,     88,     -177.9
42,     06.01.2015 07:01:17,     -2.1,     -2.01,     204,     1.6,     2.5,     3.7,     3.1,     92.8,     1018.5,     386.53,     73.6,     88,     -1.9
43,     06.01.2015 07:11:16,     0,     -2.01,     209,     1.1,     2.2,     3.2,     3.1,     92.8,     1018.6,     386.53,     73.6,     88,     -1.9,     12.452,     3.99,     89.6
44,     06.01.2015 07:21:16,     -1.05,     0,     207,     1.5,     2.4,     3.5,     3,     92.8,     1018.7,     386.53,     253.4,     87.9,     -177.9
45,     06.01.2015 07:31:16,     -1.05,     -2.01,     196,     1.2,     2.3,     3.5,     3,     92.8,     1018.7,     386.53,     253.5,     88,     -178
46,     06.01.2015 07:41:16,     -2.1,     0,     194,     1,     2.1,     3.6,     3,     92.8,     1018.8,     386.55,     73.6,     88,     -1.9
47,     06.01.2015 07:51:16,     -1.05,     -2.01,     196,     1.2,     2.1,     3.3,     3,     92.8,     1018.6,     386.56,     73.6,     87.9,     -2
48,     06.01.2015 08:01:16,     0,     0,     198,     1,     2.3,     4.3,     3,     92.8,     1018.7,     386.56,     73.1,     87.9,     -2
49,     06.01.2015 08:11:16,     -1.05,     0,     195,     1.2,     2.6,     4.1,     3,     92.8,     1018.6,     386.56,     253.4,     87.9,     -177.9,     12.463,     3.89,     89.7
50,     06.01.2015 08:21:16,     1.05,     2.01,     196,     1.5,     2.8,     4.6,     3,     92.9,     1018.6,     386.56,     74.3,     87.9,     -2
51,     06.01.2015 08:31:16,     1.05,     6.03,     192,     1.3,     2.7,     4.7,     3,     92.9,     1018.6,     386.56,     73.8,     88,     -1.9
52,     06.01.2015 08:41:16,     4.2,     10.05,     194,     1.6,     3,     4.4,     2.9,     92.9,     1018.6,     386.56,     253.3,     87.9,     -177.9
53,     06.01.2015 08:51:16,     9.45,     20.1,     196,     1.6,     3.1,     4.8,     3,     92.9,     1018.8,     386.56,     253.7,     87.9,     -177.9
54,     06.01.2015 09:01:16,     11.55,     24.12,     199,     1.7,     3.1,     4.5,     2.9,     92.9,     1018.8,     386.56,     73.4,     88,     -1.8
55,     06.01.2015 09:11:17,     13.65,     28.14,     198,     1.3,     3.1,     4.7,     2.9,     92.9,     1018.8,     386.56,     73.5,     88.1,     -1.8,     13.830,     3.84,     89.7
56,     06.01.2015 09:21:17,     25.2,     50.25,     190,     1.5,     3,     4.6,     2.8,     92.9,     1018.7,     386.56,     73.6,     88,     -1.9
57,     06.01.2015 09:31:17,     19.95,     44.22,     198,     2,     3.3,     4.8,     2.7,     92.9,     1018.8,     386.56,     73.7,     88.2,     -1.7
58,     06.01.2015 09:41:17,     25.2,     56.28,     194,     2,     3.5,     5.4,     2.7,     92.9,     1018.8,     386.56,     73.7,     88,     -1.9
59,     06.01.2015 09:51:17,     23.1,     52.26,     202,     2.1,     3.5,     5.4,     2.7,     92.8,     1018.8,     386.56,     74.1,     88,     -1.9
60,     06.01.2015 10:01:17,     22.05,     48.24,     206,     2.3,     3.6,     5.2,     2.6,     92.8,     1018.8,     386.56,     253.4,     88,     -178
61,     06.01.2015 10:11:17,     26.25,     56.28,     199,     1.5,     3.3,     5.1,     2.6,     92.8,     1018.7,     386.56,     72.9,     87.9,     -2,     13.082,     3.79,     89.7
62,     06.01.2015 10:21:17,     22.05,     52.26,     189,     1.9,     3.3,     4.8,     2.6,     92.9,     1018.7,     386.56,     73.2,     88,     -1.9
63,     06.01.2015 10:31:17,     29.4,     64.32,     194,     1.6,     3.1,     5.2,     2.6,     92.9,     1018.8,     386.56,     73.3,     87.9,     -2
64,     06.01.2015 10:41:17,     29.4,     66.33,     188,     2.2,     3.5,     5.6,     2.6,     92.9,     1018.6,     386.56,     73.3,     87.9,     -2
65,     06.01.2015 10:51:17,     38.85,     82.41,     185,     2.1,     3.5,     5.9,     2.7,     92.9,     1018.5,     386.56,     253.5,     88,     -178
66,     06.01.2015 11:01:17,     36.75,     78.39,     192,     2,     3.5,     5.7,     2.7,     92.9,     1018.5,     386.56,     74.2,     88,     -1.8
67,     06.01.2015 11:11:16,     39.9,     84.42,     194,     2.3,     3.8,     6.2,     2.7,     92.8,     1018.4,     386.56,     74,     87.8,     -2,     14.365,     3.81,     89.7
68,     06.01.2015 11:21:16,     39.9,     86.43,     200,     2.1,     3.7,     5.6,     2.7,     92.7,     1018.4,     386.56,     253.3,     88.1,     -178.1
69,     06.01.2015 11:31:16,     37.8,     82.41,     197,     2.3,     4,     5.9,     2.7,     92.6,     1018.4,     386.56,     72.6,     87.9,     -2
70,     06.01.2015 11:41:16,     32.55,     70.35,     196,     2.3,     4.2,     6.7,     2.6,     92.3,     1018.1,     386.56,     74,     88.2,     -1.7
71,     06.01.2015 11:51:16,     30.45,     64.32,     191,     2.3,     3.9,     6.2,     2.6,     91.8,     1018.3,     386.56,     73.7,     88,     -1.9
72,     06.01.2015 12:01:16,     26.25,     58.29,     192,     2.3,     4.2,     6.4,     2.5,     91.3,     1018.2,     386.56,     254,     88.1,     -178
73,     06.01.2015 12:11:16,     31.5,     68.34,     193,     1.7,     3.5,     7.3,     2.5,     90.9,     1018.3,     386.56,     73.7,     87.8,     -2.1,     13.786,     3.85,     89.6
74,     06.01.2015 12:21:16,     37.8,     80.4,     194,     2.6,     4.1,     6.2,     2.4,     90.2,     1018.2,     386.56,     73.8,     88.1,     -1.8
75,     06.01.2015 12:31:16,     55.65,     118.59,     189,     2.2,     3.8,     6.1,     2.4,     90,     1018.1,     386.56,     252.7,     88.1,     -178
76,     06.01.2015 12:41:16,     50.4,     108.54,     190,     1.9,     3.4,     5.7,     2.5,     89.6,     1018,     386.56,     73.5,     87.9,     -2
77,     06.01.2015 12:51:16,     38.85,     84.42,     191,     1.7,     3.2,     5.2,     2.3,     89.4,     1018,     386.56,     253.3,     87.9,     -177.9
78,     06.01.2015 13:01:16,     45.15,     94.47,     192,     2.2,     3.7,     5.6,     2.2,     89.4,     1017.8,     386.56,     253.1,     88,     -178
79,     06.01.2015 13:11:16,     69.3,     146.73,     193,     1.9,     3.7,     5.6,     2.2,     89.5,     1017.6,     386.56,     73.6,     88.2,     -1.7,     13.845,     3.72,     89.6
80,     06.01.2015 13:21:16,     69.3,     144.72,     196,     1.7,     3.8,     7.5,     2.2,     88.6,     1017.4,     386.56,     73.2,     88.1,     -1.8
81,     06.01.2015 13:31:16,     55.65,     116.58,     201,     2.5,     4.1,     6.5,     2.2,     88.7,     1017.3,     386.56,     72.8,     87.9,     -2
82,     06.01.2015 13:41:16,     54.6,     112.56,     196,     2.8,     4.9,     7.3,     2.1,     88.4,     1017.1,     386.56,     73.8,     88,     -1.9
83,     06.01.2015 13:51:16,     39.9,     80.4,     200,     1.8,     4.1,     6.5,     2,     88.7,     1017.1,     386.56,     73,     88.2,     -1.7
84,     06.01.2015 14:01:16,     38.85,     80.4,     198,     2.6,     4.4,     6.8,     1.9,     88.9,     1017,     386.56,     73.5,     88,     -1.9
85,     06.01.2015 14:11:16,     33.6,     68.34,     201,     1.7,     3.9,     6.3,     1.9,     89,     1016.9,     386.56,     73.6,     87.9,     -2,     13.852,     3.53,     89.6
86,     06.01.2015 14:21:16,     29.4,     58.29,     201,     2.5,     4.2,     6.8,     1.8,     88.9,     1016.8,     386.56,     73.8,     87.9,     -2
87,     06.01.2015 14:31:16,     22.05,     48.24,     200,     2.3,     4.4,     6.7,     1.8,     89.1,     1016.9,     386.56,     72.6,     87.6,     -2.2
88,     06.01.2015 14:41:16,     22.05,     48.24,     199,     2.2,     4.5,     7.1,     1.7,     88.8,     1016.8,     386.56,     254,     88,     -178
89,     06.01.2015 14:51:16,     14.7,     32.16,     195,     2,     4.2,     6.6,     1.7,     88.8,     1016.6,     386.56,     73,     87.9,     -2
90,     06.01.2015 15:01:16,     11.55,     24.12,     187,     2,     4,     6.3,     1.6,     89.3,     1016.7,     386.56,     253.4,     88,     -178
91,     06.01.2015 15:11:17,     8.4,     16.08,     192,     1.9,     3.9,     6.8,     1.6,     89.5,     1016.8,     386.56,     73.3,     88,     -1.9,     12.915,     3.01,     89.8
92,     06.01.2015 15:21:17,     9.45,     18.09,     189,     2,     3.7,     5.9,     1.6,     89.5,     1016.8,     386.56,     72.8,     87.8,     -2.1
93,     06.01.2015 15:31:17,     6.3,     12.06,     194,     2.2,     4.1,     7,     1.5,     89.4,     1016.7,     386.56,     253.4,     87.8,     -177.8
94,     06.01.2015 15:41:17,     2.1,     6.03,     196,     2,     3.5,     5.9,     1.6,     89.5,     1016.8,     386.56,     73.7,     87.9,     -2
95,     06.01.2015 15:51:17,     3.15,     4.02,     191,     2.5,     3.9,     5.7,     1.5,     89.2,     1016.6,     386.56,     253.4,     88.2,     -178.2
96,     06.01.2015 16:01:17,     0,     0,     194,     1.8,     3.5,     5.8,     1.5,     89.2,     1016.7,     386.56,     73.6,     87.9,     -2
97,     06.01.2015 16:11:17,     0,     0,     195,     2.1,     3.8,     6.2,     1.5,     89.1,     1016.7,     386.56,     73.5,     87.9,     -2,     12.762,     2.61,     89.9
98,     06.01.2015 16:21:17,     0,     0,     193,     1.7,     3.9,     6.6,     1.4,     88.8,     1016.7,     386.56,     253.5,     87.9,     -178
99,     06.01.2015 16:31:17,     -1.05,     -2.01,     193,     1.7,     4.5,     7.7,     1.4,     88.8,     1016.5,     386.56,     74.1,     88,     -1.9
100,     06.01.2015 16:41:17,     0,     0,     192,     2.8,     5.1,     8.4,     1.2,     88.3,     1016.3,     386.56,     73.6,     87.9,     -2
101,     06.01.2015 16:51:17,     0,     2.01,     199,     2.5,     5.1,     9,     1.2,     88.5,     1016.4,     386.56,     253.8,     87.4,     -177.4
102,     06.01.2015 17:01:17,     -1.05,     -2.01,     198,     2.4,     4,     6.5,     1.1,     88.7,     1016.5,     386.56,     253.7,     87.6,     -177.6
103,     06.01.2015 17:11:16,     -1.05,     0,     201,     2.2,     4.3,     6.6,     1,     89,     1016.3,     386.56,     254.7,     87.8,     -177.9,     13.835,     2.27,     90.0
104,     06.01.2015 17:21:16,     -1.05,     -2.01,     202,     2.8,     4.8,     7.8,     1,     88.9,     1016.3,     386.56,     253.7,     87.6,     -177.6
105,     06.01.2015 17:31:16,     -1.05,     -2.01,     200,     3.7,     6.2,     9.8,     1,     88.6,     1016,     386.56,     73.3,     88.3,     -1.6
106,     06.01.2015 17:41:16,     0,     0,     195,     3.6,     5.4,     8.3,     1,     88.6,     1015.9,     386.56,     254,     87.6,     -177.6
107,     06.01.2015 17:51:16,     -1.05,     -4.02,     193,     3.4,     5.7,     9,     0.9,     88.2,     1015.6,     386.56,     252.5,     87.7,     -177.7
108,     06.01.2015 18:01:16,     -1.05,     -2.01,     193,     3.8,     6.5,     10.6,     0.8,     87.6,     1015.2,     386.56,     73.4,     87.7,     -2.2
109,     06.01.2015 18:11:17,     -3.15,     -2.01,     189,     3.8,     6.6,     11.7,     0.8,     87.2,     1015,     386.56,     253.5,     87.2,     -177.2,     12.792,     1.97,     90.1
110,     06.01.2015 18:21:17,     -2.1,     -2.01,     187,     2.7,     6.3,     10.8,     0.6,     87,     1014.9,     386.56,     72.8,     87.5,     -2.5
111,     06.01.2015 18:31:17,     -1.05,     0,     189,     2.7,     5.3,     9.6,     0.5,     86.4,     1015,     386.56,     252.9,     88.2,     -178.2
112,     06.01.2015 18:41:17,     -1.05,     0,     196,     2.9,     5.9,     10,     0.4,     86.3,     1015.2,     386.56,     252.4,     88.3,     -178.3
113,     06.01.2015 18:51:17,     -1.05,     -2.01,     203,     2.7,     5.2,     8.2,     0.4,     86.6,     1015.5,     386.56,     254.9,     88.3,     -178.3
114,     06.01.2015 19:01:17,     -2.1,     -4.02,     197,     3.1,     5.4,     9.5,     0.3,     86.5,     1015.4,     386.56,     73,     88.2,     -1.7
115,     06.01.2015 19:11:16,     -1.05,     -2.01,     197,     2.9,     5.6,     9.1,     0.2,     86.3,     1015.3,     386.56,     73.3,     87.5,     -2.4,     12.679,     1.57,     90.2
116,     06.01.2015 19:21:16,     0,     0,     199,     2.7,     6.6,     10.7,     0.2,     85.8,     1015.3,     386.56,     253.9,     87.3,     -177.3
117,     06.01.2015 19:31:16,     -1.05,     0,     202,     3.7,     6.5,     10.1,     0.3,     85,     1015.4,     386.56,     254.3,     87.5,     -177.5
118,     06.01.2015 19:41:16,     -2.1,     -4.02,     202,     3,     6.5,     11.4,     0.3,     85.2,     1015.5,     386.56,     75.5,     88.3,     -1.6
119,     06.01.2015 19:51:16,     0,     0,     205,     2.3,     5,     7.7,     0.3,     85.8,     1015.6,     386.56,     75.3,     88,     -1.8
120,     06.01.2015 20:01:16,     -1.05,     -2.01,     203,     3,     5.4,     8.5,     0.3,     85.9,     1015.4,     386.56,     254.3,     87.7,     -177.7
121,     06.01.2015 20:11:16,     -3.15,     -4.02,     203,     2.8,     5.7,     9.4,     0.3,     85.9,     1015.1,     386.56,     72.7,     87.8,     -2.2,     12.641,     1.31,     90.3
122,     06.01.2015 20:21:16,     -3.15,     -2.01,     202,     3.4,     6.2,     9,     0.2,     85.7,     1014.8,     386.56,     74.1,     87.9,     -1.9
123,     06.01.2015 20:31:16,     -1.05,     -2.01,     201,     3.1,     5.4,     8.6,     0.3,     86.3,     1014.7,     386.56,     253.9,     87.8,     -177.8
124,     06.01.2015 20:41:16,     -1.05,     -2.01,     202,     2,     5.8,     9,     0.2,     86,     1014.6,     386.56,     74.9,     87.6,     -2.3
125,     06.01.2015 20:51:16,     -1.05,     -2.01,     201,     3.5,     5.6,     9.5,     0.3,     86.1,     1014.4,     386.56,     253.2,     88.2,     -178.2
126,     06.01.2015 21:01:16,     -1.05,     -2.01,     200,     2.6,     6.1,     10.2,     0.2,     86,     1014.1,     386.56,     255,     88.9,     -179
127,     06.01.2015 21:11:16,     -1.05,     -2.01,     202,     3.1,     6,     10,     0.3,     86.6,     1014.2,     386.56,     254.1,     88,     -178,     12.592,     1.23,     90.3
128,     06.01.2015 21:21:16,     -1.05,     -2.01,     204,     3.4,     5.7,     9.9,     0.3,     86.4,     1014.4,     386.56,     76,     88.6,     -1.3
129,     06.01.2015 21:31:16,     0,     0,     202,     3.7,     6.3,     10,     0.3,     86.7,     1014.2,     386.56,     75.1,     87.5,     -2.4
130,     06.01.2015 21:41:16,     -2.1,     -2.01,     201,     3.1,     6.3,     9.5,     0.3,     86.5,     1014.1,     386.56,     74.1,     87.8,     -2
131,     06.01.2015 21:51:16,     0,     -2.01,     201,     3.6,     7,     11.2,     0.3,     86.5,     1014,     386.56,     256.2,     86.8,     -176.8
132,     06.01.2015 22:01:16,     -1.05,     -2.01,     202,     2.9,     5.7,     9.8,     0.3,     86.7,     1014,     386.56,     73.9,     88,     -1.9
133,     06.01.2015 22:11:16,     0,     0,     200,     3.5,     6.6,     10.4,     0.3,     86.7,     1014,     386.56,     74.7,     88.2,     -1.7,     12.781,     1.25,     90.3
134,     06.01.2015 22:21:16,     -2.1,     -4.02,     200,     3.6,     6.7,     12,     0.3,     86.8,     1013.5,     386.56,     254.2,     88.7,     -178.7
135,     06.01.2015 22:31:16,     -1.05,     -2.01,     203,     3.3,     6.7,     10.1,     0.4,     86.4,     1013.8,     386.56,     255.4,     87.8,     -177.8
136,     06.01.2015 22:41:16,     -2.1,     0,     205,     4,     6.4,     9.6,     0.4,     86.5,     1013.8,     386.56,     253.2,     88.1,     -178.1
137,     06.01.2015 22:51:16,     -1.05,     -2.01,     205,     3.3,     5.9,     9,     0.5,     86.3,     1013.6,     386.56,     254.3,     87.4,     -177.4
138,     06.01.2015 23:01:16,     -2.1,     0,     203,     3.5,     5.8,     8.7,     0.5,     86.6,     1013.7,     386.56,     74.9,     87.6,     -2.3
139,     06.01.2015 23:11:17,     -1.05,     0,     202,     2.9,     5.7,     8.7,     0.5,     86.4,     1013.5,     386.56,     255.2,     88.4,     -178.4,     12.656,     1.33,     90.3
140,     06.01.2015 23:21:17,     -2.1,     0,     201,     2.9,     5.5,     8.7,     0.5,     86.6,     1013.3,     386.56,     73.9,     87.9,     -2
141,     06.01.2015 23:31:17,     -1.05,     0,     206,     3.5,     6.1,     8.8,     0.5,     85.9,     1013.2,     386.56,     74.6,     87.5,     -2.4
142,     06.01.2015 23:41:17,     -1.05,     0,     203,     3.2,     6,     9.2,     0.5,     85.8,     1013,     386.56,     254.9,     87.5,     -177.5
143,     06.01.2015 23:51:17,     -1.05,     -2.01,     207,     3.6,     5.8,     9.3,     0.5,     85.7,     1013.3,     386.56,     73.6,     87.9,     -1.9
144,     07.01.2015 00:01:17,     -1.05,     -4.02,     205,     3.4,     5.4,     8.2,     0.5,     85.7,     1013,     386.56,     74.3,     87.8,     -2.1,     12.597,     1.40,     90.3