Logger: #D10248 'TSK_Meteo' - USP_EXP2 (V2.10, Jan 24 2012)
No,     Time,     #1:W/m²:0,     #2:ÂµMol:(do.),     #5:deg:2,     #6:m/sMIN:(do.),     #7:m/sMIT:(do.),     #8:m/sMAX:(do.),     #9:Â°C:(do.),     #10:%:(do.),     #11:hPa:(do.),     #12:mm:(do.),     #14:AZ:3,     #15:EL:(do.),     #16:Roll:(do.),     #HK-Bat:V,     #HK-Temp:oC,     #HK-rH:%
(GSM Transfer OK / Signal:17)
1,     24.10.2014 00:11:17,     -2.1,     -6.03,     217,     1.1,     2.7,     4.5,     10.1,     89.3,     1015.2,     320.62,     253.8,     87.9,     -177.9,     12.457,     11.17,     77.9
2,     24.10.2014 00:21:17,     -2.1,     0,     218,     1.5,     3.1,     5.3,     10,     88.6,     1015.3,     320.62,     254.9,     88.1,     -178.1
3,     24.10.2014 00:31:17,     -2.1,     -2.01,     216,     0.1,     2.5,     4.8,     10.1,     88.8,     1015.3,     320.62,     253.5,     87.9,     -177.9
4,     24.10.2014 00:41:17,     -3.15,     -4.02,     214,     1.2,     2.4,     4.1,     10,     88.9,     1015.3,     320.62,     253.4,     87.9,     -177.9
5,     24.10.2014 00:51:17,     -1.05,     -2.01,     213,     1.5,     2.7,     4.5,     10,     88.8,     1015.3,     320.62,     253.6,     88,     -178
6,     24.10.2014 01:01:17,     -1.05,     0,     214,     1.4,     2.8,     4.8,     10.1,     88.5,     1015.3,     320.62,     253.6,     88,     -178
7,     24.10.2014 01:11:16,     -2.1,     -2.01,     214,     1.6,     2.9,     4.2,     10,     88.5,     1015.3,     320.62,     254.3,     87.9,     -177.9,     12.518,     10.51,     79.5
8,     24.10.2014 01:21:16,     -2.1,     0,     215,     1.3,     3.1,     4.9,     10,     88,     1015.2,     320.62,     253.6,     87.9,     -177.8
9,     24.10.2014 01:31:16,     -2.1,     -2.01,     219,     1.9,     3.2,     5.5,     10.1,     88,     1015.2,     320.62,     253.8,     88.1,     -178.2
10,     24.10.2014 01:41:16,     -1.05,     0,     224,     1.5,     3.5,     6.5,     10,     87.2,     1015.2,     320.62,     255.4,     88,     -178
11,     24.10.2014 01:51:16,     -3.15,     0,     221,     1.7,     3.5,     5.5,     10.1,     87.1,     1015.2,     320.62,     253.9,     87.8,     -177.9
12,     24.10.2014 02:01:16,     -3.15,     -2.01,     221,     1.2,     3.3,     5.3,     10,     86.4,     1015.3,     320.62,     254.5,     87.8,     -177.8
13,     24.10.2014 02:11:16,     -3.15,     -2.01,     216,     1.8,     3.3,     4.8,     10,     86.9,     1015.3,     320.62,     253.6,     87.7,     -177.7,     12.474,     10.43,     79.6
14,     24.10.2014 02:21:16,     -3.15,     -2.01,     216,     2.3,     3.6,     5.7,     9.9,     86.9,     1015.2,     320.62,     254.3,     88.1,     -178.2
15,     24.10.2014 02:31:16,     -4.2,     -2.01,     207,     2,     3.8,     5.5,     9.8,     86.9,     1015,     320.62,     253.7,     87.9,     -177.9
16,     24.10.2014 02:41:16,     -2.1,     0,     222,     1.1,     3.2,     5.7,     9.8,     87.5,     1015.1,     320.62,     254.1,     87.7,     -177.7
17,     24.10.2014 02:51:16,     -3.15,     0,     220,     1.2,     3.2,     5.1,     9.8,     87.4,     1015.1,     320.62,     253.5,     88.1,     -178.1
18,     24.10.2014 03:01:16,     -3.15,     0,     214,     1.8,     3.1,     6.3,     9.8,     87.5,     1015,     320.62,     253.9,     88,     -178
19,     24.10.2014 03:11:17,     -5.25,     -4.02,     216,     1.7,     3.4,     6.2,     9.8,     87.3,     1015,     320.62,     253.8,     87.9,     -178,     12.461,     9.93,     79.7
20,     24.10.2014 03:21:17,     -3.15,     0,     209,     1.9,     3.7,     5.4,     9.8,     87.4,     1014.8,     320.62,     254.3,     87.9,     -177.9
21,     24.10.2014 03:31:17,     -3.15,     0,     205,     2,     4.2,     6.5,     9.7,     87.1,     1014.8,     320.62,     253.1,     87.6,     -177.6
22,     24.10.2014 03:41:17,     -3.15,     -2.01,     216,     2.1,     3.9,     6.2,     9.7,     86.9,     1014.8,     320.62,     254.9,     88.1,     -178.1
23,     24.10.2014 03:51:17,     -3.15,     -4.02,     213,     2.1,     3.6,     5.7,     9.7,     87.1,     1014.8,     320.62,     253.7,     88,     -178
24,     24.10.2014 04:01:17,     -2.1,     -2.01,     213,     1.5,     3.3,     4.9,     9.7,     87.6,     1014.8,     320.62,     253.9,     87.9,     -177.9
25,     24.10.2014 04:11:23,     -3.15,     -2.01,     214,     1.8,     3.3,     5.6,     9.7,     87.6,     1014.9,     320.62,     253.9,     87.8,     -177.8,     12.425,     9.80,     79.8
26,     24.10.2014 04:21:23,     -4.2,     -2.01,     216,     1.9,     3.4,     5.1,     9.6,     87.6,     1014.9,     320.62,     253.7,     88,     -178
27,     24.10.2014 04:31:23,     -2.1,     -2.01,     217,     2.1,     3.5,     5.7,     9.5,     88,     1014.9,     320.62,     253.7,     87.8,     -177.8
28,     24.10.2014 04:41:23,     -3.15,     0,     212,     2.3,     3.7,     5.4,     9.6,     88.4,     1014.8,     320.62,     253.6,     88.3,     -178.3
29,     24.10.2014 04:51:23,     -3.15,     -2.01,     208,     1.9,     3.7,     5.5,     9.4,     88.6,     1014.9,     320.62,     253.6,     87.7,     -177.7
30,     24.10.2014 05:01:23,     -4.2,     -2.01,     205,     2.1,     3.6,     4.9,     9.4,     89,     1014.8,     320.62,     253.8,     87.9,     -177.9
31,     24.10.2014 05:11:16,     -3.15,     0,     210,     2,     3.3,     6,     9.4,     89.4,     1014.8,     320.62,     254.1,     88,     -178,     12.427,     9.62,     79.9
32,     24.10.2014 05:21:16,     -3.15,     0,     212,     2.2,     3.9,     6.5,     9.2,     89.2,     1014.8,     320.62,     254,     87.6,     -177.6
33,     24.10.2014 05:31:16,     -4.2,     -2.01,     213,     2.2,     3.7,     5.6,     9.2,     89.4,     1014.8,     320.62,     254,     88,     -178
34,     24.10.2014 05:41:16,     -3.15,     0,     213,     2.1,     4.1,     7,     9.1,     88.9,     1014.7,     320.62,     255.2,     88.1,     -178.1
35,     24.10.2014 05:51:16,     -3.15,     -2.01,     209,     2.3,     4.1,     6.3,     9.1,     88.9,     1014.6,     320.62,     253.7,     88,     -178
36,     24.10.2014 06:01:16,     -4.2,     -2.01,     206,     2.3,     4.1,     6.6,     9.1,     89.3,     1014.7,     320.62,     253.7,     87.8,     -177.8
37,     24.10.2014 06:11:16,     -3.15,     -2.01,     208,     2,     3.5,     6.2,     9,     89.4,     1014.7,     320.62,     253.8,     87.8,     -177.8,     12.401,     9.30,     79.9
38,     24.10.2014 06:21:16,     -2.1,     0,     215,     1.9,     3.7,     6.1,     9,     89.1,     1014.8,     320.62,     253.6,     87.9,     -178
39,     24.10.2014 06:31:16,     -3.15,     -4.02,     219,     1.7,     3.2,     5.3,     9,     89,     1014.8,     320.62,     252.7,     87.8,     -177.8
40,     24.10.2014 06:41:16,     -1.05,     0,     212,     1.4,     3.7,     6.2,     9.1,     89.5,     1014.8,     320.62,     253.4,     88.1,     -178.1
41,     24.10.2014 06:51:16,     0,     6.03,     210,     2,     3.6,     6.2,     9,     89,     1014.8,     320.62,     254.5,     87.8,     -177.8
42,     24.10.2014 07:01:16,     3.15,     10.05,     209,     2.1,     3.7,     6.7,     9.1,     88.9,     1014.9,     320.62,     253.7,     87.8,     -177.9
43,     24.10.2014 07:11:16,     7.35,     18.09,     210,     2.3,     4.3,     6.8,     9.1,     88.6,     1015,     320.62,     253.5,     88,     -178,     12.376,     9.27,     80.0
44,     24.10.2014 07:21:16,     12.6,     32.16,     211,     1.9,     4,     6.7,     9.1,     88.5,     1015,     320.62,     254,     88,     -178
45,     24.10.2014 07:31:16,     22.05,     46.23,     209,     1.8,     4,     6.1,     9.1,     88.2,     1015,     320.62,     253.8,     88,     -178
46,     24.10.2014 07:41:16,     37.8,     78.39,     209,     2.3,     4.3,     7.6,     9.3,     88.3,     1015.1,     320.62,     253.8,     87.8,     -177.8
47,     24.10.2014 07:51:16,     58.8,     118.59,     211,     2.1,     4.1,     6.4,     9.4,     87.6,     1015.2,     320.62,     254.7,     87.6,     -177.6
48,     24.10.2014 08:01:16,     116.55,     217.08,     207,     2.5,     4.4,     7.2,     9.5,     87.5,     1015.1,     320.62,     253,     87.6,     -177.5
49,     24.10.2014 08:11:16,     148.05,     275.37,     207,     3,     4.8,     7.7,     9.7,     86.5,     1015.2,     320.62,     254,     88.1,     -178.1,     13.330,     9.92,     80.1
50,     24.10.2014 08:21:16,     106.05,     209.04,     208,     2.3,     4.9,     7.3,     9.8,     85.9,     1015.2,     320.62,     255.8,     87.9,     -177.9
51,     24.10.2014 08:31:16,     199.5,     373.86,     207,     2.9,     5.3,     7.5,     9.9,     85.8,     1015.3,     320.62,     254.4,     88.7,     -178.7
52,     24.10.2014 08:41:16,     133.35,     263.31,     208,     3.1,     5.1,     7.5,     9.9,     84.9,     1015.4,     320.62,     254.6,     87.6,     -177.7
53,     24.10.2014 08:51:16,     160.65,     317.58,     206,     3.6,     5.7,     8.8,     9.8,     84.4,     1015.4,     320.62,     254.4,     88,     -178
54,     24.10.2014 09:01:16,     132.3,     269.34,     207,     2.7,     5.8,     9,     9.8,     83.9,     1015.5,     320.62,     253.6,     88.2,     -178.2
55,     24.10.2014 09:11:16,     150.15,     303.51,     204,     3.4,     6,     9.1,     9.9,     84.2,     1015.5,     320.62,     254.2,     88.3,     -178.3,     14.089,     11.35,     79.3
56,     24.10.2014 09:21:16,     143.85,     293.46,     206,     3.7,     5.8,     8.5,     9.9,     83.5,     1015.5,     320.62,     254,     87.9,     -177.9
57,     24.10.2014 09:31:16,     148.05,     301.5,     207,     3.6,     5.7,     9,     9.9,     83.3,     1015.6,     320.62,     253.7,     87.7,     -177.7
58,     24.10.2014 09:41:16,     137.55,     279.39,     205,     2.4,     5.2,     8.4,     9.9,     83.8,     1015.7,     320.62,     254,     87.3,     -177.3
59,     24.10.2014 09:51:16,     176.4,     357.78,     206,     2.8,     5.4,     8.2,     10,     83.9,     1015.6,     320.62,     254.2,     88.1,     -178.1
60,     24.10.2014 10:01:16,     163.8,     329.64,     209,     2.9,     5.4,     8.7,     10,     83.4,     1015.7,     320.62,     254.4,     88.1,     -178.1
61,     24.10.2014 10:11:17,     145.95,     299.49,     214,     2.5,     4.8,     7.9,     10,     82.3,     1015.7,     320.62,     254.2,     88.4,     -178.4,     13.555,     11.86,     79.3
62,     24.10.2014 10:21:17,     108.15,     229.14,     214,     2.5,     5.3,     8.3,     10,     82.1,     1015.7,     320.62,     74.6,     88.1,     -1.9
63,     24.10.2014 10:31:17,     112.35,     235.17,     215,     2.9,     4.6,     7.2,     10,     82.9,     1015.7,     320.62,     253.9,     88.1,     -178.1
64,     24.10.2014 10:41:17,     102.9,     217.08,     213,     2.3,     4.3,     7.7,     10.1,     82.5,     1015.7,     320.62,     255.1,     88,     -178
65,     24.10.2014 10:51:17,     116.55,     247.23,     215,     2.8,     5,     8,     10.1,     82.9,     1015.7,     320.62,     254.1,     88,     -178
66,     24.10.2014 11:01:17,     111.3,     235.17,     214,     2.4,     5,     7.6,     10.1,     82.6,     1015.8,     320.62,     254,     87.9,     -177.9
67,     24.10.2014 11:11:17,     96.6,     201,     211,     2,     4.6,     8.3,     10.1,     83,     1015.7,     320.62,     254.7,     88,     -178,     13.608,     11.89,     79.2
68,     24.10.2014 11:21:17,     74.55,     158.79,     213,     2.5,     4.7,     7.5,     10,     83,     1015.7,     320.62,     254.6,     88.2,     -178.2
69,     24.10.2014 11:31:17,     111.3,     237.18,     208,     2.8,     5,     7.3,     9.9,     83.6,     1015.7,     320.62,     253.7,     87.7,     -177.7
70,     24.10.2014 11:41:17,     120.75,     251.25,     205,     2.8,     4.7,     7.4,     9.9,     84.1,     1015.5,     320.62,     255,     87.9,     -177.9
71,     24.10.2014 11:51:17,     108.15,     225.12,     208,     2.4,     4.7,     7.2,     10,     83.3,     1015.5,     320.62,     253.6,     88,     -178
72,     24.10.2014 12:01:17,     132.3,     279.39,     211,     1.9,     4.3,     6.5,     10,     83.4,     1015.3,     320.62,     253.9,     87.9,     -177.9
73,     24.10.2014 12:11:16,     128.1,     263.31,     206,     3.2,     4.9,     7.2,     10,     82.8,     1015.1,     320.62,     254.2,     88.1,     -178.2,     13.078,     11.81,     79.3
74,     24.10.2014 12:21:16,     137.55,     285.42,     205,     2.6,     4.5,     6.8,     10.1,     82.7,     1015,     320.62,     253.1,     88,     -178.1
75,     24.10.2014 12:31:16,     135.45,     281.4,     204,     2.9,     4.7,     7.7,     10.1,     81.8,     1014.9,     320.62,     254.8,     88,     -178
76,     24.10.2014 12:41:16,     135.45,     279.39,     207,     2.3,     4.5,     6.9,     10.3,     82,     1014.9,     320.62,     254.1,     88.2,     -178.1
77,     24.10.2014 12:51:16,     128.1,     265.32,     205,     2.5,     4.6,     7,     10.4,     81,     1014.8,     320.62,     253.7,     88.2,     -178.2
78,     24.10.2014 13:01:16,     129.15,     271.35,     208,     2.3,     4.3,     7.3,     10.4,     79.8,     1014.7,     320.62,     254,     87.5,     -177.5
79,     24.10.2014 13:11:16,     124.95,     259.29,     203,     2.9,     5.1,     7.6,     10.5,     79.2,     1014.7,     320.62,     254.4,     88,     -178,     13.610,     12.02,     79.3
80,     24.10.2014 13:21:16,     139.65,     287.43,     213,     2.4,     5,     7.8,     10.5,     79.1,     1014.6,     320.62,     254.2,     88,     -178
81,     24.10.2014 13:31:16,     170.1,     347.73,     219,     2.6,     5.3,     8.2,     10.6,     79.2,     1014.5,     320.62,     75.5,     87.9,     -2
82,     24.10.2014 13:41:16,     141.75,     291.45,     211,     2.7,     4.7,     7.2,     10.8,     79,     1014.5,     320.62,     254.3,     88,     -178
83,     24.10.2014 13:51:16,     284.55,     584.91,     212,     3.3,     5.3,     8.5,     10.8,     77.8,     1014.4,     320.62,     253.7,     88,     -178
84,     24.10.2014 14:01:16,     227.85,     444.21,     208,     3.8,     5.6,     8.6,     10.8,     77.6,     1014.3,     320.62,     75.4,     87.6,     -2.3
85,     24.10.2014 14:11:16,     196.35,     420.09,     208,     2,     5.3,     8.2,     10.9,     77.8,     1014.2,     320.62,     254.6,     88.1,     -178.1,     13.551,     12.55,     79.1
86,     24.10.2014 14:21:16,     160.65,     335.67,     205,     2.9,     5.4,     7.9,     10.9,     77.1,     1014.3,     320.62,     254.2,     87.9,     -177.9
87,     24.10.2014 14:31:16,     247.8,     456.27,     203,     3.4,     5.5,     8.6,     10.9,     76.7,     1014.1,     320.62,     254.8,     88.3,     -178.3
88,     24.10.2014 14:41:16,     94.5,     207.03,     205,     3.4,     5.8,     8.3,     10.9,     76.6,     1014.1,     320.62,     253.9,     87.1,     -177.1
89,     24.10.2014 14:51:16,     107.1,     225.12,     205,     2.9,     4.8,     7.5,     10.9,     78,     1014.1,     320.62,     253.8,     87.9,     -178
90,     24.10.2014 15:01:16,     107.1,     201,     199,     3.4,     5.8,     8.6,     10.7,     77.6,     1013.8,     320.62,     254.4,     88.1,     -178.1
91,     24.10.2014 15:11:16,     108.15,     196.98,     201,     3.5,     5.6,     9,     10.6,     77.8,     1013.9,     320.62,     74.4,     87.5,     -2.4,     13.536,     12.49,     79.0
92,     24.10.2014 15:21:16,     89.25,     180.9,     203,     2.3,     5.4,     7.8,     10.7,     78.2,     1013.9,     320.62,     254.7,     88,     -177.9
93,     24.10.2014 15:31:16,     73.5,     136.68,     201,     2.6,     4.8,     7.2,     10.6,     78.9,     1013.8,     320.62,     253.1,     88,     -178
94,     24.10.2014 15:41:16,     50.4,     110.55,     204,     1.9,     4.8,     7.5,     10.5,     79.2,     1013.8,     320.62,     253.8,     88.1,     -178
95,     24.10.2014 15:51:16,     43.05,     92.46,     202,     2.5,     4.2,     6.4,     10.4,     80.9,     1013.8,     320.62,     253.8,     87.9,     -177.9
96,     24.10.2014 16:01:16,     44.1,     88.44,     202,     2.6,     4.7,     7.6,     10.4,     81.3,     1013.8,     320.62,     254.1,     88.1,     -178.1
97,     24.10.2014 16:11:21,     15.75,     42.21,     204,     1.7,     4.6,     7.1,     10.3,     81.7,     1013.8,     320.62,     254.6,     87.9,     -177.9,     12.915,     11.72,     79.3
98,     24.10.2014 16:21:21,     13.65,     34.17,     208,     2.2,     4.6,     8.2,     10.2,     80.4,     1013.7,     320.62,     253.3,     87.9,     -177.9
99,     24.10.2014 16:31:21,     9.45,     24.12,     204,     3.2,     5.1,     7.3,     10.2,     81.7,     1013.5,     320.62,     252.9,     88.1,     -178.1
100,     24.10.2014 16:41:21,     5.25,     14.07,     204,     3.5,     5.8,     8.6,     10,     81,     1013.6,     320.62,     253.8,     87.5,     -177.5
101,     24.10.2014 16:51:21,     1.05,     8.04,     216,     3,     5.4,     9.2,     9.8,     81.1,     1013.6,     320.62,     254.2,     87.8,     -177.8
102,     24.10.2014 17:01:21,     -1.05,     2.01,     216,     2.6,     4.6,     6.8,     9.7,     82.5,     1013.7,     320.62,     254.2,     87.8,     -177.8
103,     24.10.2014 17:11:16,     -1.05,     -2.01,     220,     1.2,     4,     7.2,     9.7,     83.4,     1013.7,     320.62,     255.5,     88.1,     -178.1,     12.722,     10.86,     79.7
104,     24.10.2014 17:21:16,     -2.1,     -2.01,     202,     2.7,     4.8,     7.2,     9.6,     83.6,     1013.5,     320.62,     252.6,     87.8,     -177.8
105,     24.10.2014 17:31:16,     -1.05,     -2.01,     199,     2.5,     5.6,     9.7,     9.5,     83.3,     1013.4,     320.62,     253.8,     88.2,     -178.1
106,     24.10.2014 17:41:16,     -3.15,     -2.01,     202,     2.5,     5.8,     8.6,     9.3,     84.1,     1013.4,     320.62,     253,     88.2,     -178.2
107,     24.10.2014 17:51:16,     -1.05,     0,     200,     2.6,     4.7,     8.2,     9.3,     84.6,     1013.4,     320.62,     254.2,     88.1,     -178.1
108,     24.10.2014 18:01:16,     -1.05,     -2.01,     198,     2.4,     4.8,     8.6,     9.1,     84.4,     1013.4,     320.62,     253.3,     87.9,     -177.9
109,     24.10.2014 18:11:17,     -1.05,     0,     200,     2.1,     4.8,     8.5,     9,     85.3,     1013.5,     320.62,     254.7,     88.2,     -178.2,     12.664,     10.21,     79.9
110,     24.10.2014 18:21:17,     -3.15,     -2.01,     204,     2,     5.5,     9.1,     8.8,     84.9,     1013.6,     320.62,     254.6,     88.1,     -178.1
111,     24.10.2014 18:31:17,     -2.1,     -2.01,     200,     2.8,     5.6,     8.6,     8.6,     85.6,     1013.5,     320.62,     253.7,     87.3,     -177.4
112,     24.10.2014 18:41:17,     -2.1,     -2.01,     200,     2.7,     5.9,     9.4,     8.5,     85.3,     1013.4,     320.62,     255.2,     88.9,     -178.9
113,     24.10.2014 18:51:17,     -1.05,     0,     205,     3.6,     6.3,     9.2,     8.4,     85.9,     1013.5,     320.62,     254.1,     88.2,     -178.2
114,     24.10.2014 19:01:17,     -2.1,     0,     207,     3.6,     6.1,     10,     8.3,     85.5,     1013.5,     320.62,     253.9,     87.9,     -178
115,     24.10.2014 19:11:16,     -1.05,     -2.01,     209,     2.7,     4.9,     7.9,     8.3,     86.4,     1013.5,     320.62,     253.9,     87.9,     -177.9,     12.656,     9.58,     80.0
116,     24.10.2014 19:21:16,     -1.05,     0,     209,     2.6,     4.8,     8,     8.3,     86.6,     1013.4,     320.62,     254.3,     88.3,     -178.3
117,     24.10.2014 19:31:16,     -2.1,     -4.02,     202,     2.8,     5.2,     7.9,     8.2,     86.7,     1013.4,     320.62,     253.7,     88.9,     -179
118,     24.10.2014 19:41:16,     -2.1,     -2.01,     204,     2.3,     5.2,     8.5,     8.1,     87.1,     1013.4,     320.62,     253.6,     88,     -178
119,     24.10.2014 19:51:16,     -1.05,     -2.01,     203,     3.8,     5.5,     8.3,     8,     87.1,     1013.4,     320.62,     255.1,     88.4,     -178.4
120,     24.10.2014 20:01:16,     -1.05,     -2.01,     198,     3.1,     5.1,     7.5,     7.9,     88,     1013.5,     320.62,     253.5,     88.1,     -178.2
121,     24.10.2014 20:11:16,     -1.05,     0,     201,     3.3,     5.6,     9.9,     7.8,     88.2,     1013.5,     320.62,     254,     88.4,     -178.5,     12.622,     9.09,     80.1
122,     24.10.2014 20:21:16,     -1.05,     -4.02,     199,     2.4,     5.4,     8.8,     7.7,     88.5,     1013.4,     320.62,     253.8,     88.3,     -178.5
123,     24.10.2014 20:31:16,     -2.1,     -2.01,     200,     2.4,     5.1,     8.6,     7.8,     88.3,     1013.3,     320.62,     253.6,     88.6,     -178.6
124,     24.10.2014 20:41:16,     -2.1,     0,     202,     2.8,     5.9,     8.8,     7.6,     88.1,     1013.3,     320.62,     253.8,     88.1,     -178.1
125,     24.10.2014 20:51:16,     -1.05,     0,     210,     2.9,     4.9,     7.8,     7.6,     87.8,     1013.4,     320.62,     254.3,     87.9,     -177.9
126,     24.10.2014 21:01:16,     0,     -2.01,     206,     3.1,     4.8,     6.8,     7.7,     88.3,     1013.3,     320.62,     254.4,     87.6,     -177.6
127,     24.10.2014 21:11:17,     -1.05,     -2.01,     203,     3.1,     5.4,     7.8,     7.6,     87.8,     1013.4,     320.62,     74.5,     87.5,     -2.4,     12.605,     8.75,     80.3
128,     24.10.2014 21:21:17,     -2.1,     0,     205,     2.8,     5.4,     8.4,     7.6,     87.5,     1013.4,     320.62,     253.6,     87.4,     -177.4
129,     24.10.2014 21:31:17,     -2.1,     -2.01,     213,     2.7,     4.7,     7.5,     7.5,     87.1,     1013.3,     320.62,     254,     88.1,     -178.1
130,     24.10.2014 21:41:17,     -2.1,     -4.02,     207,     3,     5,     7.7,     7.5,     86.8,     1013.4,     320.62,     253.8,     88.2,     -178.2
131,     24.10.2014 21:51:17,     -1.05,     -2.01,     208,     2.7,     5.1,     8.6,     7.5,     86.7,     1013.3,     320.62,     254.7,     87.7,     -177.7
132,     24.10.2014 22:01:17,     -2.1,     -2.01,     210,     1.9,     4.9,     8.2,     7.6,     86.9,     1013.3,     320.62,     253.5,     88.1,     -178.1
133,     24.10.2014 22:11:16,     -1.05,     -2.01,     214,     2.6,     5.2,     8.1,     7.5,     85.3,     1013.2,     320.62,     254,     88.2,     -178.2,     12.584,     8.48,     80.3
134,     24.10.2014 22:21:16,     -3.15,     -4.02,     211,     2.4,     5,     7.6,     7.6,     85.6,     1013.2,     320.62,     255.3,     88.1,     -178.2
135,     24.10.2014 22:31:16,     -3.15,     -4.02,     211,     2.8,     5.3,     8.4,     7.6,     84.8,     1013.1,     320.62,     252.8,     88,     -178
136,     24.10.2014 22:41:16,     -2.1,     -2.01,     211,     3,     5.5,     8.8,     7.6,     85.4,     1013,     320.62,     254.2,     88.1,     -178.1
137,     24.10.2014 22:51:16,     -1.05,     -2.01,     215,     1.8,     4.4,     8.5,     7.5,     84.3,     1012.9,     320.62,     254.1,     88.2,     -178.3
138,     24.10.2014 23:01:16,     -2.1,     0,     208,     3.7,     6.9,     9.9,     7.3,     84.1,     1012.9,     320.62,     254.4,     88.9,     -179
139,     24.10.2014 23:11:17,     -2.1,     -2.01,     219,     2.9,     4.9,     8.6,     7.4,     84.9,     1013,     320.62,     254.1,     88,     -178.1,     12.580,     8.34,     80.3
140,     24.10.2014 23:21:17,     -1.05,     0,     223,     2.4,     4.7,     7.2,     7.5,     85.3,     1012.9,     320.62,     255.1,     87.9,     -177.9
141,     24.10.2014 23:31:17,     -1.05,     0,     219,     2.8,     5,     8,     7.4,     84.6,     1012.8,     320.62,     254.2,     88.1,     -178
142,     24.10.2014 23:41:17,     -2.1,     -2.01,     209,     0.9,     4.9,     9,     7.3,     85.5,     1012.8,     320.62,     254.8,     88,     -178
143,     24.10.2014 23:51:17,     -2.1,     -4.02,     205,     3,     5.8,     9.2,     7.1,     85.6,     1012.8,     320.62,     74.7,     87.8,     -2.1
144,     25.10.2014 00:01:16,     -1.05,     0,     203,     3,     5.5,     8,     7.2,     86.1,     1012.6,     320.62,     253.7,     88,     -178,     12.378,     8.21,     80.4