Logger: #D10248 'TSK_Meteo' - USP_EXP2 (V2.10, Jan 24 2012)
No,     Time,     #1:W/m²:0,     #2:ÂµMol:(do.),     #5:deg:2,     #6:m/sMIN:(do.),     #7:m/sMIT:(do.),     #8:m/sMAX:(do.),     #9:Â°C:(do.),     #10:%:(do.),     #11:hPa:(do.),     #12:mm:(do.),     #14:AZ:3,     #15:EL:(do.),     #16:Roll:(do.),     #HK-Bat:V,     #HK-Temp:oC,     #HK-rH:%
(GSM Transfer OK / Signal:15)
1,     20.08.2014 00:11:16,     -3.15,     0,     287,     1.4,     4.7,     8.8,     12.3,     77.8,     1000.2,     222.62,     256.4,     87.8,     -177.9,     12.457,     13.40,     68.7
2,     20.08.2014 00:21:16,     -2.1,     -2.01,     288,     2,     5.3,     10.4,     12.2,     78.2,     1000.3,     222.62,     256.5,     87.9,     -177.9
3,     20.08.2014 00:31:16,     -2.1,     -2.01,     289,     1.5,     5.2,     9,     12.1,     78.3,     1000.4,     222.62,     256.7,     88,     -178.1
4,     20.08.2014 00:41:16,     -3.15,     -2.01,     290,     0.4,     5.2,     12,     12.1,     77.9,     1000.4,     222.62,     257.8,     88.3,     -178.3
5,     20.08.2014 00:51:16,     -2.1,     -2.01,     291,     2.7,     5.6,     10,     12,     78.1,     1000.3,     222.62,     256.3,     88,     -178
6,     20.08.2014 01:01:16,     -3.15,     -4.02,     289,     2.4,     5.4,     8.9,     12,     78,     1000.4,     222.62,     256.3,     87.9,     -178
7,     20.08.2014 01:11:16,     -2.1,     -2.01,     282,     1.9,     5.2,     10.4,     12,     77.6,     1000.3,     222.62,     255.7,     88,     -178,     12.518,     12.85,     69.8
8,     20.08.2014 01:21:16,     -3.15,     -4.02,     283,     2.7,     5.4,     9.9,     11.9,     77.6,     1000.4,     222.62,     256.3,     88.2,     -178.2
9,     20.08.2014 01:31:16,     -4.2,     -2.01,     278,     2.1,     5.3,     9.9,     11.9,     78.4,     1000.2,     222.62,     76.2,     87.9,     -2
10,     20.08.2014 01:41:16,     -3.15,     2.01,     279,     1.6,     4.8,     8.7,     11.8,     78.5,     1000.2,     222.62,     256.5,     88,     -178.1
11,     20.08.2014 01:51:16,     -2.1,     -2.01,     278,     1.9,     4.7,     8.4,     11.8,     80.2,     1000.3,     222.62,     256.6,     88,     -178
12,     20.08.2014 02:01:16,     -3.15,     -2.01,     278,     1.1,     4.5,     8.3,     11.8,     78.4,     1000.3,     222.62,     256.1,     87.9,     -178
13,     20.08.2014 02:11:16,     0,     0,     279,     2.4,     6,     11,     11.7,     79.1,     1000.4,     222.62,     258.8,     88.1,     -178.1,     12.482,     12.35,     70.1
14,     20.08.2014 02:21:16,     -1.05,     0,     277,     3,     6.5,     11.5,     11.7,     78.4,     1000.5,     222.62,     256.2,     87.7,     -177.9
15,     20.08.2014 02:31:16,     -1.05,     0,     286,     3.3,     5.7,     9.2,     11.6,     78.1,     1000.5,     222.62,     256.2,     88,     -178
16,     20.08.2014 02:41:16,     -1.05,     -2.01,     292,     1.3,     5.8,     10.9,     11.6,     77.5,     1000.6,     222.62,     256.1,     87.6,     -177.6
17,     20.08.2014 02:51:16,     -2.1,     0,     287,     2.4,     5.5,     10.7,     11.5,     78.3,     1000.6,     222.62,     256.2,     88.1,     -178.2
18,     20.08.2014 03:01:16,     -1.05,     0,     286,     2.9,     5.4,     11.2,     11.6,     77.8,     1000.6,     222.62,     255.7,     87.9,     -177.9
19,     20.08.2014 03:11:16,     -3.15,     -4.02,     286,     1.5,     4.5,     9.3,     11.6,     76.9,     1000.7,     222.62,     256.4,     87.9,     -177.9,     12.440,     12.43,     69.9
20,     20.08.2014 03:21:16,     -1.05,     0,     283,     2.4,     5.1,     9.1,     11.6,     77.5,     1000.7,     222.62,     255.3,     87.8,     -177.8
21,     20.08.2014 03:31:16,     -2.1,     -4.02,     275,     2.4,     4.9,     8.1,     11.6,     77.7,     1000.7,     222.62,     255.9,     87.9,     -177.9
22,     20.08.2014 03:41:16,     -1.05,     0,     280,     2.4,     5.2,     7.9,     11.6,     77.6,     1000.7,     222.62,     76.8,     88.2,     -1.7
23,     20.08.2014 03:51:16,     -2.1,     -2.01,     276,     1.8,     5.3,     11.6,     11.7,     79.3,     1000.8,     222.62,     256.1,     87.9,     -177.9
24,     20.08.2014 04:01:16,     -1.05,     -2.01,     282,     2.5,     4.8,     7.3,     11.6,     77.1,     1000.9,     222.62,     255.7,     87.9,     -177.8
25,     20.08.2014 04:11:16,     0,     -2.01,     277,     2.3,     4.9,     8.3,     11.7,     77.4,     1001,     222.62,     256.3,     87.8,     -177.7,     12.408,     12.43,     69.9
26,     20.08.2014 04:21:16,     -1.05,     0,     275,     2.1,     5,     11,     11.7,     78.8,     1001.1,     222.62,     255.7,     87.9,     -177.9
27,     20.08.2014 04:31:16,     -2.1,     -2.01,     278,     1.2,     4.6,     7.3,     11.7,     78.8,     1001.1,     222.62,     255.9,     87.8,     -177.9
28,     20.08.2014 04:41:16,     -1.05,     0,     278,     2,     5.1,     9.7,     11.6,     78.1,     1001.1,     222.62,     256.2,     87.7,     -177.7
29,     20.08.2014 04:51:16,     0,     2.01,     277,     1.4,     6,     11.1,     11.6,     78.3,     1001.1,     222.62,     255.9,     87.7,     -177.7
30,     20.08.2014 05:01:16,     2.1,     6.03,     276,     2.4,     5,     8.2,     11.6,     78.7,     1001.1,     222.62,     256.2,     87.8,     -177.9
31,     20.08.2014 05:11:16,     4.2,     14.07,     280,     1.6,     5.1,     8.3,     11.7,     78.7,     1001.3,     222.62,     255.6,     88,     -178.3,     12.359,     12.37,     70.0
32,     20.08.2014 05:21:16,     8.4,     24.12,     279,     2.6,     5.6,     10.6,     11.6,     80.4,     1001.3,     222.62,     256.7,     88.1,     -178.1
33,     20.08.2014 05:31:16,     17.85,     40.2,     277,     2,     5.6,     9.9,     11.6,     78.7,     1001.3,     222.62,     255.2,     87.4,     -177.6
34,     20.08.2014 05:41:16,     21,     46.23,     276,     2.6,     5.9,     10.4,     11.6,     79.7,     1001.3,     222.62,     256.4,     88,     -178
35,     20.08.2014 05:51:16,     27.3,     62.31,     279,     2.4,     4.8,     8.3,     11.6,     79.7,     1001.5,     222.62,     255.7,     87.7,     -177.7
36,     20.08.2014 06:01:16,     32.55,     86.43,     278,     1.3,     4.8,     9.2,     11.6,     78.2,     1001.4,     222.62,     256.8,     88.1,     -178.1
37,     20.08.2014 06:11:17,     162.75,     271.35,     279,     1.3,     4.9,     8.4,     11.6,     79.9,     1001.6,     222.62,     257,     87.8,     -177.9,     12.908,     12.26,     70.2
38,     20.08.2014 06:21:17,     95.55,     188.94,     275,     2.1,     5.4,     9.4,     11.7,     78.2,     1001.5,     222.62,     256.4,     87.1,     -177.1
39,     20.08.2014 06:31:17,     107.1,     207.03,     273,     1.9,     4.8,     8.9,     11.8,     77.9,     1001.7,     222.62,     256.1,     88,     -178
40,     20.08.2014 06:41:17,     64.05,     140.7,     279,     1.7,     5.5,     9.6,     11.8,     79.4,     1001.8,     222.62,     256.5,     87.6,     -177.6
41,     20.08.2014 06:51:17,     121.8,     249.24,     286,     2,     4.7,     10,     11.6,     77.1,     1002,     222.62,     257.1,     87.7,     -177.7
42,     20.08.2014 07:01:17,     71.4,     146.73,     280,     2,     5.1,     9,     11.8,     79,     1002.1,     222.62,     255.8,     87.6,     -177.6
43,     20.08.2014 07:11:16,     98.7,     198.99,     286,     2.2,     6.5,     11.8,     11.6,     78,     1002.2,     222.62,     256.3,     87.8,     -177.9,     13.254,     13.85,     69.7
44,     20.08.2014 07:21:16,     93.45,     198.99,     280,     2.7,     6.2,     11.6,     11.6,     77.8,     1002.3,     222.62,     256.4,     87.8,     -177.8
45,     20.08.2014 07:31:16,     134.4,     271.35,     280,     1,     5.6,     10.3,     11.7,     77,     1002.4,     222.62,     256,     87.9,     -177.9
46,     20.08.2014 07:41:16,     358.05,     669.33,     277,     2.4,     5.8,     10.3,     11.8,     76.9,     1002.3,     222.62,     77.3,     88,     -1.9
47,     20.08.2014 07:51:16,     390.6,     584.91,     279,     2.2,     5.7,     10.3,     12,     76.2,     1002.4,     222.62,     78.4,     88.4,     -1.5
48,     20.08.2014 08:01:16,     246.75,     416.07,     276,     2,     5.8,     10.8,     12.1,     75.5,     1002.5,     222.62,     256.5,     88.2,     -178.2
49,     20.08.2014 08:11:16,     159.6,     323.61,     279,     2.2,     6.2,     11,     12.3,     74.3,     1002.5,     222.62,     77.1,     87.9,     -2,     13.358,     15.75,     70.0
50,     20.08.2014 08:21:16,     373.8,     846.21,     275,     3.4,     7,     10.3,     12.4,     74.2,     1002.6,     222.62,     256.5,     88,     -178
51,     20.08.2014 08:31:16,     224.7,     464.31,     280,     2.8,     5.9,     10.9,     12.6,     73.3,     1002.6,     222.62,     256.3,     88,     -178
52,     20.08.2014 08:41:16,     549.15,     1043.19,     277,     2.6,     6.1,     11.4,     12.7,     72.9,     1002.6,     222.62,     256.5,     87.5,     -177.6
53,     20.08.2014 08:51:16,     634.2,     1199.97,     269,     3.4,     7.3,     13.3,     13,     73.7,     1002.6,     222.62,     77.2,     88.2,     -1.7
54,     20.08.2014 09:01:16,     240.45,     488.43,     277,     3.3,     6.4,     9.9,     13.2,     73.5,     1002.8,     222.62,     256.7,     87.8,     -177.9
55,     20.08.2014 09:11:16,     355.95,     691.44,     278,     3.4,     6.8,     11,     13.3,     71.6,     1002.9,     222.62,     256.4,     87.9,     -178,     13.362,     18.43,     68.7
56,     20.08.2014 09:21:16,     234.15,     466.32,     290,     2.9,     7.2,     11.8,     13.3,     69.9,     1003.1,     222.62,     257.8,     87.7,     -177.8
57,     20.08.2014 09:31:16,     609,     1218.06,     287,     2.5,     5.9,     11.4,     13.7,     69.7,     1003.1,     222.62,     256.3,     87.7,     -177.6
58,     20.08.2014 09:41:16,     763.35,     1451.22,     276,     1.5,     6,     12.7,     14.1,     68.4,     1002.9,     222.62,     257.5,     87.9,     -177.9
59,     20.08.2014 09:51:16,     337.05,     639.18,     277,     2.7,     6.1,     10.4,     14.1,     67.4,     1003.1,     222.62,     256.5,     88.2,     -178.5
60,     20.08.2014 10:01:16,     326.55,     641.19,     278,     2.3,     6.2,     10.5,     14.4,     69.3,     1003.2,     222.62,     77,     87.8,     -2
61,     20.08.2014 10:11:17,     280.35,     568.83,     282,     1.3,     6.7,     11.6,     14.5,     65.9,     1003.3,     222.62,     255.4,     87.5,     -177.6,     13.315,     19.19,     68.0
62,     20.08.2014 10:21:17,     255.15,     397.98,     300,     1.7,     5.9,     9.7,     14.6,     65.2,     1003.4,     222.62,     256.1,     87.7,     -177.8
63,     20.08.2014 10:31:17,     375.9,     890.43,     287,     2.2,     5.8,     10.5,     14.8,     63.1,     1003.4,     222.62,     76.9,     88,     -2
64,     20.08.2014 10:41:17,     224.7,     440.19,     287,     1.5,     6.1,     10.9,     14.8,     65,     1003.6,     222.62,     256,     87.7,     -177.7
65,     20.08.2014 10:51:17,     712.95,     1437.15,     282,     1.7,     6.4,     12.4,     15.1,     60.2,     1003.5,     222.62,     257.7,     87.8,     -177.8
66,     20.08.2014 11:01:17,     124.95,     255.27,     277,     2.7,     6.5,     10.4,     15.1,     61.3,     1003.7,     222.62,     256.9,     88,     -178.1
67,     20.08.2014 11:11:16,     115.5,     241.2,     295,     2.8,     6.2,     9.9,     14.9,     61.7,     1003.7,     222.63,     256.7,     87.9,     -177.9,     13.478,     18.86,     67.9
68,     20.08.2014 11:21:16,     179.55,     373.86,     294,     2.3,     4.7,     8,     14.9,     63.4,     1003.8,     222.64,     255.9,     87.8,     -177.8
69,     20.08.2014 11:31:16,     318.15,     651.24,     298,     1.3,     5.2,     11.1,     15.3,     61.5,     1003.8,     222.64,     255.8,     87.6,     -177.7
70,     20.08.2014 11:41:16,     196.35,     383.91,     292,     2.4,     6.7,     12.2,     15.5,     57.5,     1003.8,     222.64,     257.6,     87.4,     -177.4
71,     20.08.2014 11:51:16,     244.65,     500.49,     288,     0.9,     5.3,     9.8,     15.6,     61.5,     1003.9,     222.64,     76.3,     88,     -1.8
72,     20.08.2014 12:01:16,     114.45,     243.21,     287,     0.9,     5.1,     10.5,     15.4,     61,     1004,     222.64,     (NO REPLY),     (NO REPLY),     (NO REPLY)
73,     20.08.2014 12:11:17,     336,     673.35,     285,     1.8,     5.4,     10.1,     15.4,     60.5,     1004,     222.64,     256.7,     87.8,     -177.8,     13.646,     18.17,     68.4
74,     20.08.2014 12:21:17,     603.75,     1312.53,     284,     1.1,     4.7,     9.4,     15.6,     59.1,     1003.9,     222.64,     256.1,     88,     -178
75,     20.08.2014 12:31:17,     259.35,     524.61,     289,     3.2,     6.6,     10.1,     15.9,     56.5,     1004,     222.64,     256.7,     87.7,     -177.7
76,     20.08.2014 12:41:17,     116.55,     247.23,     289,     1.5,     5.3,     9.4,     15.8,     60.8,     1004.1,     222.64,     256.3,     87.6,     -177.6
77,     20.08.2014 12:51:17,     297.15,     598.98,     284,     2.3,     5,     8.3,     15.7,     57.3,     1004.1,     222.64,     76.3,     87.8,     -2.2
78,     20.08.2014 13:01:17,     763.35,     1766.79,     301,     1.6,     5,     12.6,     16.1,     56,     1004,     222.64,     78,     87.5,     -2.4
79,     20.08.2014 13:11:16,     444.15,     970.83,     283,     3,     6.5,     12,     15.9,     58.7,     1004.1,     222.64,     255.9,     87.6,     -177.7,     13.239,     18.89,     68.2
80,     20.08.2014 13:21:16,     386.4,     924.6,     286,     2.7,     5.3,     9,     16,     59,     1004.2,     222.64,     256.5,     87.7,     -177.7
81,     20.08.2014 13:31:16,     756,     1489.41,     282,     2.8,     5.3,     8.3,     16,     60.1,     1004.2,     222.64,     76.6,     87.7,     -2.3
82,     20.08.2014 13:41:16,     766.5,     1493.43,     286,     3.7,     6.8,     11.3,     16.2,     56.9,     1004.3,     222.64,     77.1,     88.2,     -1.7
83,     20.08.2014 13:51:16,     704.55,     1376.85,     285,     2.4,     6.5,     11.4,     16.1,     56.9,     1004.3,     222.64,     77.4,     87.9,     -1.9
84,     20.08.2014 14:01:16,     702.45,     1368.81,     282,     2.1,     6.3,     11.5,     16.2,     59.2,     1004.4,     222.64,     257.5,     87.9,     -177.9
85,     20.08.2014 14:11:22,     327.6,     759.78,     279,     1.9,     6.5,     10,     16.3,     56.6,     1004.4,     222.64,     77.7,     87.5,     -2.3,     13.175,     19.89,     67.5
86,     20.08.2014 14:21:22,     711.9,     1595.94,     291,     3.2,     6.8,     11,     16.4,     56.4,     1004.5,     222.64,     257.2,     87.7,     -177.8
87,     20.08.2014 14:31:22,     783.3,     1475.34,     282,     3,     7.9,     13.7,     16.2,     60.2,     1004.7,     222.64,     77.4,     87.8,     -1.3
88,     20.08.2014 14:41:22,     346.5,     677.37,     275,     2.8,     7.3,     11.1,     15.1,     60.4,     1004.9,     222.64,     77.3,     88,     -1.9
89,     20.08.2014 14:51:22,     245.7,     504.51,     272,     2.6,     5.8,     8.9,     14.9,     63.4,     1004.8,     222.64,     255.9,     87.8,     -177.9
90,     20.08.2014 15:01:22,     285.6,     584.91,     282,     1.3,     4.4,     8.1,     15,     64,     1004.8,     222.64,     256,     87.7,     -177.7
91,     20.08.2014 15:11:16,     717.15,     1344.69,     282,     1.6,     5.1,     8.7,     15.3,     63.1,     1004.9,     222.64,     77.8,     87.7,     -2.1,     13.086,     19.18,     68.1
92,     20.08.2014 15:21:16,     234.15,     470.34,     287,     2.1,     5.6,     9.1,     15.7,     66.2,     1004.9,     222.64,     256.4,     88.1,     -178.1
93,     20.08.2014 15:31:16,     157.5,     321.6,     287,     2.7,     6.4,     11.8,     15.3,     60.8,     1005.1,     222.64,     78.2,     88,     -1.9
94,     20.08.2014 15:41:16,     89.25,     196.98,     288,     3.3,     6.8,     12.6,     13.8,     68.9,     1005.1,     222.73,     256.7,     87.9,     -177.9
95,     20.08.2014 15:51:16,     151.2,     321.6,     272,     1.9,     5.6,     9.5,     13.1,     74.7,     1005.1,     222.75,     76,     88,     -1.8
96,     20.08.2014 16:01:16,     275.1,     564.81,     275,     2.2,     4.8,     7.4,     12.9,     73.9,     1005.1,     222.75,     76.9,     88,     -1.9
97,     20.08.2014 16:11:16,     235.2,     478.38,     276,     1.2,     3.8,     6.2,     13.3,     73.3,     1005,     222.75,     256.3,     87.9,     -177.9,     13.419,     16.74,     69.2
98,     20.08.2014 16:21:16,     143.85,     293.46,     278,     1.9,     4.1,     6.4,     13.6,     75,     1005.2,     222.75,     255.7,     87.9,     -177.9
99,     20.08.2014 16:31:16,     543.9,     990.93,     278,     1.6,     4,     6.4,     13.6,     73.7,     1005.2,     222.75,     255.8,     87.9,     -178
100,     20.08.2014 16:41:16,     150.15,     307.53,     282,     1,     3.7,     6.1,     14.1,     72.7,     1005.2,     222.75,     255.7,     88.1,     -178.1
101,     20.08.2014 16:51:16,     182.7,     363.81,     265,     1.9,     5,     9.2,     14,     74.9,     1005.3,     222.75,     76.7,     88,     -2
102,     20.08.2014 17:01:16,     388.5,     705.51,     263,     2.3,     4.4,     8.6,     14.2,     75.4,     1005.2,     222.75,     255.6,     88,     -177.9
103,     20.08.2014 17:11:16,     282.45,     510.54,     256,     2,     3.9,     7.4,     14.6,     73.8,     1005.2,     222.75,     255.6,     88,     -178,     13.597,     16.75,     68.8
104,     20.08.2014 17:21:16,     61.95,     154.77,     267,     1.1,     3.8,     6,     15,     70.7,     1005.3,     222.75,     256.4,     87.9,     -177.9
105,     20.08.2014 17:31:16,     37.8,     102.51,     260,     2.4,     4.4,     6.6,     14.9,     71.5,     1005.3,     222.75,     256.5,     87.8,     -177.8
106,     20.08.2014 17:41:16,     32.55,     78.39,     266,     1.8,     4.1,     6.5,     14.7,     72.7,     1005.4,     222.75,     256.1,     87.7,     -177.6
107,     20.08.2014 17:51:16,     178.5,     299.49,     278,     2.8,     5.5,     10.8,     14.3,     73.9,     1005.5,     223.05,     256.8,     87.6,     -177.6
108,     20.08.2014 18:01:16,     189,     339.69,     285,     2.6,     4.9,     8.4,     13.7,     72.5,     1005.4,     223.17,     255.9,     88,     -178
109,     20.08.2014 18:11:16,     112.35,     194.97,     289,     2,     4.6,     7.2,     13.7,     73.7,     1005.4,     223.17,     256.6,     88,     -178,     13.580,     16.09,     69.0
110,     20.08.2014 18:21:16,     37.8,     94.47,     294,     2,     4.2,     8,     13.4,     74.7,     1005.4,     223.17,     256.3,     87.9,     -177.9
111,     20.08.2014 18:31:16,     87.15,     136.68,     286,     1.2,     3.8,     5.9,     13.4,     76.7,     1005.4,     223.17,     255.8,     87.9,     -178
112,     20.08.2014 18:41:16,     59.85,     102.51,     283,     1.4,     3,     5.1,     13.5,     75.2,     1005.3,     223.17,     255.5,     87.9,     -177.9
113,     20.08.2014 18:51:16,     40.95,     72.36,     277,     0.9,     2.6,     4.5,     13.5,     75.9,     1005.3,     223.17,     255.6,     87.9,     -177.9
114,     20.08.2014 19:01:16,     24.15,     50.25,     261,     1.3,     2.9,     4.9,     13.6,     74.8,     1005.3,     223.17,     255.7,     87.8,     -177.8
115,     20.08.2014 19:11:17,     8.4,     28.14,     266,     0.7,     3,     5.2,     13.6,     74.6,     1005.5,     223.17,     255.7,     87.9,     -177.9,     12.819,     14.79,     69.2
116,     20.08.2014 19:21:17,     3.15,     16.08,     288,     1.2,     3.1,     5.2,     13.4,     74.9,     1005.6,     223.17,     255.5,     88,     -178
117,     20.08.2014 19:31:17,     -2.1,     6.03,     290,     1,     2.6,     5.5,     13.2,     78.1,     1005.6,     223.17,     255.5,     87.9,     -177.9
118,     20.08.2014 19:41:17,     -3.15,     0,     285,     0.5,     2.4,     3.8,     13.1,     76.7,     1005.7,     223.17,     255.7,     87.9,     -177.9
119,     20.08.2014 19:51:17,     -5.25,     0,     284,     0.5,     2.3,     4.1,     13,     76,     1005.8,     223.17,     255.4,     87.9,     -177.9
120,     20.08.2014 20:01:17,     -5.25,     -2.01,     281,     1,     2.4,     4.1,     12.9,     76.6,     1005.9,     223.17,     255.5,     87.8,     -177.8
121,     20.08.2014 20:11:16,     -5.25,     -2.01,     288,     1.1,     2.6,     4.6,     12.7,     76.3,     1006,     223.17,     255.7,     88,     -178,     12.666,     12.86,     70.2
122,     20.08.2014 20:21:16,     -5.25,     0,     285,     0.4,     2.4,     4,     12.6,     78.3,     1005.9,     223.17,     255.6,     87.9,     -177.9
123,     20.08.2014 20:31:16,     -5.25,     -4.02,     279,     0.5,     2.1,     3.4,     12.6,     77.1,     1006,     223.17,     255.6,     87.8,     -177.9
124,     20.08.2014 20:41:16,     -6.3,     -4.02,     281,     1,     2.3,     3.9,     12.7,     78,     1006,     223.17,     255.4,     87.8,     -177.9
125,     20.08.2014 20:51:16,     -4.2,     -2.01,     277,     0.5,     1.9,     3.9,     12.8,     78,     1006,     223.17,     255.4,     88,     -178
126,     20.08.2014 21:01:16,     -5.25,     -2.01,     271,     0.6,     2.1,     3.7,     12.8,     77.8,     1006.1,     223.17,     255.3,     87.9,     -177.9
127,     20.08.2014 21:11:16,     -6.3,     -4.02,     290,     0.2,     2.4,     4.5,     12.7,     76.5,     1006,     223.17,     255.8,     88,     -178,     12.628,     11.83,     70.4
128,     20.08.2014 21:21:16,     -5.25,     -2.01,     282,     0.5,     2.6,     4.7,     12.7,     76.6,     1006.1,     223.17,     255.6,     87.8,     -177.8
129,     20.08.2014 21:31:16,     -4.2,     0,     285,     0.8,     2.5,     4.5,     12.5,     76.5,     1006.1,     223.17,     255.4,     87.9,     -177.9
130,     20.08.2014 21:41:16,     -5.25,     -4.02,     284,     0.1,     2.2,     4.4,     12.6,     77.2,     1006.1,     223.17,     255.4,     87.9,     -177.9
131,     20.08.2014 21:51:16,     -5.25,     -2.01,     297,     1,     2.2,     3.4,     12.3,     77.3,     1006.1,     223.17,     255.4,     87.9,     -177.9
132,     20.08.2014 22:01:16,     -5.25,     -2.01,     283,     0.7,     2,     3.3,     12.3,     79.2,     1006.1,     223.17,     255.4,     87.9,     -177.9
133,     20.08.2014 22:11:23,     -5.25,     -2.01,     258,     0.2,     2.7,     4.6,     12.5,     78.9,     1006.1,     223.17,     255.3,     87.9,     -177.9,     12.603,     11.39,     70.4
134,     20.08.2014 22:21:23,     -5.25,     0,     241,     0.2,     2.1,     4,     12.2,     79.5,     1006.1,     223.17,     255.6,     88,     -178
135,     20.08.2014 22:31:23,     -5.25,     -2.01,     261,     0.5,     2.7,     4.7,     12.1,     79,     1006.2,     223.17,     255.6,     87.9,     -178
136,     20.08.2014 22:41:23,     -5.25,     -2.01,     276,     1.1,     2.8,     4.2,     12.2,     79.1,     1006.3,     223.17,     255.6,     88,     -178
137,     20.08.2014 22:51:23,     -4.2,     -2.01,     282,     0.5,     2.7,     4.8,     12.1,     78.4,     1006.3,     223.17,     255.8,     88,     -178
138,     20.08.2014 23:01:23,     -5.25,     0,     283,     0.6,     2.7,     5.3,     12.2,     76.9,     1006.2,     223.17,     255.5,     87.9,     -177.9
139,     20.08.2014 23:11:22,     -6.3,     0,     281,     0.6,     2.7,     5.2,     12,     76.2,     1006.3,     223.17,     255.3,     87.9,     -177.9,     12.565,     11.09,     70.4
140,     20.08.2014 23:21:22,     -5.25,     0,     283,     0.9,     2.8,     4.7,     12,     76.5,     1006.3,     223.17,     255.6,     87.9,     -177.9
141,     20.08.2014 23:31:22,     -4.2,     -2.01,     288,     1.5,     2.9,     4.6,     11.7,     76.6,     1006.3,     223.17,     255.5,     88,     -178
142,     20.08.2014 23:41:22,     -4.2,     -2.01,     282,     1.5,     2.7,     4,     11.6,     78,     1006.4,     223.17,     255.6,     87.8,     -177.8
143,     20.08.2014 23:51:22,     -4.2,     0,     277,     0.8,     2.6,     4.6,     11.7,     78.3,     1006.3,     223.17,     255.3,     87.8,     -177.8
144,     21.08.2014 00:01:17,     -5.25,     -2.01,     274,     1.4,     2.8,     4.6,     11.8,     79.1,     1006.3,     223.17,     255.3,     87.8,     -177.8,     12.376,     10.77,     70.5