Logger: #D10248 'TSK_Meteo' - USP_EXP2 (V2.10, Jan 24 2012)
No,     Time,     #1:W/m²:0,     #2:ÂµMol:(do.),     #5:deg:2,     #6:m/sMIN:(do.),     #7:m/sMIT:(do.),     #8:m/sMAX:(do.),     #9:Â°C:(do.),     #10:%:(do.),     #11:hPa:(do.),     #12:mm:(do.),     #14:AZ:3,     #15:EL:(do.),     #16:Roll:(do.),     #HK-Bat:V,     #HK-Temp:oC,     #HK-rH:%
(GSM Transfer OK / Signal:16)
1,     28.01.2015 00:11:16,     -4.2,     -2.01,     298,     1.4,     2.3,     3.4,     0.8,     89.5,     1007.6,     427.95,     73.5,     88,     -1.9,     12.259,     0.39,     90.2
2,     28.01.2015 00:21:16,     -5.25,     0,     300,     1.3,     2.4,     3.3,     0.8,     89.5,     1007.6,     427.95,     73.6,     88,     -1.9
3,     28.01.2015 00:31:16,     -3.15,     -2.01,     300,     1,     2.6,     4.1,     0.8,     89.6,     1007.5,     427.95,     73.7,     87.9,     -2
4,     28.01.2015 00:41:16,     -2.1,     0,     308,     1.3,     2.4,     4.5,     0.9,     89.9,     1007.5,     427.95,     73.4,     87.9,     -2
5,     28.01.2015 00:51:16,     -2.1,     -2.01,     313,     1.1,     2.9,     5.2,     1,     90,     1007.4,     427.95,     73.5,     88,     -1.9
6,     28.01.2015 01:01:16,     -1.05,     0,     319,     0.9,     2.5,     5.4,     1,     90.2,     1007.3,     427.95,     73.4,     88,     -1.9
7,     28.01.2015 01:11:17,     -2.1,     -2.01,     325,     1.3,     2.8,     4.4,     0.9,     90.6,     1007.2,     427.95,     73.8,     88,     -1.9,     12.387,     0.47,     92.2
8,     28.01.2015 01:21:17,     -1.05,     0,     321,     0.9,     2.7,     5.3,     0.9,     91,     1007.1,     427.95,     253.5,     88,     -178
9,     28.01.2015 01:31:17,     -1.05,     -2.01,     299,     1.4,     3.3,     6.4,     0.8,     91.2,     1007.1,     427.95,     73.8,     88.1,     -1.8
10,     28.01.2015 01:41:17,     -1.05,     -2.01,     311,     2.3,     4.2,     6.1,     0.8,     91.4,     1007,     427.95,     74.5,     88,     -1.9
11,     28.01.2015 01:51:17,     0,     0,     298,     2.4,     3.8,     5.8,     0.8,     91.5,     1007,     427.95,     74.7,     88,     -1.9
12,     28.01.2015 02:01:17,     -1.05,     -2.01,     295,     1.8,     3.7,     5.6,     0.8,     91.7,     1007.1,     427.95,     74.5,     87.9,     -2.1
13,     28.01.2015 02:11:16,     -1.05,     -2.01,     296,     2.1,     3.5,     5.2,     0.8,     91.8,     1007.1,     427.95,     73.4,     88,     -1.9,     12.389,     1.22,     92.0
14,     28.01.2015 02:21:16,     0,     0,     293,     1.3,     3.2,     5.2,     0.9,     91.9,     1007,     427.95,     74.2,     88,     -1.9
15,     28.01.2015 02:31:16,     -1.05,     -2.01,     290,     1.5,     2.9,     4.5,     1,     92.1,     1006.9,     427.95,     73.8,     87.8,     -2.1
16,     28.01.2015 02:41:16,     -1.05,     -2.01,     289,     1.6,     2.8,     4.4,     1,     92.1,     1006.9,     427.95,     253.3,     87.9,     -177.8
17,     28.01.2015 02:51:16,     0,     0,     288,     1.3,     2.9,     4.6,     1.1,     92.1,     1006.8,     427.95,     73.4,     87.9,     -2
18,     28.01.2015 03:01:16,     -1.05,     0,     290,     1,     2.9,     5.3,     1.2,     92.2,     1006.6,     427.95,     73.8,     88,     -1.9
19,     28.01.2015 03:11:16,     -1.05,     0,     286,     1.5,     2.9,     5.3,     1.3,     92.3,     1006.5,     427.95,     73.7,     88,     -1.9,     12.893,     1.71,     91.9
20,     28.01.2015 03:21:16,     -1.05,     -2.01,     294,     0.9,     2.8,     4.7,     1.3,     92.3,     1006.4,     427.95,     73.5,     88.1,     -1.8
21,     28.01.2015 03:31:16,     -1.05,     0,     291,     1.6,     2.9,     4.6,     1.4,     92.3,     1006.3,     427.95,     74,     88,     -1.9
22,     28.01.2015 03:41:16,     -1.05,     -2.01,     288,     0.7,     2.6,     4.1,     1.5,     92.4,     1006.2,     427.95,     73.4,     88,     -1.9
23,     28.01.2015 03:51:16,     0,     -2.01,     282,     1.2,     2.6,     4.2,     1.7,     92.4,     1006.1,     427.95,     73.7,     88,     -1.9
24,     28.01.2015 04:01:16,     -2.1,     -2.01,     286,     1,     3.1,     5.4,     1.8,     92.4,     1005.9,     427.95,     74.1,     87.9,     -2
25,     28.01.2015 04:11:16,     -1.05,     0,     277,     0.6,     3.1,     5.6,     1.9,     92.5,     1005.9,     427.95,     73.9,     87.9,     -2,     12.577,     2.19,     91.9
26,     28.01.2015 04:21:16,     -1.05,     -2.01,     278,     1,     2.8,     5.6,     2,     92.4,     1005.7,     427.95,     73.3,     88,     -1.9
27,     28.01.2015 04:31:16,     0,     -2.01,     290,     1.1,     2.6,     4.3,     2,     92.4,     1005.6,     427.95,     73.6,     88,     -1.9
28,     28.01.2015 04:41:16,     -2.1,     -2.01,     279,     1.1,     3.1,     5.1,     2.1,     92.4,     1005.3,     427.95,     73.9,     88,     -1.9
29,     28.01.2015 04:51:16,     -2.1,     0,     273,     1.3,     3,     5,     2.1,     92.4,     1005.1,     427.95,     73.9,     88,     -1.9
30,     28.01.2015 05:01:16,     -1.05,     -4.02,     267,     2,     3.3,     5.5,     2.1,     92.4,     1005.1,     427.95,     74.4,     88.1,     -1.8
31,     28.01.2015 05:11:16,     -1.05,     -2.01,     267,     1.5,     2.9,     4.6,     2.1,     92.4,     1004.9,     427.95,     253.5,     87.9,     -177.9,     12.463,     2.60,     91.7
32,     28.01.2015 05:21:16,     -1.05,     0,     268,     1.5,     2.8,     3.8,     2.2,     92.5,     1004.9,     427.95,     73.6,     88.1,     -1.8
33,     28.01.2015 05:31:16,     -1.05,     -2.01,     277,     1.5,     3.1,     4.8,     2.3,     92.5,     1004.9,     427.95,     74.1,     88,     -1.9
34,     28.01.2015 05:41:16,     -1.05,     -2.01,     274,     1.5,     3.5,     5.9,     2.4,     92.5,     1004.7,     427.95,     74.5,     87.9,     -2
35,     28.01.2015 05:51:16,     -2.1,     -2.01,     265,     1.5,     3.5,     5.4,     2.4,     92.5,     1004.6,     427.95,     254,     87.9,     -177.9
36,     28.01.2015 06:01:16,     -2.1,     -2.01,     253,     2.1,     3.9,     6.9,     2.4,     92.5,     1004.6,     427.95,     74.1,     88,     -1.9
37,     28.01.2015 06:11:16,     -2.1,     -2.01,     260,     2.2,     4.1,     6.8,     2.4,     92.5,     1004.5,     427.95,     74.3,     88,     -1.9,     12.393,     2.95,     91.6
38,     28.01.2015 06:21:16,     -1.05,     0,     262,     2.3,     3.7,     6.1,     2.4,     92.5,     1004.2,     427.95,     74.7,     88,     -1.9
39,     28.01.2015 06:31:16,     -1.05,     0,     254,     2,     3.6,     5.7,     2.4,     92.5,     1004.1,     427.95,     74.1,     88,     -2
40,     28.01.2015 06:41:16,     -1.05,     0,     257,     2.4,     4,     6.2,     2.4,     92.5,     1004.1,     427.95,     73.9,     88,     -1.9
41,     28.01.2015 06:51:16,     -1.05,     0,     251,     2.5,     4.1,     6.7,     2.4,     92.5,     1003.9,     427.95,     75.4,     87.9,     -2.1
42,     28.01.2015 07:01:16,     -1.05,     -2.01,     251,     1.9,     4.1,     6.4,     2.4,     92.5,     1003.8,     427.95,     74.8,     88.1,     -1.8
43,     28.01.2015 07:11:16,     -2.1,     -4.02,     248,     1.6,     4.2,     7,     2.4,     92.5,     1003.5,     427.95,     74.1,     88.1,     -1.8,     12.391,     3.11,     91.6
44,     28.01.2015 07:21:16,     -2.1,     -4.02,     241,     2.4,     4.2,     5.8,     2.4,     92.5,     1003.4,     427.95,     254.6,     88,     -178
45,     28.01.2015 07:31:16,     -1.05,     -2.01,     250,     1.7,     4.2,     6.5,     2.5,     92.4,     1003.3,     427.95,     74,     88.2,     -1.6
46,     28.01.2015 07:41:16,     -2.1,     -4.02,     245,     0.8,     3.6,     5.6,     2.5,     92.4,     1003.1,     427.95,     74.5,     88,     -2
47,     28.01.2015 07:51:16,     0,     0,     240,     2.2,     3.9,     5.6,     2.5,     92.3,     1002.9,     427.95,     74.9,     88,     -1.8
48,     28.01.2015 08:01:16,     1.05,     2.01,     240,     2.1,     3.7,     5.6,     2.5,     92.1,     1002.7,     427.95,     254.9,     88.1,     -178.1
49,     28.01.2015 08:11:16,     4.2,     6.03,     239,     1.8,     3.8,     5.6,     2.5,     91.8,     1002.7,     427.95,     75.3,     88,     -1.9,     13.835,     3.21,     91.6
50,     28.01.2015 08:21:16,     7.35,     14.07,     239,     2.3,     3.8,     6.5,     2.5,     91.4,     1002.4,     427.95,     74,     88.1,     -1.8
51,     28.01.2015 08:31:16,     12.6,     22.11,     244,     2.3,     4,     6.2,     2.6,     91,     1002.2,     427.95,     254.1,     87.9,     -177.9
52,     28.01.2015 08:41:16,     12.6,     24.12,     243,     1.5,     4,     6.1,     2.6,     90.4,     1002.2,     427.95,     74.7,     88,     -1.9
53,     28.01.2015 08:51:16,     10.5,     20.1,     240,     2,     4.4,     6.3,     2.6,     89.7,     1002.1,     427.95,     75,     88,     -1.9
54,     28.01.2015 09:01:16,     8.4,     18.09,     249,     1.8,     4.3,     6.9,     2.8,     89.3,     1002.1,     427.95,     75.9,     88.4,     -1.5
55,     28.01.2015 09:11:16,     8.4,     20.1,     253,     1.8,     5.2,     8.9,     2.8,     88.7,     1001.8,     427.95,     255.1,     88.1,     -178.1,     12.792,     3.37,     91.6
56,     28.01.2015 09:21:16,     18.9,     40.2,     258,     3.3,     5.2,     7.8,     2.9,     88.4,     1001.7,     427.95,     76.1,     88,     -1.9
57,     28.01.2015 09:31:16,     13.65,     32.16,     258,     2.8,     5.1,     7.7,     2.9,     88.6,     1001.5,     427.95,     74.9,     87.8,     -2.1
58,     28.01.2015 09:41:16,     22.05,     46.23,     255,     2.2,     5,     8.8,     3,     88.3,     1001.1,     427.95,     255.4,     88,     -178
59,     28.01.2015 09:51:16,     24.15,     52.26,     251,     2.4,     5,     8.1,     3.1,     88,     1000.9,     427.95,     255.2,     88.1,     -178.1
60,     28.01.2015 10:01:16,     36.75,     76.38,     248,     2.4,     5.1,     7.7,     3.2,     87.8,     1000.7,     427.95,     74.5,     88,     -2
61,     28.01.2015 10:11:16,     27.3,     60.3,     248,     2.8,     4.8,     7.1,     3.3,     87.6,     1000.6,     427.95,     76.3,     87.7,     -2.2,     12.864,     3.75,     91.5
62,     28.01.2015 10:21:16,     28.35,     60.3,     257,     3,     5.3,     7.7,     3.4,     87.2,     1000.4,     427.95,     255.4,     88.1,     -178.1
63,     28.01.2015 10:31:16,     34.65,     72.36,     259,     2.7,     5.7,     9.9,     3.4,     86.8,     1000.3,     427.95,     76,     88.4,     -1.6
64,     28.01.2015 10:41:16,     32.55,     68.34,     254,     2.8,     5.6,     9.4,     3.5,     86.7,     1000.1,     427.95,     75.9,     87.7,     -2.1
65,     28.01.2015 10:51:16,     38.85,     84.42,     257,     3.1,     5.8,     9.8,     3.5,     86.4,     1000,     427.95,     76.2,     88.2,     -1.7
66,     28.01.2015 11:01:16,     61.95,     128.64,     251,     1.3,     4.7,     8.3,     3.5,     86,     999.5,     427.95,     75.5,     88.1,     -1.7
67,     28.01.2015 11:11:17,     61.95,     124.62,     245,     2.4,     5.1,     7.3,     3.6,     85.6,     999.2,     427.95,     254.8,     87.9,     -177.9,     13.114,     4.31,     91.3
68,     28.01.2015 11:21:17,     43.05,     90.45,     254,     2.9,     5.7,     9,     3.7,     84.8,     999.1,     427.95,     77.3,     88.4,     -1.5
69,     28.01.2015 11:31:17,     66.15,     138.69,     250,     2.7,     5.9,     9.4,     3.8,     84.4,     998.8,     427.95,     256.9,     87.8,     -177.8
70,     28.01.2015 11:41:17,     45.15,     94.47,     244,     3.6,     5.5,     8.7,     3.8,     84,     998.4,     427.95,     75.7,     88.1,     -1.8
71,     28.01.2015 11:51:17,     65.1,     134.67,     245,     1.6,     5.1,     8,     3.8,     83.8,     998,     427.95,     255.9,     88,     -178
72,     28.01.2015 12:01:17,     107.1,     217.08,     237,     2.6,     5,     7.9,     3.8,     83.3,     997.6,     427.95,     74.1,     88.1,     -1.9
73,     28.01.2015 12:11:17,     75.6,     154.77,     238,     3.2,     5.5,     8.4,     4,     82.6,     997.3,     427.95,     75.5,     88.1,     -1.7,     12.934,     4.83,     91.2
74,     28.01.2015 12:21:17,     70.35,     144.72,     240,     2.9,     5.1,     10.2,     4.1,     81.9,     996.9,     427.95,     76,     87.6,     -2.3
75,     28.01.2015 12:31:17,     123.9,     245.22,     237,     2.7,     5,     7.7,     4.1,     81.5,     996.6,     427.95,     74.7,     88.1,     -1.8
76,     28.01.2015 12:41:17,     88.2,     170.85,     239,     2.7,     4.7,     8.3,     4.3,     81.1,     996.2,     427.95,     75,     88,     -1.9
77,     28.01.2015 12:51:17,     88.2,     180.9,     237,     2.8,     5.4,     8.5,     4.3,     80.1,     995.7,     427.95,     74.9,     88.1,     -1.7
78,     28.01.2015 13:01:17,     88.2,     174.87,     235,     2.8,     5.9,     10.5,     4.4,     79.2,     995.2,     427.95,     75,     88,     -1.9
79,     28.01.2015 13:11:16,     82.95,     168.84,     231,     3.2,     5.8,     8.7,     4.4,     79.1,     995,     427.95,     76.1,     87.5,     -2.4,     14.464,     5.49,     91.0
80,     28.01.2015 13:21:16,     72.45,     146.73,     232,     3,     6.1,     9.5,     4.5,     78.4,     994.7,     427.95,     75.7,     88.2,     -1.6
81,     28.01.2015 13:31:16,     59.85,     126.63,     236,     3.4,     5.8,     8.7,     4.6,     78,     994.3,     427.95,     76.4,     87.5,     -2.4
82,     28.01.2015 13:41:16,     84,     170.85,     236,     2.3,     6.7,     11,     4.6,     77,     994.1,     427.95,     76.2,     87.5,     -2.4
83,     28.01.2015 13:51:16,     147,     281.4,     235,     4,     6.7,     10.5,     4.7,     76.8,     993.8,     427.95,     75.5,     87.9,     -2
84,     28.01.2015 14:01:16,     64.05,     124.62,     236,     3.3,     6.4,     10.5,     4.8,     76.2,     993.4,     427.95,     256.5,     88.6,     -178.6
85,     28.01.2015 14:11:17,     56.7,     110.55,     235,     4.3,     7.4,     11.2,     4.9,     74.9,     993.1,     427.95,     76.7,     88,     -1.8,     13.765,     5.83,     90.9
86,     28.01.2015 14:21:17,     22.05,     46.23,     239,     2.7,     5.8,     10.4,     4.9,     75.6,     993.1,     427.95,     255.4,     87.8,     -177.8
87,     28.01.2015 14:31:17,     12.6,     30.15,     235,     3.4,     6.6,     10,     4.8,     75.4,     992.8,     427.95,     77.2,     87.4,     -2.4
88,     28.01.2015 14:41:17,     12.6,     30.15,     236,     3.4,     6.2,     10.1,     4.8,     75.3,     992.4,     427.95,     77.4,     88.7,     -1.1
89,     28.01.2015 14:51:17,     12.6,     30.15,     235,     3.3,     6.4,     9.8,     4.8,     75.7,     992.2,     427.95,     75.7,     87.4,     -2.4
90,     28.01.2015 15:01:17,     29.4,     60.3,     234,     3.9,     6.6,     9.8,     4.8,     75.4,     991.9,     427.95,     75.3,     88.3,     -1.6
91,     28.01.2015 15:11:16,     59.85,     112.56,     229,     3.1,     6.1,     9.3,     4.8,     75.6,     991.4,     427.95,     254.8,     87.9,     -177.9,     13.746,     5.65,     91.0
92,     28.01.2015 15:21:16,     38.85,     78.39,     225,     3.5,     7.1,     10.9,     4.8,     75,     990.9,     427.95,     76.9,     87.3,     -2.5
93,     28.01.2015 15:31:16,     29.4,     58.29,     225,     4.3,     7.7,     11.7,     4.8,     74.5,     990.5,     427.95,     77.6,     88.8,     -1.1
94,     28.01.2015 15:41:16,     15.75,     34.17,     223,     4.2,     7.1,     11.5,     4.8,     74.8,     990.4,     427.95,     76.4,     87.2,     -2.6
95,     28.01.2015 15:51:16,     11.55,     24.12,     220,     3.6,     6.8,     10.7,     4.7,     74.8,     989.9,     427.95,     74.5,     87.3,     -2.4
96,     28.01.2015 16:01:16,     7.35,     16.08,     221,     4.1,     6.7,     10.2,     4.6,     74.7,     989.5,     427.95,     75.1,     88.3,     -1.6
97,     28.01.2015 16:11:16,     4.2,     12.06,     222,     4.9,     7.7,     12.6,     4.6,     74.6,     989.2,     427.95,     77.3,     87.2,     -2.7,     12.772,     5.44,     91.0
98,     28.01.2015 16:21:16,     3.15,     6.03,     222,     4.4,     7.5,     11.4,     4.6,     74.2,     988.9,     427.95,     256.2,     88.8,     -178.9
99,     28.01.2015 16:31:16,     1.05,     4.02,     222,     3.3,     7.3,     13.1,     4.6,     74.4,     988.5,     427.95,     75.9,     87.5,     -2.4
100,     28.01.2015 16:41:16,     1.05,     2.01,     222,     4.9,     7.8,     13.4,     4.7,     74,     988.2,     427.95,     255,     88.4,     -178.4
101,     28.01.2015 16:51:16,     0,     2.01,     225,     3.9,     7.3,     11.5,     4.6,     74.2,     987.8,     427.95,     77.8,     88.4,     -1.1
102,     28.01.2015 17:01:16,     -2.1,     -2.01,     222,     4.7,     7.8,     12.3,     4.6,     74.1,     987.4,     427.95,     75.2,     87.8,     -2
103,     28.01.2015 17:11:16,     -1.05,     -2.01,     222,     4.8,     7.4,     11,     4.5,     74.8,     987.1,     427.95,     74.9,     88,     -1.9,     12.637,     5.22,     91.1
104,     28.01.2015 17:21:16,     -2.1,     -2.01,     222,     4.5,     8.3,     12.8,     4.5,     74.6,     986.8,     427.95,     77.9,     88.8,     -1.1
105,     28.01.2015 17:31:16,     -2.1,     -2.01,     225,     4.4,     8.2,     12.8,     4.5,     74.5,     986.7,     427.95,     75.8,     88.4,     -1.5
106,     28.01.2015 17:41:16,     -1.05,     0,     224,     4.7,     8.1,     12.6,     4.4,     74.9,     986.2,     427.95,     76.3,     86.9,     -2.7
107,     28.01.2015 17:51:16,     -1.05,     0,     223,     4.2,     7.4,     11.2,     4.4,     75.4,     986.1,     427.95,     256.2,     88.1,     -178.3
108,     28.01.2015 18:01:16,     -2.1,     -2.01,     225,     4.3,     7.7,     12,     4.4,     74.6,     985.6,     427.95,     76.6,     88.4,     -1.3
109,     28.01.2015 18:11:17,     -1.05,     0,     223,     4.2,     7.6,     12.6,     4.4,     74.6,     985.2,     427.95,     75.5,     88.2,     -1.6,     12.567,     5.03,     91.2
110,     28.01.2015 18:21:17,     -3.15,     0,     219,     4.2,     7.7,     13.5,     4.3,     75,     984.8,     427.95,     76.6,     88.2,     -1.7
111,     28.01.2015 18:31:17,     -1.05,     -2.01,     222,     4.8,     7.9,     13.6,     4.3,     75.1,     984.4,     427.95,     77.5,     88.5,     -1.4
112,     28.01.2015 18:41:17,     -1.05,     -2.01,     221,     4.6,     7.9,     13.2,     4.2,     74.9,     984.3,     427.95,     76,     88,     -1.9
113,     28.01.2015 18:51:17,     -1.05,     -2.01,     223,     4.9,     8.1,     13.2,     4.2,     74.8,     984,     427.95,     257.9,     87.2,     -177.2
114,     28.01.2015 19:01:17,     -4.2,     -2.01,     223,     4.8,     8.3,     12.8,     4.2,     75,     983.7,     427.96,     77.1,     87.8,     -2
115,     28.01.2015 19:11:16,     -4.2,     -2.01,     223,     4.2,     8.4,     13.7,     4,     77,     983.5,     428.06,     75.6,     86.8,     -2.7,     13.816,     4.75,     91.2
116,     28.01.2015 19:21:16,     -2.1,     0,     224,     4.8,     8.3,     14,     3.7,     79.5,     983.1,     428.09,     257.1,     88.3,     -178.4
117,     28.01.2015 19:31:16,     -2.1,     -2.01,     222,     4.8,     8.2,     13,     3.5,     81.2,     982.6,     428.18,     76.9,     87.4,     -2.3
118,     28.01.2015 19:41:16,     -2.1,     -2.01,     224,     5.2,     8.2,     11.8,     3.3,     82.4,     982.3,     428.23,     254.6,     88.5,     -178.5
119,     28.01.2015 19:51:16,     -1.05,     0,     228,     4.2,     7.7,     12,     3.2,     83.3,     982.2,     428.48,     256.4,     88.8,     -178.8
120,     28.01.2015 20:01:16,     -1.05,     0,     226,     3.4,     7.6,     13,     2.9,     84.5,     982,     429.01,     77.2,     87.9,     -2
121,     28.01.2015 20:11:17,     -2.1,     -2.01,     226,     4.5,     7.5,     11.8,     2.6,     85.5,     981.7,     429.43,     76.1,     88.5,     -1.4,     13.820,     3.93,     91.4
122,     28.01.2015 20:21:17,     -1.05,     0,     227,     4,     6.7,     10.7,     2.4,     86.6,     981.6,     429.77,     74.8,     87.6,     -2.3
123,     28.01.2015 20:31:17,     -2.1,     -2.01,     227,     3,     6.5,     12.7,     2.2,     87,     981.1,     430.06,     76.9,     88.1,     -1.8
124,     28.01.2015 20:41:17,     -2.1,     0,     235,     2.6,     5.9,     10.4,     2.1,     87.4,     981,     430.2,     75.5,     87.9,     -1.9
125,     28.01.2015 20:51:17,     -1.05,     -2.01,     231,     3.9,     7,     13,     2,     87.7,     980.9,     430.35,     256.4,     87.4,     -177.4
126,     28.01.2015 21:01:17,     0,     0,     231,     3.9,     6.7,     10.7,     1.8,     88.1,     980.6,     430.5,     78.3,     88.2,     -1.7
127,     28.01.2015 21:11:16,     -2.1,     -2.01,     231,     3.6,     6.6,     10.3,     1.7,     88.3,     980.4,     430.56,     76.4,     87.6,     -2.4,     13.820,     2.94,     91.7
128,     28.01.2015 21:21:16,     -2.1,     -2.01,     230,     4.2,     7,     11.3,     1.7,     88.5,     980.4,     430.61,     78,     87.6,     -2.2
129,     28.01.2015 21:31:16,     -2.1,     -2.01,     229,     3.2,     6.7,     10.2,     1.6,     88.7,     980.2,     430.67,     76.8,     87.9,     -2
130,     28.01.2015 21:41:16,     -1.05,     0,     230,     3.3,     6.6,     12.4,     1.6,     89,     980,     430.7,     75.2,     88,     -1.9
131,     28.01.2015 21:51:16,     -2.1,     -4.02,     232,     3.9,     6.9,     11.2,     1.8,     88.8,     980,     430.7,     255.8,     87.9,     -177.8
132,     28.01.2015 22:01:16,     -2.1,     -2.01,     239,     3.3,     6.5,     10.6,     2,     88.5,     980.2,     430.71,     253.5,     88.1,     -178.1
133,     28.01.2015 22:11:16,     -1.05,     0,     244,     2.1,     5.9,     10.1,     2.1,     88.3,     980.2,     430.72,     254.1,     88.4,     -178.5,     13.822,     2.49,     92.0
134,     28.01.2015 22:21:16,     -1.05,     -2.01,     251,     2.9,     5.5,     8.2,     2.3,     88.3,     980,     430.72,     74.6,     88,     -1.8
135,     28.01.2015 22:31:16,     -1.05,     -2.01,     250,     3.2,     6.5,     10.6,     2.7,     87.8,     979.9,     430.8,     255.9,     87.3,     -177.3
136,     28.01.2015 22:41:16,     -2.1,     0,     249,     4.6,     7.5,     13.4,     2.9,     87.1,     979.7,     430.84,     76.2,     87.8,     -2.1
137,     28.01.2015 22:51:16,     -2.1,     0,     250,     3.5,     6.8,     10.2,     3.1,     86.7,     979.6,     430.84,     75.7,     87.1,     -2.7
138,     28.01.2015 23:01:16,     -1.05,     -2.01,     261,     2.6,     6.1,     10.5,     3.2,     86.8,     979.7,     430.84,     256.4,     87.5,     -177.6
139,     28.01.2015 23:11:16,     -1.05,     0,     266,     3,     6.6,     11.3,     3.3,     86.3,     979.6,     430.84,     255.1,     87.8,     -177.8,     12.783,     3.08,     91.9
140,     28.01.2015 23:21:16,     -1.05,     -2.01,     275,     2.5,     5.9,     11.4,     3.4,     85.8,     979.8,     431.01,     255.8,     88.1,     -178.1
141,     28.01.2015 23:31:16,     -2.1,     -2.01,     288,     3,     8.1,     15,     2.9,     80.1,     979.9,     431.05,     76.6,     87.3,     -2.4
142,     28.01.2015 23:41:16,     -2.1,     0,     287,     3.2,     6.2,     10.7,     2.9,     80.8,     980.1,     431.05,     256.7,     87.7,     -177.8
143,     28.01.2015 23:51:16,     -2.1,     0,     286,     1.4,     5.2,     10.2,     2.9,     82.2,     980.1,     431.05,     74.7,     87.9,     -2
144,     29.01.2015 00:01:16,     -2.1,     -2.01,     285,     2.3,     5.3,     8.5,     2.9,     82.6,     980,     431.05,     74.8,     88.2,     -1.8,     12.319,     3.10,     91.7