Logger: #D10248 'TSK_Meteo' - USP_EXP2 (V2.10, Jan 24 2012)
No,     Time,     #1:W/m²:0,     #2:ÂµMol:(do.),     #5:deg:2,     #6:m/sMIN:(do.),     #7:m/sMIT:(do.),     #8:m/sMAX:(do.),     #9:Â°C:(do.),     #10:%:(do.),     #11:hPa:(do.),     #12:mm:(do.),     #14:AZ:3,     #15:EL:(do.),     #16:Roll:(do.),     #HK-Bat:V,     #HK-Temp:oC,     #HK-rH:%
(GSM Transfer OK / Signal:15)
1,     01.12.2014 00:11:17,     -4.2,     -2.01,     142,     1,     3.1,     6.8,     -3.3,     81.5,     1012.2,     330.94,     252.5,     87.9,     -177.9,     12.389,     -2.22,     83.9
2,     01.12.2014 00:21:17,     -3.15,     0,     145,     1,     3.1,     6.4,     -3.3,     81.4,     1012.2,     330.94,     252,     87.8,     -177.8
3,     01.12.2014 00:31:17,     -5.25,     0,     140,     0.7,     2.6,     5.8,     -3.4,     80.2,     1012.3,     330.94,     252,     87.8,     -177.9
4,     01.12.2014 00:41:17,     -7.35,     -2.01,     133,     0.6,     2.1,     4.4,     -3.4,     80.3,     1012.4,     330.94,     252.4,     87.8,     -177.8
5,     01.12.2014 00:51:17,     -5.25,     0,     147,     0.4,     2.4,     5,     -3.5,     80.9,     1012.4,     330.94,     251.9,     87.9,     -177.9
6,     01.12.2014 01:01:17,     -5.25,     0,     136,     0.8,     2.1,     4.1,     -3.6,     80.4,     1012.5,     330.94,     252.2,     87.9,     -177.9
7,     01.12.2014 01:11:16,     -4.2,     0,     136,     0.8,     2.7,     5.9,     -3.7,     78.7,     1012.6,     330.94,     251.5,     87.9,     -177.9,     12.842,     -3.73,     87.4
8,     01.12.2014 01:21:16,     -4.2,     -2.01,     131,     0.7,     2.8,     6,     -3.7,     79.1,     1012.5,     330.94,     252,     87.9,     -178
9,     01.12.2014 01:31:16,     -4.2,     -2.01,     133,     0.8,     2.6,     5.8,     -3.8,     79.5,     1012.6,     330.94,     251.8,     88,     -178
10,     01.12.2014 01:41:16,     -5.25,     0,     131,     0.8,     2.6,     6.3,     -3.9,     79.7,     1012.7,     330.94,     252.3,     87.9,     -177.9
11,     01.12.2014 01:51:16,     -5.25,     -2.01,     136,     0.6,     2.8,     6.3,     -3.8,     80.2,     1012.6,     330.94,     252,     87.9,     -177.8
12,     01.12.2014 02:01:16,     -5.25,     0,     140,     0.8,     2.6,     5,     -4,     80.5,     1012.7,     330.94,     252.4,     87.9,     -177.9
13,     01.12.2014 02:11:16,     -4.2,     -2.01,     138,     0.5,     2.5,     5.2,     -4,     80.3,     1012.9,     330.94,     251.9,     87.9,     -177.9,     12.501,     -4.19,     87.7
14,     01.12.2014 02:21:16,     -3.15,     -2.01,     145,     0.5,     2.5,     5.4,     -4.1,     80.8,     1012.7,     330.94,     251.8,     87.8,     -177.8
15,     01.12.2014 02:31:16,     -4.2,     -2.01,     158,     0.5,     3.7,     6.8,     -4,     81.8,     1012.7,     330.94,     253,     87.8,     -177.9
16,     01.12.2014 02:41:16,     -2.1,     -2.01,     157,     0.7,     3.3,     7.4,     -4,     80.4,     1012.7,     330.94,     252.2,     87.9,     -177.9
17,     01.12.2014 02:51:16,     -3.15,     -4.02,     152,     0.9,     3,     7.1,     -4,     82,     1012.8,     330.94,     251.4,     87.9,     -177.9
18,     01.12.2014 03:01:16,     -2.1,     -2.01,     145,     0.9,     3,     6.3,     -3.9,     82.2,     1012.9,     330.94,     252.2,     87.7,     -177.7
19,     01.12.2014 03:11:17,     -1.05,     -2.01,     145,     0.5,     2.6,     5.7,     -3.9,     81.1,     1012.7,     330.94,     252.4,     88,     -178,     12.406,     -3.91,     87.9
20,     01.12.2014 03:21:17,     -2.1,     -2.01,     138,     0.7,     3,     7,     -4,     80.8,     1012.6,     330.94,     252.1,     87.8,     -177.8
21,     01.12.2014 03:31:17,     -2.1,     -2.01,     149,     1.1,     3.5,     7.8,     -4,     81.4,     1012.4,     330.94,     252.1,     87.8,     -177.8
22,     01.12.2014 03:41:17,     -2.1,     -2.01,     143,     0.6,     2.6,     7.4,     -3.7,     82.2,     1012.2,     330.94,     251.6,     87.9,     -177.9
23,     01.12.2014 03:51:17,     -1.05,     0,     145,     0.9,     3.8,     7.9,     -3.8,     82.3,     1012.4,     330.94,     252.6,     87.9,     -177.9
24,     01.12.2014 04:01:17,     -2.1,     -2.01,     145,     1,     3.9,     7.4,     -3.8,     82.4,     1012.5,     330.94,     252.7,     88,     -178
25,     01.12.2014 04:11:16,     -3.15,     0,     151,     0.9,     3.4,     6.7,     -3.8,     81.5,     1012.4,     330.94,     252.1,     87.7,     -177.8,     13.792,     -3.33,     87.7
26,     01.12.2014 04:21:16,     -2.1,     0,     156,     1,     4.2,     7.7,     -3.8,     81.6,     1012.2,     330.94,     252.1,     87.6,     -177.7
27,     01.12.2014 04:31:16,     -3.15,     -2.01,     157,     1,     4.2,     8,     -3.7,     81.6,     1012.4,     330.94,     71.6,     88,     -1.9
28,     01.12.2014 04:41:16,     -3.15,     -2.01,     153,     1,     4.2,     8.4,     -3.6,     81.4,     1012.4,     330.94,     72.5,     87.7,     -2.2
29,     01.12.2014 04:51:16,     -1.05,     -2.01,     162,     1.5,     5.3,     9.9,     -3.7,     81.6,     1012.5,     330.94,     252.2,     88,     -178
30,     01.12.2014 05:01:16,     -1.05,     -2.01,     149,     1.1,     4.3,     8.5,     -3.7,     81.6,     1012.6,     330.94,     251.8,     87.7,     -177.8
31,     01.12.2014 05:11:17,     -1.05,     0,     152,     1,     3.6,     7.1,     -3.6,     81.1,     1012.7,     330.94,     251.9,     87.8,     -177.8,     12.575,     -3.14,     87.7
32,     01.12.2014 05:21:17,     -2.1,     -2.01,     162,     1.2,     3.9,     7.9,     -3.6,     80.4,     1012.8,     330.94,     252.5,     87.9,     -177.9
33,     01.12.2014 05:31:17,     -1.05,     -2.01,     150,     0.7,     3.1,     6.9,     -3.5,     80.1,     1012.7,     330.94,     251.9,     88.1,     -178
34,     01.12.2014 05:41:17,     -1.05,     0,     150,     1.1,     3.5,     6.5,     -3.5,     80.8,     1012.7,     330.94,     252.4,     87.7,     -177.7
35,     01.12.2014 05:51:17,     -2.1,     -2.01,     153,     1,     4.6,     8.2,     -3.6,     79.1,     1012.7,     330.94,     251.8,     87.4,     -177.4
36,     01.12.2014 06:01:17,     -2.1,     -2.01,     162,     1,     4.2,     7.4,     -3.5,     80.7,     1012.6,     330.94,     252.1,     88.1,     -178.1
37,     01.12.2014 06:11:16,     -1.05,     -2.01,     145,     1,     2.9,     6.4,     -3.4,     80.4,     1012.7,     330.94,     251.9,     87.9,     -177.9,     12.433,     -2.85,     87.6
38,     01.12.2014 06:21:16,     -2.1,     -2.01,     142,     0.7,     3.4,     7.2,     -3.7,     81.4,     1012.8,     330.94,     252.2,     87.8,     -177.8
39,     01.12.2014 06:31:16,     -1.05,     -2.01,     131,     0.9,     2.9,     6.1,     -3.7,     80.7,     1012.9,     330.94,     252.1,     87.9,     -177.9
40,     01.12.2014 06:41:16,     -1.05,     0,     145,     0.5,     3.3,     6.4,     -3.7,     79.9,     1012.9,     330.94,     252.1,     87.8,     -177.8
41,     01.12.2014 06:51:16,     -1.05,     0,     152,     1,     3.6,     6.9,     -3.7,     79.4,     1013,     330.94,     252.5,     87.9,     -177.9
42,     01.12.2014 07:01:16,     -1.05,     -2.01,     147,     0.7,     3.9,     8.5,     -3.8,     80.3,     1013.1,     330.94,     251.5,     87.9,     -177.9
43,     01.12.2014 07:11:17,     -1.05,     -2.01,     154,     1.9,     4.9,     8.5,     -4.1,     79.1,     1013,     330.94,     250.8,     88.1,     -178.1,     12.387,     -2.77,     87.5
44,     01.12.2014 07:21:17,     -1.05,     -2.01,     162,     2,     5.5,     10.7,     -4.1,     79.8,     1013,     330.94,     252.7,     87.4,     -177.4
45,     01.12.2014 07:31:17,     -2.1,     -2.01,     158,     1,     4.6,     9.2,     -4.1,     80.3,     1013.1,     330.94,     252.5,     88,     -178
46,     01.12.2014 07:41:17,     -1.05,     0,     165,     1.2,     3.9,     8.1,     -4.1,     79.6,     1013.2,     330.94,     252.5,     87.9,     -177.9
47,     01.12.2014 07:51:17,     -1.05,     0,     167,     1.2,     4.3,     7.1,     -4,     79.4,     1013.1,     330.94,     71.8,     87.5,     -2.4
48,     01.12.2014 08:01:17,     0,     4.02,     143,     0.8,     3.5,     7,     -4,     80,     1013.2,     330.94,     251.5,     87.9,     -177.9
49,     01.12.2014 08:11:16,     1.05,     4.02,     154,     0.9,     3.5,     7.2,     -3.9,     80.8,     1013.4,     330.94,     252.2,     88,     -178,     12.656,     -2.97,     87.6
50,     01.12.2014 08:21:16,     3.15,     12.06,     140,     0.6,     2.6,     5.6,     -3.9,     80.7,     1013.6,     330.94,     252.8,     87.9,     -177.9
51,     01.12.2014 08:31:16,     5.25,     16.08,     140,     1.1,     4,     7.5,     -4,     79.8,     1013.6,     330.94,     251.9,     88,     -178
52,     01.12.2014 08:41:16,     9.45,     24.12,     147,     1.2,     4.2,     7.8,     -4,     80.3,     1013.7,     330.94,     251.7,     88,     -178
53,     01.12.2014 08:51:16,     13.65,     30.15,     156,     1.4,     4.2,     7.5,     -3.9,     81,     1013.8,     330.94,     252.5,     87.7,     -177.7
54,     01.12.2014 09:01:16,     18.9,     36.18,     147,     0.8,     3,     7.2,     -3.8,     80.2,     1014,     330.94,     251.9,     88,     -178
55,     01.12.2014 09:11:16,     23.1,     48.24,     134,     0.9,     3.5,     6.9,     -4,     79.5,     1013.9,     330.94,     252.2,     88.1,     -178.2,     12.571,     -2.83,     87.6
56,     01.12.2014 09:21:16,     24.15,     48.24,     153,     0.6,     3.7,     7,     -3.8,     80.4,     1014,     330.94,     251.9,     87.8,     -177.8
57,     01.12.2014 09:31:16,     31.5,     64.32,     153,     1.1,     4,     7.2,     -4,     79.2,     1014,     330.94,     251.8,     87.9,     -177.9
58,     01.12.2014 09:41:16,     38.85,     76.38,     139,     0.9,     3.6,     7.8,     -4,     80.2,     1014.1,     330.94,     251.7,     87.6,     -177.6
59,     01.12.2014 09:51:16,     31.5,     66.33,     160,     1.4,     4.2,     8.1,     -3.9,     79.4,     1014.3,     330.94,     70.9,     88.1,     -1.8
60,     01.12.2014 10:01:16,     39.9,     82.41,     164,     1.1,     4.9,     8.1,     -3.9,     79.9,     1014.4,     330.94,     252.5,     87.9,     -177.9
61,     01.12.2014 10:11:16,     38.85,     78.39,     135,     1.2,     3.1,     5.8,     -3.7,     80.1,     1014.3,     330.94,     251.9,     88,     -178,     12.762,     -2.59,     87.5
62,     01.12.2014 10:21:16,     67.2,     128.64,     143,     1.1,     3.8,     6.8,     -3.8,     79.3,     1014,     330.94,     252.2,     87.9,     -177.9
63,     01.12.2014 10:31:16,     55.65,     110.55,     142,     1,     3.9,     8.1,     -3.7,     78.1,     1014.2,     330.94,     252.5,     87.8,     -177.8
64,     01.12.2014 10:41:16,     55.65,     110.55,     143,     1.6,     4.1,     8.7,     -3.7,     77.5,     1014.2,     330.94,     251.1,     88,     -178
65,     01.12.2014 10:51:16,     48.3,     96.48,     152,     1.2,     4,     7.7,     -3.6,     77.7,     1014.1,     330.94,     252.3,     87.9,     -177.9
66,     01.12.2014 11:01:16,     52.5,     106.53,     151,     1,     3.5,     7.6,     -3.5,     79.5,     1014.2,     330.94,     252,     87.9,     -177.9
67,     01.12.2014 11:11:16,     61.95,     122.61,     142,     1.8,     4.6,     8.8,     -3.6,     78.9,     1014.2,     330.94,     250.6,     87.9,     -177.9,     13.847,     -2.13,     87.3
68,     01.12.2014 11:21:16,     51.45,     108.54,     140,     1.7,     4.4,     7.7,     -3.6,     78.9,     1014.2,     330.94,     252.4,     87.9,     -177.9
69,     01.12.2014 11:31:16,     58.8,     116.58,     148,     1.3,     4.3,     8.2,     -3.4,     77.9,     1014,     330.94,     252.5,     88,     -178
70,     01.12.2014 11:41:16,     55.65,     116.58,     146,     1.6,     4.5,     7.7,     -3.6,     78.2,     1013.7,     330.94,     252,     88,     -178
71,     01.12.2014 11:51:16,     68.25,     134.67,     151,     1.5,     4.6,     8.8,     -3.6,     79,     1013.4,     330.94,     252.7,     87.7,     -177.7
72,     01.12.2014 12:01:16,     78.75,     156.78,     161,     1.3,     4.8,     9.7,     -3.7,     78.8,     1013.4,     330.94,     252.3,     87.8,     -177.8
73,     01.12.2014 12:11:16,     90.3,     178.89,     143,     1.4,     4.4,     8.2,     -3.5,     77.2,     1013.1,     330.94,     252.5,     88,     -178,     14.479,     -1.89,     87.2
74,     01.12.2014 12:21:16,     116.55,     227.13,     156,     0.7,     3.4,     7.1,     -3.4,     78.3,     1013,     330.94,     252.9,     88,     -178
75,     01.12.2014 12:31:16,     131.25,     247.23,     152,     1,     4,     7.1,     -3.4,     78.7,     1012.9,     330.94,     252.7,     88,     -177.9
76,     01.12.2014 12:41:16,     105,     203.01,     158,     1.1,     3.7,     7.5,     -3.3,     77.7,     1013,     330.94,     252.6,     88.2,     -178.2
77,     01.12.2014 12:51:16,     71.4,     144.72,     152,     1.2,     3.8,     7,     -3.5,     76,     1013,     330.94,     73,     88.1,     -1.8
78,     01.12.2014 13:01:16,     155.4,     287.43,     161,     1.1,     3.8,     8.1,     -3.4,     76.7,     1012.9,     330.94,     252.1,     88,     -177.9
79,     01.12.2014 13:11:16,     176.4,     321.6,     160,     1.1,     3.6,     7.2,     -3.2,     77.3,     1012.8,     330.94,     252.4,     87.8,     -177.8,     13.934,     -1.55,     87.2
80,     01.12.2014 13:21:16,     202.65,     337.68,     154,     0.7,     3.4,     6.4,     -2.9,     76.6,     1012.8,     330.94,     252.3,     87.9,     -177.9
81,     01.12.2014 13:31:16,     143.85,     235.17,     144,     0.6,     3.1,     5.4,     -2.8,     76.5,     1012.7,     330.94,     72.4,     87.9,     -2
82,     01.12.2014 13:41:16,     137.55,     223.11,     139,     1.2,     3.9,     7.2,     -3.1,     76.4,     1012.5,     330.94,     250.7,     88,     -178
83,     01.12.2014 13:51:16,     71.4,     132.66,     140,     1.2,     4.2,     6.9,     -3.2,     76,     1012.6,     330.94,     251.9,     87.9,     -177.9
84,     01.12.2014 14:01:16,     52.5,     102.51,     139,     0.9,     4.1,     7.1,     -3.3,     76,     1012.6,     330.94,     251.6,     87.9,     -177.9
85,     01.12.2014 14:11:16,     57.75,     110.55,     137,     1.1,     3.9,     6.6,     -3.3,     76.6,     1012.5,     330.94,     252.4,     87.9,     -177.9,     13.900,     -0.47,     86.5
86,     01.12.2014 14:21:16,     42,     82.41,     133,     1.1,     3.9,     7.7,     -3.2,     77.1,     1012.6,     330.94,     252.1,     87.8,     -177.8
87,     01.12.2014 14:31:16,     29.4,     64.32,     145,     1.1,     4.2,     8.5,     -3.5,     78.4,     1012.6,     330.94,     72.1,     87.8,     -2.1
88,     01.12.2014 14:41:16,     30.45,     62.31,     160,     1.1,     4.5,     8.3,     -3.6,     77.9,     1012.6,     330.94,     73,     87.6,     -2.3
89,     01.12.2014 14:51:16,     30.45,     62.31,     150,     1.1,     4.7,     8.5,     -3.6,     76.1,     1012.5,     330.94,     252.5,     87.7,     -177.8
90,     01.12.2014 15:01:16,     22.05,     46.23,     158,     0.8,     3.7,     7.9,     -3.5,     77.1,     1012.5,     330.94,     251.9,     87.8,     -177.9
91,     01.12.2014 15:11:16,     14.7,     32.16,     144,     1.2,     3.4,     6.2,     -3.6,     77.7,     1012.5,     330.94,     252.5,     88.1,     -178.1,     12.923,     -1.53,     87.0
92,     01.12.2014 15:21:16,     11.55,     26.13,     142,     1.1,     3.5,     6,     -3.5,     77.8,     1012.5,     330.94,     252.5,     87.9,     -177.9
93,     01.12.2014 15:31:16,     6.3,     16.08,     134,     0.8,     2.9,     5.7,     -3.4,     77.7,     1012.5,     330.94,     252.7,     88,     -178
94,     01.12.2014 15:41:16,     4.2,     10.05,     136,     0.9,     3.7,     6.7,     -3.6,     77.4,     1012.3,     330.94,     252.6,     87.9,     -177.9
95,     01.12.2014 15:51:16,     1.05,     6.03,     142,     1,     3.1,     6.7,     -3.6,     77.9,     1012.4,     330.94,     252.2,     88,     -178
96,     01.12.2014 16:01:16,     0,     4.02,     130,     1.3,     3.3,     6.6,     -3.5,     79.6,     1012.4,     330.94,     252.1,     87.9,     -177.9
97,     01.12.2014 16:11:17,     0,     0,     131,     0.9,     3.3,     6.6,     -3.6,     79.2,     1012.4,     330.94,     252.3,     87.8,     -177.8,     12.652,     -2.23,     87.3
98,     01.12.2014 16:21:17,     -2.1,     -2.01,     135,     0.7,     2.9,     6.1,     -3.5,     78.4,     1012.4,     330.94,     251.8,     87.9,     -177.9
99,     01.12.2014 16:31:17,     -1.05,     -2.01,     136,     1.2,     4.1,     7.8,     -3.7,     77.3,     1012.4,     330.94,     251,     88,     -178
100,     01.12.2014 16:41:17,     -2.1,     0,     147,     1.2,     4.3,     8.8,     -3.7,     77.5,     1012.2,     330.94,     251.8,     87.9,     -178
101,     01.12.2014 16:51:17,     -1.05,     -2.01,     143,     1,     3.8,     6.8,     -3.6,     78.5,     1012.3,     330.94,     252.6,     87.9,     -178
102,     01.12.2014 17:01:17,     -1.05,     -2.01,     145,     1.5,     5,     9,     -3.7,     78.1,     1012.3,     330.94,     251.5,     87.8,     -177.8
103,     01.12.2014 17:11:16,     -2.1,     -2.01,     144,     1,     4.4,     8,     -3.7,     78.9,     1012.3,     330.94,     251.6,     87.6,     -177.6,     12.599,     -2.55,     87.5
104,     01.12.2014 17:21:16,     -2.1,     -2.01,     142,     1.1,     3.6,     7.4,     -3.6,     77.5,     1012.4,     330.94,     252.1,     87.8,     -177.8
105,     01.12.2014 17:31:16,     -2.1,     -4.02,     147,     0.6,     3.7,     7.2,     -3.6,     78.3,     1012.4,     330.94,     252.2,     87.8,     -177.8
106,     01.12.2014 17:41:16,     -1.05,     -2.01,     157,     0.9,     4.4,     8.7,     -3.5,     77.7,     1012.4,     330.94,     252.5,     87.9,     -177.9
107,     01.12.2014 17:51:16,     -1.05,     -2.01,     164,     2.1,     4.8,     8.1,     -3.5,     79.3,     1012.3,     330.94,     252.4,     87.7,     -177.7
108,     01.12.2014 18:01:16,     -1.05,     0,     146,     1.1,     4.2,     9.2,     -3.5,     78.6,     1012.2,     330.94,     253.7,     88,     -178
109,     01.12.2014 18:11:17,     -1.05,     -2.01,     161,     0.6,     4.5,     9.3,     -3.5,     78.4,     1012.3,     330.94,     252,     87.7,     -177.7,     13.843,     -2.60,     87.5
110,     01.12.2014 18:21:17,     -1.05,     0,     161,     1,     4.3,     8.4,     -3.5,     78.1,     1012.1,     330.94,     72.5,     87.7,     -2.2
111,     01.12.2014 18:31:17,     -2.1,     -2.01,     162,     1.5,     4.6,     8,     -3.5,     79.1,     1012.1,     330.94,     251.9,     88,     -178
112,     01.12.2014 18:41:17,     -2.1,     -2.01,     164,     1,     3.9,     7.7,     -3.4,     77.7,     1012.2,     330.94,     252.1,     88,     -178
113,     01.12.2014 18:51:17,     -2.1,     -2.01,     166,     1.5,     4,     7.2,     -3.4,     79.3,     1012.2,     330.94,     252.5,     88.1,     -178.1
114,     01.12.2014 19:01:17,     -1.05,     0,     168,     1.3,     4.8,     8.2,     -3.3,     77.3,     1012.2,     330.94,     251.9,     88,     -178
115,     01.12.2014 19:11:16,     -2.1,     -2.01,     163,     1,     4.5,     7.6,     -3.4,     77.3,     1012,     330.94,     251.8,     87.9,     -177.9,     12.639,     -2.53,     87.5
116,     01.12.2014 19:21:16,     -2.1,     -2.01,     165,     0.7,     3.4,     6.9,     -3.3,     76.5,     1012.1,     330.94,     251.6,     87.9,     -177.9
117,     01.12.2014 19:31:16,     -2.1,     -2.01,     170,     1.8,     4.4,     8.4,     -3.5,     75.9,     1012,     330.94,     252.6,     87.8,     -177.8
118,     01.12.2014 19:41:16,     -1.05,     0,     166,     1.1,     4.9,     8.5,     -3.5,     76.4,     1012,     330.94,     72.4,     87.9,     -2
119,     01.12.2014 19:51:16,     -1.05,     -2.01,     151,     1.1,     4,     7.4,     -3.5,     77.3,     1012.1,     330.94,     251.9,     88,     -178
120,     01.12.2014 20:01:16,     -2.1,     -2.01,     147,     0.8,     3.8,     7.9,     -3.4,     76.8,     1012.3,     330.94,     252.5,     88,     -178
121,     01.12.2014 20:11:16,     -2.1,     -2.01,     138,     1,     3.6,     6.9,     -3.4,     76.2,     1012.4,     330.94,     252.2,     87.9,     -177.9,     12.537,     -2.54,     87.5
122,     01.12.2014 20:21:16,     -3.15,     -2.01,     142,     0.8,     3.8,     6.3,     -3.4,     77.2,     1012.3,     330.94,     251.9,     88,     -178
123,     01.12.2014 20:31:16,     -2.1,     0,     137,     1.1,     3.4,     6.3,     -3.4,     75.8,     1012.1,     330.94,     252.5,     87.9,     -177.8
124,     01.12.2014 20:41:16,     -2.1,     -2.01,     142,     1.1,     3.4,     7,     -3.4,     77,     1012.1,     330.94,     252.3,     87.6,     -177.6
125,     01.12.2014 20:51:16,     -2.1,     -2.01,     160,     1.2,     4.5,     8.1,     -3.4,     76.5,     1012.1,     330.94,     251.6,     88,     -178
126,     01.12.2014 21:01:16,     -2.1,     0,     167,     1,     4.4,     7.8,     -3.4,     76.9,     1011.9,     330.94,     252,     88,     -178
127,     01.12.2014 21:11:16,     -3.15,     -2.01,     165,     1.1,     4.4,     7.8,     -3.4,     75.5,     1011.7,     330.94,     252.2,     87.9,     -177.9,     12.495,     -2.55,     87.5
128,     01.12.2014 21:21:16,     -2.1,     0,     158,     1.3,     4.5,     8.5,     -3.4,     76,     1011.7,     330.94,     252,     87.6,     -177.6
129,     01.12.2014 21:31:16,     -1.05,     -2.01,     159,     1.8,     4.5,     7.5,     -3.5,     76.3,     1011.6,     330.94,     252.2,     87.9,     -177.9
130,     01.12.2014 21:41:16,     -1.05,     0,     158,     0.9,     3.9,     7.5,     -3.4,     77,     1011.6,     330.94,     251.4,     87.9,     -177.9
131,     01.12.2014 21:51:16,     -2.1,     -2.01,     164,     1.3,     4.7,     7.8,     -3.5,     76,     1011.5,     330.94,     251.5,     88,     -178
132,     01.12.2014 22:01:16,     -2.1,     -2.01,     165,     1.3,     3.8,     7.8,     -3.4,     76.9,     1011.5,     330.94,     252.9,     87.9,     -177.9
133,     01.12.2014 22:11:16,     -3.15,     -2.01,     153,     0.6,     2.9,     6.1,     -3.4,     77,     1011.6,     330.94,     251.6,     87.9,     -177.9,     12.815,     -2.63,     87.5
134,     01.12.2014 22:21:16,     -3.15,     -2.01,     162,     1.4,     4.2,     7.6,     -3.5,     76.6,     1011.5,     330.94,     251.7,     87.9,     -177.9
135,     01.12.2014 22:31:16,     -2.1,     -2.01,     160,     1.1,     3.3,     6.6,     -3.5,     77,     1011.5,     330.94,     252.7,     87.9,     -177.9
136,     01.12.2014 22:41:16,     -2.1,     0,     149,     0.8,     2.7,     5.4,     -3.5,     77.6,     1011.5,     330.94,     251.6,     87.8,     -177.8
137,     01.12.2014 22:51:16,     -2.1,     -2.01,     151,     0.8,     2.7,     5.3,     -3.5,     76.4,     1011.4,     330.94,     252.4,     87.9,     -177.9
138,     01.12.2014 23:01:16,     -3.15,     -2.01,     152,     0.7,     2.6,     5.3,     -3.5,     77.6,     1011.3,     330.94,     251.8,     87.9,     -177.9
139,     01.12.2014 23:11:16,     -3.15,     -2.01,     169,     0.9,     3.4,     6.6,     -3.7,     76.9,     1011.3,     330.94,     252.8,     87.9,     -177.9,     12.546,     -2.80,     87.5
140,     01.12.2014 23:21:16,     -3.15,     0,     165,     0.7,     3.3,     6.7,     -3.5,     78.4,     1011.2,     330.94,     252,     88,     -178
141,     01.12.2014 23:31:16,     -3.15,     -2.01,     166,     1,     3.3,     6.1,     -3.6,     77,     1011.2,     330.94,     251.9,     88,     -178
142,     01.12.2014 23:41:16,     -2.1,     -2.01,     169,     0.8,     3.1,     5.5,     -3.6,     78.2,     1011.1,     330.94,     252.4,     88,     -178
143,     01.12.2014 23:51:16,     -2.1,     -4.02,     172,     0.6,     2.5,     4.3,     -3.6,     78,     1011.2,     330.94,     252.1,     87.9,     -177.9
144,     02.12.2014 00:01:16,     -3.15,     -2.01,     167,     0.6,     2.4,     4.2,     -3.6,     77.1,     1011.3,     330.94,     252.4,     87.9,     -177.9,     12.480,     -2.93,     87.6