Logger: #D10248 'TSK_Meteo' - USP_EXP2 (V2.10, Jan 24 2012)
No,     Time,     #1:W/m²:0,     #2:ÂµMol:(do.),     #5:deg:2,     #6:m/sMIN:(do.),     #7:m/sMIT:(do.),     #8:m/sMAX:(do.),     #9:Â°C:(do.),     #10:%:(do.),     #11:hPa:(do.),     #12:mm:(do.),     #14:AZ:3,     #15:EL:(do.),     #16:Roll:(do.),     #HK-Bat:V,     #HK-Temp:oC,     #HK-rH:%
(GSM Transfer OK / Signal:17)
1,     14.10.2014 00:11:21,     -1.05,     -2.01,     111,     0,     0.3,     0.9,     12.7,     92.9,     999.1,     306.27,     253.5,     87.9,     -177.9,     12.401,     13.41,     75.1
2,     14.10.2014 00:21:21,     -2.1,     -4.02,     66,     0,     0.4,     0.9,     12.8,     92.9,     999.1,     306.27,     253.4,     88.1,     -178
3,     14.10.2014 00:31:21,     -1.05,     0,     332,     0.1,     0.5,     1,     12.9,     92.9,     999.1,     306.27,     253.5,     88.1,     -178.1
4,     14.10.2014 00:41:21,     -1.05,     0,     12,     0.1,     0.6,     1.1,     13,     93,     999.1,     306.27,     253.5,     88,     -178
5,     14.10.2014 00:51:21,     -2.1,     -4.02,     328,     0.1,     0.5,     1,     13,     92.9,     999,     306.27,     253.6,     88,     -178
6,     14.10.2014 01:01:21,     -1.05,     0,     278,     0,     0.4,     0.9,     12.9,     92.8,     999.1,     306.27,     253.6,     88.1,     -178.1
7,     14.10.2014 01:11:16,     0,     -2.01,     47,     0,     0.6,     1.3,     13.2,     93.1,     999.1,     306.27,     253.5,     88.1,     -178.1,     12.486,     13.34,     76.6
8,     14.10.2014 01:21:16,     -1.05,     0,     37,     0.7,     1.4,     2.5,     13.4,     93.2,     999,     306.27,     253.6,     88,     -178
9,     14.10.2014 01:31:16,     0,     0,     22,     0.4,     1,     1.7,     13.6,     93.3,     999,     306.27,     253.6,     88,     -178
10,     14.10.2014 01:41:16,     -1.05,     0,     345,     0.1,     0.7,     1.6,     13.7,     93.2,     999,     306.27,     253.6,     88,     -178
11,     14.10.2014 01:51:16,     -1.05,     -2.01,     286,     0.4,     0.8,     1.4,     13.6,     93.1,     999.1,     306.27,     253.7,     88.1,     -178.1
12,     14.10.2014 02:01:16,     -1.05,     -4.02,     286,     0.1,     0.7,     1.3,     13.6,     93.1,     999.1,     306.27,     253.6,     88,     -178
13,     14.10.2014 02:11:16,     -2.1,     -2.01,     311,     0,     0.5,     1,     13.7,     93.1,     999.1,     306.27,     253.6,     88,     -178,     12.476,     13.96,     76.4
14,     14.10.2014 02:21:16,     -1.05,     -2.01,     346,     0.3,     0.8,     1.6,     13.6,     93.1,     999,     306.27,     253.7,     88.1,     -178.1
15,     14.10.2014 02:31:16,     0,     0,     353,     0.7,     1.4,     2.2,     13.7,     93.2,     998.9,     306.27,     253.6,     88.1,     -178
16,     14.10.2014 02:41:16,     -1.05,     0,     344,     0.6,     1.4,     2.3,     13.8,     93.2,     999,     306.27,     253.6,     88.1,     -178.1
17,     14.10.2014 02:51:16,     -2.1,     -2.01,     343,     0.3,     1,     1.8,     13.8,     93.2,     999,     306.27,     253.6,     88.1,     -178.1
18,     14.10.2014 03:01:16,     -1.05,     -4.02,     352,     0.2,     1.2,     3.1,     13.8,     93.2,     998.9,     306.27,     253.7,     88,     -178
19,     14.10.2014 03:11:22,     -1.05,     -2.01,     328,     0.1,     0.9,     2.3,     13.7,     93.1,     999,     306.27,     253.6,     88,     -178,     12.435,     14.28,     76.3
20,     14.10.2014 03:21:22,     -1.05,     -2.01,     346,     0.3,     1.1,     2.1,     13.7,     93.1,     998.9,     306.27,     253.7,     88,     -178
21,     14.10.2014 03:31:22,     0,     0,     357,     0.7,     1.5,     2.5,     13.7,     93.1,     999,     306.27,     253.7,     88.1,     -178.1
22,     14.10.2014 03:41:22,     -1.05,     -2.01,     315,     0.5,     1,     2,     13.6,     93.1,     998.9,     306.27,     253.5,     88,     -178
23,     14.10.2014 03:51:22,     -1.05,     -2.01,     312,     0.4,     1.1,     2.1,     13.6,     93.1,     998.9,     306.27,     253.6,     88,     -178
24,     14.10.2014 04:01:22,     -1.05,     -4.02,     355,     0.7,     1.4,     2.2,     13.7,     93.2,     998.8,     306.27,     253.5,     88,     -178
25,     14.10.2014 04:11:16,     -2.1,     -4.02,     28,     1.7,     2.5,     3.7,     13.6,     93.1,     998.9,     306.27,     253.5,     88.1,     -178.1,     12.416,     14.31,     76.4
26,     14.10.2014 04:21:16,     -1.05,     -2.01,     27,     1.7,     2.5,     3.5,     13.5,     93,     999,     306.27,     253.5,     88,     -178
27,     14.10.2014 04:31:16,     -2.1,     0,     32,     1.4,     2.3,     3.1,     13.5,     93,     999.1,     306.27,     253.5,     88,     -178
28,     14.10.2014 04:41:16,     -1.05,     -2.01,     36,     0.9,     2.1,     3.1,     13.5,     92.9,     999.1,     306.27,     253.5,     88,     -178
29,     14.10.2014 04:51:16,     -2.1,     -2.01,     39,     1.2,     2.2,     3,     13.4,     92.9,     999,     306.27,     253.5,     88.1,     -178.1
30,     14.10.2014 05:01:16,     -1.05,     0,     46,     1.3,     2.3,     3.1,     13.3,     92.8,     999,     306.27,     253.5,     88.1,     -178.1
31,     14.10.2014 05:11:17,     -1.05,     -2.01,     47,     1.1,     2,     3.3,     13.3,     92.8,     999,     306.27,     253.4,     88,     -178,     12.395,     14.19,     76.4
32,     14.10.2014 05:21:17,     0,     -2.01,     44,     0.7,     2.5,     3.6,     13.3,     92.8,     999.1,     306.27,     253.5,     88,     -178
33,     14.10.2014 05:31:17,     -1.05,     -2.01,     56,     0.8,     2,     3.6,     13.3,     92.8,     999,     306.27,     253.5,     88.1,     -178.1
34,     14.10.2014 05:41:17,     -1.05,     -2.01,     52,     0.6,     1.6,     3.2,     13.2,     92.8,     999.1,     306.27,     253.6,     87.9,     -177.9
35,     14.10.2014 05:51:17,     -1.05,     0,     55,     0.8,     1.9,     3.5,     13.2,     92.8,     999,     306.27,     253.5,     88,     -178
36,     14.10.2014 06:01:17,     -1.05,     -2.01,     49,     1.1,     1.8,     3,     13.2,     92.8,     998.9,     306.27,     253.4,     88.1,     -178.1
37,     14.10.2014 06:11:16,     -1.05,     0,     55,     1,     1.8,     3.1,     13.1,     92.7,     998.8,     306.27,     253.4,     88.1,     -178.1,     12.361,     13.91,     76.6
38,     14.10.2014 06:21:16,     -1.05,     0,     42,     0.9,     2.1,     3.2,     13.1,     92.7,     998.8,     306.27,     253.4,     88.1,     -178.1
39,     14.10.2014 06:31:16,     -2.1,     -2.01,     40,     1.3,     2,     2.9,     13.1,     92.8,     998.8,     306.27,     253.5,     88,     -177.9
40,     14.10.2014 06:41:16,     -1.05,     0,     51,     1,     1.9,     3,     13,     92.7,     998.9,     306.27,     253.5,     88,     -178
41,     14.10.2014 06:51:16,     1.05,     6.03,     53,     0.7,     1.6,     2.5,     13.1,     92.8,     998.9,     306.27,     253.5,     88.1,     -178.1
42,     14.10.2014 07:01:16,     3.15,     8.04,     59,     0.5,     1.3,     2.4,     13,     92.7,     999.1,     306.27,     253.5,     88.1,     -178.1
43,     14.10.2014 07:11:22,     8.4,     18.09,     62,     0.8,     1.3,     2,     12.9,     92.6,     999.2,     306.27,     253.5,     88,     -178,     12.368,     13.77,     76.6
44,     14.10.2014 07:21:22,     11.55,     28.14,     101,     0,     0.6,     1.5,     13,     92.7,     999.3,     306.27,     253.7,     88,     -178
45,     14.10.2014 07:31:22,     7.35,     20.1,     136,     0.2,     0.7,     1.1,     13,     92.6,     999.5,     306.27,     253.6,     88,     -178
46,     14.10.2014 07:41:22,     13.65,     30.15,     105,     0.3,     1,     2,     12.9,     92.6,     999.5,     306.27,     253.4,     87.9,     -177.9
47,     14.10.2014 07:51:22,     13.65,     30.15,     60,     0.1,     1,     1.8,     12.9,     92.6,     999.6,     306.27,     253.6,     88.1,     -178.1
48,     14.10.2014 08:01:22,     12.6,     32.16,     69,     0.1,     0.8,     1.8,     12.9,     92.5,     999.7,     306.27,     253.6,     88,     -178
49,     14.10.2014 08:11:16,     33.6,     76.38,     75,     0.3,     1,     1.9,     12.9,     92.5,     999.8,     306.27,     253.6,     88,     -178,     12.469,     13.73,     76.6
50,     14.10.2014 08:21:16,     30.45,     72.36,     64,     0.2,     1,     2,     12.9,     92.6,     999.9,     306.27,     253.6,     88.1,     -178.1
51,     14.10.2014 08:31:16,     23.1,     54.27,     47,     0.4,     1.1,     2,     12.9,     92.5,     1000,     306.27,     253.5,     88.1,     -178.1
52,     14.10.2014 08:41:16,     12.6,     32.16,     56,     0.4,     1,     1.8,     12.9,     92.5,     1000.1,     306.27,     253.5,     88,     -178
53,     14.10.2014 08:51:16,     42,     100.5,     59,     0.5,     1.4,     2.2,     12.9,     92.6,     1000,     306.71,     253.5,     88,     -178
54,     14.10.2014 09:01:16,     87.15,     203.01,     50,     0.9,     1.7,     2.4,     12.9,     92.6,     999.9,     307.27,     253.6,     88,     -178
55,     14.10.2014 09:11:16,     63,     140.7,     49,     0.1,     1,     1.7,     12.9,     92.6,     1000,     307.53,     253.7,     88,     -178,     12.862,     13.85,     76.6
56,     14.10.2014 09:21:16,     37.8,     88.44,     51,     0.1,     0.7,     1.2,     12.9,     92.4,     1000.1,     307.54,     253.6,     88.1,     -178.1
57,     14.10.2014 09:31:16,     21,     54.27,     80,     0,     0.3,     0.8,     13,     92.4,     1000.1,     307.54,     253.6,     88.1,     -178.1
58,     14.10.2014 09:41:16,     25.2,     62.31,     79,     0.3,     0.7,     1.1,     13,     92.4,     1000.2,     307.54,     253.6,     88,     -178
59,     14.10.2014 09:51:16,     24.15,     50.25,     60,     0.7,     1.2,     1.6,     13.1,     92.3,     1000.2,     307.54,     253.5,     88.1,     -178.1
60,     14.10.2014 10:01:16,     29.4,     68.34,     74,     0.2,     1,     1.5,     13.1,     92.2,     1000.2,     307.54,     253.6,     88,     -178
61,     14.10.2014 10:11:22,     25.2,     64.32,     80,     0.2,     0.9,     1.5,     13.1,     92.2,     1000.3,     307.58,     253.6,     88.1,     -178.1,     12.758,     14.04,     76.5
62,     14.10.2014 10:21:22,     37.8,     88.44,     118,     0,     0.7,     1.4,     13,     92,     1000.3,     307.73,     253.7,     88,     -178
63,     14.10.2014 10:31:22,     33.6,     78.39,     146,     0.1,     0.9,     1.5,     13,     92.1,     1000.3,     307.73,     253.6,     88,     -178
64,     14.10.2014 10:41:22,     29.4,     68.34,     166,     0.3,     1,     1.6,     13,     92.1,     1000.3,     307.73,     253.6,     88,     -178
65,     14.10.2014 10:51:22,     35.7,     80.4,     161,     0,     0.5,     1.3,     13.1,     92.1,     1000.3,     307.73,     253.7,     88,     -178
66,     14.10.2014 11:01:22,     58.8,     132.66,     149,     0,     0.5,     1.1,     13.2,     92,     1000.3,     307.73,     253.7,     88,     -178
67,     14.10.2014 11:11:16,     69.3,     154.77,     185,     0.3,     0.8,     1.4,     13.2,     91.8,     1000.3,     307.73,     253.8,     88,     -178.1,     12.982,     14.14,     76.5
68,     14.10.2014 11:21:16,     74.55,     166.83,     212,     0.1,     0.7,     1.6,     13.3,     91.6,     1000.3,     307.73,     253.8,     87.9,     -177.9
69,     14.10.2014 11:31:16,     73.5,     164.82,     235,     0.1,     1.1,     2.4,     13.4,     91.6,     1000.3,     307.73,     253.8,     88,     -178
70,     14.10.2014 11:41:16,     92.4,     207.03,     239,     0.2,     0.9,     1.5,     13.4,     91.6,     1000.2,     307.73,     253.8,     88.1,     -178.1
71,     14.10.2014 11:51:16,     68.25,     158.79,     200,     0.2,     0.6,     1.1,     13.4,     91.7,     1000.2,     307.73,     253.7,     88.1,     -178.1
72,     14.10.2014 12:01:16,     71.4,     168.84,     161,     0,     0.3,     0.9,     13.6,     91.9,     1000.2,     307.73,     253.7,     88.1,     -178.1
73,     14.10.2014 12:11:16,     75.6,     178.89,     184,     0,     0.3,     0.9,     13.6,     91.7,     1000.2,     307.73,     253.8,     88,     -178,     12.910,     15.08,     76.3
74,     14.10.2014 12:21:16,     42,     98.49,     145,     0.1,     0.5,     0.9,     13.6,     91.8,     1000.2,     307.73,     253.7,     88,     -178
75,     14.10.2014 12:31:16,     46.2,     110.55,     79,     0,     0.5,     0.9,     13.7,     92,     1000.2,     307.73,     253.7,     88,     -178
76,     14.10.2014 12:41:16,     58.8,     132.66,     120,     0,     0.4,     1,     13.8,     92.2,     1000.1,     307.73,     253.7,     88.1,     -178.1
77,     14.10.2014 12:51:16,     36.75,     80.4,     66,     0.2,     0.7,     1.1,     13.9,     92.1,     1000.1,     307.73,     253.7,     88.1,     -178.1
78,     14.10.2014 13:01:16,     84,     182.91,     111,     0,     0.5,     1,     14,     92.2,     1000.2,     307.73,     253.8,     88.1,     -178.1
79,     14.10.2014 13:11:16,     177.45,     373.86,     177,     0,     0.4,     1.2,     14.2,     92.2,     1000.2,     307.73,     253.9,     88,     -178,     13.345,     15.65,     76.2
80,     14.10.2014 13:21:16,     180.6,     375.87,     292,     0.2,     1.9,     4.8,     14.3,     91.7,     1000.2,     307.73,     254.1,     87.9,     -177.9
81,     14.10.2014 13:31:16,     219.45,     438.18,     300,     0.9,     2.4,     3.9,     14.5,     90.3,     1000.2,     307.73,     254.4,     88,     -178
82,     14.10.2014 13:41:16,     256.2,     504.51,     293,     1.3,     2.7,     4.1,     14.7,     88.5,     1000.1,     307.73,     254.1,     88.1,     -178.1
83,     14.10.2014 13:51:16,     286.65,     574.86,     296,     1.7,     2.8,     4.9,     14.8,     86.2,     1000.1,     307.73,     254.2,     88,     -178
84,     14.10.2014 14:01:16,     161.7,     327.63,     300,     0.4,     2.3,     4.1,     15,     84.6,     1000.1,     307.73,     253.9,     88,     -178.1
85,     14.10.2014 14:11:22,     205.8,     397.98,     301,     1.2,     2.5,     4.6,     15.1,     82.7,     1000.1,     307.73,     254,     88,     -178,     13.428,     17.47,     75.3
86,     14.10.2014 14:21:22,     152.25,     309.54,     315,     0.5,     1.5,     3,     15.2,     82,     1000.1,     307.73,     253.9,     88,     -178.1
87,     14.10.2014 14:31:22,     157.5,     313.56,     322,     0,     1.5,     2.9,     15.2,     82.4,     1000.2,     307.73,     253.9,     87.9,     -178
88,     14.10.2014 14:41:22,     288.75,     530.64,     311,     0.7,     1.7,     2.6,     15.4,     82,     1000.2,     307.73,     254,     88,     -178.1
89,     14.10.2014 14:51:22,     152.25,     311.55,     308,     0.1,     1.8,     3.4,     15.5,     79.9,     1000.2,     307.73,     253.9,     88,     -178
90,     14.10.2014 15:01:22,     184.8,     381.9,     292,     0.6,     1.6,     2.8,     15.5,     80.6,     1000.2,     307.73,     253.9,     88,     -178
91,     14.10.2014 15:11:16,     257.25,     466.32,     292,     0.4,     1.1,     2.6,     15.8,     79.8,     1000.1,     307.73,     253.8,     88,     -178,     13.474,     18.15,     75.3
92,     14.10.2014 15:21:16,     200.55,     357.78,     273,     0.7,     1.5,     2.7,     15.9,     78.3,     1000.2,     307.73,     253.9,     88,     -178
93,     14.10.2014 15:31:16,     201.6,     355.77,     267,     0.8,     1.6,     2.6,     15.8,     78.9,     1000.2,     307.73,     253.8,     88.1,     -178.1
94,     14.10.2014 15:41:16,     65.1,     156.78,     244,     0.9,     1.8,     2.6,     15.7,     79.5,     1000.2,     307.73,     254,     88.1,     -178.1
95,     14.10.2014 15:51:16,     149.1,     269.34,     239,     0.2,     1.1,     2.5,     15.8,     80.2,     1000.2,     307.73,     253.8,     88.1,     -178.1
96,     14.10.2014 16:01:16,     105,     198.99,     139,     0,     0.2,     0.6,     16.2,     78,     1000,     307.73,     253.8,     88.1,     -178.1
97,     14.10.2014 16:11:16,     76.65,     152.76,     129,     0,     0.2,     0.5,     16.5,     76.6,     1000.1,     307.73,     253.7,     88,     -178,     13.502,     19.07,     74.6
98,     14.10.2014 16:21:16,     55.65,     108.54,     193,     0.2,     0.5,     0.8,     16.3,     77.3,     1000.1,     307.73,     74,     88,     -1.9
99,     14.10.2014 16:31:16,     33.6,     72.36,     212,     0.2,     0.4,     0.7,     16.2,     78.6,     1000.1,     307.73,     253.8,     88.1,     -178
100,     14.10.2014 16:41:16,     16.8,     54.27,     240,     0,     0.3,     0.8,     16.2,     80.5,     1000.2,     307.73,     74,     88.1,     -1.8
101,     14.10.2014 16:51:16,     12.6,     38.19,     165,     0.3,     0.7,     1.1,     15.1,     83.2,     1000.1,     307.73,     73.9,     88.1,     -1.8
102,     14.10.2014 17:01:16,     8.4,     28.14,     164,     0.4,     0.7,     1.2,     14.6,     85.9,     1000.1,     307.73,     253.7,     88,     -178
103,     14.10.2014 17:11:16,     1.05,     14.07,     155,     0.3,     0.6,     1,     14.4,     87.4,     1000.1,     307.73,     253.7,     88,     -178,     12.800,     17.19,     75.3
104,     14.10.2014 17:21:16,     -3.15,     6.03,     107,     0,     0.4,     0.6,     14.1,     88.7,     1000.2,     307.73,     253.7,     88,     -178
105,     14.10.2014 17:31:16,     -4.2,     0,     126,     0.4,     0.8,     1.1,     13.5,     88.8,     1000.2,     307.73,     253.7,     88.1,     -178
106,     14.10.2014 17:41:16,     -5.25,     0,     173,     0,     0.6,     1.2,     13.4,     89.8,     1000.2,     307.73,     253.7,     87.9,     -177.9
107,     14.10.2014 17:51:16,     -4.2,     -2.01,     154,     0,     0.3,     0.7,     13.2,     90.3,     1000.2,     307.73,     253.6,     88.1,     -178.1
108,     14.10.2014 18:01:16,     -5.25,     0,     95,     0,     0.3,     0.6,     13.1,     90.8,     1000.2,     307.73,     253.6,     88,     -178
109,     14.10.2014 18:11:22,     -5.25,     -4.02,     128,     0.2,     0.4,     0.7,     13,     91.2,     1000.2,     307.73,     253.5,     88,     -178,     12.709,     13.62,     76.9
110,     14.10.2014 18:21:22,     -5.25,     0,     149,     0.1,     0.6,     1.2,     12.9,     91.3,     1000.2,     307.73,     253.5,     88,     -178
111,     14.10.2014 18:31:22,     -5.25,     -2.01,     112,     0.2,     0.6,     1,     12.5,     91.1,     1000.2,     307.73,     253.5,     88,     -178
112,     14.10.2014 18:41:22,     -5.25,     -2.01,     152,     0,     0.3,     0.6,     12.3,     91.3,     1000.3,     307.73,     253.6,     88,     -178
113,     14.10.2014 18:51:22,     -1.05,     0,     210,     0,     0.5,     1.2,     12.5,     92.1,     1000.3,     307.73,     253.5,     88.1,     -178.1
114,     14.10.2014 19:01:22,     -4.2,     -2.01,     217,     0.5,     0.9,     1.4,     12.5,     91.6,     1000.3,     307.73,     253.5,     88,     -178
115,     14.10.2014 19:11:22,     -5.25,     -2.01,     181,     0.2,     0.8,     1.3,     12.3,     91.5,     1000.3,     307.73,     253.5,     87.9,     -177.9,     12.645,     12.14,     77.4
116,     14.10.2014 19:21:22,     -4.2,     -4.02,     185,     0.1,     0.8,     1.5,     12.1,     91.7,     1000.3,     307.73,     253.7,     88.1,     -178.1
117,     14.10.2014 19:31:22,     -5.25,     -4.02,     201,     0.8,     1.2,     1.7,     12,     91.8,     1000.3,     307.73,     253.6,     88,     -178
118,     14.10.2014 19:41:22,     -4.2,     -2.01,     230,     0.1,     0.8,     1.3,     12.2,     92.2,     1000.3,     307.73,     253.6,     88,     -178
119,     14.10.2014 19:51:22,     -5.25,     -2.01,     216,     0.3,     0.8,     1.3,     12.1,     92,     1000.4,     307.73,     253.6,     88,     -178
120,     14.10.2014 20:01:22,     -4.2,     0,     185,     0.2,     0.7,     1,     12,     91.9,     1000.5,     307.73,     253.4,     88,     -178
121,     14.10.2014 20:11:16,     -5.25,     -2.01,     187,     0.4,     0.8,     1.1,     11.6,     91.7,     1000.5,     307.73,     253.6,     88,     -178,     12.622,     11.52,     77.5
122,     14.10.2014 20:21:16,     -4.2,     -2.01,     196,     0.4,     0.8,     1.1,     11.4,     91.9,     1000.5,     307.73,     253.5,     88,     -178
123,     14.10.2014 20:31:16,     -4.2,     -2.01,     195,     0.5,     0.8,     1,     11.2,     91.8,     1000.5,     307.73,     253.5,     88,     -178
124,     14.10.2014 20:41:16,     -4.2,     -2.01,     196,     0.3,     0.7,     1,     11,     92,     1000.6,     307.73,     253.6,     88.1,     -178.1
125,     14.10.2014 20:51:16,     -4.2,     -2.01,     196,     0.4,     0.7,     1,     11.1,     92.3,     1000.6,     307.73,     253.5,     88,     -178
126,     14.10.2014 21:01:16,     -5.25,     -2.01,     198,     0.5,     0.8,     1.3,     10.8,     92.1,     1000.6,     307.73,     253.5,     88,     -178
127,     14.10.2014 21:11:21,     -2.1,     -2.01,     212,     0.4,     0.9,     1.4,     10.6,     92.2,     1000.6,     307.73,     253.6,     87.9,     -178,     12.620,     10.74,     77.6
128,     14.10.2014 21:21:21,     -3.15,     -2.01,     223,     0.1,     0.8,     1.5,     10.4,     92.1,     1000.6,     307.73,     253.5,     88,     -178
129,     14.10.2014 21:31:21,     -3.15,     -2.01,     249,     0.1,     0.7,     1.6,     10.4,     92.4,     1000.5,     307.73,     253.5,     88,     -178
130,     14.10.2014 21:41:21,     -1.05,     -2.01,     272,     0.2,     1,     2,     10.7,     92.7,     1000.6,     307.73,     253.5,     88,     -178
131,     14.10.2014 21:51:21,     -3.15,     -4.02,     213,     0.4,     0.9,     1.6,     10.5,     92.3,     1000.6,     307.73,     253.4,     88,     -178
132,     14.10.2014 22:01:21,     -3.15,     -2.01,     156,     0.5,     0.9,     1.9,     10.2,     92.1,     1000.5,     307.73,     253.4,     88,     -178
133,     14.10.2014 22:11:22,     -5.25,     -2.01,     77,     0.1,     1.5,     2.9,     9.8,     91.9,     1000.4,     307.73,     253.6,     88,     -178,     12.573,     10.63,     77.5
134,     14.10.2014 22:21:22,     -3.15,     -2.01,     82,     0.1,     1.2,     2.7,     10.1,     92.8,     1000.5,     307.73,     253.7,     88.1,     -178.1
135,     14.10.2014 22:31:22,     -4.2,     -2.01,     112,     0.7,     2,     3.2,     10.3,     92.8,     1000.4,     307.73,     253.4,     88,     -178
136,     14.10.2014 22:41:22,     -1.05,     -2.01,     188,     0.7,     1.6,     2.8,     10.2,     92.7,     1000.3,     307.73,     253.6,     88.1,     -178.1
137,     14.10.2014 22:51:22,     -3.15,     -2.01,     187,     0.5,     1.6,     2.9,     10.3,     92.7,     1000.2,     307.73,     253.4,     88,     -178
138,     14.10.2014 23:01:22,     -2.1,     -2.01,     210,     0.3,     1.6,     3.2,     10.4,     92.8,     1000.2,     307.73,     253.4,     88,     -178
139,     14.10.2014 23:11:16,     -4.2,     -2.01,     198,     0.6,     1.7,     3.3,     10.6,     92.9,     1000.3,     307.73,     253.5,     88.1,     -178.1,     12.563,     10.49,     77.7
140,     14.10.2014 23:21:16,     -4.2,     -2.01,     185,     0.5,     1.7,     3.3,     10.6,     92.9,     1000.2,     307.73,     253.5,     88,     -178
141,     14.10.2014 23:31:16,     -3.15,     -2.01,     198,     0.9,     2.1,     3.6,     10.3,     92.7,     1000.2,     307.73,     253.5,     88,     -178
142,     14.10.2014 23:41:16,     -4.2,     -2.01,     186,     1.1,     2.5,     3.8,     10.2,     92.7,     1000.1,     307.73,     253.5,     88.1,     -178.1
143,     14.10.2014 23:51:16,     -3.15,     0,     176,     1.3,     2.8,     4.3,     10.4,     92.9,     1000.1,     307.73,     253.4,     88.1,     -178.1
144,     15.10.2014 00:01:22,     -3.15,     0,     189,     1.3,     3.2,     4.4,     10.3,     92.9,     1000.1,     307.73,     253.4,     88.1,     -178,     12.476,     10.21,     77.7