Logger: #D10248 'TSK_Meteo' - USP_EXP2 (V2.10, Jan 24 2012)
No,     Time,     #1:W/m²:0,     #2:ÂµMol:(do.),     #5:deg:2,     #6:m/sMIN:(do.),     #7:m/sMIT:(do.),     #8:m/sMAX:(do.),     #9:Â°C:(do.),     #10:%:(do.),     #11:hPa:(do.),     #12:mm:(do.),     #14:AZ:3,     #15:EL:(do.),     #16:Roll:(do.),     #HK-Bat:V,     #HK-Temp:oC,     #HK-rH:%
(GSM Transfer OK / Signal:16)
1,     27.07.2014 00:11:22,     -4.2,     -2.01,     96,     0.2,     0.8,     1.3,     19,     80.9,     1006.9,     143.77,     255,     87.9,     -177.9,     12.527,     18.95,     66.1
2,     27.07.2014 00:21:22,     -3.15,     -2.01,     56,     0.5,     1.4,     2,     19,     79.6,     1006.8,     143.77,     255,     87.9,     -177.9
3,     27.07.2014 00:31:22,     -4.2,     -2.01,     75,     0.1,     0.8,     1.9,     19.1,     78.9,     1006.8,     143.77,     255.1,     88,     -178
4,     27.07.2014 00:41:22,     -4.2,     -2.01,     64,     0.3,     1.1,     2,     19.1,     79,     1006.8,     143.77,     254.9,     87.9,     -177.9
5,     27.07.2014 00:51:22,     -5.25,     -2.01,     60,     0.2,     0.8,     1.6,     18.9,     79.2,     1006.7,     143.77,     255.1,     87.8,     -177.9
6,     27.07.2014 01:01:22,     -4.2,     0,     81,     0.4,     0.8,     1.5,     18.9,     78.7,     1006.7,     143.77,     255.1,     88,     -178
7,     27.07.2014 01:11:16,     -4.2,     0,     87,     0.1,     0.8,     1.4,     18.7,     81.4,     1006.7,     143.77,     255,     87.7,     -177.7,     12.560,     18.34,     67.4
8,     27.07.2014 01:21:16,     -4.2,     -4.02,     103,     0.1,     0.7,     1.3,     18.3,     84.2,     1006.8,     143.77,     255.1,     87.9,     -177.9
9,     27.07.2014 01:31:16,     -4.2,     -2.01,     127,     0,     0.6,     1.3,     18.2,     84.7,     1006.7,     143.77,     255.1,     87.8,     -177.9
10,     27.07.2014 01:41:16,     -3.15,     0,     118,     0.2,     0.7,     1.1,     18.3,     85.8,     1006.7,     143.77,     255.1,     87.9,     -177.9
11,     27.07.2014 01:51:16,     -3.15,     -2.01,     89,     0,     0.7,     1.3,     18.3,     87,     1006.6,     143.77,     255.1,     87.9,     -177.9
12,     27.07.2014 02:01:16,     -4.2,     0,     357,     0,     0.7,     1.3,     18.4,     87.1,     1006.7,     143.77,     255.1,     88,     -178
13,     27.07.2014 02:11:23,     -4.2,     -2.01,     22,     0,     0.4,     1.2,     18.4,     86.8,     1006.6,     143.77,     255.1,     87.9,     -177.9,     12.514,     17.72,     67.4
14,     27.07.2014 02:21:23,     -3.15,     -2.01,     133,     0.1,     0.6,     1.3,     17.9,     87.6,     1006.5,     143.77,     255.1,     88,     -178
15,     27.07.2014 02:31:23,     -3.15,     -2.01,     138,     0,     0.5,     1.4,     18.1,     88.9,     1006.4,     143.77,     255.1,     87.9,     -177.9
16,     27.07.2014 02:41:23,     -3.15,     -2.01,     96,     0.4,     0.9,     1.5,     17.9,     88.8,     1006.3,     143.77,     255.1,     88,     -177.9
17,     27.07.2014 02:51:23,     -2.1,     0,     85,     0.3,     0.8,     1.5,     17.9,     88.6,     1006.2,     143.77,     255.2,     87.9,     -177.9
18,     27.07.2014 03:01:23,     -2.1,     -2.01,     30,     0.1,     0.6,     1.4,     18.2,     88.7,     1006.2,     143.77,     255.1,     88,     -178
19,     27.07.2014 03:11:22,     -2.1,     -2.01,     259,     0,     0.7,     1.6,     18.5,     88.7,     1006.3,     143.77,     255.1,     87.8,     -177.8,     12.480,     17.66,     67.4
20,     27.07.2014 03:21:22,     -3.15,     -2.01,     191,     0,     0.5,     2.1,     18.5,     88.5,     1006.3,     143.77,     255.1,     87.9,     -177.9
21,     27.07.2014 03:31:22,     -2.1,     -2.01,     175,     0.4,     1.4,     2.2,     17.8,     88.3,     1006.2,     143.77,     255,     87.9,     -177.9
22,     27.07.2014 03:41:22,     -3.15,     -2.01,     113,     0.3,     1,     1.7,     17.8,     87.9,     1006.2,     143.77,     255.1,     88,     -178
23,     27.07.2014 03:51:22,     -2.1,     -2.01,     59,     0.1,     1.1,     2,     18,     88.9,     1006.2,     143.77,     255.1,     88,     -178
24,     27.07.2014 04:01:22,     -2.1,     -2.01,     84,     0,     0.9,     2,     18.3,     88.7,     1006.3,     143.77,     255.2,     87.9,     -177.9
25,     27.07.2014 04:11:22,     -1.05,     0,     86,     0.2,     0.9,     1.6,     18.3,     88.3,     1006.2,     143.77,     255.2,     87.9,     -177.9,     12.448,     18.15,     67.2
26,     27.07.2014 04:21:22,     0,     2.01,     87,     0.1,     0.9,     1.7,     18.2,     86.2,     1006.2,     143.77,     255.1,     87.9,     -177.9
27,     27.07.2014 04:31:22,     2.1,     8.04,     53,     0,     1,     1.8,     18.5,     85.6,     1006.2,     143.77,     255,     88,     -178
28,     27.07.2014 04:41:22,     4.2,     12.06,     40,     0.1,     1.2,     2.2,     18.7,     83.9,     1006.2,     143.77,     255,     87.8,     -177.9
29,     27.07.2014 04:51:22,     9.45,     20.1,     64,     0.3,     0.9,     1.5,     18.7,     83.8,     1006.2,     143.77,     255.1,     87.9,     -177.9
30,     27.07.2014 05:01:22,     8.4,     20.1,     61,     0.3,     1.1,     1.7,     18.7,     84,     1006.3,     143.77,     255.1,     87.9,     -177.9
31,     27.07.2014 05:11:22,     10.5,     24.12,     71,     0.4,     0.8,     1.5,     18.7,     85.1,     1006.4,     143.77,     255.1,     87.9,     -177.9,     12.448,     18.55,     67.2
32,     27.07.2014 05:21:22,     14.7,     34.17,     83,     0,     0.7,     1.4,     18.6,     85.9,     1006.5,     143.77,     255.1,     87.8,     -177.9
33,     27.07.2014 05:31:22,     19.95,     46.23,     103,     0,     0.5,     1.3,     18.6,     85.9,     1006.6,     143.77,     255.1,     87.9,     -178
34,     27.07.2014 05:41:22,     26.25,     58.29,     88,     0.1,     0.7,     1.3,     18.7,     85.2,     1006.5,     143.77,     255.1,     88,     -178
35,     27.07.2014 05:51:22,     37.8,     80.4,     71,     0.3,     1,     1.7,     18.9,     85.4,     1006.6,     143.77,     255.2,     87.9,     -177.9
36,     27.07.2014 06:01:22,     56.7,     120.6,     50,     0.1,     1.3,     2.7,     18.9,     84.3,     1006.5,     143.77,     255.1,     87.9,     -177.9
37,     27.07.2014 06:11:21,     49.35,     106.53,     44,     0,     1.5,     2.8,     18.9,     84.7,     1006.8,     143.77,     255.2,     87.9,     -177.9,     12.768,     19.12,     67.1
38,     27.07.2014 06:21:21,     40.95,     86.43,     312,     0.5,     1.7,     4.8,     18.8,     84.6,     1006.9,     143.77,     255.1,     87.8,     -177.9
39,     27.07.2014 06:31:21,     56.7,     124.62,     294,     0.4,     2.2,     3.3,     18.9,     84.3,     1007.1,     143.78,     255.2,     88,     -178
40,     27.07.2014 06:41:21,     88.2,     188.94,     341,     0,     1.1,     2.3,     18.9,     84.8,     1006.8,     143.83,     255.3,     87.9,     -177.9
41,     27.07.2014 06:51:21,     82.95,     178.89,     343,     0,     1.1,     2.4,     19,     86.1,     1006.8,     143.83,     (NO REPLY),     (NO REPLY),     (NO REPLY)
42,     27.07.2014 07:01:21,     117.6,     251.25,     4,     0.1,     1,     2,     18.9,     85.3,     1006.8,     143.83,     255.3,     88,     -178
43,     27.07.2014 07:11:31,     192.15,     393.96,     28,     0,     1.5,     2.8,     19.1,     84.7,     1006.7,     143.83,     (NO REPLY),     (NO REPLY),     (NO REPLY),     13.801,     20.17,     66.9
44,     27.07.2014 07:21:31,     404.25,     751.74,     357,     0.1,     0.9,     2.6,     19.5,     84.5,     1006.8,     143.83,     255.5,     88,     -178
45,     27.07.2014 07:31:31,     344.4,     655.26,     40,     0,     1.2,     2.3,     20,     83.3,     1006.7,     143.83,     255.5,     88,     -178
46,     27.07.2014 07:41:31,     233.1,     488.43,     353,     0.1,     0.7,     1.4,     20.5,     79.8,     1006.8,     143.83,     255.4,     87.9,     -177.9
47,     27.07.2014 07:51:31,     194.25,     420.09,     18,     0.5,     1,     1.6,     20.7,     77.7,     1006.8,     143.83,     255.4,     87.9,     -177.9
48,     27.07.2014 08:01:31,     397.95,     763.8,     26,     0.1,     0.8,     1.4,     21.2,     78.1,     1006.8,     143.83,     255.4,     88,     -178
49,     27.07.2014 08:11:17,     313.95,     653.25,     21,     0.4,     0.9,     1.7,     21.5,     75.8,     1006.8,     143.83,     255.6,     87.9,     -177.9,     13.455,     26.03,     65.7
50,     27.07.2014 08:21:17,     418.95,     820.08,     32,     0.1,     0.9,     2.4,     21.9,     73.1,     1006.9,     143.83,     255.4,     88,     -178
51,     27.07.2014 08:31:17,     352.8,     705.51,     48,     0.3,     1.5,     2.4,     22.1,     72.5,     1006.9,     143.83,     255.4,     87.9,     -177.9
52,     27.07.2014 08:41:17,     334.95,     667.32,     49,     0.4,     1.4,     3.2,     22.4,     71.9,     1006.8,     143.83,     255.5,     88,     -178
53,     27.07.2014 08:51:17,     408.45,     812.04,     39,     0.2,     1.3,     2.3,     22.6,     71.4,     1006.9,     143.83,     255.4,     87.7,     -177.7
54,     27.07.2014 09:01:17,     520.8,     1013.04,     41,     0.7,     1.3,     2,     22.7,     71.4,     1006.8,     143.83,     255.4,     87.9,     -177.9
55,     27.07.2014 09:11:17,     591.15,     1143.69,     40,     0.8,     1.6,     2.8,     23,     68.3,     1006.7,     143.83,     255.4,     88,     -177.9,     13.230,     29.26,     64.8
56,     27.07.2014 09:21:17,     547.05,     1075.35,     40,     0.9,     2.1,     3.2,     23.5,     66.7,     1006.7,     143.83,     255.4,     87.8,     -177.8
57,     27.07.2014 09:31:17,     394.8,     808.02,     39,     0.8,     1.9,     3.2,     23.8,     65.7,     1006.7,     143.83,     75.8,     87.8,     -2.1
58,     27.07.2014 09:41:17,     443.1,     848.22,     47,     0.7,     1.5,     2.3,     24.1,     68,     1006.8,     143.83,     255.4,     87.9,     -178
59,     27.07.2014 09:51:17,     392.7,     860.28,     58,     0.3,     1.1,     2.2,     24.2,     65.5,     1006.8,     143.83,     255.5,     87.9,     -177.9
60,     27.07.2014 10:01:17,     556.5,     1117.56,     84,     0,     0.7,     1.6,     24.5,     63.6,     1006.7,     143.83,     255.5,     87.9,     -177.9
61,     27.07.2014 10:11:16,     484.05,     990.93,     142,     0,     1,     2.3,     24.7,     61.9,     1006.8,     143.83,     255.5,     88,     -178,     13.018,     31.15,     64.1
62,     27.07.2014 10:21:16,     551.25,     1115.55,     200,     0.1,     0.6,     1.3,     25.3,     58.1,     1006.8,     143.83,     75.9,     88,     -2
63,     27.07.2014 10:31:16,     589.05,     1165.8,     326,     0,     0.4,     0.8,     25.6,     57.4,     1006.8,     143.83,     76,     87.9,     -2
64,     27.07.2014 10:41:16,     697.2,     1394.94,     324,     0.4,     1,     1.6,     25.5,     55.6,     1006.8,     143.83,     255.6,     87.9,     -177.9
65,     27.07.2014 10:51:16,     593.25,     1328.61,     344,     0.3,     0.9,     1.5,     25.7,     53.6,     1006.7,     143.83,     75.9,     87.8,     -2.1
66,     27.07.2014 11:01:16,     795.9,     1569.81,     329,     0.6,     1.2,     2.4,     25.8,     53.2,     1006.6,     143.83,     75.9,     87.9,     -2
67,     27.07.2014 11:11:16,     682.5,     1413.03,     7,     0.3,     1.2,     2.2,     25.6,     53.3,     1006.5,     143.83,     75.9,     87.7,     -2.1,     12.936,     34.80,     62.4
68,     27.07.2014 11:21:16,     782.25,     1599.96,     340,     0,     0.5,     1.2,     26.3,     51.3,     1006.4,     143.83,     75.9,     87.9,     -2
69,     27.07.2014 11:31:16,     768.6,     1575.84,     358,     0.2,     0.9,     2.1,     26.2,     49.4,     1006.4,     143.83,     75.9,     87.8,     -2.1
70,     27.07.2014 11:41:16,     754.95,     1541.67,     352,     0.1,     0.5,     0.9,     26.8,     48.2,     1006.3,     143.83,     75.9,     87.8,     -2
71,     27.07.2014 11:51:16,     426.3,     872.34,     12,     0.3,     1.2,     1.8,     26.4,     49.1,     1006.3,     143.83,     75.9,     87.7,     -2.2
72,     27.07.2014 12:01:16,     807.45,     1636.14,     347,     0.7,     1.6,     2.5,     26.7,     50.4,     1006.2,     143.83,     75.9,     87.9,     -2
73,     27.07.2014 12:11:16,     789.6,     1595.94,     330,     0.8,     1.9,     3.2,     27.1,     47.6,     1006.2,     143.83,     76.1,     87.7,     -2.2,     12.692,     35.92,     62.3
74,     27.07.2014 12:21:16,     770.7,     1561.77,     298,     1.2,     2.6,     4.7,     27.4,     46.2,     1006.1,     143.83,     76,     87.9,     -2
75,     27.07.2014 12:31:16,     832.65,     1692.42,     318,     0.9,     2.1,     4.7,     27.6,     46.4,     1006,     143.83,     76.1,     87.7,     -2.2
76,     27.07.2014 12:41:16,     793.8,     1612.02,     281,     0,     1,     2.6,     28.1,     46.3,     1006,     143.83,     76.1,     87.8,     -2.1
77,     27.07.2014 12:51:16,     728.7,     1487.4,     285,     0.1,     2.5,     4.3,     27.8,     45.3,     1005.9,     143.83,     76.1,     87.7,     -2.1
78,     27.07.2014 13:01:16,     399,     868.32,     281,     1.2,     2.6,     4.4,     27.9,     43.4,     1005.8,     143.83,     76.3,     87.8,     -2.1
79,     27.07.2014 13:11:16,     794.85,     1601.97,     251,     0.5,     2.7,     5,     28.1,     45.1,     1005.7,     143.83,     76.2,     88,     -1.9,     13.086,     35.57,     62.4
80,     27.07.2014 13:21:16,     749.7,     1509.51,     272,     1.5,     2.9,     5.6,     28,     43.1,     1005.7,     143.83,     76.3,     87.9,     -2
81,     27.07.2014 13:31:16,     804.3,     1612.02,     238,     0.3,     2.2,     5.5,     28.3,     42.5,     1005.6,     143.83,     76.1,     87.8,     -2
82,     27.07.2014 13:41:16,     770.7,     1525.59,     242,     0.6,     2.8,     6,     28.4,     41.4,     1005.5,     143.83,     76.2,     87.7,     -2.2
83,     27.07.2014 13:51:16,     231,     518.58,     278,     0.6,     1.9,     3.9,     28.4,     41.7,     1005.4,     143.83,     75.9,     87.9,     -2
84,     27.07.2014 14:01:16,     535.5,     1079.37,     339,     1,     1.6,     3,     28.3,     45.8,     1005.4,     143.83,     75.8,     87.9,     -2
85,     27.07.2014 14:11:16,     745.5,     1479.36,     284,     0.7,     2.3,     4.9,     28.6,     43.5,     1005.3,     143.83,     76.2,     87.9,     -2,     12.919,     34.02,     63.4
86,     27.07.2014 14:21:16,     360.15,     735.66,     278,     1.9,     4.4,     7.2,     28.3,     44.9,     1005.3,     143.83,     76.4,     88,     -1.9
87,     27.07.2014 14:31:16,     330.75,     707.52,     257,     0.6,     2.7,     4.4,     28.2,     42.7,     1005.3,     143.83,     76.1,     87.8,     -2.1
88,     27.07.2014 14:41:16,     386.4,     801.99,     286,     1.1,     2.8,     4.4,     28.3,     42.6,     1005.2,     143.83,     76.2,     87.9,     -2
89,     27.07.2014 14:51:16,     426.3,     844.2,     279,     0.9,     2.4,     4.4,     28.4,     43,     1005.1,     143.83,     75.9,     87.9,     -2
90,     27.07.2014 15:01:16,     601.65,     1149.72,     302,     0.8,     2,     4.8,     28.5,     43.4,     1005.1,     143.83,     75.9,     87.8,     -2
91,     27.07.2014 15:11:16,     597.45,     1151.73,     283,     1.7,     3.3,     5.9,     28.4,     43.3,     1005,     143.83,     76.1,     87.9,     -1.9,     13.008,     33.23,     63.6
92,     27.07.2014 15:21:16,     421.05,     854.25,     268,     2.2,     3.5,     5.2,     28.2,     45.9,     1005,     143.83,     76.2,     87.9,     -1.9
93,     27.07.2014 15:31:16,     341.25,     717.57,     266,     1.4,     2.8,     4.9,     28.1,     43.8,     1005.1,     143.83,     75.9,     87.9,     -2
94,     27.07.2014 15:41:16,     328.65,     671.34,     245,     1.1,     3.3,     5.3,     28.3,     45.7,     1005.1,     143.83,     76,     87.9,     -2
95,     27.07.2014 15:51:16,     370.65,     749.73,     268,     0.3,     2.7,     4.9,     28.2,     44.4,     1005,     143.83,     76.1,     88,     -1.9
96,     27.07.2014 16:01:16,     320.25,     651.24,     256,     1.1,     3,     4.4,     28.3,     45.6,     1005,     143.83,     75.9,     88,     -1.9
97,     27.07.2014 16:11:16,     396.9,     785.91,     207,     0.4,     2.1,     5,     27.9,     48,     1004.9,     143.83,     75.9,     87.9,     -2,     13.163,     32.31,     64.0
98,     27.07.2014 16:21:16,     291.9,     590.94,     229,     0.7,     2.3,     4.4,     28.1,     47.9,     1004.8,     143.83,     76,     87.9,     -2
99,     27.07.2014 16:31:16,     170.1,     365.82,     230,     0.9,     3.1,     5.4,     28,     47.8,     1004.7,     143.83,     76,     87.8,     -2.1
100,     27.07.2014 16:41:16,     124.95,     271.35,     196,     1.6,     2.8,     5,     27.5,     51.3,     1004.8,     143.83,     75.8,     88,     -1.9
101,     27.07.2014 16:51:16,     108.15,     235.17,     207,     0.1,     1.8,     3.5,     27.4,     52.1,     1004.9,     143.83,     75.9,     87.8,     -2.1
102,     27.07.2014 17:01:16,     31.5,     66.33,     65,     0.1,     5.1,     13.3,     25.2,     57.1,     1005.4,     143.83,     74.3,     86.9,     -3
103,     27.07.2014 17:11:17,     34.65,     72.36,     29,     4.3,     7.9,     12.1,     23.8,     62.8,     1005.8,     143.83,     76.3,     85.1,     -4.8,     13.322,     29.81,     64.9
104,     27.07.2014 17:21:17,     34.65,     74.37,     53,     1.6,     5.2,     9.7,     23.4,     63.1,     1005.8,     143.83,     75.4,     87.3,     -2.6
105,     27.07.2014 17:31:17,     52.5,     116.58,     84,     0.2,     2.5,     5.3,     23.6,     62.3,     1005.5,     143.83,     254.5,     87.3,     -177.3
106,     27.07.2014 17:41:17,     55.65,     120.6,     98,     0.1,     2.4,     6.6,     23.9,     58.8,     1005.5,     143.83,     254.9,     88,     -178
107,     27.07.2014 17:51:17,     66.15,     144.72,     97,     0.2,     1.8,     4.7,     24,     58,     1005.4,     143.83,     255.3,     87.9,     -178
108,     27.07.2014 18:01:17,     65.1,     144.72,     88,     0.1,     1.2,     3.3,     24.3,     57.5,     1005.5,     143.83,     75.5,     87.9,     -2
109,     27.07.2014 18:11:17,     52.5,     110.55,     35,     1.8,     4.6,     7.4,     23.4,     63.1,     1005.9,     143.83,     254.8,     88,     -178.1,     13.449,     25.97,     66.0
110,     27.07.2014 18:21:17,     59.85,     132.66,     60,     0.9,     3.8,     7.4,     22.6,     63.2,     1005.8,     143.83,     254.9,     87.4,     -177.4
111,     27.07.2014 18:31:17,     64.05,     138.69,     71,     0.1,     3,     5.8,     22.2,     65,     1005.8,     143.83,     254.9,     87.7,     -177.7
112,     27.07.2014 18:41:17,     71.4,     150.75,     61,     0.4,     2.6,     4.8,     21.8,     68.1,     1005.9,     143.83,     75.4,     88,     -1.9
113,     27.07.2014 18:51:17,     74.55,     152.76,     38,     1.8,     3.4,     5.7,     21.4,     72.8,     1006.1,     143.83,     255.1,     88.1,     -178.1
114,     27.07.2014 19:01:17,     92.4,     156.78,     38,     0.1,     2.1,     3.8,     21.5,     72.5,     1006.1,     143.83,     255.2,     87.7,     -177.8
115,     27.07.2014 19:11:16,     57.75,     114.57,     19,     0.8,     2.1,     3.7,     21.7,     70.5,     1006.1,     143.83,     255.3,     87.9,     -177.9,     13.449,     23.87,     66.4
116,     27.07.2014 19:21:16,     46.2,     92.46,     27,     0.3,     1.3,     2.4,     21.8,     70.6,     1005.9,     143.83,     255.3,     88,     -178
117,     27.07.2014 19:31:16,     39.9,     76.38,     4,     0,     0.6,     1.6,     21.9,     71.1,     1006.1,     143.83,     255.3,     87.9,     -177.9
118,     27.07.2014 19:41:16,     23.1,     46.23,     220,     0.6,     1.3,     2.1,     22,     72,     1006.2,     143.83,     255.3,     87.9,     -177.9
119,     27.07.2014 19:51:16,     12.6,     28.14,     209,     1,     1.5,     2.3,     22,     70.9,     1006.1,     143.83,     255.4,     88,     -178
120,     27.07.2014 20:01:16,     4.2,     14.07,     275,     0.8,     1.3,     1.8,     21.9,     71.7,     1006.1,     143.83,     255.2,     87.8,     -177.8
121,     27.07.2014 20:11:16,     0,     8.04,     278,     0,     0.6,     1.4,     21.7,     74.8,     1006.1,     143.83,     255.3,     88,     -178,     12.743,     22.64,     66.7
122,     27.07.2014 20:21:16,     -3.15,     2.01,     11,     0,     0.4,     1,     21.6,     76.4,     1006.1,     143.83,     255.2,     87.9,     -177.9
123,     27.07.2014 20:31:16,     -3.15,     0,     119,     0.3,     0.7,     1.3,     21.4,     79.1,     1006.1,     143.83,     255.2,     87.9,     -177.9
124,     27.07.2014 20:41:16,     -4.2,     0,     133,     0.6,     1.3,     1.7,     20.8,     78.1,     1006.2,     143.83,     255.3,     88,     -178
125,     27.07.2014 20:51:16,     -4.2,     -2.01,     161,     0.3,     0.8,     1.5,     20.9,     79.7,     1006.2,     143.83,     255.2,     87.9,     -177.9
126,     27.07.2014 21:01:16,     -4.2,     0,     188,     0,     0.6,     1.2,     20.9,     80.2,     1006.2,     143.83,     255.2,     87.9,     -177.9
127,     27.07.2014 21:11:16,     -4.2,     -4.02,     148,     0.2,     0.8,     1.3,     20.8,     78.8,     1006.2,     143.83,     255.2,     88,     -178,     12.650,     21.06,     67.1
128,     27.07.2014 21:21:16,     -2.1,     -2.01,     117,     0.6,     1.2,     1.9,     20.2,     79.9,     1006.2,     143.83,     255.2,     87.9,     -177.9
129,     27.07.2014 21:31:16,     -3.15,     -2.01,     119,     0.4,     0.8,     1.3,     20,     80.9,     1006.2,     143.83,     255.2,     88,     -178
130,     27.07.2014 21:41:16,     -4.2,     -2.01,     179,     0.1,     1.2,     2,     20.3,     81.6,     1006.2,     143.83,     255.2,     87.9,     -177.9
131,     27.07.2014 21:51:16,     -4.2,     -2.01,     87,     0,     0.4,     0.9,     20.2,     80.5,     1006.2,     143.83,     255.3,     88,     -178
132,     27.07.2014 22:01:16,     -3.15,     0,     7,     0.1,     0.9,     1.8,     20.4,     81.6,     1006.2,     143.83,     255.2,     87.9,     -178
133,     27.07.2014 22:11:17,     -2.1,     -2.01,     123,     0.5,     1,     1.8,     20,     81.3,     1006.1,     143.83,     255.1,     87.8,     -177.9,     12.620,     20.00,     67.2
134,     27.07.2014 22:21:17,     -3.15,     -4.02,     113,     0.1,     0.8,     1.2,     19.8,     82.3,     1006.1,     143.83,     255.1,     87.8,     -177.8
135,     27.07.2014 22:31:17,     -4.2,     0,     96,     0,     0.6,     1.3,     19.6,     81.8,     1006.1,     143.83,     255.2,     88,     -178
136,     27.07.2014 22:41:17,     -3.15,     0,     147,     0.1,     0.8,     1.4,     19.8,     83.2,     1006,     143.83,     255.2,     87.9,     -177.9
137,     27.07.2014 22:51:17,     -4.2,     -4.02,     170,     0.2,     0.8,     1.8,     19.7,     82.9,     1006.1,     143.83,     255.2,     88,     -178
138,     27.07.2014 23:01:17,     -3.15,     -4.02,     110,     0,     0.5,     1.1,     19.4,     85.6,     1006.1,     143.83,     255.2,     87.9,     -177.9
139,     27.07.2014 23:11:16,     -3.15,     0,     175,     0.1,     0.7,     1.3,     19.5,     85.3,     1006.1,     143.83,     255.2,     87.8,     -177.8,     12.586,     19.29,     67.2
140,     27.07.2014 23:21:16,     -4.2,     -2.01,     134,     0.1,     0.9,     1.5,     19.1,     84.7,     1006.1,     143.83,     255.2,     87.8,     -177.9
141,     27.07.2014 23:31:16,     -4.2,     -2.01,     345,     0,     2.2,     5.4,     19.1,     85.3,     1006.3,     143.83,     255.3,     87.9,     -177.9
142,     27.07.2014 23:41:16,     -3.15,     -2.01,     355,     0.6,     1.8,     3.2,     19.1,     86.1,     1006.3,     143.83,     255.2,     88,     -178
143,     27.07.2014 23:51:16,     -3.15,     -2.01,     1,     0.2,     1.2,     2.8,     19.5,     86,     1006.3,     143.83,     255.2,     87.9,     -177.9
144,     28.07.2014 00:01:28,     -3.15,     -2.01,     356,     0,     0.6,     1.6,     19.7,     86.4,     1006.3,     143.83,     255.2,     88,     -178,     12.505,     19.03,     67.2