Logger: #D10248 'TSK_Meteo' - USP_EXP2 (V2.10, Jan 24 2012)
No,     Time,     #1:W/m²:0,     #2:ÂµMol:(do.),     #5:deg:2,     #6:m/sMIN:(do.),     #7:m/sMIT:(do.),     #8:m/sMAX:(do.),     #9:Â°C:(do.),     #10:%:(do.),     #11:hPa:(do.),     #12:mm:(do.),     #14:AZ:3,     #15:EL:(do.),     #16:Roll:(do.),     #HK-Bat:V,     #HK-Temp:oC,     #HK-rH:%
(GSM Transfer OK / Signal:16)
1,     04.09.2014 00:11:17,     -5.25,     -2.01,     35,     0.5,     1.4,     2.9,     13.1,     86.9,     1018.3,     255.42,     256.9,     87.8,     -177.9,     12.412,     12.89,     69.7
2,     04.09.2014 00:21:17,     -4.2,     0,     42,     0.3,     1.3,     2.9,     12.9,     87.6,     1018.3,     255.42,     257,     87.9,     -177.9
3,     04.09.2014 00:31:17,     -4.2,     -2.01,     31,     0.5,     1.3,     2.2,     12.9,     88.3,     1018.2,     255.42,     257,     87.9,     -177.9
4,     04.09.2014 00:41:17,     -5.25,     0,     40,     0.1,     1.1,     1.8,     12.7,     89,     1018.2,     255.42,     257.1,     87.8,     -177.9
5,     04.09.2014 00:51:17,     -3.15,     0,     53,     0,     1,     1.9,     12.6,     89.4,     1018.1,     255.42,     257,     87.9,     -178
6,     04.09.2014 01:01:17,     -3.15,     2.01,     49,     0.2,     1.1,     1.9,     12.6,     89.7,     1018,     255.42,     257,     87.9,     -177.9
7,     04.09.2014 01:11:16,     -4.2,     -2.01,     70,     0.1,     0.8,     1.7,     12.6,     90.2,     1018,     255.42,     257,     88,     -178,     12.512,     12.18,     70.8
8,     04.09.2014 01:21:16,     -5.25,     -2.01,     79,     0.1,     0.8,     1.7,     12.6,     90,     1018,     255.42,     257.1,     87.9,     -178
9,     04.09.2014 01:31:16,     -4.2,     -2.01,     45,     0,     1,     2.2,     12.5,     90.2,     1017.9,     255.42,     257,     87.9,     -177.9
10,     04.09.2014 01:41:16,     -4.2,     0,     49,     0.1,     0.8,     1.6,     12.6,     90.9,     1017.9,     255.42,     257,     87.8,     -177.9
11,     04.09.2014 01:51:16,     -3.15,     -2.01,     59,     0,     0.6,     1.6,     12.6,     90.6,     1017.8,     255.42,     257,     87.8,     -177.8
12,     04.09.2014 02:01:16,     -4.2,     0,     60,     0,     0.7,     1.6,     12.5,     90.6,     1017.8,     255.42,     257.1,     87.9,     -177.9
13,     04.09.2014 02:11:16,     -5.25,     -2.01,     85,     0,     0.6,     1.3,     12.4,     90.5,     1017.8,     255.42,     256.9,     88,     -178,     12.469,     11.79,     70.9
14,     04.09.2014 02:21:16,     -4.2,     -2.01,     51,     0.2,     1.1,     2.3,     12.5,     90.8,     1017.8,     255.42,     257,     87.9,     -177.9
15,     04.09.2014 02:31:16,     -4.2,     0,     53,     0.1,     0.9,     1.9,     12.5,     90.6,     1017.8,     255.42,     256.9,     87.9,     -177.9
16,     04.09.2014 02:41:16,     -4.2,     -2.01,     43,     0,     0.7,     1.5,     12.5,     90.8,     1017.8,     255.42,     256.9,     87.9,     -177.9
17,     04.09.2014 02:51:16,     -5.25,     -2.01,     43,     0.1,     1,     1.9,     12.4,     90.6,     1017.7,     255.42,     257,     87.9,     -177.9
18,     04.09.2014 03:01:16,     -5.25,     -2.01,     57,     0.1,     0.8,     1.5,     12.3,     90.4,     1017.8,     255.42,     257,     88,     -178
19,     04.09.2014 03:11:16,     -4.2,     -2.01,     45,     0.1,     0.8,     1.8,     12.3,     89.9,     1017.8,     255.42,     257,     87.9,     -177.9,     12.442,     11.66,     71.0
20,     04.09.2014 03:21:16,     -4.2,     -2.01,     58,     0,     0.5,     1,     12.2,     90,     1017.7,     255.42,     256.9,     87.9,     -177.9
21,     04.09.2014 03:31:16,     -4.2,     -4.02,     43,     0.1,     0.7,     1.5,     12.3,     89.5,     1017.6,     255.42,     257,     87.9,     -177.9
22,     04.09.2014 03:41:16,     -3.15,     0,     60,     0,     0.5,     1.2,     12.4,     89.2,     1017.7,     255.42,     256.9,     87.9,     -177.9
23,     04.09.2014 03:51:16,     -5.25,     0,     59,     0.1,     0.9,     2.1,     12.4,     87.7,     1017.7,     255.42,     257,     87.8,     -177.9
24,     04.09.2014 04:01:16,     -5.25,     -2.01,     50,     0.2,     0.8,     1.4,     12.6,     88.1,     1017.7,     255.42,     257,     88,     -178
25,     04.09.2014 04:11:16,     -5.25,     0,     40,     0.1,     0.7,     1.4,     12.5,     88,     1017.7,     255.42,     256.9,     88,     -178.1,     12.429,     11.40,     71.1
26,     04.09.2014 04:21:16,     -5.25,     -4.02,     48,     0.4,     1.1,     2,     12.4,     88.6,     1017.7,     255.42,     257,     88,     -177.9
27,     04.09.2014 04:31:16,     -4.2,     0,     41,     0.7,     1.5,     2.3,     12.3,     89.3,     1017.6,     255.42,     257,     88,     -178
28,     04.09.2014 04:41:16,     -5.25,     -2.01,     39,     1.1,     1.8,     2.5,     12,     90,     1017.6,     255.42,     257,     88,     -178
29,     04.09.2014 04:51:16,     -4.2,     -8.04,     50,     0.5,     1.3,     2.5,     11.8,     89.5,     1017.5,     255.42,     257,     88,     -178
30,     04.09.2014 05:01:16,     -4.2,     0,     57,     0.3,     0.9,     1.6,     11.7,     90.5,     1017.5,     255.42,     257,     87.9,     -177.9
31,     04.09.2014 05:11:17,     -3.15,     2.01,     55,     0.5,     1.1,     1.9,     11.8,     90.9,     1017.6,     255.42,     257,     87.9,     -177.9,     12.380,     11.39,     71.0
32,     04.09.2014 05:21:17,     -1.05,     6.03,     54,     0.4,     1.1,     1.8,     11.6,     90.6,     1017.5,     255.42,     257,     88,     -178
33,     04.09.2014 05:31:17,     2.1,     14.07,     52,     0.2,     1,     1.7,     11.6,     90.5,     1017.5,     255.42,     257,     88,     -178
34,     04.09.2014 05:41:17,     8.4,     30.15,     65,     0.1,     0.9,     1.4,     11.5,     90.8,     1017.4,     255.42,     256.8,     87.9,     -178
35,     04.09.2014 05:51:17,     13.65,     42.21,     65,     0.1,     0.8,     1.5,     11.5,     90.9,     1017.4,     255.42,     257,     87.9,     -177.9
36,     04.09.2014 06:01:17,     19.95,     62.31,     54,     0.2,     1,     1.7,     11.5,     90.6,     1017.5,     255.42,     257,     87.9,     -177.9
37,     04.09.2014 06:11:16,     92.4,     130.65,     63,     0.1,     0.8,     1.5,     11.7,     90.4,     1017.4,     255.42,     257.2,     87.9,     -177.9,     12.830,     11.25,     71.5
38,     04.09.2014 06:21:16,     112.35,     172.86,     60,     0,     0.9,     2,     11.7,     88.7,     1017.4,     255.42,     257.3,     87.9,     -178
39,     04.09.2014 06:31:16,     128.1,     221.1,     56,     0.5,     1.2,     1.9,     11.8,     88.4,     1017.5,     255.42,     257.3,     87.9,     -177.9
40,     04.09.2014 06:41:16,     144.9,     271.35,     65,     0.1,     0.9,     1.9,     12.2,     87.9,     1017.6,     255.42,     257.5,     88,     -178
41,     04.09.2014 06:51:16,     164.85,     315.57,     46,     0.3,     1.3,     2.3,     12.2,     86.7,     1017.5,     255.42,     257.5,     87.9,     -177.9
42,     04.09.2014 07:01:16,     185.85,     357.78,     47,     0.1,     1.3,     2.5,     12.5,     85.8,     1017.5,     255.42,     257.4,     87.8,     -178
43,     04.09.2014 07:11:21,     208.95,     404.01,     39,     0.1,     1.3,     2.3,     12.9,     85.8,     1017.6,     255.42,     257.5,     87.9,     -177.9,     14.265,     17.32,     71.4
44,     04.09.2014 07:21:21,     232.05,     446.22,     23,     0.1,     1.4,     2.3,     13.1,     85,     1017.6,     255.42,     257.5,     87.9,     -177.9
45,     04.09.2014 07:31:21,     252,     490.44,     51,     0.1,     1.5,     3.8,     13.6,     81.6,     1017.7,     255.42,     257.4,     88,     -178
46,     04.09.2014 07:41:21,     276.15,     536.67,     74,     0.1,     1,     2.7,     14.3,     78.5,     1017.6,     255.42,     257.5,     87.8,     -177.8
47,     04.09.2014 07:51:21,     302.4,     586.92,     98,     0.1,     1.5,     3,     14.5,     76.9,     1017.6,     255.42,     257.4,     88,     -178
48,     04.09.2014 08:01:21,     326.55,     633.15,     98,     0.1,     1.3,     3.1,     14.7,     76.2,     1017.6,     255.42,     257.7,     88,     -178
49,     04.09.2014 08:11:16,     350.7,     681.39,     105,     0,     1.1,     2.7,     15.1,     76,     1017.6,     255.42,     257.5,     87.9,     -177.9,     13.459,     22.22,     69.6
50,     04.09.2014 08:21:16,     375.9,     727.62,     90,     0.1,     1.3,     2.5,     15.2,     74.7,     1017.6,     255.42,     257.6,     88,     -178
51,     04.09.2014 08:31:16,     401.1,     773.85,     93,     0.2,     1.6,     2.6,     15.3,     75,     1017.6,     255.42,     257.6,     87.9,     -177.9
52,     04.09.2014 08:41:16,     424.2,     822.09,     111,     0.1,     1.3,     2.6,     16,     73.4,     1017.6,     255.42,     257.5,     87.8,     -177.9
53,     04.09.2014 08:51:16,     446.25,     868.32,     83,     0.1,     1.5,     3.2,     16.1,     73.2,     1017.6,     255.42,     257.6,     88,     -178.1
54,     04.09.2014 09:01:16,     467.25,     910.53,     117,     0.4,     1.8,     4.4,     16.7,     70.5,     1017.6,     255.42,     257.4,     87.9,     -177.9
55,     04.09.2014 09:11:17,     487.2,     948.72,     125,     0.1,     1.8,     3.7,     16.9,     69.2,     1017.6,     255.42,     257.5,     87.8,     -177.9,     13.084,     24.42,     68.4
56,     04.09.2014 09:21:17,     508.2,     988.92,     115,     0.1,     1.7,     4.2,     17,     67.9,     1017.6,     255.42,     257.5,     87.9,     -177.9
57,     04.09.2014 09:31:17,     525,     1023.09,     121,     0,     1.7,     4.6,     17.4,     66.9,     1017.6,     255.42,     257.4,     87.9,     -177.9
58,     04.09.2014 09:41:17,     541.8,     1059.27,     114,     0.1,     1.7,     3.8,     17.5,     66,     1017.5,     255.42,     257.4,     87.8,     -177.9
59,     04.09.2014 09:51:17,     558.6,     1093.44,     132,     0.2,     2,     4.9,     17.8,     64.6,     1017.5,     255.42,     257.3,     88,     -178
60,     04.09.2014 10:01:17,     575.4,     1125.6,     130,     0.4,     2.4,     5.1,     18,     64.2,     1017.5,     255.42,     257.6,     88,     -178
61,     04.09.2014 10:11:17,     589.05,     1149.72,     129,     0.2,     2.3,     5.1,     18.3,     61.8,     1017.4,     255.42,     257.3,     87.9,     -177.9,     12.965,     25.02,     67.5
62,     04.09.2014 10:21:17,     606.9,     1189.92,     119,     0.2,     1.9,     3.9,     18.5,     62.8,     1017.3,     255.42,     257.3,     87.9,     -177.9
63,     04.09.2014 10:31:17,     616.35,     1208.01,     119,     0.2,     1.9,     4.1,     18.6,     61.5,     1017.3,     255.42,     257.4,     87.8,     -177.9
64,     04.09.2014 10:41:17,     628.95,     1234.14,     122,     0.1,     2.4,     5.1,     18.5,     61.9,     1017.3,     255.42,     257.4,     87.9,     -177.9
65,     04.09.2014 10:51:17,     639.45,     1252.23,     130,     0.4,     2.6,     6.2,     18.5,     59.6,     1017.2,     255.42,     257.2,     88,     -178
66,     04.09.2014 11:01:17,     649.95,     1278.36,     119,     0.4,     2.8,     5.8,     18.6,     60.7,     1017.1,     255.42,     77.5,     88,     -2
67,     04.09.2014 11:11:16,     655.2,     1282.38,     126,     0.2,     2.6,     5.8,     18.8,     60.2,     1017,     255.42,     77.8,     87.9,     -2,     12.970,     24.30,     67.4
68,     04.09.2014 11:21:16,     667.8,     1316.55,     114,     0.1,     2.2,     6.4,     18.8,     59.8,     1016.9,     255.42,     257.7,     87.8,     -177.8
69,     04.09.2014 11:31:16,     663.6,     1304.49,     114,     0.6,     2.8,     6.1,     18.8,     61.3,     1016.8,     255.42,     257.1,     87.9,     -177.9
70,     04.09.2014 11:41:16,     674.1,     1330.62,     133,     0.5,     3,     5.1,     18.9,     60.9,     1016.7,     255.42,     77.7,     87.9,     -2
71,     04.09.2014 11:51:16,     663.6,     1310.52,     106,     0.2,     2.7,     6,     19,     61.8,     1016.6,     255.42,     77.9,     87.8,     -2.2
72,     04.09.2014 12:01:16,     674.1,     1334.64,     141,     0.1,     2.8,     5.8,     19.2,     59.2,     1016.5,     255.42,     77.5,     87.9,     -2
73,     04.09.2014 12:11:17,     677.25,     1342.68,     107,     0.2,     2.4,     5.3,     19.4,     61.8,     1016.4,     255.42,     77.7,     87.9,     -2,     13.163,     24.05,     67.4
74,     04.09.2014 12:21:17,     668.85,     1322.58,     120,     0.2,     2.8,     6.8,     19.3,     59.2,     1016.3,     255.42,     257.1,     87.9,     -177.9
75,     04.09.2014 12:31:17,     667.8,     1326.6,     104,     0.2,     2.6,     5.8,     19.5,     60.8,     1016.2,     255.42,     77.3,     88.1,     -1.7
76,     04.09.2014 12:41:17,     653.1,     1292.43,     126,     0.1,     2.3,     4.7,     19.6,     57.4,     1016.2,     255.42,     77.8,     87.9,     -2
77,     04.09.2014 12:51:17,     655.2,     1298.46,     123,     0.1,     2.1,     6.3,     19.7,     57.7,     1016.1,     255.42,     77.6,     87.7,     -2.2
78,     04.09.2014 13:01:17,     642.6,     1266.3,     115,     0.4,     2.4,     4.9,     19.8,     57,     1016.1,     255.42,     77.3,     87.8,     -2.1
79,     04.09.2014 13:11:16,     636.3,     1260.27,     146,     0.1,     2.2,     5.3,     20.1,     56.6,     1016,     255.42,     77.3,     87.8,     -2.1,     12.974,     24.77,     67.1
80,     04.09.2014 13:21:16,     638.4,     1260.27,     127,     0.1,     2.2,     6.2,     20.2,     52.8,     1015.9,     255.42,     76.7,     87.9,     -2
81,     04.09.2014 13:31:16,     622.65,     1230.12,     126,     0.3,     2.5,     4.6,     20.3,     57,     1015.9,     255.42,     77.2,     87.9,     -2
82,     04.09.2014 13:41:16,     606.9,     1197.96,     108,     0.2,     2.5,     6,     20.3,     54.4,     1015.7,     255.42,     77.4,     87.8,     -2.1
83,     04.09.2014 13:51:16,     594.3,     1177.86,     114,     0,     1.7,     3.8,     20.4,     55.7,     1015.6,     255.42,     77.4,     87.8,     -2
84,     04.09.2014 14:01:16,     578.55,     1137.66,     133,     0.3,     2.5,     5.1,     20.5,     53.1,     1015.5,     255.42,     77.5,     88,     -1.9
85,     04.09.2014 14:11:17,     563.85,     1107.51,     144,     0.2,     2.3,     5.3,     20.7,     52.1,     1015.4,     255.42,     77.6,     87.9,     -2,     13.031,     25.54,     66.9
86,     04.09.2014 14:21:17,     547.05,     1073.34,     143,     0.4,     2.2,     5.3,     20.8,     53.2,     1015.3,     255.42,     77.2,     87.7,     -2.2
87,     04.09.2014 14:31:17,     531.3,     1041.18,     120,     0.3,     2,     4.8,     20.9,     53.8,     1015.2,     255.42,     77.5,     88,     -1.9
88,     04.09.2014 14:41:17,     515.55,     1005,     138,     0.6,     2.8,     5.9,     21.1,     52.6,     1015.2,     255.42,     77.5,     88,     -1.9
89,     04.09.2014 14:51:17,     493.5,     964.8,     127,     0.1,     1.7,     4.6,     21.1,     53.4,     1015.1,     255.42,     77.7,     88.1,     -1.8
90,     04.09.2014 15:01:17,     475.65,     926.61,     114,     0.7,     2.3,     4.7,     21.1,     54.1,     1015,     255.42,     77.7,     87.9,     -2
91,     04.09.2014 15:11:17,     457.8,     886.41,     124,     0.2,     2,     4.8,     21.2,     55.1,     1014.9,     255.42,     77.5,     87.9,     -2,     13.233,     26.11,     66.9
92,     04.09.2014 15:21:17,     434.7,     834.15,     126,     0.4,     2.5,     5.3,     21.2,     54.1,     1014.8,     255.42,     77.6,     87.9,     -2
93,     04.09.2014 15:31:17,     410.55,     783.9,     108,     0.2,     2.4,     5.6,     21.2,     56,     1014.8,     255.42,     77.4,     87.9,     -2
94,     04.09.2014 15:41:17,     388.5,     737.67,     142,     0.7,     3,     5.7,     21.3,     55,     1014.7,     255.42,     77.6,     87.8,     -2
95,     04.09.2014 15:51:17,     367.5,     701.49,     127,     0.2,     2.2,     5.6,     21.3,     55.3,     1014.6,     255.42,     77.3,     87.9,     -2
96,     04.09.2014 16:01:17,     344.4,     653.25,     115,     0.3,     2.3,     4.5,     21.3,     56.2,     1014.5,     255.42,     77.3,     87.9,     -2
97,     04.09.2014 16:11:17,     324.45,     613.05,     128,     0.3,     2.3,     5.5,     21.3,     55.6,     1014.4,     255.42,     77.5,     87.9,     -1.9,     13.271,     26.00,     66.9
98,     04.09.2014 16:21:17,     295.05,     552.75,     110,     0.3,     2.3,     4.8,     21.2,     56.1,     1014.3,     255.42,     77.5,     88,     -1.9
99,     04.09.2014 16:31:17,     269.85,     504.51,     124,     0.3,     2.3,     5.1,     21.3,     56.1,     1014.2,     255.42,     77.5,     88.1,     -1.8
100,     04.09.2014 16:41:17,     243.6,     456.27,     115,     0.1,     2,     4.3,     21.2,     58.3,     1014.2,     255.42,     77.2,     87.9,     -2
101,     04.09.2014 16:51:17,     216.3,     402,     110,     0.2,     2.2,     4.6,     20.9,     58.5,     1014.1,     255.42,     77.5,     88,     -1.9
102,     04.09.2014 17:01:17,     192.15,     359.79,     114,     0.6,     2.2,     5.2,     20.8,     59.9,     1014.1,     255.42,     77.4,     88,     -1.9
103,     04.09.2014 17:11:16,     165.9,     309.54,     105,     0.1,     2.1,     4.5,     20.7,     60.2,     1014,     255.42,     77.1,     87.9,     -2,     13.485,     25.65,     66.9
104,     04.09.2014 17:21:16,     141.75,     261.3,     105,     0.6,     2.2,     5.2,     20.5,     60.2,     1014,     255.42,     77.4,     87.9,     -2
105,     04.09.2014 17:31:16,     119.7,     219.09,     99,     0.2,     1.9,     4.4,     20.4,     60.6,     1014,     255.42,     77.5,     88,     -1.9
106,     04.09.2014 17:41:16,     96.6,     176.88,     94,     0.2,     1.7,     3.5,     20.2,     61.9,     1014,     255.42,     77.5,     87.9,     -2
107,     04.09.2014 17:51:16,     78.75,     140.7,     97,     0.1,     1.9,     3.8,     20,     62.1,     1014,     255.42,     77.5,     88,     -1.9
108,     04.09.2014 18:01:16,     59.85,     106.53,     97,     0.1,     1.4,     3.2,     19.8,     63.1,     1014,     255.42,     77.5,     88,     -1.9
109,     04.09.2014 18:11:16,     34.65,     70.35,     95,     0.3,     1.7,     3.9,     19.6,     63.3,     1014,     255.42,     77.5,     87.9,     -2,     13.169,     23.99,     67.4
110,     04.09.2014 18:21:16,     22.05,     46.23,     86,     0.2,     1.8,     3.8,     19.2,     64.7,     1014,     255.42,     77.5,     87.9,     -1.9
111,     04.09.2014 18:31:16,     9.45,     32.16,     95,     0.3,     2,     4.2,     18.9,     65.4,     1014,     255.42,     77.6,     88,     -1.9
112,     04.09.2014 18:41:16,     4.2,     18.09,     107,     0,     1.5,     5.5,     18.6,     66.4,     1014,     255.42,     77.5,     88,     -1.8
113,     04.09.2014 18:51:16,     -1.05,     8.04,     101,     0.2,     1.7,     3.9,     18.3,     67.5,     1014,     255.42,     77.5,     87.9,     -1.9
114,     04.09.2014 19:01:16,     -3.15,     4.02,     89,     0.2,     1.8,     4.3,     18,     68.3,     1014,     255.42,     257.1,     87.9,     -177.9
115,     04.09.2014 19:11:17,     -4.2,     0,     77,     0.1,     1.2,     2.8,     17.7,     70.6,     1014.1,     255.42,     257.2,     88,     -178,     12.715,     19.95,     69.5
116,     04.09.2014 19:21:17,     -6.3,     -2.01,     78,     0.2,     1.1,     2.1,     17.3,     72.6,     1014.1,     255.42,     77.5,     88,     -2
117,     04.09.2014 19:31:17,     -4.2,     -2.01,     85,     0.1,     1.3,     2.8,     17.1,     71.7,     1014.1,     255.42,     257.2,     87.9,     -177.9
118,     04.09.2014 19:41:17,     -4.2,     -2.01,     67,     0,     1,     2.3,     16.9,     72.9,     1014.2,     255.42,     257.2,     88,     -177.9
119,     04.09.2014 19:51:17,     -6.3,     -2.01,     65,     0.4,     1.3,     2.4,     16.6,     74.4,     1014.2,     255.42,     257.2,     87.9,     -177.9
120,     04.09.2014 20:01:17,     -5.25,     -2.01,     63,     0.1,     1.1,     2.1,     16.3,     75.9,     1014,     255.42,     257.1,     88,     -178
121,     04.09.2014 20:11:16,     -3.15,     2.01,     63,     0.1,     1.1,     2.5,     16,     76.4,     1014,     255.42,     257,     87.8,     -177.8,     12.656,     16.97,     70.2
122,     04.09.2014 20:21:16,     -4.2,     -2.01,     76,     0.2,     1.1,     2.2,     15.7,     77,     1014,     255.42,     257,     87.9,     -177.9
123,     04.09.2014 20:31:16,     -4.2,     -2.01,     59,     0.3,     1.1,     2.1,     15.7,     77.4,     1014,     255.42,     257,     88,     -178
124,     04.09.2014 20:41:16,     -4.2,     -2.01,     72,     0,     0.9,     2.2,     15.4,     78.6,     1013.9,     255.42,     257,     87.9,     -177.9
125,     04.09.2014 20:51:16,     -7.35,     -8.04,     62,     0.1,     0.9,     2,     15.4,     79,     1013.9,     255.42,     257,     87.9,     -177.9
126,     04.09.2014 21:01:16,     -5.25,     -4.02,     63,     0,     0.9,     1.8,     15.3,     79.2,     1013.8,     255.42,     257.1,     88,     -178
127,     04.09.2014 21:11:17,     -4.2,     0,     91,     0.1,     1,     2.5,     15.1,     79.7,     1013.8,     255.42,     257,     87.9,     -177.9,     12.637,     15.13,     70.6
128,     04.09.2014 21:21:17,     -5.25,     0,     81,     0,     0.8,     1.5,     15.1,     80.5,     1013.8,     255.42,     257,     87.9,     -177.9
129,     04.09.2014 21:31:17,     -4.2,     -2.01,     85,     0,     1,     2.6,     15.1,     80.6,     1013.7,     255.42,     257,     87.9,     -177.9
130,     04.09.2014 21:41:17,     -5.25,     -4.02,     83,     0.1,     1.1,     2.5,     15,     81,     1013.6,     255.42,     257,     87.9,     -177.9
131,     04.09.2014 21:51:17,     -5.25,     -4.02,     81,     0.1,     1,     2.5,     15,     81.4,     1013.7,     255.42,     257.1,     88,     -178
132,     04.09.2014 22:01:17,     -5.25,     0,     88,     0,     0.9,     2,     15,     82.8,     1013.6,     255.42,     257,     87.9,     -177.9
133,     04.09.2014 22:11:16,     -5.25,     -2.01,     113,     0,     0.5,     1.8,     15,     83.2,     1013.7,     255.42,     256.9,     88,     -178,     12.607,     14.24,     70.7
134,     04.09.2014 22:21:16,     -5.25,     -2.01,     113,     0,     0.4,     1.4,     15,     83.1,     1013.6,     255.42,     257,     87.9,     -177.9
135,     04.09.2014 22:31:16,     -4.2,     -2.01,     94,     0,     0.4,     1.1,     14.9,     83.3,     1013.6,     255.42,     257,     88,     -178
136,     04.09.2014 22:41:16,     -3.15,     -4.02,     88,     0,     0.6,     2.4,     15,     83,     1013.5,     255.42,     257,     88,     -178
137,     04.09.2014 22:51:16,     -3.15,     -4.02,     102,     0,     0.4,     1.5,     15.2,     82,     1013.6,     255.42,     257,     88,     -178
138,     04.09.2014 23:01:16,     -2.1,     0,     78,     0,     0.6,     1.3,     15.4,     81.5,     1013.5,     255.42,     257.1,     87.8,     -177.8
139,     04.09.2014 23:11:22,     -4.2,     0,     20,     0.3,     0.8,     1.6,     15.1,     83.3,     1013.4,     255.42,     257.1,     87.9,     -177.9,     12.571,     13.87,     70.7
140,     04.09.2014 23:21:22,     -4.2,     -2.01,     2,     0.6,     1.5,     2.5,     14.6,     85.5,     1013.3,     255.42,     257,     88,     -178
141,     04.09.2014 23:31:22,     -3.15,     -4.02,     24,     0.6,     1.7,     2.5,     14.7,     86.6,     1013.3,     255.42,     257.1,     88,     -178
142,     04.09.2014 23:41:22,     -4.2,     -2.01,     31,     0.9,     1.5,     2.1,     14.5,     86.3,     1013.2,     255.42,     257.1,     88,     -178
143,     04.09.2014 23:51:22,     -3.15,     0,     25,     1.2,     1.8,     2.4,     14.5,     86.4,     1013.2,     255.42,     257,     87.9,     -177.9
144,     05.09.2014 00:01:17,     -5.25,     -2.01,     32,     1.1,     1.9,     2.7,     14.4,     86.7,     1013.1,     255.42,     256.8,     87.9,     -177.9,     12.404,     13.98,     70.6