Logger: #D10248 'TSK_Meteo' - USP_EXP2 (V2.10, Jan 24 2012)
No,     Time,     #1:W/m²:0,     #2:ÂµMol:(do.),     #5:deg:2,     #6:m/sMIN:(do.),     #7:m/sMIT:(do.),     #8:m/sMAX:(do.),     #9:Â°C:(do.),     #10:%:(do.),     #11:hPa:(do.),     #12:mm:(do.),     #14:AZ:3,     #15:EL:(do.),     #16:Roll:(do.),     #HK-Bat:V,     #HK-Temp:oC,     #HK-rH:%
(GSM Transfer OK / Signal:16)
1,     11.02.2015 00:11:17,     -5.25,     -2.01,     5,     0.1,     0.5,     1.2,     1.1,     92.3,     1019.9,     432.52,     73.2,     88,     -1.9,     12.249,     0.23,     91.2
2,     11.02.2015 00:21:17,     -5.25,     -2.01,     43,     0,     0.6,     1.1,     1.1,     92.3,     1019.9,     432.52,     73.1,     88,     -1.9
3,     11.02.2015 00:31:17,     -4.2,     -2.01,     26,     0.3,     0.8,     1.9,     0.9,     92.2,     1020,     432.52,     73.1,     88,     -1.9
4,     11.02.2015 00:41:17,     -5.25,     -2.01,     34,     0.2,     0.8,     1.8,     1.2,     92.5,     1020,     432.52,     73.2,     88,     -1.9
5,     11.02.2015 00:51:17,     -2.1,     -2.01,     24,     0,     0.9,     2.2,     1.5,     92.6,     1020.1,     432.52,     73.1,     88,     -1.9
6,     11.02.2015 01:01:17,     -4.2,     -2.01,     329,     0.2,     1,     2.4,     1.6,     92.6,     1020,     432.52,     73.3,     88.1,     -1.8
7,     11.02.2015 01:11:16,     -3.15,     0,     2,     0,     0.8,     2.3,     1.7,     92.6,     1020,     432.52,     73.3,     88.1,     -1.8,     12.467,     -0.01,     93.4
8,     11.02.2015 01:21:16,     -3.15,     -2.01,     27,     0.2,     1.2,     3.1,     1.6,     92.4,     1020,     432.52,     73.2,     88.1,     -1.8
9,     11.02.2015 01:31:16,     -3.15,     -2.01,     25,     0.5,     1.3,     2.8,     1.8,     92.5,     1019.9,     432.52,     73.3,     88,     -1.9
10,     11.02.2015 01:41:16,     -1.05,     0,     352,     0.1,     1.1,     2.7,     1.8,     92.4,     1019.9,     432.52,     73.2,     88,     -1.9
11,     11.02.2015 01:51:16,     -2.1,     -2.01,     333,     0.4,     1.4,     2.9,     2.2,     92.5,     1019.9,     432.52,     73.3,     88.1,     -1.8
12,     11.02.2015 02:01:16,     -2.1,     0,     348,     0.7,     1.6,     4,     2.3,     92.5,     1020,     432.52,     73.4,     88,     -1.9
13,     11.02.2015 02:11:17,     -2.1,     -2.01,     332,     0.8,     2,     4,     2.4,     92.4,     1020,     432.52,     73.3,     88.1,     -1.8,     12.444,     1.33,     93.2
14,     11.02.2015 02:21:17,     -1.05,     -2.01,     320,     0.3,     1.5,     3.1,     2.4,     92.4,     1020.1,     432.52,     73.4,     88.1,     -1.8
15,     11.02.2015 02:31:17,     -1.05,     -2.01,     325,     0.3,     1.5,     2.8,     2.4,     92.3,     1020,     432.52,     73.4,     88,     -1.9
16,     11.02.2015 02:41:17,     -1.05,     0,     303,     0.4,     1.8,     3,     2.4,     92.3,     1020.1,     432.52,     73.5,     88.1,     -1.8
17,     11.02.2015 02:51:17,     -1.05,     0,     316,     0.3,     1.9,     3.3,     2.4,     92.3,     1020.1,     432.52,     73.4,     88.1,     -1.8
18,     11.02.2015 03:01:17,     -1.05,     -2.01,     335,     1.3,     2.1,     3.8,     2.4,     92.3,     1019.9,     432.52,     73.6,     88,     -1.9
19,     11.02.2015 03:11:16,     -1.05,     0,     325,     0.8,     2.1,     3.5,     2.4,     92.4,     1019.9,     432.52,     73.6,     88,     -1.9,     12.418,     2.57,     92.5
20,     11.02.2015 03:21:16,     -1.05,     0,     334,     0.9,     2,     3.2,     2.4,     92.4,     1019.8,     432.52,     73.4,     88,     -1.9
21,     11.02.2015 03:31:16,     -1.05,     0,     336,     0.3,     2,     3.8,     2.4,     92.4,     1019.9,     432.52,     73.6,     88,     -1.9
22,     11.02.2015 03:41:16,     -1.05,     0,     0,     0,     0,     0,     2.3,     92.4,     1019.9,     432.52,     73.8,     88,     -1.9
23,     11.02.2015 03:51:16,     -2.1,     -2.01,     0,     0,     0,     0,     2.3,     92.4,     1019.9,     432.52,     73.6,     88,     -1.9
24,     11.02.2015 04:01:16,     0,     0,     8,     2.5,     4.3,     5.6,     2.3,     92.4,     1019.9,     432.52,     73.8,     88.1,     -1.8
25,     11.02.2015 04:11:16,     -1.05,     -2.01,     1,     2.7,     3.9,     5.1,     2.2,     92.4,     1019.9,     432.52,     73.4,     88.1,     -1.8,     12.399,     2.95,     92.5
26,     11.02.2015 04:21:16,     -1.05,     -2.01,     0,     0,     0,     0,     2.2,     92.5,     1019.9,     432.52,     73.8,     88.1,     -1.8
27,     11.02.2015 04:31:16,     0,     2.01,     324,     1.5,     3.1,     5.1,     2.2,     92.5,     1019.8,     432.52,     73.6,     88.1,     -1.8
28,     11.02.2015 04:41:16,     -1.05,     -2.01,     337,     1,     2.5,     4,     2.1,     92.5,     1019.9,     432.52,     73.6,     88,     -1.9
29,     11.02.2015 04:51:16,     -1.05,     -2.01,     334,     1.2,     2.3,     3.8,     2.1,     92.6,     1020,     432.52,     73.4,     88,     -1.9
30,     11.02.2015 05:01:16,     -1.05,     -2.01,     338,     1.5,     2.7,     4.3,     2,     92.6,     1019.9,     432.52,     73.3,     88.1,     -1.8
31,     11.02.2015 05:11:17,     -1.05,     -2.01,     338,     1.3,     2.4,     4.2,     2,     92.6,     1019.9,     432.52,     73.6,     88,     -1.9,     12.385,     2.87,     92.5
32,     11.02.2015 05:21:17,     -1.05,     0,     313,     1.3,     2.7,     4.4,     1.9,     92.6,     1019.9,     432.52,     73.7,     88.1,     -1.8
33,     11.02.2015 05:31:17,     -1.05,     0,     331,     1,     1.9,     3.6,     1.9,     92.7,     1019.9,     432.52,     73.4,     88,     -1.9
34,     11.02.2015 05:41:17,     -1.05,     0,     316,     1.3,     2.7,     4.5,     1.9,     92.7,     1019.9,     432.52,     73.5,     88,     -1.9
35,     11.02.2015 05:51:17,     -2.1,     -2.01,     0,     0,     0,     0,     1.9,     92.7,     1020,     432.52,     73.3,     88,     -1.9
36,     11.02.2015 06:01:17,     -1.05,     -2.01,     0,     0,     0,     0,     1.8,     92.7,     1020.1,     432.52,     73.3,     88.1,     -1.8
37,     11.02.2015 06:11:16,     -3.15,     -4.02,     0,     0,     0,     0,     1.8,     92.7,     1020,     432.52,     73.7,     88,     -1.9,     12.361,     2.75,     92.6
38,     11.02.2015 06:21:16,     0,     -2.01,     338,     1.6,     3.7,     6.8,     1.8,     92.7,     1020,     432.52,     73.8,     88,     -1.9
39,     11.02.2015 06:31:16,     -1.05,     0,     351,     1.5,     2.5,     3.7,     1.8,     92.8,     1020.1,     432.52,     73.3,     88.1,     -1.8
40,     11.02.2015 06:41:16,     0,     -2.01,     350,     0.9,     2.2,     3.7,     1.8,     92.8,     1020,     432.52,     73.3,     87.9,     -2
41,     11.02.2015 06:51:16,     -1.05,     -2.01,     341,     0.9,     1.7,     3.1,     1.8,     92.8,     1020.2,     432.52,     73.8,     88.1,     -1.8
42,     11.02.2015 07:01:16,     -1.05,     -2.01,     335,     0.7,     1.8,     2.8,     1.8,     92.8,     1020.1,     432.52,     73.4,     88,     -1.9
43,     11.02.2015 07:11:16,     -1.05,     -2.01,     337,     1.5,     2.8,     4.8,     1.8,     92.9,     1020.1,     432.52,     73.4,     88.1,     -1.8,     12.951,     2.69,     92.6
44,     11.02.2015 07:21:16,     -1.05,     -2.01,     342,     0.8,     2,     3.4,     1.8,     92.9,     1020.2,     432.52,     73.4,     88,     -1.9
45,     11.02.2015 07:31:16,     0,     0,     339,     0.9,     1.9,     3.6,     1.8,     92.9,     1020.2,     432.52,     73.6,     88,     -1.9
46,     11.02.2015 07:41:16,     0,     2.01,     342,     0.7,     1.5,     2.7,     1.8,     92.9,     1020.2,     432.52,     73.5,     87.9,     -2
47,     11.02.2015 07:51:16,     1.05,     6.03,     343,     0.8,     1.8,     3.2,     1.8,     92.9,     1020.3,     432.52,     73.4,     88.1,     -1.8
48,     11.02.2015 08:01:16,     5.25,     10.05,     357,     1.1,     2.7,     4.4,     1.9,     92.9,     1020.3,     432.52,     73.6,     87.9,     -1.9
49,     11.02.2015 08:11:17,     7.35,     18.09,     38,     0.8,     1.7,     2.8,     1.9,     92.9,     1020.3,     432.52,     73.5,     88,     -1.9,     12.628,     2.69,     92.7
50,     11.02.2015 08:21:17,     12.6,     26.13,     37,     0.8,     2,     3.5,     1.9,     92.9,     1020.3,     432.52,     73.4,     88,     -1.9
51,     11.02.2015 08:31:17,     14.7,     32.16,     20,     0.6,     2.1,     4.1,     1.9,     92.9,     1020.4,     432.52,     73.7,     88,     -1.9
52,     11.02.2015 08:41:17,     16.8,     34.17,     15,     0.3,     2.1,     5.6,     1.9,     92.9,     1020.4,     432.52,     73.7,     88,     -1.8
53,     11.02.2015 08:51:17,     21,     44.22,     347,     0.7,     1.8,     3,     2,     92.9,     1020.4,     432.52,     73.4,     88,     -1.9
54,     11.02.2015 09:01:17,     23.1,     50.25,     357,     1,     2,     3.6,     2.1,     92.9,     1020.4,     432.52,     73.4,     88.1,     -1.8
55,     11.02.2015 09:11:16,     26.25,     56.28,     5,     0.8,     1.6,     2.5,     2.1,     92.9,     1020.5,     432.52,     73.4,     88.1,     -1.8,     12.683,     2.89,     92.7
56,     11.02.2015 09:21:16,     32.55,     68.34,     34,     1.2,     2.9,     4.8,     2.1,     92.9,     1020.5,     432.52,     73,     88.2,     -1.7
57,     11.02.2015 09:31:16,     33.6,     74.37,     37,     1.4,     2.9,     4.7,     2.1,     92.9,     1020.5,     432.52,     73.6,     88,     -1.9
58,     11.02.2015 09:41:16,     42,     88.44,     45,     1.3,     2.6,     4.2,     2.1,     92.9,     1020.5,     432.52,     73.3,     88.1,     -1.8
59,     11.02.2015 09:51:16,     40.95,     86.43,     38,     0.7,     2.3,     3.8,     2.1,     92.9,     1020.6,     432.52,     73.5,     88.1,     -1.8
60,     11.02.2015 10:01:16,     39.9,     84.42,     34,     0.7,     1.9,     3,     2.2,     92.9,     1020.5,     432.52,     73.5,     88.1,     -1.8
61,     11.02.2015 10:11:16,     54.6,     112.56,     12,     0.6,     1.9,     3.8,     2.2,     92.8,     1020.5,     432.52,     73.4,     88,     -1.9,     12.936,     3.27,     92.5
62,     11.02.2015 10:21:16,     52.5,     108.54,     30,     0.9,     2.3,     4.9,     2.2,     92.8,     1020.6,     432.52,     73.3,     88,     -1.8
63,     11.02.2015 10:31:16,     57.75,     122.61,     36,     1,     2.6,     4.2,     2.2,     92.8,     1020.7,     432.52,     73.3,     87.8,     -2.1
64,     11.02.2015 10:41:16,     47.25,     102.51,     354,     0.6,     1.7,     2.8,     2.3,     92.8,     1020.8,     432.52,     73.9,     88,     -1.8
65,     11.02.2015 10:51:16,     51.45,     106.53,     356,     1.1,     2.1,     3.8,     2.3,     92.8,     1020.8,     432.52,     73.5,     88,     -1.8
66,     11.02.2015 11:01:16,     55.65,     118.59,     334,     1,     2.3,     4.4,     2.3,     92.7,     1020.9,     432.52,     73.2,     88,     -1.9
67,     11.02.2015 11:11:17,     56.7,     120.6,     342,     1.1,     2.5,     3.6,     2.2,     92.7,     1020.9,     432.52,     73.5,     88,     -1.9,     13.160,     3.63,     92.4
68,     11.02.2015 11:21:17,     57.75,     122.61,     334,     1.1,     2.4,     3.9,     2.2,     92.6,     1020.8,     432.52,     73.6,     88.1,     -1.8
69,     11.02.2015 11:31:17,     57.75,     122.61,     342,     1.2,     2.3,     3.5,     2.2,     92.6,     1020.7,     432.52,     73.6,     88.1,     -1.8
70,     11.02.2015 11:41:17,     67.2,     140.7,     324,     0.7,     2,     3.3,     2.2,     92.6,     1020.6,     432.52,     73.6,     88,     -1.9
71,     11.02.2015 11:51:17,     64.05,     136.68,     322,     0.9,     1.8,     3,     2.2,     92.5,     1020.5,     432.52,     73.8,     88,     -1.9
72,     11.02.2015 12:01:17,     67.2,     144.72,     333,     1,     2.1,     3.9,     2.2,     92.4,     1020.4,     432.52,     73.5,     88.1,     -1.8
73,     11.02.2015 12:11:16,     64.05,     136.68,     334,     0.4,     1.2,     2,     2.2,     92.4,     1020.5,     432.52,     73.5,     88,     -1.9,     12.650,     3.83,     92.5
74,     11.02.2015 12:21:16,     63,     134.67,     328,     0.3,     1,     2.1,     2.2,     92.4,     1020.5,     432.52,     73.6,     88,     -1.9
75,     11.02.2015 12:31:16,     60.9,     130.65,     3,     0,     1.2,     2.5,     2.2,     92.3,     1020.3,     432.52,     73.5,     88,     -1.9
76,     11.02.2015 12:41:16,     57.75,     124.62,     327,     0,     0.7,     1.7,     2.3,     92.3,     1020.4,     432.52,     73.6,     88.1,     -1.8
77,     11.02.2015 12:51:16,     66.15,     142.71,     324,     0.1,     1,     2.9,     2.3,     92.2,     1020.3,     432.52,     73.6,     88.1,     -1.8
78,     11.02.2015 13:01:16,     69.3,     146.73,     302,     0.2,     1.6,     2.5,     2.3,     92.2,     1020.2,     432.52,     73.7,     88,     -1.9
79,     11.02.2015 13:11:16,     69.3,     144.72,     303,     0.5,     1.5,     2.4,     2.2,     92.1,     1020.1,     432.52,     73.6,     88,     -1.8,     13.296,     4.15,     92.3
80,     11.02.2015 13:21:16,     72.45,     148.74,     334,     0.6,     1.6,     3.4,     2.3,     92.1,     1019.9,     432.52,     73.6,     88,     -1.9
81,     11.02.2015 13:31:16,     70.35,     146.73,     334,     0,     0.8,     2.4,     2.3,     92,     1019.9,     432.52,     73.6,     88,     -1.9
82,     11.02.2015 13:41:16,     67.2,     140.7,     268,     0.8,     1.8,     2.7,     2.2,     91.8,     1019.8,     432.52,     73.7,     88,     -1.9
83,     11.02.2015 13:51:16,     58.8,     124.62,     257,     0.1,     1.3,     2.7,     2.2,     91.9,     1019.7,     432.52,     73.6,     88.1,     -1.8
84,     11.02.2015 14:01:16,     53.55,     118.59,     204,     0,     0.7,     1.9,     2.2,     91.8,     1019.6,     432.52,     73.7,     88.1,     -1.9
85,     11.02.2015 14:11:16,     55.65,     120.6,     286,     0.1,     0.8,     2,     2.2,     91.7,     1019.5,     432.52,     73.6,     87.9,     -2,     13.525,     4.31,     92.2
86,     11.02.2015 14:21:16,     53.55,     114.57,     315,     0.1,     0.7,     1.5,     2.2,     91.7,     1019.3,     432.52,     73.5,     88,     -1.9
87,     11.02.2015 14:31:16,     45.15,     94.47,     35,     0.2,     0.9,     1.6,     2.1,     91.5,     1019.3,     432.52,     73.6,     88,     -1.9
88,     11.02.2015 14:41:16,     43.05,     92.46,     1,     0,     0.5,     1.2,     2.2,     91.6,     1019.3,     432.52,     73.6,     88,     -1.9
89,     11.02.2015 14:51:16,     45.15,     96.48,     48,     0,     0.4,     1,     2.2,     91.6,     1019.2,     432.52,     73.5,     88,     -1.8
90,     11.02.2015 15:01:16,     40.95,     86.43,     45,     0.2,     0.8,     1.7,     2.1,     91.4,     1019.1,     432.52,     73.4,     88,     -1.8
91,     11.02.2015 15:11:16,     33.6,     74.37,     47,     0,     0.4,     1.1,     2.2,     91.5,     1019,     432.52,     73.5,     88.1,     -1.8,     13.220,     4.23,     92.2
92,     11.02.2015 15:21:16,     29.4,     64.32,     320,     0.2,     0.7,     1.2,     2.2,     91.5,     1019,     432.52,     73.5,     88,     -1.9
93,     11.02.2015 15:31:16,     27.3,     58.29,     251,     0.2,     1.2,     2.3,     2.2,     91.6,     1019,     432.52,     73.8,     88.1,     -1.8
94,     11.02.2015 15:41:16,     25.2,     52.26,     239,     0.3,     1.3,     2.4,     2.2,     91.7,     1018.9,     432.52,     73.8,     88.1,     -1.8
95,     11.02.2015 15:51:16,     19.95,     44.22,     217,     0.9,     1.8,     2.9,     2.2,     91.7,     1018.8,     432.52,     73.4,     88.1,     -1.8
96,     11.02.2015 16:01:16,     16.8,     36.18,     231,     0.9,     2,     3.3,     2.1,     91.7,     1018.7,     432.52,     74.2,     88.1,     -1.8
97,     11.02.2015 16:11:16,     13.65,     32.16,     228,     1.8,     2.6,     4.2,     2,     91.7,     1018.6,     432.52,     73.9,     88,     -1.9,     13.835,     3.79,     92.3
98,     11.02.2015 16:21:16,     11.55,     26.13,     247,     0.7,     2.3,     3.3,     1.8,     91.7,     1018.7,     432.52,     73.9,     87.9,     -1.9
99,     11.02.2015 16:31:16,     7.35,     16.08,     220,     0.5,     1.8,     3,     1.8,     91.7,     1018.6,     432.52,     74,     88.1,     -1.8
100,     11.02.2015 16:41:16,     4.2,     12.06,     211,     1.3,     2.3,     3.7,     1.7,     91.8,     1018.5,     432.52,     73.8,     88.1,     -1.8
101,     11.02.2015 16:51:16,     3.15,     6.03,     218,     0.5,     2.1,     4,     1.5,     91.7,     1018.5,     432.52,     73.4,     88.1,     -1.8
102,     11.02.2015 17:01:16,     1.05,     4.02,     209,     0.3,     1.6,     3.4,     1.6,     91.9,     1018.4,     432.52,     73.7,     88,     -1.9
103,     11.02.2015 17:11:17,     1.05,     2.01,     208,     0.1,     1.3,     3.3,     1.6,     91.9,     1018.5,     432.52,     73.7,     88,     -1.9,     12.821,     3.00,     92.5
104,     11.02.2015 17:21:17,     -1.05,     0,     247,     0.8,     2,     3.1,     1.6,     92,     1018.4,     432.52,     73.6,     88.1,     -1.8
105,     11.02.2015 17:31:17,     -2.1,     -2.01,     232,     0.7,     2,     3.4,     1.5,     91.9,     1018.5,     432.52,     73.5,     88.1,     -1.8
106,     11.02.2015 17:41:17,     -1.05,     -2.01,     217,     0.1,     0.9,     2.1,     1.5,     92,     1018.5,     432.52,     73.4,     88,     -1.9
107,     11.02.2015 17:51:17,     -1.05,     -2.01,     195,     0.8,     1.9,     2.8,     1.5,     91.9,     1018.5,     432.52,     73.4,     88.1,     -1.8
108,     11.02.2015 18:01:17,     -1.05,     -2.01,     227,     0.7,     1.7,     2.9,     1.4,     91.9,     1018.5,     432.52,     73.6,     88,     -1.9
109,     11.02.2015 18:11:16,     -3.15,     -4.02,     215,     1,     1.7,     3.5,     1.5,     91.9,     1018.4,     432.52,     73.3,     88.1,     -1.8,     12.626,     2.53,     92.7
110,     11.02.2015 18:21:16,     0,     0,     206,     1.2,     2.1,     3.5,     1.5,     91.9,     1018.5,     432.52,     73.5,     88,     -1.9
111,     11.02.2015 18:31:16,     -2.1,     0,     215,     1.1,     2.1,     3.8,     1.6,     92,     1018.5,     432.52,     73.5,     88,     -1.9
112,     11.02.2015 18:41:16,     -1.05,     0,     203,     1.7,     3.1,     4.8,     1.4,     91.9,     1018.4,     432.52,     73.8,     88,     -1.9
113,     11.02.2015 18:51:16,     -2.1,     -2.01,     188,     2.3,     3.8,     5.4,     1.3,     91.9,     1018.4,     432.52,     73.4,     88.1,     -1.8
114,     11.02.2015 19:01:16,     1.05,     4.02,     177,     2.8,     4.2,     5.7,     1.3,     91.9,     1018.4,     432.52,     73.6,     87.9,     -1.9
115,     11.02.2015 19:11:16,     -2.1,     -2.01,     194,     1.1,     3.1,     5.4,     1.4,     91.9,     1018.4,     432.52,     73.7,     88.1,     -1.8,     12.567,     2.33,     92.8
116,     11.02.2015 19:21:16,     -1.05,     0,     190,     2,     3.1,     4.2,     1.4,     91.9,     1018.3,     432.52,     73.7,     88,     -1.9
117,     11.02.2015 19:31:16,     -1.05,     -2.01,     197,     1.5,     2.7,     4.5,     1.4,     91.9,     1018.3,     432.52,     74.1,     88,     -1.9
118,     11.02.2015 19:41:16,     -1.05,     -2.01,     202,     1.6,     3.2,     5.2,     1.5,     91.9,     1018.3,     432.52,     73.6,     88.1,     -1.8
119,     11.02.2015 19:51:16,     -1.05,     0,     237,     0.7,     2.3,     4.1,     1.4,     91.8,     1018.2,     432.52,     73.7,     88.1,     -1.8
120,     11.02.2015 20:01:16,     0,     -2.01,     231,     1.2,     2.3,     3.4,     1.5,     91.9,     1018.1,     432.52,     73.4,     88.1,     -1.8
121,     11.02.2015 20:11:16,     -1.05,     -2.01,     208,     1.1,     2.2,     3.5,     1.5,     92,     1018.1,     432.52,     73.6,     88,     -1.8,     12.537,     2.27,     92.8
122,     11.02.2015 20:21:16,     -1.05,     -2.01,     210,     1.3,     2.5,     3.8,     1.5,     92,     1018.1,     432.52,     73.7,     88.1,     -1.8
123,     11.02.2015 20:31:16,     -1.05,     -2.01,     232,     0.9,     2.7,     5.2,     1.6,     92,     1018,     432.52,     74,     88,     -1.9
124,     11.02.2015 20:41:16,     -3.15,     -6.03,     233,     1.2,     2.4,     3.9,     1.6,     92.1,     1017.9,     432.52,     73.4,     88,     -1.9
125,     11.02.2015 20:51:16,     -1.05,     -2.01,     230,     0.9,     1.8,     3.2,     1.7,     92.1,     1018,     432.52,     73.7,     88.1,     -1.8
126,     11.02.2015 21:01:16,     -1.05,     -2.01,     223,     1.7,     2.5,     3.9,     1.7,     92.1,     1017.8,     432.52,     73.8,     88,     -1.8
127,     11.02.2015 21:11:17,     -1.05,     0,     220,     1.5,     2.7,     4.1,     1.6,     92.1,     1017.7,     432.52,     73.8,     88,     -1.9,     12.493,     2.36,     92.8
128,     11.02.2015 21:21:17,     -1.05,     0,     232,     1.6,     2.6,     4.2,     1.6,     92,     1017.5,     432.52,     73.6,     88,     -1.9
129,     11.02.2015 21:31:17,     -1.05,     -2.01,     216,     1.3,     2.6,     4,     1.6,     92,     1017.6,     432.52,     73.9,     88,     -1.9
130,     11.02.2015 21:41:17,     -2.1,     -2.01,     213,     1.7,     2.7,     4.4,     1.6,     91.8,     1017.6,     432.52,     73.6,     88,     -1.9
131,     11.02.2015 21:51:17,     -1.05,     0,     219,     1.4,     2.6,     5.3,     1.7,     91.7,     1017.6,     432.52,     74.6,     88.1,     -1.9
132,     11.02.2015 22:01:17,     -1.05,     0,     219,     1.4,     2.9,     6,     1.7,     91.4,     1017.5,     432.52,     73.5,     88.1,     -1.8
133,     11.02.2015 22:11:16,     -1.05,     0,     223,     1.6,     2.6,     3.9,     1.7,     91.1,     1017.6,     432.52,     73.7,     88.1,     -1.8,     12.461,     2.41,     92.8
134,     11.02.2015 22:21:16,     -2.1,     -2.01,     224,     0.9,     2,     3.4,     1.8,     90.8,     1017.4,     432.52,     73.4,     88.1,     -1.9
135,     11.02.2015 22:31:16,     -1.05,     0,     228,     0.4,     2.1,     3.7,     1.9,     90.5,     1017.4,     432.52,     73.9,     88,     -1.9
136,     11.02.2015 22:41:16,     -1.05,     -2.01,     225,     1,     2,     3.6,     2,     90.2,     1017.3,     432.52,     73.3,     88,     -1.9
137,     11.02.2015 22:51:16,     -2.1,     -4.02,     221,     0.9,     1.9,     3.3,     2,     89.9,     1017.3,     432.52,     73.7,     88.1,     -1.8
138,     11.02.2015 23:01:16,     -1.05,     -4.02,     221,     1,     2,     3.9,     2,     89.6,     1017.3,     432.52,     74.4,     88.1,     -1.9
139,     11.02.2015 23:11:17,     -1.05,     -2.01,     210,     1.6,     2.8,     5.1,     2.1,     89,     1017.2,     432.52,     73.7,     88,     -1.9,     12.418,     2.57,     92.8
140,     11.02.2015 23:21:17,     -2.1,     -2.01,     216,     0.9,     2,     3.1,     2.2,     89,     1017.2,     432.52,     73.7,     88,     -1.9
141,     11.02.2015 23:31:17,     -2.1,     -2.01,     236,     1.3,     2.4,     3.7,     2.2,     88.6,     1017.2,     432.52,     73.7,     87.9,     -2
142,     11.02.2015 23:41:17,     -1.05,     -2.01,     233,     0.9,     1.6,     3.1,     2.2,     88.5,     1017.2,     432.52,     73.5,     88,     -1.9
143,     11.02.2015 23:51:17,     -2.1,     -2.01,     223,     0.9,     2.3,     4,     2.2,     88.4,     1017.1,     432.52,     73.8,     88.1,     -1.9
144,     12.02.2015 00:01:16,     -2.1,     -2.01,     232,     1.6,     2.7,     4.4,     2.3,     87.6,     1017.2,     432.52,     73.8,     88.1,     -1.8,     13.733,     2.73,     92.7