Logger: #D10248 'TSK_Meteo' - USP_EXP2 (V2.10, Jan 24 2012)
No,     Time,     #1:W/m²:0,     #2:ÂµMol:(do.),     #5:deg:2,     #6:m/sMIN:(do.),     #7:m/sMIT:(do.),     #8:m/sMAX:(do.),     #9:Â°C:(do.),     #10:%:(do.),     #11:hPa:(do.),     #12:mm:(do.),     #14:AZ:3,     #15:EL:(do.),     #16:Roll:(do.),     #HK-Bat:V,     #HK-Temp:oC,     #HK-rH:%
(GSM Transfer OK / Signal:15)
1,     30.06.2014 00:11:21,     -4.2,     -2.01,     300,     0.6,     1.8,     2.8,     13.5,     86.6,     1001.3,     100.47,     255.2,     87.9,     -177.9,     12.512,     13.99,     69.1
2,     30.06.2014 00:21:21,     -4.2,     0,     290,     1.1,     2.1,     3.6,     13.3,     86,     1001.3,     100.47,     255.1,     87.9,     -177.9
3,     30.06.2014 00:31:21,     -4.2,     -4.02,     290,     0.6,     2.1,     3.6,     13.1,     86.4,     1001.2,     100.47,     255.2,     87.9,     -177.9
4,     30.06.2014 00:41:21,     -4.2,     -2.01,     293,     0.2,     1.7,     3.1,     12.9,     87,     1001.3,     100.47,     255,     87.8,     -177.9
5,     30.06.2014 00:51:21,     -2.1,     0,     310,     0.2,     1.5,     2.9,     12.8,     86.9,     1001.4,     100.47,     255.1,     88,     -178
6,     30.06.2014 01:01:21,     -3.15,     0,     325,     0.1,     0.9,     2.3,     12.8,     87.8,     1001.3,     100.47,     255.2,     88,     -178
7,     30.06.2014 01:11:22,     -4.2,     -4.02,     303,     0.2,     1.4,     2.7,     12.8,     87.6,     1001.2,     100.47,     255.1,     87.9,     -178,     12.550,     12.91,     70.4
8,     30.06.2014 01:21:22,     -4.2,     -4.02,     287,     1.1,     1.9,     3.1,     12.9,     87.7,     1001.3,     100.47,     255.2,     87.9,     -177.9
9,     30.06.2014 01:31:22,     -4.2,     -4.02,     288,     1,     2.1,     3.1,     12.9,     88,     1001.4,     100.47,     255.1,     88,     -178
10,     30.06.2014 01:41:22,     -3.15,     -2.01,     297,     1,     1.7,     2.5,     12.8,     87.8,     1001.5,     100.47,     255.1,     88,     -178
11,     30.06.2014 01:51:22,     -3.15,     -2.01,     292,     0.4,     1.6,     2.8,     12.6,     88.1,     1001.5,     100.47,     255.1,     87.9,     -177.9
12,     30.06.2014 02:01:22,     -3.15,     -2.01,     296,     0.1,     1.2,     2.8,     12.8,     88.8,     1001.4,     100.47,     255,     87.9,     -177.9
13,     30.06.2014 02:11:22,     -4.2,     -2.01,     319,     0,     1,     2,     12.7,     89,     1001.4,     100.47,     255.1,     87.9,     -178,     12.537,     12.68,     70.5
14,     30.06.2014 02:21:22,     -3.15,     0,     307,     0.1,     1.1,     2.2,     12.8,     88.9,     1001.4,     100.47,     255.1,     88,     -178
15,     30.06.2014 02:31:22,     -3.15,     -4.02,     318,     0.1,     1.1,     3.1,     12.7,     89.4,     1001.3,     100.47,     255.1,     88,     -178
16,     30.06.2014 02:41:22,     -5.25,     -2.01,     316,     0.1,     1.3,     2.7,     12.6,     89,     1001.2,     100.47,     255,     87.9,     -177.9
17,     30.06.2014 02:51:22,     -4.2,     -2.01,     316,     0.2,     1.6,     2.9,     12.5,     89.6,     1001.2,     100.48,     255.1,     87.9,     -177.9
18,     30.06.2014 03:01:22,     -3.15,     -4.02,     316,     0.2,     1.3,     2.7,     12.5,     89.7,     1001.2,     100.48,     255.2,     87.9,     -178
19,     30.06.2014 03:11:17,     -1.05,     0,     350,     0,     0.9,     1.9,     12.5,     89.7,     1001.3,     100.48,     255.1,     88,     -177.9,     12.497,     12.44,     70.6
20,     30.06.2014 03:21:17,     -2.1,     -2.01,     317,     0,     0.9,     3.1,     12.4,     89.7,     1001.4,     100.48,     255.1,     87.9,     -178
21,     30.06.2014 03:31:17,     -1.05,     -2.01,     315,     0,     0.7,     2.1,     12.5,     90,     1001.4,     100.48,     255.1,     87.9,     -177.9
22,     30.06.2014 03:41:17,     2.1,     6.03,     320,     0,     0.7,     2.2,     12.6,     89.9,     1001.6,     100.48,     255.1,     87.8,     -177.9
23,     30.06.2014 03:51:17,     1.05,     4.02,     292,     0.2,     1.6,     3.4,     12.6,     89.8,     1001.6,     100.48,     254.9,     87.8,     -177.9
24,     30.06.2014 04:01:17,     6.3,     16.08,     349,     0.1,     0.9,     1.8,     12.6,     90,     1001.7,     100.48,     255,     87.8,     -177.9
25,     30.06.2014 04:11:16,     13.65,     32.16,     350,     0.1,     0.9,     2.1,     12.6,     89.6,     1001.7,     100.48,     255,     88,     -178.1,     12.501,     12.50,     70.6
26,     30.06.2014 04:21:16,     24.15,     54.27,     281,     0,     1.1,     2.5,     12.4,     89.7,     1001.8,     100.48,     255.2,     87.9,     -177.9
27,     30.06.2014 04:31:16,     32.55,     70.35,     279,     0.1,     1.4,     3.2,     12.4,     90,     1001.8,     100.48,     255.2,     87.9,     -177.9
28,     30.06.2014 04:41:16,     43.05,     88.44,     274,     0,     1.2,     2.8,     12.5,     89.9,     1001.9,     100.48,     255.3,     87.8,     -177.9
29,     30.06.2014 04:51:16,     49.35,     94.47,     295,     0.3,     1.6,     3.2,     12.4,     89.7,     1002,     100.48,     255.2,     87.9,     -178
30,     30.06.2014 05:01:16,     39.9,     90.45,     288,     0,     0.9,     1.9,     12.5,     90,     1002.1,     100.48,     255.1,     87.9,     -177.9
31,     30.06.2014 05:11:17,     48.3,     110.55,     295,     0.1,     1.2,     2.4,     12.4,     89.5,     1002.2,     100.48,     255.1,     87.9,     -177.9,     12.813,     12.92,     70.9
32,     30.06.2014 05:21:17,     86.1,     170.85,     290,     1.2,     2,     3,     12.3,     89.9,     1002.2,     100.48,     255.2,     87.9,     -177.9
33,     30.06.2014 05:31:17,     120.75,     231.15,     299,     0.3,     1.7,     2.9,     12.3,     89.7,     1002.4,     100.48,     255.2,     87.9,     -178
34,     30.06.2014 05:41:17,     193.2,     351.75,     293,     0.1,     1.3,     2.9,     12.5,     89.5,     1002.4,     100.48,     255.4,     87.8,     -177.9
35,     30.06.2014 05:51:17,     214.2,     399.99,     293,     0.6,     2,     2.9,     12.6,     88.9,     1002.3,     100.48,     255.5,     88.1,     -178
36,     30.06.2014 06:01:17,     152.25,     295.47,     298,     0.9,     2.3,     3.3,     12.7,     88.6,     1002.2,     100.48,     255.5,     88.1,     -178.1
37,     30.06.2014 06:11:22,     67.2,     156.78,     297,     0.6,     2.1,     3.3,     12.7,     89.2,     1002.2,     100.48,     255.3,     87.9,     -177.9,     13.305,     16.75,     70.7
38,     30.06.2014 06:21:22,     103.95,     223.11,     302,     0.7,     1.9,     3.4,     12.7,     89.6,     1002.3,     100.48,     255.2,     88,     -178
39,     30.06.2014 06:31:22,     115.5,     247.23,     314,     0.7,     1.6,     2.9,     12.8,     89.5,     1002.4,     100.48,     255.3,     87.9,     -177.9
40,     30.06.2014 06:41:22,     161.7,     329.64,     339,     0.8,     1.8,     3.1,     13,     89.7,     1002.7,     100.48,     255.3,     88,     -178
41,     30.06.2014 06:51:22,     176.4,     359.79,     333,     0.6,     1.6,     2.8,     13.3,     90.1,     1002.7,     100.48,     255.2,     87.9,     -177.9
42,     30.06.2014 07:01:22,     162.75,     339.69,     331,     0.9,     1.9,     3.1,     13.3,     88.4,     1002.8,     100.48,     255.3,     88.1,     -178.1
43,     30.06.2014 07:11:22,     168,     410.04,     350,     0.6,     1.5,     2.3,     13.5,     88.2,     1002.7,     100.48,     255.2,     88,     -178,     13.451,     16.32,     70.1
44,     30.06.2014 07:21:22,     351.75,     717.57,     359,     0.1,     0.8,     1.4,     13.8,     86.5,     1002.7,     100.48,     255.3,     87.9,     -177.9
45,     30.06.2014 07:31:22,     437.85,     880.38,     11,     0,     0.6,     1.3,     14.2,     84.5,     1002.7,     100.48,     255.3,     87.9,     -177.9
46,     30.06.2014 07:41:22,     201.6,     434.16,     343,     0,     0.7,     1.7,     14.5,     83.2,     1002.8,     100.48,     255.3,     87.9,     -177.9
47,     30.06.2014 07:51:22,     116.55,     255.27,     264,     0,     0.3,     1.3,     15,     82,     1002.9,     100.48,     255.4,     87.9,     -177.9
48,     30.06.2014 08:01:22,     287.7,     586.92,     228,     0,     1,     1.8,     14.9,     82.3,     1003,     100.48,     255.5,     87.9,     -177.9
49,     30.06.2014 08:11:21,     96.6,     192.96,     267,     0.5,     1.8,     3.5,     14.8,     83,     1003.1,     100.48,     255.5,     88,     -178,     13.495,     20.23,     68.7
50,     30.06.2014 08:21:21,     159.6,     339.69,     313,     1.1,     2.1,     3.4,     14.6,     83.5,     1003.2,     100.48,     255.3,     87.9,     -177.9
51,     30.06.2014 08:31:21,     196.35,     418.08,     295,     0.4,     1.3,     2.3,     14.7,     83.3,     1003.3,     100.48,     255.3,     88,     -178
52,     30.06.2014 08:41:21,     207.9,     438.18,     310,     0,     1.2,     2.2,     15,     81.6,     1003.3,     100.48,     255.4,     88,     -178
53,     30.06.2014 08:51:21,     179.55,     375.87,     300,     0.3,     2,     3.7,     15.1,     80.4,     1003.4,     100.48,     255.3,     87.9,     -177.9
54,     30.06.2014 09:01:21,     207.9,     450.24,     297,     0.7,     2,     3.1,     15.1,     80.7,     1003.4,     100.48,     255.4,     88,     -178
55,     30.06.2014 09:11:16,     738.15,     1453.23,     304,     0.1,     1.2,     2.3,     15.4,     79.6,     1003.4,     100.48,     255.4,     87.9,     -177.9,     13.326,     19.59,     69.4
56,     30.06.2014 09:21:16,     765.45,     1513.53,     203,     0,     0.9,     2.7,     15.9,     74.2,     1003.5,     100.48,     (NO REPLY),     (NO REPLY),     (NO REPLY)
57,     30.06.2014 09:31:16,     946.05,     1897.44,     208,     0,     1.1,     2.8,     16.3,     72.8,     1003.5,     100.48,     255.6,     87.9,     -177.9
58,     30.06.2014 09:41:16,     260.4,     532.65,     255,     0.7,     1.8,     3.8,     16.5,     67.7,     1003.4,     100.48,     255.3,     88,     -178
59,     30.06.2014 09:51:16,     204.75,     432.15,     342,     0.6,     2.4,     4.6,     16.4,     71.1,     1003.5,     100.48,     255.4,     87.8,     -177.8
60,     30.06.2014 10:01:16,     180.6,     381.9,     5,     2.1,     3.5,     4.8,     16.2,     74.2,     1003.5,     100.48,     255.4,     87.6,     -177.6
61,     30.06.2014 10:11:17,     224.7,     474.36,     27,     1.2,     2.7,     5.1,     15.9,     77.1,     1003.4,     100.48,     255.4,     88.1,     -178.1,     13.322,     23.57,     67.6
62,     30.06.2014 10:21:17,     183.75,     389.94,     3,     0,     1.5,     2.7,     16,     75.6,     1003.5,     100.48,     255.5,     88,     -178
63,     30.06.2014 10:31:17,     156.45,     329.64,     11,     0,     1.1,     3.1,     16.1,     73.1,     1003.5,     100.51,     255.4,     88,     -178
64,     30.06.2014 10:41:17,     918.75,     1839.15,     35,     0,     1.8,     2.9,     16.2,     73.5,     1003.4,     100.51,     255.3,     88,     -178
65,     30.06.2014 10:51:17,     267.75,     580.89,     45,     0.3,     2,     4,     16.2,     72.3,     1003.4,     100.51,     255.1,     88,     -178
66,     30.06.2014 11:01:17,     706.65,     1270.32,     93,     0,     1.5,     2.9,     16.7,     69,     1003.4,     100.51,     255.3,     88,     -178
67,     30.06.2014 11:11:17,     262.5,     538.68,     359,     0.3,     2.5,     5.9,     16.8,     69.5,     1003.5,     100.51,     255.5,     87.9,     -177.9,     13.377,     22.05,     68.2
68,     30.06.2014 11:21:17,     330.75,     697.47,     14,     2.4,     3.6,     5.2,     16.7,     75.3,     1003.6,     100.51,     255.4,     87.9,     -177.9
69,     30.06.2014 11:31:17,     213.15,     432.15,     24,     3.1,     4.9,     6.9,     16.3,     72.9,     1003.6,     100.51,     254.1,     86.7,     -176.8
70,     30.06.2014 11:41:17,     244.65,     518.58,     27,     4.4,     5.8,     7.8,     16.1,     68.6,     1003.5,     100.51,     255.3,     87.4,     -177.5
71,     30.06.2014 11:51:17,     192.15,     420.09,     23,     4.1,     5.9,     8,     15.9,     70.8,     1003.6,     100.51,     255.4,     87.7,     -177.7
72,     30.06.2014 12:01:17,     108.15,     257.28,     12,     4.5,     6.8,     9.1,     15.4,     77.3,     1003.9,     100.53,     255.4,     85.9,     -175.9
73,     30.06.2014 12:11:16,     174.3,     399.99,     3,     3.6,     5.4,     8.1,     14.6,     81.2,     1003.9,     100.61,     75.6,     88.3,     -1.5,     13.542,     19.45,     69.1
74,     30.06.2014 12:21:16,     346.5,     727.62,     6,     2.3,     4.4,     6.7,     14.2,     85.5,     1004,     100.79,     255.4,     87.2,     -177.3
75,     30.06.2014 12:31:16,     287.7,     594.96,     34,     1.5,     3.2,     4.8,     14.4,     85.9,     1004,     100.79,     255.2,     87.5,     -177.5
76,     30.06.2014 12:41:16,     408.45,     860.28,     35,     2.1,     4.2,     6.5,     14.7,     80.5,     1003.9,     100.8,     255.2,     88,     -178
77,     30.06.2014 12:51:16,     294,     600.99,     40,     1.3,     3.2,     5.8,     14.7,     80.5,     1003.9,     100.8,     255,     87.3,     -177.3
78,     30.06.2014 13:01:16,     235.2,     478.38,     35,     1,     2.4,     4.3,     14.8,     78.5,     1004,     100.8,     255.3,     88.1,     -178.2
79,     30.06.2014 13:11:16,     171.15,     361.8,     14,     1.2,     2.3,     3.5,     15.1,     79.9,     1004.1,     100.8,     255.5,     87.9,     -177.9,     13.510,     17.81,     69.7
80,     30.06.2014 13:21:16,     224.7,     484.41,     17,     1.7,     2.5,     3.5,     15.2,     77.6,     1004.1,     100.8,     255.4,     87.9,     -177.9
81,     30.06.2014 13:31:16,     261.45,     570.84,     354,     0.7,     1.7,     3.1,     15.3,     78.9,     1004.3,     100.83,     255.3,     87.8,     -177.9
82,     30.06.2014 13:41:16,     424.2,     896.46,     354,     1,     2.3,     4.1,     15.5,     71.7,     1004.2,     100.83,     255.4,     87.9,     -177.9
83,     30.06.2014 13:51:16,     390.6,     806.01,     12,     0.8,     2.4,     3.7,     15.7,     71.7,     1004.3,     100.83,     255.3,     88,     -178
84,     30.06.2014 14:01:16,     206.85,     416.07,     8,     1.6,     3.1,     6.3,     15.8,     73.4,     1004.4,     100.83,     255.3,     87.8,     -177.8
85,     30.06.2014 14:11:22,     266.7,     544.71,     352,     1,     3,     5.4,     15.8,     69,     1004.5,     100.83,     255.6,     88.1,     -178.1,     13.449,     18.85,     69.2
86,     30.06.2014 14:21:22,     361.2,     743.7,     3,     1.6,     3.3,     4.8,     16,     66.3,     1004.5,     100.83,     255.1,     87.6,     -177.7
87,     30.06.2014 14:31:22,     880.95,     1833.12,     6,     1.5,     2.4,     4,     16.1,     64.3,     1004.4,     100.83,     255.2,     87.7,     -177.7
88,     30.06.2014 14:41:22,     237.3,     500.49,     21,     0.4,     2.2,     3.9,     16.5,     63.7,     1004.5,     100.83,     255.4,     87.9,     -177.9
89,     30.06.2014 14:51:22,     54.6,     98.49,     5,     1.5,     4,     7.1,     16,     72.5,     1004.7,     100.83,     255.8,     88.1,     -178
90,     30.06.2014 15:01:22,     190.05,     389.94,     357,     2.2,     4.3,     6.8,     14.5,     80,     1004.7,     101.24,     255.4,     87.9,     -177.9
91,     30.06.2014 15:11:22,     358.05,     743.7,     2,     1.6,     3.2,     5.7,     14.4,     85.4,     1004.8,     101.24,     255.2,     88,     -178.1,     13.423,     18.87,     69.2
92,     30.06.2014 15:21:22,     611.1,     1284.39,     4,     1.4,     3.1,     5.3,     14.8,     76.3,     1004.7,     101.24,     255.3,     88.1,     -178.1
93,     30.06.2014 15:31:22,     341.25,     711.54,     16,     1.9,     3.4,     5.1,     15.4,     75.8,     1004.7,     101.24,     75.6,     87.4,     -2.4
94,     30.06.2014 15:41:22,     271.95,     556.77,     17,     1.9,     3.1,     5.3,     15.6,     75.2,     1004.9,     101.24,     255.3,     87.3,     -177.3
95,     30.06.2014 15:51:22,     444.15,     862.29,     12,     0.8,     2.9,     4.4,     15.6,     76.6,     1004.9,     101.24,     255.3,     87.9,     -177.9
96,     30.06.2014 16:01:22,     437.85,     902.49,     8,     1.2,     2.6,     4.3,     15.4,     77.1,     1005,     101.24,     255.3,     88.1,     -178.1
97,     30.06.2014 16:11:16,     249.9,     518.58,     3,     1,     2.7,     4.8,     15.4,     76.7,     1005,     101.24,     255.3,     88.1,     -178.2,     13.457,     18.97,     69.0
98,     30.06.2014 16:21:16,     231,     470.34,     355,     1.2,     2.6,     4,     15.3,     75,     1005,     101.24,     255.3,     87.9,     -178
99,     30.06.2014 16:31:16,     173.25,     351.75,     1,     1.4,     3,     4.9,     15.3,     75.5,     1005,     101.24,     255.4,     87.8,     -177.8
100,     30.06.2014 16:41:16,     217.35,     438.18,     354,     1.1,     2.4,     3.7,     15.4,     76.2,     1004.9,     101.24,     255.3,     87.9,     -177.9
101,     30.06.2014 16:51:16,     160.65,     317.58,     356,     1.5,     2.7,     4.1,     15.5,     77.9,     1005,     101.24,     255.3,     88.2,     -178.2
102,     30.06.2014 17:01:16,     139.65,     271.35,     346,     1.3,     2.4,     3.8,     15.5,     76.2,     1005,     101.24,     255.3,     87.9,     -177.9
103,     30.06.2014 17:11:16,     179.55,     349.74,     340,     1.2,     2.3,     3.4,     15.6,     72.1,     1005,     101.24,     255.4,     87.8,     -177.8,     13.525,     18.57,     69.4
104,     30.06.2014 17:21:16,     569.1,     1029.12,     358,     1,     2.6,     3.9,     15.8,     67.8,     1005,     101.24,     255.4,     88,     -178
105,     30.06.2014 17:31:16,     263.55,     516.57,     351,     0.3,     2.2,     3.8,     16.2,     67.4,     1005,     101.24,     255.2,     88,     -178
106,     30.06.2014 17:41:16,     430.5,     775.86,     1,     1.5,     3,     4.9,     16.3,     66.6,     1005,     101.24,     255.3,     87.9,     -177.9
107,     30.06.2014 17:51:16,     191.1,     383.91,     350,     0.9,     2.4,     3.8,     16.6,     68.9,     1005,     101.24,     255.3,     87.9,     -177.9
108,     30.06.2014 18:01:16,     295.05,     560.79,     334,     1.5,     3,     5.2,     16.7,     66.8,     1005,     101.24,     255.4,     88.1,     -178.1
109,     30.06.2014 18:11:16,     345.45,     609.03,     354,     1.3,     3,     5.2,     16.9,     65.9,     1005,     101.24,     75.6,     87.8,     -2.1,     13.425,     20.18,     68.5
110,     30.06.2014 18:21:16,     108.15,     237.18,     354,     1.3,     2.8,     4.5,     17,     65.7,     1005,     101.24,     255.1,     88.1,     -178.1
111,     30.06.2014 18:31:16,     87.15,     182.91,     354,     1.7,     3.3,     5.3,     16.8,     65.6,     1005.1,     101.24,     255.4,     87.8,     -177.7
112,     30.06.2014 18:41:16,     67.2,     144.72,     354,     1.5,     2.8,     4.3,     16.4,     70.4,     1005.2,     101.24,     255.3,     87.9,     -177.9
113,     30.06.2014 18:51:16,     52.5,     118.59,     359,     1.6,     2.6,     4.3,     16,     71.8,     1005.3,     101.24,     255.2,     87.8,     -177.8
114,     30.06.2014 19:01:16,     33.6,     86.43,     350,     1,     2.3,     3.4,     15.7,     70.9,     1005.3,     101.24,     255.3,     87.7,     -177.7
115,     30.06.2014 19:11:16,     29.4,     74.37,     343,     0.4,     1.8,     3,     15.6,     69.6,     1005.2,     101.24,     255.4,     88,     -178,     13.273,     18.39,     69.6
116,     30.06.2014 19:21:16,     35.7,     84.42,     337,     0.7,     1.5,     2.7,     15.4,     73.9,     1005.2,     101.24,     255.1,     87.9,     -177.9
117,     30.06.2014 19:31:16,     51.45,     106.53,     340,     0.7,     1.5,     2.6,     15.2,     75.9,     1005.2,     101.24,     255.2,     87.9,     -177.9
118,     30.06.2014 19:41:16,     50.4,     100.5,     331,     0.7,     1.7,     2.7,     15.2,     78.3,     1005.3,     101.24,     255.2,     88,     -178
119,     30.06.2014 19:51:16,     33.6,     74.37,     322,     0.4,     1.9,     4.6,     15.1,     78.8,     1005.5,     101.24,     255.1,     87.8,     -177.8
120,     30.06.2014 20:01:16,     22.05,     52.26,     332,     0.4,     1.9,     3.8,     15.1,     78.6,     1005.7,     101.24,     255.2,     87.9,     -177.9
121,     30.06.2014 20:11:16,     11.55,     32.16,     331,     0.4,     1.8,     3.6,     14.9,     79.5,     1005.9,     101.24,     255.3,     87.9,     -177.9,     12.885,     15.85,     70.3
122,     30.06.2014 20:21:16,     5.25,     24.12,     318,     0.5,     1.7,     3.4,     14.8,     80.7,     1006.1,     101.24,     255.3,     88,     -178
123,     30.06.2014 20:31:16,     1.05,     12.06,     328,     0.9,     2.8,     5.5,     14.7,     78.8,     1006.2,     101.24,     255.4,     88,     -178
124,     30.06.2014 20:41:16,     -1.05,     6.03,     321,     0.3,     1.9,     3.6,     14.5,     78.4,     1006.3,     101.24,     255.2,     87.8,     -177.9
125,     30.06.2014 20:51:16,     -3.15,     2.01,     319,     0.5,     1.6,     3.4,     14.3,     80.3,     1006.4,     101.24,     255.1,     87.9,     -177.9
126,     30.06.2014 21:01:16,     -3.15,     0,     319,     0.2,     1.9,     3.8,     14,     80.4,     1006.5,     101.24,     255.2,     88,     -178
127,     30.06.2014 21:11:21,     -4.2,     2.01,     318,     0.2,     1.9,     3.8,     13.9,     81.1,     1006.5,     101.24,     255.2,     88,     -178,     12.705,     14.18,     70.6
128,     30.06.2014 21:21:21,     -4.2,     -2.01,     323,     0.4,     1.7,     3.3,     13.7,     82.1,     1006.6,     101.24,     255.2,     88,     -178
129,     30.06.2014 21:31:21,     -4.2,     -4.02,     316,     0.1,     1.9,     4.1,     13.4,     82.6,     1006.7,     101.24,     255.2,     88,     -178
130,     30.06.2014 21:41:21,     -5.25,     -4.02,     313,     0.3,     1.8,     3.3,     13.3,     82.7,     1006.7,     101.24,     255.1,     87.9,     -177.9
131,     30.06.2014 21:51:21,     -4.2,     0,     315,     0.2,     1.6,     3.9,     13.3,     82.1,     1006.7,     101.24,     255.1,     87.9,     -177.9
132,     30.06.2014 22:01:21,     -3.15,     -4.02,     299,     0.1,     1.3,     2.9,     13.3,     82.4,     1006.6,     101.24,     255.1,     87.9,     -177.9
133,     30.06.2014 22:11:23,     -4.2,     -2.01,     293,     0.5,     1.6,     3.4,     13.2,     82.8,     1006.6,     101.24,     255.1,     87.9,     -177.9,     12.639,     13.13,     70.8
134,     30.06.2014 22:21:23,     -3.15,     -2.01,     311,     0.1,     1.1,     2.2,     13.3,     82.9,     1006.6,     101.24,     255.1,     87.8,     -177.8
135,     30.06.2014 22:31:23,     -3.15,     -2.01,     320,     0.2,     1.3,     2.9,     13.2,     82.6,     1006.7,     101.24,     255.1,     87.9,     -177.9
136,     30.06.2014 22:41:23,     -2.1,     0,     316,     0,     1.1,     2.2,     13.2,     81.2,     1006.8,     101.24,     255,     87.9,     -177.9
137,     30.06.2014 22:51:23,     -3.15,     -2.01,     308,     0.1,     1.3,     2.7,     13.2,     81.4,     1006.9,     101.24,     255.2,     88,     -178
138,     30.06.2014 23:01:23,     -2.1,     -2.01,     298,     0.8,     2,     3.3,     13.3,     81.8,     1007,     101.24,     255.2,     87.9,     -177.8
139,     30.06.2014 23:11:23,     -3.15,     -2.01,     298,     0.4,     2,     3.2,     13.2,     83.6,     1006.9,     101.24,     255.3,     87.9,     -177.9,     12.618,     12.97,     70.8
140,     30.06.2014 23:21:23,     -3.15,     -2.01,     296,     0.8,     2.2,     3.4,     13.1,     82.5,     1006.9,     101.24,     254.9,     87.9,     -177.9
141,     30.06.2014 23:31:23,     -4.2,     -2.01,     295,     0.7,     2.4,     4.3,     13,     82.2,     1006.9,     101.24,     255.3,     88,     -178
142,     30.06.2014 23:41:23,     -3.15,     -2.01,     298,     0.7,     2.2,     4,     13,     82.3,     1006.9,     101.24,     255.1,     88,     -178
143,     30.06.2014 23:51:23,     -2.1,     -2.01,     294,     0.3,     2.7,     4.9,     12.9,     81.1,     1007,     101.24,     255.2,     87.9,     -177.9
144,     01.07.2014 00:01:16,     -3.15,     -2.01,     308,     0.5,     2,     4.3,     12.9,     81.7,     1007,     101.24,     255.1,     87.9,     -177.9,     12.488,     12.93,     70.8