Logger: #D10248 'TSK_Meteo' - USP_EXP2 (V2.10, Jan 24 2012)
No,     Time,     #1:W/m²:0,     #2:ÂµMol:(do.),     #5:deg:2,     #6:m/sMIN:(do.),     #7:m/sMIT:(do.),     #8:m/sMAX:(do.),     #9:Â°C:(do.),     #10:%:(do.),     #11:hPa:(do.),     #12:mm:(do.),     #14:AZ:3,     #15:EL:(do.),     #16:Roll:(do.),     #HK-Bat:V,     #HK-Temp:oC,     #HK-rH:%
(GSM Transfer OK / Signal:14)
(Parameter changed ('D10248_20140714081636'))
1,     15.07.2014 06:21:16,     99.75,     209.04,     296,     1.4,     2.7,     4.6,     17,     86.4,     1009.7,     142.02,     255.4,     87.9,     -177.9,     13.061,     18.33,     68.2
2,     15.07.2014 06:31:16,     130.2,     271.35,     295,     1.1,     2.8,     4.5,     17.1,     86,     1009.8,     142.02,     255.4,     87.9,     -177.9
3,     15.07.2014 06:41:16,     218.4,     446.22,     298,     1.5,     2.9,     5,     17.2,     84.8,     1009.8,     142.02,     255.8,     87.9,     -177.9
4,     15.07.2014 06:51:16,     193.2,     387.93,     295,     1.8,     3.1,     4.8,     17.4,     82.7,     1009.9,     142.02,     255.6,     87.9,     -177.9
5,     15.07.2014 07:01:16,     214.2,     434.16,     307,     1.5,     2.7,     4.2,     17.5,     82,     1009.9,     142.02,     255.5,     87.9,     -178
6,     15.07.2014 07:11:16,     200.55,     353.76,     304,     0.6,     2.2,     3.7,     17.7,     82.5,     1010,     142.02,     255.5,     88,     -178
7,     15.07.2014 07:21:22,     91.35,     190.95,     306,     1.1,     2.5,     4.3,     17.7,     82.4,     1010,     142.02,     255.5,     87.7,     -177.8,     13.506,     20.37,     68.9
8,     15.07.2014 07:31:22,     381.15,     697.47,     293,     0.3,     3,     4.8,     17.7,     81.7,     1010.1,     142.02,     255.9,     88,     -178
9,     15.07.2014 07:41:22,     583.8,     1047.21,     278,     1.8,     4,     5.6,     17.7,     80.6,     1010.1,     142.02,     256.2,     87.8,     -177.9
10,     15.07.2014 07:51:22,     517.65,     972.84,     292,     1.4,     3.2,     5.3,     17.9,     78.6,     1010.1,     142.02,     256,     88,     -178
11,     15.07.2014 08:01:22,     179.55,     397.98,     292,     1.2,     3.7,     6,     18,     78.7,     1010.2,     142.02,     255.1,     87.8,     -177.9
12,     15.07.2014 08:11:22,     278.25,     492.45,     300,     1,     2.9,     5.4,     18.2,     78.2,     1010.3,     142.02,     255.6,     87.9,     -177.9
13,     15.07.2014 08:21:22,     614.25,     1163.79,     311,     1,     3.4,     5.9,     18.2,     76.8,     1010.3,     142.02,     255.6,     87.9,     -177.9,     13.434,     23.70,     68.3
14,     15.07.2014 08:31:22,     634.2,     1203.99,     296,     1,     4.3,     7.1,     18.4,     73.5,     1010.4,     142.02,     255.5,     87.8,     -177.8
15,     15.07.2014 08:41:22,     693,     1314.54,     298,     1.1,     3.8,     6.3,     18.5,     70.9,     1010.5,     142.02,     256,     88,     -178
16,     15.07.2014 08:51:22,     226.8,     468.33,     308,     0.8,     2.9,     5.2,     18.7,     72.3,     1010.5,     142.02,     255.7,     88,     -178
17,     15.07.2014 09:01:22,     271.95,     558.78,     324,     1.2,     3,     5.2,     18.5,     71.9,     1010.5,     142.02,     255.5,     88.2,     -178.2
18,     15.07.2014 09:11:22,     332.85,     679.38,     300,     1.5,     3,     5.3,     18.7,     69.8,     1010.6,     142.02,     255.6,     88,     -178
19,     15.07.2014 09:21:16,     707.7,     1380.87,     288,     1.3,     2.8,     4.8,     18.9,     69.2,     1010.6,     142.02,     255.6,     88,     -178,     13.196,     25.72,     67.9
20,     15.07.2014 09:31:16,     732.9,     1437.15,     283,     1.1,     3.7,     6,     18.9,     68.6,     1010.7,     142.02,     255.5,     87.9,     -177.9
21,     15.07.2014 09:41:16,     757.05,     1455.24,     287,     1.7,     3.6,     7.9,     19.3,     63.5,     1010.7,     142.02,     255.6,     87.8,     -177.9
22,     15.07.2014 09:51:16,     865.2,     1674.33,     289,     1.7,     3.6,     6,     19.6,     61.8,     1010.7,     142.02,     255.8,     88,     -178
23,     15.07.2014 10:01:16,     174.3,     373.86,     302,     1.3,     3.2,     5.9,     19.7,     62.2,     1010.7,     142.02,     255.5,     87.9,     -177.9
24,     15.07.2014 10:11:16,     904.05,     1756.74,     290,     0.3,     2.4,     4.6,     19.8,     62.9,     1010.8,     142.02,     255.7,     88,     -177.9
25,     15.07.2014 10:21:16,     246.75,     500.49,     310,     0.8,     2.9,     4.5,     19.8,     62.6,     1010.9,     142.02,     255.1,     87.8,     -177.9,     13.445,     26.93,     67.0
26,     15.07.2014 10:31:16,     309.75,     639.18,     291,     0.7,     4,     6.5,     19.8,     59.7,     1010.8,     142.02,     256.3,     88,     -177.9
27,     15.07.2014 10:41:16,     259.35,     576.87,     302,     1,     4.1,     7.3,     19.6,     63.2,     1011,     142.02,     75.9,     87.9,     -2
28,     15.07.2014 10:51:16,     824.25,     1652.22,     297,     1.1,     3.7,     6.4,     19.7,     62.5,     1011,     142.02,     255.6,     87.9,     -177.9
29,     15.07.2014 11:01:16,     897.75,     1792.92,     288,     0.6,     3,     6.4,     20.1,     60.2,     1011,     142.02,     76.2,     87.9,     -2
30,     15.07.2014 11:11:16,     235.2,     478.38,     290,     1.8,     4.1,     7,     20.4,     59.8,     1011,     142.02,     256.1,     87.6,     -177.6
31,     15.07.2014 11:21:21,     968.1,     1923.57,     305,     1.5,     3.9,     6.8,     20.2,     59.9,     1011.1,     142.02,     76,     88,     -2,     13.141,     25.84,     67.0
32,     15.07.2014 11:31:21,     864.15,     1750.71,     278,     0.8,     3.5,     6.5,     20.5,     59,     1011.1,     142.02,     256.2,     88,     -178.1
33,     15.07.2014 11:41:21,     247.8,     540.69,     264,     1.5,     4.3,     7.3,     20.5,     57,     1011.1,     142.02,     256,     88.2,     -178.2
34,     15.07.2014 11:51:21,     308.7,     639.18,     297,     0.6,     2.8,     5.6,     20.6,     58.3,     1011.2,     142.02,     256,     88.1,     -178.1
35,     15.07.2014 12:01:21,     143.85,     279.39,     281,     0.5,     3.1,     5.6,     20.6,     58.2,     1011.2,     142.02,     255.7,     87.8,     -177.8
36,     15.07.2014 12:11:21,     288.75,     607.02,     299,     0.2,     2.9,     5.3,     20.5,     60,     1011.1,     142.02,     76.1,     88,     -1.9
37,     15.07.2014 12:21:16,     518.7,     1055.25,     330,     1,     2.5,     4.2,     20.5,     59.1,     1011.1,     142.02,     255.3,     87.8,     -177.8,     13.127,     25.05,     67.8
38,     15.07.2014 12:31:16,     960.75,     1937.64,     324,     1.2,     2.2,     3.5,     20.9,     57,     1011,     142.02,     255.6,     87.9,     -177.8
39,     15.07.2014 12:41:16,     283.5,     586.92,     276,     0.5,     3,     6.4,     21.3,     50.7,     1011,     142.02,     255.6,     88,     -178
40,     15.07.2014 12:51:16,     191.1,     371.85,     289,     1.2,     3.9,     7.4,     21,     58.3,     1011.1,     142.02,     255.4,     88,     -178.1
41,     15.07.2014 13:01:16,     341.25,     701.49,     324,     0.7,     2.8,     5.6,     20.9,     59.3,     1011.1,     142.02,     75.8,     87.9,     -2
42,     15.07.2014 13:11:16,     334.95,     699.48,     310,     0.5,     2.2,     6.2,     21,     57.5,     1011.1,     142.02,     255.5,     87.9,     -177.9
43,     15.07.2014 13:21:17,     760.2,     908.52,     270,     1.3,     3.2,     6.9,     21.2,     56.9,     1011,     142.02,     76.1,     87.9,     -2,     13.182,     25.56,     67.7
44,     15.07.2014 13:31:17,     914.55,     1825.08,     260,     1.1,     3.7,     6.9,     21,     57.7,     1011.1,     142.02,     255.9,     87.7,     -177.7
45,     15.07.2014 13:41:17,     852.6,     1712.52,     263,     1.2,     3.5,     6,     21.2,     56.5,     1011.1,     142.02,     76.3,     87.9,     -2
46,     15.07.2014 13:51:17,     876.75,     1754.73,     267,     0,     1.6,     4,     21.6,     55,     1011,     142.02,     75.9,     87.9,     -2
47,     15.07.2014 14:01:17,     258.3,     532.65,     297,     0,     2,     3.8,     21.8,     53.9,     1011,     142.02,     75.9,     87.8,     -2
48,     15.07.2014 14:11:17,     429.45,     894.45,     294,     1.1,     3.1,     5.8,     21.7,     52.2,     1011,     142.02,     255.6,     87.9,     -177.9
49,     15.07.2014 14:21:17,     202.65,     410.04,     297,     1.2,     3.2,     5.4,     21.8,     51.4,     1011,     142.02,     76,     88,     -1.9,     13.334,     26.25,     67.2
50,     15.07.2014 14:31:17,     870.45,     1593.93,     297,     1.3,     3.3,     5.5,     21.8,     53,     1011.1,     142.02,     255.5,     87.9,     -177.9
51,     15.07.2014 14:41:17,     246.75,     500.49,     282,     1.7,     3.6,     5.5,     21.9,     52.6,     1011,     142.02,     76.1,     88,     -1.9
52,     15.07.2014 14:51:17,     208.95,     430.14,     252,     1.2,     2.9,     6.5,     22,     50,     1010.9,     142.02,     76.5,     87.9,     -2
53,     15.07.2014 15:01:17,     319.2,     719.58,     270,     1.5,     3.6,     6.9,     22.1,     52.7,     1011,     142.02,     76.1,     87.9,     -2
54,     15.07.2014 15:11:17,     229.95,     464.31,     260,     1.9,     3.7,     7,     22.1,     48.1,     1011,     142.02,     256.1,     88,     -178
55,     15.07.2014 15:21:16,     231,     482.4,     263,     2.6,     4.3,     7.1,     22.3,     50.5,     1011,     142.02,     255.6,     87.9,     -177.9,     13.434,     25.47,     67.8
56,     15.07.2014 15:31:16,     706.65,     1324.59,     266,     0.7,     3.4,     5.5,     22.2,     48.4,     1011,     142.02,     76,     87.9,     -2
57,     15.07.2014 15:41:16,     166.95,     337.68,     267,     1.5,     3.1,     5.2,     22.3,     49.9,     1011,     142.02,     75.7,     87.9,     -1.9
58,     15.07.2014 15:51:16,     197.4,     408.03,     264,     0.4,     2.4,     6.3,     22.4,     48.4,     1011,     142.02,     76.3,     88.1,     -1.8
59,     15.07.2014 16:01:16,     219.45,     448.23,     264,     0.7,     4.3,     7.7,     22.4,     49.5,     1011.1,     142.02,     255.7,     87.9,     -177.8
60,     15.07.2014 16:11:16,     661.5,     1246.2,     255,     1,     3.8,     6.6,     22.7,     46.8,     1011,     142.02,     76,     88,     -1.9
61,     15.07.2014 16:21:16,     585.9,     1097.46,     254,     2.1,     4.4,     6.3,     22.7,     48.1,     1011,     142.02,     255.6,     87.9,     -177.9,     13.305,     25.61,     67.6
62,     15.07.2014 16:31:16,     495.6,     844.2,     263,     1.1,     2.9,     5,     22.7,     49.4,     1010.9,     142.02,     76.1,     87.9,     -1.9
63,     15.07.2014 16:41:16,     542.85,     1027.11,     282,     0.1,     2.4,     4.2,     22.6,     46.1,     1010.9,     142.02,     76.1,     88,     -1.9
64,     15.07.2014 16:51:16,     456.75,     852.24,     286,     0.1,     3,     7.2,     22.9,     46.9,     1010.8,     142.02,     75.8,     87.9,     -2
65,     15.07.2014 17:01:16,     404.25,     759.78,     286,     1.7,     3.4,     5.6,     22.8,     47.1,     1010.8,     142.02,     75.7,     87.9,     -2
66,     15.07.2014 17:11:16,     421.05,     791.94,     259,     1.3,     3.3,     6,     22.8,     47.4,     1010.8,     142.02,     76.8,     88,     -1.9
67,     15.07.2014 17:21:17,     380.1,     703.5,     264,     1.3,     3.6,     7.4,     22.7,     46.5,     1010.8,     142.02,     75.8,     88,     -1.9,     13.442,     26.93,     66.6
68,     15.07.2014 17:31:17,     344.4,     635.16,     268,     1.1,     3.4,     5.9,     22.8,     46,     1010.8,     142.02,     76.2,     87.9,     -2
69,     15.07.2014 17:41:17,     92.4,     235.17,     269,     2,     3.8,     5.9,     22.8,     48.2,     1010.9,     142.02,     255.8,     87.9,     -177.9
70,     15.07.2014 17:51:17,     60.9,     144.72,     279,     1.2,     2.9,     5.3,     22.6,     46.1,     1010.9,     142.02,     75.8,     87.9,     -2
71,     15.07.2014 18:01:17,     69.3,     142.71,     278,     0.1,     1.8,     3.7,     22.4,     48.5,     1011,     142.02,     75.8,     88,     -1.9
72,     15.07.2014 18:11:17,     82.95,     154.77,     282,     0.5,     1.1,     1.9,     22.2,     49.3,     1011,     142.02,     75.6,     88,     -1.9
73,     15.07.2014 18:21:16,     246.75,     402,     273,     0.1,     1.1,     2.2,     22.5,     49.9,     1010.9,     142.02,     75.6,     88.1,     -1.8,     13.396,     25.53,     68.0
74,     15.07.2014 18:31:16,     245.7,     420.09,     278,     0.1,     2.3,     4.6,     22.9,     48.2,     1011,     142.02,     75.6,     88,     -1.9
75,     15.07.2014 18:41:16,     184.8,     323.61,     298,     0.3,     2.6,     4.7,     23,     47.6,     1011,     142.02,     75.7,     88,     -1.9
76,     15.07.2014 18:51:16,     135.45,     239.19,     330,     0.7,     2,     3.5,     22.7,     49.6,     1011.1,     142.02,     75.7,     88,     -1.9
77,     15.07.2014 19:01:16,     46.2,     124.62,     340,     0.5,     1.7,     3.2,     22.4,     50,     1011.1,     142.02,     75.7,     88,     -1.9
78,     15.07.2014 19:11:16,     38.85,     108.54,     333,     0.5,     1.3,     2.7,     22.1,     51.1,     1011.1,     142.02,     75.6,     88,     -1.9
79,     15.07.2014 19:21:16,     48.3,     84.42,     355,     0.4,     1,     1.5,     21.8,     56.5,     1011.2,     142.02,     75.5,     88.1,     -1.8,     13.288,     25.73,     67.8
80,     15.07.2014 19:31:16,     44.1,     66.33,     323,     0.2,     0.6,     1.1,     21.6,     60.3,     1011.2,     142.02,     75.6,     87.9,     -2
81,     15.07.2014 19:41:16,     28.35,     56.28,     304,     0.1,     0.5,     0.9,     21.4,     65,     1011.4,     142.02,     75.6,     87.9,     -2
82,     15.07.2014 19:51:16,     14.7,     42.21,     0,     0,     0.3,     0.9,     21.1,     69.7,     1011.4,     142.02,     75.6,     88,     -1.9
83,     15.07.2014 20:01:16,     10.5,     30.15,     244,     0,     0.4,     0.9,     20.5,     71.5,     1011.5,     142.02,     75.5,     87.9,     -1.9
84,     15.07.2014 20:11:16,     5.25,     22.11,     147,     0.1,     0.5,     0.9,     19.8,     68.9,     1011.5,     142.02,     255.2,     88,     -178
85,     15.07.2014 20:21:16,     1.05,     12.06,     112,     0,     0.3,     0.6,     19.6,     73.8,     1011.6,     142.02,     255.2,     87.9,     -177.9,     12.745,     22.19,     69.3
86,     15.07.2014 20:31:16,     -2.1,     6.03,     181,     0.1,     0.5,     1,     19.4,     78.3,     1011.6,     142.02,     75.4,     87.9,     -2
87,     15.07.2014 20:41:16,     -2.1,     4.02,     170,     0,     0.2,     0.8,     19,     78.1,     1011.7,     142.02,     255.2,     88,     -178
88,     15.07.2014 20:51:16,     -2.1,     0,     327,     0.2,     0.7,     1.3,     18.9,     76.8,     1011.8,     142.02,     255.2,     88,     -178
89,     15.07.2014 21:01:16,     -5.25,     -2.01,     265,     0.3,     0.9,     1.6,     18.7,     79.9,     1011.9,     142.02,     255.1,     87.9,     -177.9
90,     15.07.2014 21:11:16,     -4.2,     -2.01,     326,     0,     0.4,     0.9,     18.3,     77.4,     1011.9,     142.02,     255.1,     87.9,     -177.9
91,     15.07.2014 21:21:21,     -4.2,     -2.01,     224,     0,     0.7,     1.3,     18.2,     83,     1011.9,     142.02,     255.2,     88,     -178,     12.669,     18.74,     70.2
92,     15.07.2014 21:31:21,     -4.2,     -2.01,     184,     0.5,     0.9,     1.3,     17.7,     84.2,     1012,     142.02,     255.2,     87.9,     -177.9
93,     15.07.2014 21:41:21,     -4.2,     -2.01,     181,     0.5,     0.9,     1.2,     17.3,     84.3,     1012.1,     142.02,     255.2,     88,     -178
94,     15.07.2014 21:51:21,     -4.2,     -2.01,     182,     0.7,     1.1,     1.5,     17.2,     85.8,     1012.2,     142.02,     255.1,     87.8,     -177.8
95,     15.07.2014 22:01:21,     -4.2,     -4.02,     190,     0.8,     1.2,     1.6,     16.8,     85.3,     1012.2,     142.02,     255.1,     87.9,     -177.9
96,     15.07.2014 22:11:21,     -5.25,     -4.02,     191,     0.5,     0.9,     1.2,     16.7,     85.7,     1012.3,     142.02,     255.1,     87.9,     -177.9
97,     15.07.2014 22:21:16,     -3.15,     -2.01,     190,     0.4,     0.7,     1.1,     16.7,     85.5,     1012.4,     142.02,     255.1,     88,     -178,     12.635,     16.99,     70.4
98,     15.07.2014 22:31:16,     -3.15,     0,     195,     0.4,     0.7,     1.1,     16.9,     84.9,     1012.5,     142.02,     255.1,     87.8,     -177.8
99,     15.07.2014 22:41:16,     -3.15,     -2.01,     187,     0.5,     0.9,     1.3,     16.8,     85.3,     1012.6,     142.02,     255,     87.9,     -177.9
100,     15.07.2014 22:51:16,     -3.15,     0,     175,     0.6,     1.2,     1.7,     16.5,     84.7,     1012.7,     142.02,     255.1,     87.9,     -177.9
101,     15.07.2014 23:01:16,     -4.2,     -2.01,     146,     0.3,     0.8,     1.4,     16.5,     84.9,     1012.7,     142.02,     255.1,     87.9,     -177.9
102,     15.07.2014 23:11:16,     -4.2,     -2.01,     147,     0.3,     0.8,     1.4,     16.5,     86.6,     1012.7,     142.02,     255.1,     88,     -178
103,     15.07.2014 23:21:17,     -3.15,     -2.01,     193,     0.9,     1.2,     1.6,     16.3,     85.3,     1012.8,     142.02,     255.1,     87.8,     -177.9,     12.618,     16.38,     70.3
104,     15.07.2014 23:31:17,     -3.15,     0,     196,     0.6,     1.1,     1.4,     16.4,     85.6,     1012.8,     142.02,     255.1,     88,     -178
105,     15.07.2014 23:41:17,     -5.25,     0,     190,     0.6,     1.1,     1.5,     16.3,     85.8,     1012.9,     142.02,     255.1,     87.9,     -177.9
106,     15.07.2014 23:51:17,     -4.2,     -4.02,     183,     0.5,     1.1,     1.6,     16.3,     86,     1012.9,     142.02,     255,     88,     -178
107,     16.07.2014 00:01:16,     -3.15,     -2.01,     188,     0.8,     1.3,     1.7,     16.2,     87,     1012.9,     142.02,     255.1,     87.8,     -177.8,     12.450,     16.14,     70.3