Logger: #D10248 'TSK_Meteo' - USP_EXP2 (V2.10, Jan 24 2012)
No,     Time,     #1:W/m²:0,     #2:ÂµMol:(do.),     #5:deg:2,     #6:m/sMIN:(do.),     #7:m/sMIT:(do.),     #8:m/sMAX:(do.),     #9:Â°C:(do.),     #10:%:(do.),     #11:hPa:(do.),     #12:mm:(do.),     #14:AZ:3,     #15:EL:(do.),     #16:Roll:(do.),     #HK-Bat:V,     #HK-Temp:oC,     #HK-rH:%
(GSM Transfer OK / Signal:16)
1,     10.11.2014 00:11:17,     -1.05,     -2.01,     208,     1.7,     3.2,     4.7,     8.7,     87.7,     1003.1,     323.62,     253.8,     88,     -178,     12.446,     9.95,     80.7
2,     10.11.2014 00:21:17,     -1.05,     -2.01,     210,     2,     3.4,     5.3,     8.8,     88,     1003.2,     323.62,     253.8,     88,     -178
3,     10.11.2014 00:31:17,     -1.05,     -2.01,     211,     2.2,     3.7,     5.8,     8.8,     87.7,     1003.2,     323.62,     253.8,     88.1,     -178
4,     10.11.2014 00:41:17,     -1.05,     -2.01,     224,     1.8,     3.6,     5.7,     8.8,     87.1,     1003.4,     323.62,     254.2,     88,     -178
5,     10.11.2014 00:51:17,     -1.05,     -2.01,     230,     1.9,     3.3,     5.6,     8.8,     86.7,     1003.5,     323.62,     253.8,     87.9,     -177.9
6,     10.11.2014 01:01:17,     -1.05,     0,     238,     2.3,     3.9,     6.3,     8.8,     86.6,     1003.6,     323.62,     254.3,     87.9,     -177.9
7,     10.11.2014 01:11:17,     -2.1,     -2.01,     225,     2.5,     3.9,     5.9,     8.8,     86.5,     1003.5,     323.62,     254,     88,     -178,     12.459,     9.53,     82.3
8,     10.11.2014 01:21:17,     -2.1,     -2.01,     227,     1.1,     3.3,     5.9,     8.8,     86.5,     1003.5,     323.62,     253.9,     87.9,     -177.9
9,     10.11.2014 01:31:17,     -2.1,     -4.02,     223,     1.4,     3.3,     5.3,     8.8,     86.1,     1003.4,     323.62,     253.9,     88,     -178
10,     10.11.2014 01:41:17,     -1.05,     -2.01,     221,     1.5,     3,     5.9,     8.8,     86.4,     1003.3,     323.62,     253.5,     88,     -178
11,     10.11.2014 01:51:17,     -2.1,     -2.01,     220,     2,     3.4,     5.9,     8.8,     86.7,     1003.4,     323.62,     253.2,     88.1,     -178.1
12,     10.11.2014 02:01:17,     -2.1,     -4.02,     216,     1.8,     3.1,     5.1,     8.8,     86.7,     1003.3,     323.62,     253.5,     87.9,     -177.9
13,     10.11.2014 02:11:18,     -2.1,     -2.01,     212,     1.7,     3.2,     5.4,     8.7,     86.4,     1003.2,     323.62,     253.8,     88.2,     -178.2,     12.444,     9.53,     82.4
14,     10.11.2014 02:21:18,     -1.05,     -2.01,     216,     1.6,     3.6,     5.8,     8.8,     86.2,     1003.2,     323.62,     253.9,     88,     -178
15,     10.11.2014 02:31:18,     0,     -2.01,     218,     1.6,     2.9,     4.7,     8.8,     85.9,     1003.3,     323.62,     254.3,     87.8,     -177.8
16,     10.11.2014 02:41:18,     -2.1,     -2.01,     217,     2,     2.9,     4.6,     8.7,     86.5,     1003.2,     323.62,     253.7,     87.8,     -177.8
17,     10.11.2014 02:51:18,     -1.05,     -2.01,     220,     0.8,     2.3,     4,     8.7,     86.8,     1003.1,     323.62,     253.7,     87.9,     -177.9
18,     10.11.2014 03:01:18,     -1.05,     -2.01,     209,     1.2,     2.4,     3.7,     8.7,     86.5,     1002.9,     323.62,     253.4,     87.9,     -177.9
19,     10.11.2014 03:11:17,     -1.05,     -2.01,     207,     2.5,     3.8,     5.6,     8.7,     86.6,     1003,     323.62,     253.8,     87.9,     -177.9,     12.418,     9.45,     82.5
20,     10.11.2014 03:21:17,     -2.1,     -2.01,     218,     1.6,     3,     4.6,     8.7,     86.2,     1002.9,     323.62,     253.6,     87.8,     -177.8
21,     10.11.2014 03:31:17,     -1.05,     -2.01,     226,     1.3,     2.9,     5,     8.7,     86.2,     1003.1,     323.62,     254.1,     88,     -178
22,     10.11.2014 03:41:17,     -1.05,     0,     230,     1.5,     2.6,     4.3,     8.7,     85.9,     1003.1,     323.62,     253.5,     87.9,     -177.9
23,     10.11.2014 03:51:17,     -2.1,     0,     229,     1.2,     2.7,     4.4,     8.7,     85.7,     1003.3,     323.62,     253.6,     88.1,     -178.1
24,     10.11.2014 04:01:17,     -1.05,     -2.01,     214,     1.5,     2.4,     3.7,     8.7,     86,     1003.2,     323.62,     253.3,     87.9,     -177.9
25,     10.11.2014 04:11:21,     -2.1,     -2.01,     212,     1.8,     2.9,     4.7,     8.7,     85.9,     1003.1,     323.62,     253.9,     88,     -178,     12.372,     9.39,     82.4
26,     10.11.2014 04:21:21,     -1.05,     -2.01,     208,     1.2,     2.3,     3.8,     8.7,     86.3,     1003,     323.62,     253.4,     87.8,     -177.9
27,     10.11.2014 04:31:21,     -1.05,     0,     220,     1.2,     2.2,     3.2,     8.7,     86.4,     1002.9,     323.62,     253.6,     88.1,     -178.1
28,     10.11.2014 04:41:21,     -2.1,     -2.01,     201,     1.4,     2.3,     3.6,     8.7,     85.9,     1002.6,     323.62,     253.4,     87.9,     -177.9
29,     10.11.2014 04:51:21,     -2.1,     -2.01,     220,     1,     2,     3.2,     8.7,     86.1,     1002.9,     323.62,     253.7,     87.9,     -177.9
30,     10.11.2014 05:01:21,     -1.05,     -2.01,     221,     1,     2.1,     3.8,     8.7,     85.6,     1002.9,     323.62,     253.6,     87.9,     -177.9
31,     10.11.2014 05:11:22,     -2.1,     -2.01,     206,     1.5,     2.6,     3.9,     8.7,     85.3,     1002.7,     323.62,     253.9,     88.1,     -178.1,     12.351,     9.37,     82.5
32,     10.11.2014 05:21:22,     -1.05,     0,     204,     1.2,     2.1,     4.2,     8.7,     85.5,     1002.7,     323.62,     253.7,     88,     -178
33,     10.11.2014 05:31:22,     -1.05,     -2.01,     206,     0.9,     2.3,     3.2,     8.7,     85.9,     1002.6,     323.62,     253.2,     87.9,     -177.9
34,     10.11.2014 05:41:22,     -1.05,     0,     200,     1,     2.1,     4.3,     8.7,     86,     1002.7,     323.62,     253.5,     87.9,     -178
35,     10.11.2014 05:51:22,     -3.15,     -2.01,     226,     1.3,     2.9,     5.6,     8.7,     86.1,     1002.9,     323.62,     253.9,     88,     -178
36,     10.11.2014 06:01:22,     -2.1,     -2.01,     231,     1.8,     3.6,     5.4,     8.7,     85.7,     1002.9,     323.62,     254.1,     88,     -178
37,     10.11.2014 06:11:22,     -2.1,     -2.01,     229,     1.9,     3.7,     5.6,     8.6,     85.5,     1003,     323.62,     74.4,     88,     -1.9,     12.348,     9.33,     82.5
38,     10.11.2014 06:21:22,     -2.1,     -4.02,     217,     1.4,     3.4,     5.7,     8.6,     85.9,     1003,     323.62,     253.4,     88,     -178
39,     10.11.2014 06:31:22,     -1.05,     -2.01,     210,     1.3,     3.1,     4.6,     8.5,     86,     1002.9,     323.62,     253.6,     87.9,     -177.9
40,     10.11.2014 06:41:22,     -1.05,     0,     211,     1.8,     3.1,     5.4,     8.6,     86,     1002.8,     323.62,     253.7,     87.9,     -177.9
41,     10.11.2014 06:51:22,     -1.05,     -2.01,     216,     1.6,     2.8,     4.1,     8.5,     86.6,     1002.8,     323.62,     253.6,     87.9,     -177.9
42,     10.11.2014 07:01:22,     -2.1,     -2.01,     225,     1.9,     3,     5.2,     8.5,     86.3,     1003.1,     323.62,     253.8,     88,     -178
43,     10.11.2014 07:11:22,     -1.05,     -2.01,     231,     1.5,     2.6,     3.7,     8.5,     86.4,     1003,     323.62,     253.7,     87.9,     -177.9,     12.332,     9.29,     82.5
44,     10.11.2014 07:21:22,     -1.05,     0,     226,     1.9,     3.1,     4.7,     8.5,     86.2,     1003.2,     323.62,     254.1,     88,     -178
45,     10.11.2014 07:31:22,     0,     2.01,     234,     1.4,     2.7,     4,     8.5,     86.7,     1003.3,     323.62,     254.1,     88,     -178
46,     10.11.2014 07:41:22,     3.15,     8.04,     230,     2.3,     3.5,     5,     8.5,     86.5,     1003.2,     323.62,     253.7,     88,     -178
47,     10.11.2014 07:51:22,     3.15,     8.04,     221,     1.9,     3.4,     5.6,     8.4,     86.7,     1003.5,     323.62,     254.1,     87.9,     -177.9
48,     10.11.2014 08:01:22,     5.25,     14.07,     211,     1.4,     3.3,     5.2,     8.3,     87.2,     1003.3,     323.62,     254,     87.9,     -177.9
49,     10.11.2014 08:11:16,     9.45,     22.11,     215,     1.6,     2.9,     4.7,     8.3,     87.6,     1003.3,     323.62,     253.5,     87.9,     -177.9,     12.346,     9.20,     82.5
50,     10.11.2014 08:21:16,     12.6,     28.14,     231,     1.7,     2.9,     4.3,     8.3,     87.9,     1003.6,     323.62,     253.6,     87.9,     -177.9
51,     10.11.2014 08:31:16,     27.3,     54.27,     240,     1.5,     2.6,     4.6,     8.3,     88.5,     1003.3,     323.62,     253.5,     88,     -177.9
52,     10.11.2014 08:41:16,     25.2,     54.27,     239,     1.4,     2.8,     4.6,     8.2,     88.5,     1003.4,     323.62,     254,     88,     -177.9
53,     10.11.2014 08:51:16,     26.25,     54.27,     214,     1.4,     3,     4.4,     8.2,     88.4,     1003.4,     323.62,     254.3,     88.1,     -178.1
54,     10.11.2014 09:01:16,     34.65,     74.37,     228,     2,     3.1,     4.6,     8.2,     88.3,     1003.3,     323.62,     254,     88,     -178
55,     10.11.2014 09:11:17,     40.95,     88.44,     222,     1.7,     3,     4.1,     8.2,     88.3,     1003.2,     323.62,     253.5,     88,     -178,     12.552,     9.27,     82.5
56,     10.11.2014 09:21:17,     34.65,     76.38,     214,     1.5,     2.9,     4.4,     8.2,     88.2,     1003,     323.62,     253.7,     88,     -178
57,     10.11.2014 09:31:17,     39.9,     86.43,     216,     1.7,     2.8,     4,     8.2,     88.2,     1002.8,     323.62,     253.3,     88,     -178
58,     10.11.2014 09:41:17,     49.35,     104.52,     205,     1.7,     3.1,     4.3,     8.2,     88.3,     1002.8,     323.62,     253.8,     88,     -178
59,     10.11.2014 09:51:17,     50.4,     106.53,     224,     1.9,     3,     4.2,     8.3,     88.1,     1003.1,     323.62,     254,     88,     -178.1
60,     10.11.2014 10:01:17,     37.8,     84.42,     242,     2.1,     3.3,     5.3,     8.4,     87.8,     1003.6,     323.62,     254.3,     88,     -178
61,     10.11.2014 10:11:22,     38.85,     82.41,     228,     1.2,     3.1,     4.9,     8.3,     88,     1003.5,     323.62,     253.7,     87.9,     -177.9,     12.762,     9.49,     82.4
62,     10.11.2014 10:21:22,     42,     94.47,     227,     1.8,     3.2,     5.9,     8.3,     88,     1003.4,     323.62,     254.2,     88,     -178.1
63,     10.11.2014 10:31:22,     31.5,     72.36,     226,     1.7,     3.4,     4.9,     8.3,     88.2,     1003.4,     323.62,     253.6,     88,     -178
64,     10.11.2014 10:41:22,     36.75,     80.4,     225,     1.6,     3.3,     4.8,     8.2,     88,     1003.3,     323.62,     253.6,     88.1,     -178.1
65,     10.11.2014 10:51:22,     52.5,     112.56,     226,     1.8,     3,     5.4,     8.2,     88,     1003.4,     323.62,     254.1,     88,     -178
66,     10.11.2014 11:01:22,     49.35,     106.53,     242,     2.2,     4,     5.8,     8.2,     87.7,     1003.4,     323.62,     254.4,     88,     -177.9
67,     10.11.2014 11:11:16,     44.1,     98.49,     241,     1.1,     3.3,     6.8,     8.2,     88.1,     1003.4,     323.62,     75.5,     88,     -1.9,     12.878,     9.55,     82.4
68,     10.11.2014 11:21:16,     56.7,     124.62,     235,     2.2,     3.7,     5.9,     8.1,     87.7,     1003.2,     323.62,     254.3,     87.9,     -177.9
69,     10.11.2014 11:31:16,     64.05,     136.68,     233,     1.9,     3.8,     5.3,     8.1,     87,     1003.1,     323.62,     254.3,     88,     -177.9
70,     10.11.2014 11:41:16,     97.65,     205.02,     228,     0.5,     2.6,     4.4,     8.2,     86.7,     1002.7,     323.62,     253.7,     87.9,     -178
71,     10.11.2014 11:51:16,     131.25,     273.36,     223,     1.3,     2.8,     4.6,     8.3,     86.5,     1002.8,     323.62,     254.6,     88,     -178
72,     10.11.2014 12:01:16,     138.6,     287.43,     226,     1.1,     2.6,     4.2,     8.5,     85.9,     1002.9,     323.62,     253.9,     87.9,     -178
73,     10.11.2014 12:11:16,     144.9,     293.46,     234,     1.2,     2.5,     4,     8.6,     85.2,     1002.7,     323.62,     253.6,     87.9,     -177.9,     13.143,     9.81,     82.5
74,     10.11.2014 12:21:16,     144.9,     295.47,     222,     1.2,     2.2,     3.7,     8.8,     84.2,     1002.5,     323.62,     253.5,     87.9,     -178
75,     10.11.2014 12:31:16,     136.5,     279.39,     221,     1.2,     2.5,     3.5,     8.9,     84.1,     1002.7,     323.62,     254.1,     88,     -178
76,     10.11.2014 12:41:16,     142.8,     291.45,     239,     0.7,     2.4,     3.6,     9,     84,     1002.8,     323.62,     253.9,     87.9,     -177.9
77,     10.11.2014 12:51:16,     112.35,     229.14,     236,     0.7,     2.9,     4.3,     9.1,     83.5,     1003,     323.62,     254,     88,     -178
78,     10.11.2014 13:01:16,     145.95,     293.46,     225,     2,     3.4,     4.7,     9,     83.8,     1002.9,     323.62,     254.3,     88,     -178
79,     10.11.2014 13:11:17,     191.1,     375.87,     225,     1.3,     3,     4.7,     9.1,     83.5,     1002.5,     323.62,     253.9,     87.9,     -178,     14.454,     10.60,     82.2
80,     10.11.2014 13:21:17,     145.95,     289.44,     223,     1.5,     2.9,     4.5,     9.3,     83.5,     1002.5,     323.62,     254,     87.9,     -177.9
81,     10.11.2014 13:31:17,     137.55,     273.36,     225,     1.6,     2.7,     4,     9.3,     83,     1002.3,     323.62,     254.3,     87.9,     -177.9
82,     10.11.2014 13:41:17,     143.85,     283.41,     215,     1.9,     3.4,     4.7,     9.2,     83,     1002.4,     323.62,     253.7,     88,     -178
83,     10.11.2014 13:51:17,     155.4,     305.52,     219,     2,     3.2,     4.4,     9.3,     83,     1002.2,     323.62,     254,     87.9,     -177.9
84,     10.11.2014 14:01:17,     134.4,     261.3,     223,     1.7,     2.7,     3.9,     9.3,     83,     1002.2,     323.62,     73.9,     87.8,     -2
85,     10.11.2014 14:11:17,     101.85,     205.02,     240,     1.5,     2.9,     4.6,     9.4,     82.5,     1002.5,     323.62,     254.1,     88,     -178,     13.650,     10.89,     82.0
86,     10.11.2014 14:21:17,     82.95,     164.82,     228,     1.5,     2.9,     4.9,     9.3,     83,     1002.6,     323.62,     74,     87.9,     -2
87,     10.11.2014 14:31:17,     72.45,     148.74,     239,     2,     3.3,     5.4,     9.1,     83.2,     1002.7,     323.62,     254,     88,     -178
88,     10.11.2014 14:41:17,     68.25,     134.67,     235,     1.8,     3.1,     5,     9,     84,     1002.7,     323.62,     74.1,     87.9,     -2
89,     10.11.2014 14:51:17,     56.7,     116.58,     231,     1.6,     2.9,     4.6,     9,     83.8,     1002.6,     323.62,     253.7,     88,     -178
90,     10.11.2014 15:01:17,     40.95,     86.43,     223,     1.8,     2.8,     4.3,     8.9,     84.5,     1002.9,     323.62,     254.3,     87.9,     -178
91,     10.11.2014 15:11:16,     31.5,     68.34,     231,     1.8,     2.8,     4.6,     8.9,     84.6,     1002.9,     323.62,     253.8,     87.8,     -177.9,     13.080,     10.22,     82.2
92,     10.11.2014 15:21:16,     22.05,     50.25,     223,     1.7,     2.7,     4.2,     9,     84.5,     1002.9,     323.62,     254,     87.7,     -177.7
93,     10.11.2014 15:31:16,     14.7,     32.16,     227,     2.1,     3.2,     5.1,     9,     83.4,     1002.9,     323.62,     254.4,     88,     -178
94,     10.11.2014 15:41:16,     9.45,     22.11,     250,     1.9,     3.2,     5.2,     9,     82.4,     1003,     323.62,     253.7,     88.1,     -178
95,     10.11.2014 15:51:16,     4.2,     12.06,     239,     1.3,     2.5,     3.9,     8.9,     82.9,     1002.9,     323.62,     253.7,     87.9,     -177.9
96,     10.11.2014 16:01:16,     3.15,     8.04,     236,     1.2,     2.3,     3.7,     8.9,     83.5,     1003,     323.62,     253.6,     88,     -178
97,     10.11.2014 16:11:17,     -1.05,     2.01,     235,     1.4,     2.4,     4.1,     8.8,     83.9,     1003.1,     323.62,     253.8,     88,     -178.1,     12.760,     9.57,     82.5
98,     10.11.2014 16:21:17,     -1.05,     0,     243,     1.4,     2.8,     4.1,     8.8,     84.2,     1003.3,     323.62,     253.8,     88.1,     -178.1
99,     10.11.2014 16:31:17,     -1.05,     0,     238,     1.8,     2.8,     5,     8.7,     84.1,     1003.3,     323.62,     253.7,     87.9,     -177.9
100,     10.11.2014 16:41:17,     -2.1,     -2.01,     233,     1.7,     2.6,     3.8,     8.7,     84.5,     1003.4,     323.62,     253.5,     87.9,     -177.9
101,     10.11.2014 16:51:17,     -2.1,     0,     228,     1.4,     2.4,     3.4,     8.6,     85,     1003.4,     323.62,     253.6,     87.8,     -177.8
102,     10.11.2014 17:01:17,     -2.1,     -2.01,     221,     1.4,     2.3,     4.1,     8.6,     85.2,     1003.3,     323.62,     253.8,     88,     -178
103,     10.11.2014 17:11:22,     -2.1,     -2.01,     219,     1.6,     2.7,     4.3,     8.5,     85.5,     1003.5,     323.62,     254,     88,     -178,     12.677,     9.17,     82.5
104,     10.11.2014 17:21:22,     -2.1,     -2.01,     223,     1.7,     2.8,     4.7,     8.4,     85.9,     1003.6,     323.62,     253.5,     88.1,     -178.1
105,     10.11.2014 17:31:22,     -2.1,     0,     219,     1.4,     2.7,     4.7,     8.3,     86.2,     1003.6,     323.62,     253.6,     87.9,     -177.9
106,     10.11.2014 17:41:22,     -3.15,     -2.01,     230,     1.2,     2.4,     4.1,     8.3,     86.6,     1003.7,     323.62,     254.1,     88,     -178
107,     10.11.2014 17:51:22,     -3.15,     -2.01,     229,     1.4,     2.8,     4.5,     8.2,     86.6,     1003.7,     323.65,     253.9,     88,     -177.9
108,     10.11.2014 18:01:22,     -2.1,     0,     221,     1.9,     3.2,     4.7,     8.1,     86.7,     1003.5,     323.69,     253.6,     88,     -178
109,     10.11.2014 18:11:16,     -3.15,     -2.01,     215,     1.5,     2.8,     5.1,     8,     87.4,     1003.5,     323.71,     253.5,     88,     -178,     12.641,     8.77,     82.7
110,     10.11.2014 18:21:16,     -2.1,     -2.01,     223,     1.5,     2.5,     3.9,     8,     87.9,     1003.4,     323.71,     253.6,     88,     -178.1
111,     10.11.2014 18:31:16,     -3.15,     -4.02,     229,     1.3,     2.5,     3.7,     7.9,     87.9,     1003.5,     323.71,     253.9,     88,     -177.9
112,     10.11.2014 18:41:16,     -3.15,     0,     233,     1.2,     2.4,     3.5,     7.9,     88.2,     1003.6,     323.71,     253.8,     88,     -178
113,     10.11.2014 18:51:16,     -3.15,     -2.01,     236,     1.4,     2.2,     3.5,     7.9,     88.5,     1003.9,     323.71,     253.7,     88,     -178
114,     10.11.2014 19:01:16,     -3.15,     -2.01,     227,     1.3,     2,     3,     7.8,     88.7,     1003.8,     323.71,     253.4,     87.9,     -177.9
115,     10.11.2014 19:11:16,     -2.1,     0,     236,     1.1,     1.9,     2.8,     7.8,     89,     1003.9,     323.71,     253.8,     87.9,     -177.9,     12.605,     8.32,     82.8
116,     10.11.2014 19:21:16,     -2.1,     -2.01,     226,     1.3,     2,     2.8,     7.7,     89,     1003.8,     323.71,     253.4,     88,     -178
117,     10.11.2014 19:31:16,     -1.05,     2.01,     239,     0.9,     1.6,     2.4,     7.8,     89.3,     1004,     323.71,     253.4,     88,     -178
118,     10.11.2014 19:41:16,     -2.1,     -2.01,     231,     1.3,     2.1,     3.2,     7.7,     89.1,     1004,     323.71,     253.6,     88,     -178
119,     10.11.2014 19:51:16,     -2.1,     -2.01,     222,     0.9,     1.7,     2.5,     7.7,     89.3,     1004,     323.71,     253.3,     88,     -177.9
120,     10.11.2014 20:01:16,     -3.15,     -4.02,     217,     0.8,     1.8,     2.6,     7.7,     89.6,     1004.2,     323.71,     253.4,     87.9,     -177.9
121,     10.11.2014 20:11:17,     -3.15,     -2.01,     213,     1.3,     2.3,     3.2,     7.6,     89.7,     1004.1,     323.71,     253.6,     88,     -178,     12.597,     7.93,     82.9
122,     10.11.2014 20:21:17,     -4.2,     -4.02,     214,     1.3,     2.4,     3.4,     7.7,     89.6,     1004.2,     323.71,     253.6,     87.9,     -177.9
123,     10.11.2014 20:31:17,     -4.2,     -2.01,     219,     1.5,     2.4,     3.7,     7.7,     89.2,     1004.2,     323.71,     253.6,     87.9,     -177.9
124,     10.11.2014 20:41:17,     -3.15,     -2.01,     216,     2,     2.7,     3.7,     7.5,     89.1,     1004.2,     323.71,     253.6,     88,     -178
125,     10.11.2014 20:51:17,     -2.1,     0,     218,     1.4,     2.5,     3.6,     7.6,     89.4,     1004.3,     323.71,     253.6,     87.9,     -177.9
126,     10.11.2014 21:01:17,     -2.1,     -2.01,     219,     1.5,     2.3,     3,     7.5,     89.1,     1004.3,     323.71,     253.3,     88,     -178
127,     10.11.2014 21:11:16,     -2.1,     -2.01,     223,     0.7,     1.9,     3.1,     7.4,     89.4,     1004.4,     323.71,     253.3,     87.9,     -177.9,     12.552,     7.79,     82.9
128,     10.11.2014 21:21:16,     -2.1,     -2.01,     219,     0.6,     1.4,     2.4,     7.4,     89.3,     1004.4,     323.71,     253.4,     88,     -178
129,     10.11.2014 21:31:16,     -2.1,     -2.01,     223,     0.6,     1.6,     2.5,     7.4,     89.4,     1004.4,     323.71,     253.3,     88,     -178
130,     10.11.2014 21:41:16,     -3.15,     -2.01,     226,     0.8,     1.7,     2.4,     7.4,     89.5,     1004.5,     323.71,     253.4,     87.9,     -177.8
131,     10.11.2014 21:51:16,     -1.05,     2.01,     231,     0.8,     1.6,     2.5,     7.4,     89.4,     1004.5,     323.71,     253.4,     87.9,     -177.9
132,     10.11.2014 22:01:16,     -3.15,     -2.01,     243,     0.5,     1.5,     2.3,     7.4,     89.2,     1004.6,     323.71,     253.4,     87.9,     -177.9
133,     10.11.2014 22:11:21,     -5.25,     -2.01,     228,     0.6,     1.4,     2.1,     7.4,     89.2,     1004.7,     323.71,     253.2,     88,     -178,     12.537,     7.53,     83.0
134,     10.11.2014 22:21:21,     -4.2,     -4.02,     204,     0.6,     1.1,     1.5,     7.2,     89.2,     1004.7,     323.71,     253.2,     88,     -178
135,     10.11.2014 22:31:21,     -3.15,     -2.01,     214,     0.3,     0.9,     1.7,     7.1,     89.5,     1004.7,     323.71,     253.2,     88,     -178
136,     10.11.2014 22:41:21,     -4.2,     0,     209,     0.9,     1.6,     2.5,     7,     89.6,     1004.7,     323.71,     253.4,     87.9,     -177.9
137,     10.11.2014 22:51:21,     -4.2,     0,     225,     0.8,     1.6,     2.3,     6.9,     89.5,     1004.8,     323.71,     253.4,     87.8,     -177.9
138,     10.11.2014 23:01:21,     -4.2,     0,     213,     0.8,     1.6,     2.6,     6.8,     89.6,     1004.8,     323.71,     253.3,     88,     -178
139,     10.11.2014 23:11:16,     -4.2,     -2.01,     206,     1.1,     1.8,     2.5,     6.7,     89.8,     1004.9,     323.71,     253.4,     87.9,     -177.9,     12.524,     6.85,     83.1
140,     10.11.2014 23:21:16,     -5.25,     -2.01,     210,     1.2,     2.1,     3.1,     6.7,     89.9,     1005,     323.71,     253.4,     88,     -178
141,     10.11.2014 23:31:16,     -7.35,     -2.01,     213,     1.3,     2.2,     3.2,     6.6,     89.7,     1005,     323.71,     253.4,     88,     -178
142,     10.11.2014 23:41:16,     -4.2,     0,     211,     1,     2,     3.5,     6.6,     90.3,     1005.1,     323.71,     253.4,     87.9,     -178
143,     10.11.2014 23:51:16,     -4.2,     0,     218,     1.2,     2.3,     3.3,     6.4,     90.1,     1005.3,     323.71,     253.8,     87.9,     -177.9
144,     11.11.2014 00:01:16,     -3.15,     -2.01,     211,     1.1,     2,     3,     6.3,     90.4,     1005.4,     323.71,     253.2,     87.9,     -177.9,     12.427,     6.39,     83.3
(GSM ERROR Server Transfer: Error 134 / Signal:15 / 11.11.2014 00:02:44)