Logger: #D10248 'TSK_Meteo' - USP_EXP2 (V2.10, Jan 24 2012)
No,     Time,     #1:W/m²:0,     #2:ÂµMol:(do.),     #5:deg:2,     #6:m/sMIN:(do.),     #7:m/sMIT:(do.),     #8:m/sMAX:(do.),     #9:Â°C:(do.),     #10:%:(do.),     #11:hPa:(do.),     #12:mm:(do.),     #14:AZ:3,     #15:EL:(do.),     #16:Roll:(do.),     #HK-Bat:V,     #HK-Temp:oC,     #HK-rH:%
(GSM Transfer OK / Signal:15)
1,     15.11.2014 00:11:21,     -2.1,     -2.01,     176,     2.4,     5.3,     8.5,     9.3,     81.6,     1005.1,     323.71,     253.5,     88.3,     -178.3,     12.245,     10.35,     81.2
2,     15.11.2014 00:21:21,     0,     -2.01,     169,     1.1,     3.5,     6.5,     9.2,     82.5,     1005.1,     323.71,     253.2,     87.8,     -177.8
3,     15.11.2014 00:31:21,     -1.05,     -2.01,     166,     1,     3.1,     5.7,     9.2,     83,     1005,     323.71,     253.3,     88,     -178
4,     15.11.2014 00:41:21,     -1.05,     -2.01,     161,     0.4,     3.1,     7.1,     9.1,     83,     1004.9,     323.71,     253.3,     88.1,     -178.1
5,     15.11.2014 00:51:21,     -1.05,     -2.01,     164,     0.5,     3.6,     6.4,     9.1,     82.7,     1004.8,     323.71,     253,     88,     -178.1
6,     15.11.2014 01:01:21,     -1.05,     0,     168,     1.7,     5,     8.7,     9.1,     82,     1004.6,     323.71,     252.9,     87.9,     -177.9
7,     15.11.2014 01:11:17,     -2.1,     0,     169,     1.3,     4.8,     8.7,     9.1,     81.9,     1004.6,     323.71,     253.2,     88.2,     -178.1,     12.317,     9.89,     82.9
8,     15.11.2014 01:21:17,     -1.05,     -2.01,     168,     0.9,     3,     5.2,     9.1,     82.8,     1004.7,     323.71,     253.2,     87.7,     -177.8
9,     15.11.2014 01:31:17,     -2.1,     -2.01,     161,     0.8,     2.8,     4.9,     9.1,     83.3,     1004.6,     323.71,     253.3,     88.1,     -178.1
10,     15.11.2014 01:41:17,     -2.1,     -4.02,     171,     0.8,     2.8,     5.9,     9.1,     83.3,     1004.7,     323.71,     253.3,     88.1,     -178.1
11,     15.11.2014 01:51:17,     -1.05,     0,     166,     1.2,     3.4,     6.2,     9.1,     83.1,     1004.6,     323.71,     253.1,     88,     -178
12,     15.11.2014 02:01:17,     -2.1,     -2.01,     156,     0.4,     2,     3.9,     9,     84.1,     1004.6,     323.71,     253,     88,     -178
13,     15.11.2014 02:11:22,     -2.1,     -2.01,     153,     0.9,     2.8,     7.3,     8.9,     84.4,     1004.5,     323.71,     253.2,     87.9,     -177.9,     12.302,     9.75,     82.9
14,     15.11.2014 02:21:22,     0,     0,     161,     1,     3,     5.8,     9,     83.8,     1004.5,     323.71,     253.2,     88,     -178
15,     15.11.2014 02:31:22,     0,     0,     158,     1,     3,     6.6,     9,     83.8,     1004.4,     323.71,     253.1,     88.1,     -178
16,     15.11.2014 02:41:22,     -2.1,     -2.01,     156,     0.8,     3,     5.1,     8.9,     83.9,     1004.3,     323.71,     253.1,     88,     -178
17,     15.11.2014 02:51:22,     -1.05,     0,     154,     0.5,     2.8,     4.9,     8.9,     84.2,     1004.2,     323.71,     253.1,     87.9,     -177.9
18,     15.11.2014 03:01:22,     -1.05,     0,     155,     1,     3.2,     6.1,     8.8,     83.9,     1004,     323.71,     253.1,     88,     -178
19,     15.11.2014 03:11:16,     -1.05,     0,     151,     1.2,     3,     5.4,     8.8,     84.1,     1003.9,     323.71,     252.9,     88,     -178,     12.295,     9.61,     83.0
20,     15.11.2014 03:21:16,     -1.05,     0,     152,     0.4,     3.1,     7.3,     8.7,     83.9,     1003.8,     323.71,     253.2,     88,     -178
21,     15.11.2014 03:31:16,     -1.05,     -2.01,     157,     1,     3.3,     6.2,     8.8,     83.9,     1003.7,     323.71,     253.3,     88,     -178
22,     15.11.2014 03:41:16,     -1.05,     0,     148,     1,     3.2,     7.5,     8.7,     84.1,     1003.6,     323.71,     252.8,     88,     -178
23,     15.11.2014 03:51:16,     -2.1,     -4.02,     145,     0.5,     3.7,     6.5,     8.6,     84.5,     1003.4,     323.71,     253.1,     87.9,     -177.9
24,     15.11.2014 04:01:16,     -2.1,     -4.02,     149,     1.7,     4.2,     8.3,     8.6,     84.4,     1003.4,     323.71,     253.4,     88,     -178
25,     15.11.2014 04:11:22,     -1.05,     -2.01,     149,     1.3,     4.1,     8.3,     8.5,     84.4,     1003.4,     323.71,     252.3,     87.9,     -178,     12.283,     9.45,     83.1
26,     15.11.2014 04:21:22,     -1.05,     -2.01,     153,     0.9,     3.8,     7.9,     8.5,     84.6,     1003.4,     323.71,     253.2,     88.1,     -178
27,     15.11.2014 04:31:22,     -1.05,     -2.01,     155,     1,     3.7,     7.3,     8.5,     84.5,     1003.4,     323.71,     252.3,     87.7,     -177.8
28,     15.11.2014 04:41:22,     -1.05,     -2.01,     156,     0.8,     3.5,     6.2,     8.5,     83.7,     1003.3,     323.71,     253.2,     88,     -178
29,     15.11.2014 04:51:22,     -1.05,     -2.01,     161,     1,     3.2,     7.4,     8.5,     83.8,     1003.3,     323.71,     252.4,     87.8,     -177.8
30,     15.11.2014 05:01:22,     -1.05,     -2.01,     153,     1.3,     3.9,     7.1,     8.4,     83.6,     1003.3,     323.71,     253.2,     87.9,     -177.9
31,     15.11.2014 05:11:16,     -4.2,     -2.01,     152,     1.1,     3.5,     7,     8.4,     83.9,     1003.3,     323.71,     252.7,     87.9,     -177.9,     12.281,     9.23,     83.2
32,     15.11.2014 05:21:16,     -1.05,     -2.01,     151,     1.8,     4,     7,     8.3,     83.6,     1003.1,     323.71,     253.2,     88,     -178
33,     15.11.2014 05:31:16,     -2.1,     0,     147,     0.6,     3.7,     6.9,     8.3,     84,     1003,     323.71,     252.8,     88,     -178.1
34,     15.11.2014 05:41:16,     -1.05,     -2.01,     148,     0.8,     3.5,     6.4,     8.3,     84.2,     1003,     323.71,     252.4,     87.9,     -177.9
35,     15.11.2014 05:51:16,     -2.1,     -2.01,     147,     0.8,     3.3,     5.8,     8.2,     84.8,     1003,     323.71,     252.8,     88,     -178
36,     15.11.2014 06:01:16,     -2.1,     -2.01,     148,     0.5,     4.3,     7.5,     8.2,     84.9,     1002.8,     323.71,     73.2,     88,     -1.9
37,     15.11.2014 06:11:17,     -2.1,     0,     149,     0.9,     3.9,     7.5,     8.1,     85,     1002.8,     323.71,     253.2,     87.8,     -177.8,     12.291,     9.05,     83.2
38,     15.11.2014 06:21:17,     -1.05,     -2.01,     151,     1,     3.7,     8.4,     8.1,     85.3,     1002.9,     323.71,     252.9,     88.2,     -178.3
39,     15.11.2014 06:31:17,     -1.05,     -2.01,     157,     0.9,     4.3,     7.4,     8.1,     85.2,     1002.9,     323.71,     253,     88,     -178.1
40,     15.11.2014 06:41:17,     -2.1,     0,     159,     1,     3.6,     6.6,     8.1,     85.6,     1002.9,     323.71,     252.7,     88.1,     -178.1
41,     15.11.2014 06:51:17,     -2.1,     -6.03,     153,     0.8,     3.9,     8,     8.1,     85.6,     1002.8,     323.71,     251.7,     87.8,     -177.9
42,     15.11.2014 07:01:17,     -2.1,     -2.01,     155,     1.2,     4.2,     9.2,     8.1,     86.2,     1002.9,     323.71,     253.4,     88.1,     -178.1
43,     15.11.2014 07:11:16,     -2.1,     -2.01,     154,     0.8,     3.8,     6.7,     8,     86.3,     1002.8,     323.71,     252.7,     87.9,     -177.9,     12.279,     8.88,     83.3
44,     15.11.2014 07:21:16,     -1.05,     0,     147,     0.7,     3.6,     7.7,     8,     86.8,     1002.7,     323.71,     253.1,     88,     -178
45,     15.11.2014 07:31:16,     2.1,     2.01,     147,     0.8,     3.4,     5.9,     8,     87.1,     1002.7,     323.71,     252.8,     88,     -178
46,     15.11.2014 07:41:16,     2.1,     2.01,     149,     0.7,     4.2,     8.4,     8,     87.5,     1002.8,     323.71,     252.8,     87.8,     -177.8
47,     15.11.2014 07:51:16,     4.2,     10.05,     149,     1.4,     4.1,     7,     8,     87.6,     1002.8,     323.71,     251.8,     88.4,     -178.4
48,     15.11.2014 08:01:16,     7.35,     14.07,     153,     1.4,     4,     8.6,     8,     87.6,     1002.7,     323.71,     72.9,     87.8,     -2.1
49,     15.11.2014 08:11:16,     8.4,     18.09,     152,     1.2,     4.3,     7.9,     8,     87.8,     1002.7,     323.71,     252.6,     87.8,     -177.8,     12.293,     8.79,     83.3
50,     15.11.2014 08:21:16,     10.5,     24.12,     150,     1.1,     4.2,     8.4,     8,     87.7,     1002.7,     323.71,     253.1,     88,     -178
51,     15.11.2014 08:31:16,     15.75,     32.16,     151,     0.8,     3.6,     8.7,     8,     87.9,     1002.6,     323.71,     72.8,     88.2,     -1.7
52,     15.11.2014 08:41:16,     16.8,     38.19,     155,     0.7,     4.1,     7.5,     8,     87.8,     1002.6,     323.71,     253.1,     88.1,     -178.1
53,     15.11.2014 08:51:16,     19.95,     44.22,     157,     0.8,     4.1,     8.1,     8,     87.7,     1002.7,     323.71,     72.5,     87.8,     -2.1
54,     15.11.2014 09:01:16,     19.95,     44.22,     157,     0.7,     4.7,     7.9,     8.1,     87.6,     1002.6,     323.71,     252.2,     87.9,     -177.9
55,     15.11.2014 09:11:17,     24.15,     54.27,     155,     1.5,     4.4,     7.9,     8.2,     87.4,     1002.6,     323.71,     252.3,     87.9,     -177.9,     12.368,     8.91,     83.3
56,     15.11.2014 09:21:17,     24.15,     56.28,     150,     0.6,     3.8,     7.3,     8.2,     87.2,     1002.5,     323.71,     253.1,     88.1,     -178.1
57,     15.11.2014 09:31:17,     29.4,     62.31,     144,     0.8,     3.9,     7.6,     8.2,     86.9,     1002.4,     323.71,     252.4,     87.7,     -177.8
58,     15.11.2014 09:41:17,     31.5,     68.34,     150,     0.4,     3.4,     7.9,     8.3,     87.3,     1002.3,     323.71,     252.7,     87.9,     -177.9
59,     15.11.2014 09:51:17,     25.2,     56.28,     152,     0.4,     3.7,     7.7,     8.3,     87,     1002.4,     323.71,     253.3,     88,     -178
60,     15.11.2014 10:01:17,     33.6,     74.37,     155,     1,     3.4,     6.4,     8.4,     87,     1002.3,     323.71,     253.3,     87.8,     -177.8
61,     15.11.2014 10:11:16,     32.55,     68.34,     152,     0.5,     3.8,     6.9,     8.4,     86.7,     1002.3,     323.71,     253.3,     88.1,     -178.1,     12.482,     9.23,     83.1
62,     15.11.2014 10:21:16,     33.6,     74.37,     146,     0.8,     3.4,     7,     8.5,     87.1,     1002.2,     323.71,     73,     87.9,     -2
63,     15.11.2014 10:31:16,     35.7,     78.39,     155,     1.4,     3.5,     7,     8.5,     87.6,     1002.4,     323.71,     252.3,     88.1,     -178.1
64,     15.11.2014 10:41:16,     24.15,     56.28,     154,     0.8,     3.9,     7.5,     8.5,     87.3,     1002.3,     323.71,     253,     87.7,     -177.8
65,     15.11.2014 10:51:16,     31.5,     70.35,     152,     1.6,     3.9,     8.3,     8.5,     86.9,     1002.1,     323.71,     253.2,     88,     -178
66,     15.11.2014 11:01:16,     34.65,     80.4,     153,     2,     4,     7.4,     8.6,     86.9,     1002.2,     323.71,     253,     88.1,     -178.1
67,     15.11.2014 11:11:16,     30.45,     68.34,     151,     0.6,     3.4,     7.6,     8.7,     86.9,     1002.1,     323.71,     252.3,     87.9,     -177.8,     12.524,     9.51,     83.1
68,     15.11.2014 11:21:16,     32.55,     74.37,     150,     0.4,     3.2,     6.3,     8.7,     86.8,     1002,     323.71,     252.2,     88,     -178
69,     15.11.2014 11:31:16,     38.85,     86.43,     155,     1.1,     3.8,     6.4,     8.7,     86.7,     1001.8,     323.71,     253.2,     87.9,     -177.9
70,     15.11.2014 11:41:16,     35.7,     80.4,     146,     0.4,     3.4,     6.4,     8.8,     86.5,     1001.8,     323.71,     253.2,     88,     -178
71,     15.11.2014 11:51:16,     37.8,     84.42,     152,     0.7,     3.9,     9.4,     8.8,     86.4,     1001.6,     323.71,     253.3,     88,     -178
72,     15.11.2014 12:01:16,     46.2,     102.51,     146,     1,     3.7,     7,     8.9,     86,     1001.5,     323.71,     254,     88.1,     -178.1
73,     15.11.2014 12:11:16,     55.65,     116.58,     149,     1,     3.4,     7.1,     8.9,     85.6,     1001.4,     323.71,     253,     87.8,     -177.8,     12.283,     9.82,     83.0
74,     15.11.2014 12:21:16,     48.3,     106.53,     151,     1.9,     3.9,     7,     9,     85.3,     1001.4,     323.71,     73.1,     88.1,     -1.9
75,     15.11.2014 12:31:16,     42,     92.46,     141,     1.2,     3.8,     8.9,     9,     85.4,     1001.3,     323.71,     252.5,     88.2,     -178.1
76,     15.11.2014 12:41:16,     33.6,     74.37,     145,     1.3,     3.9,     7.6,     9,     84.6,     1001.2,     323.71,     253.4,     88,     -178
77,     15.11.2014 12:51:16,     33.6,     74.37,     143,     1.3,     3.8,     7.7,     9.1,     84.7,     1001.2,     323.71,     72.7,     88,     -1.9
78,     15.11.2014 13:01:16,     37.8,     84.42,     142,     1.1,     3.4,     6.7,     9.1,     85,     1001.1,     323.71,     253.5,     87.9,     -177.9
79,     15.11.2014 13:11:17,     39.9,     88.44,     143,     1.5,     3.8,     7.2,     9.1,     84.6,     1001.1,     323.71,     252.9,     88,     -178,     12.454,     10.10,     82.9
80,     15.11.2014 13:21:17,     34.65,     78.39,     146,     1.2,     3.7,     6.6,     9.1,     84.8,     1001,     323.71,     253.6,     88.1,     -178.1
81,     15.11.2014 13:31:17,     32.55,     74.37,     145,     1.3,     3.9,     7.5,     9,     84.6,     1001,     323.71,     253.1,     87.8,     -177.8
82,     15.11.2014 13:41:17,     26.25,     60.3,     146,     0.6,     4,     7.5,     9,     84.6,     1000.8,     323.71,     253.5,     87.9,     -177.8
83,     15.11.2014 13:51:17,     21,     46.23,     147,     1.5,     4.3,     7.6,     9,     84.6,     1000.8,     323.71,     253.2,     88,     -178
84,     15.11.2014 14:01:17,     18.9,     44.22,     145,     1.4,     4.1,     7.3,     9,     84.6,     1000.7,     323.71,     253.4,     88,     -178
85,     15.11.2014 14:11:16,     18.9,     44.22,     144,     0.6,     4.2,     7.3,     9,     84.5,     1000.6,     323.71,     252.7,     87.8,     -177.8,     12.425,     10.09,     82.9
86,     15.11.2014 14:21:16,     14.7,     36.18,     141,     1.4,     4,     8,     9,     84.5,     1000.6,     323.71,     253.3,     88.2,     -178.1
87,     15.11.2014 14:31:16,     16.8,     36.18,     139,     1.6,     3.9,     7.6,     9,     84.7,     1000.5,     323.71,     253.3,     88,     -178
88,     15.11.2014 14:41:16,     14.7,     34.17,     137,     1.2,     3.8,     6.8,     9,     84.7,     1000.4,     323.71,     253.1,     87.9,     -177.9
89,     15.11.2014 14:51:16,     7.35,     20.1,     143,     0.8,     3.9,     7.2,     9,     84.8,     1000.5,     323.71,     252.3,     88,     -178
90,     15.11.2014 15:01:16,     9.45,     22.11,     140,     0.9,     3.6,     6.2,     9,     84.8,     1000.4,     323.71,     253.4,     88,     -177.9
91,     15.11.2014 15:11:16,     8.4,     18.09,     144,     0.9,     3.1,     6.8,     9,     85.1,     1000.4,     323.71,     253.3,     88,     -178.1,     12.323,     9.94,     83.0
92,     15.11.2014 15:21:16,     5.25,     12.06,     143,     0.8,     3.6,     7.4,     9,     84.9,     1000.3,     323.71,     253.4,     87.9,     -177.9
93,     15.11.2014 15:31:16,     2.1,     6.03,     148,     0.9,     4,     7.9,     9.1,     84.9,     1000.3,     323.71,     73.4,     88,     -1.9
94,     15.11.2014 15:41:16,     3.15,     8.04,     147,     1.4,     4,     6.9,     9.1,     85.4,     1000.2,     323.71,     253.6,     87.9,     -177.9
95,     15.11.2014 15:51:16,     2.1,     6.03,     143,     0.6,     3.5,     6.8,     9.1,     85.5,     1000.1,     323.71,     252.4,     88,     -178.1
96,     15.11.2014 16:01:16,     1.05,     2.01,     147,     0.6,     3.5,     7.3,     9.1,     85.5,     1000,     323.71,     252.7,     88,     -178
97,     15.11.2014 16:11:22,     -1.05,     0,     141,     0.6,     3.8,     7.4,     9.1,     85.7,     999.9,     323.71,     251.8,     87.7,     -177.8,     12.276,     9.85,     83.0
98,     15.11.2014 16:21:22,     0,     0,     143,     0.1,     3.3,     6.6,     9.1,     86,     999.6,     323.71,     73.2,     88,     -1.9
99,     15.11.2014 16:31:22,     -1.05,     -4.02,     141,     0.9,     3.4,     6.5,     9.1,     86,     999.5,     323.71,     253.4,     88,     -178
100,     15.11.2014 16:41:22,     0,     -2.01,     138,     1,     3.7,     7.5,     9.1,     85.9,     999.6,     323.71,     253.7,     87.9,     -178
101,     15.11.2014 16:51:22,     -1.05,     -2.01,     142,     1.4,     4.3,     8.1,     9.2,     85.9,     999.5,     323.71,     252.9,     88,     -178
102,     15.11.2014 17:01:22,     -1.05,     -2.01,     141,     1.1,     4.2,     7.6,     9.2,     86,     999.5,     323.71,     73.7,     87.9,     -2
103,     15.11.2014 17:11:16,     -1.05,     -2.01,     141,     1.7,     4.4,     7.6,     9.2,     85.6,     999.4,     323.71,     72.5,     88,     -2,     12.268,     9.84,     83.1
104,     15.11.2014 17:21:16,     0,     -2.01,     141,     1.5,     3.8,     7.2,     9.3,     85.6,     999.4,     323.71,     252.2,     88,     -178
105,     15.11.2014 17:31:16,     -2.1,     -2.01,     146,     2.2,     4.4,     8.1,     9.3,     85.4,     999.6,     323.71,     253.1,     88,     -177.9
106,     15.11.2014 17:41:16,     -2.1,     -2.01,     148,     0.7,     3.9,     7.1,     9.3,     85.4,     999.5,     323.71,     252.9,     88,     -177.9
107,     15.11.2014 17:51:16,     -1.05,     -2.01,     145,     1,     4.2,     8.2,     9.4,     85.3,     999.4,     323.71,     252.8,     88.2,     -178.2
108,     15.11.2014 18:01:16,     -2.1,     -4.02,     141,     0.3,     3.5,     7.1,     9.4,     85.3,     999.3,     323.71,     252.1,     87.9,     -177.9
109,     15.11.2014 18:11:16,     -2.1,     -2.01,     147,     0.3,     3.6,     6.7,     9.4,     85.2,     999.2,     323.71,     253.8,     88,     -177.9,     12.272,     9.96,     83.1
110,     15.11.2014 18:21:16,     -2.1,     -2.01,     145,     0.9,     4.1,     8,     9.5,     84.9,     999.2,     323.71,     253,     87.9,     -177.9
111,     15.11.2014 18:31:16,     -2.1,     0,     148,     1.5,     4,     7.5,     9.5,     84.8,     999.2,     323.71,     252.7,     88.1,     -178.1
112,     15.11.2014 18:41:16,     -2.1,     -2.01,     148,     1.5,     4,     7.2,     9.5,     84.8,     999.3,     323.71,     73.5,     88,     -2
113,     15.11.2014 18:51:16,     -1.05,     -2.01,     148,     0.6,     3.6,     8.1,     9.6,     84.5,     999.4,     323.71,     253.1,     88.1,     -178.1
114,     15.11.2014 19:01:16,     -1.05,     -2.01,     148,     0.5,     3.8,     8.5,     9.6,     84.6,     999.3,     323.71,     73.5,     88,     -1.9
115,     15.11.2014 19:11:16,     -1.05,     -2.01,     149,     0.5,     3.2,     6.1,     9.6,     84.8,     999.4,     323.71,     74.1,     88,     -1.9,     12.285,     10.11,     83.0
116,     15.11.2014 19:21:16,     -1.05,     -4.02,     150,     0.5,     3.2,     6.6,     9.6,     84.6,     999.3,     323.71,     252.9,     88,     -178
117,     15.11.2014 19:31:16,     -2.1,     -2.01,     147,     1.2,     3.4,     6.9,     9.6,     84.4,     999.4,     323.71,     253.2,     88,     -178
118,     15.11.2014 19:41:16,     -2.1,     -2.01,     156,     0.4,     2.8,     5.7,     9.6,     84.6,     999.5,     323.71,     252.6,     88,     -178
119,     15.11.2014 19:51:16,     -4.2,     -2.01,     156,     0.7,     3,     5,     9.6,     84.5,     999.6,     323.71,     253.3,     88,     -178
120,     15.11.2014 20:01:16,     -3.15,     -4.02,     149,     1.2,     3.3,     6.2,     9.6,     84.2,     999.7,     323.71,     252.6,     87.9,     -178
121,     15.11.2014 20:11:22,     -1.05,     0,     150,     0.6,     3.2,     6.8,     9.6,     84.3,     999.8,     323.71,     252.8,     87.9,     -178,     12.268,     10.19,     82.9
122,     15.11.2014 20:21:22,     -1.05,     -2.01,     145,     0.5,     3.1,     6.6,     9.6,     84.4,     999.7,     323.71,     253.4,     88,     -178.1
123,     15.11.2014 20:31:22,     -1.05,     -2.01,     148,     1.1,     3.3,     6.4,     9.7,     84.1,     999.8,     323.71,     253.3,     87.9,     -177.9
124,     15.11.2014 20:41:22,     -1.05,     -2.01,     145,     1,     3.1,     5.9,     9.6,     84.4,     999.8,     323.71,     253.2,     87.9,     -177.9
125,     15.11.2014 20:51:22,     -2.1,     -2.01,     147,     0.5,     2.7,     4.8,     9.6,     84.4,     999.8,     323.71,     253.2,     87.9,     -177.9
126,     15.11.2014 21:01:22,     -2.1,     2.01,     142,     0.5,     3,     6.2,     9.6,     84.4,     999.7,     323.71,     253.5,     87.9,     -177.9
127,     15.11.2014 21:11:16,     -2.1,     0,     142,     0.5,     2.8,     5.7,     9.6,     84.4,     999.7,     323.71,     252.8,     87.8,     -177.9,     12.279,     10.22,     83.0
128,     15.11.2014 21:21:16,     -1.05,     -2.01,     142,     0.9,     3.3,     5.5,     9.6,     84.2,     999.6,     323.71,     72.9,     88,     -1.9
129,     15.11.2014 21:31:16,     -1.05,     0,     141,     0.8,     3.2,     6.8,     9.6,     84.1,     999.5,     323.71,     253.1,     87.9,     -177.9
130,     15.11.2014 21:41:16,     -1.05,     0,     143,     1.2,     3.2,     6.2,     9.6,     84.1,     999.5,     323.71,     252.9,     88,     -178
131,     15.11.2014 21:51:16,     -2.1,     -4.02,     140,     1.1,     3.2,     6.2,     9.6,     84.3,     999.4,     323.71,     252.4,     88.1,     -178
132,     15.11.2014 22:01:16,     -1.05,     -2.01,     143,     1.1,     3.7,     7.4,     9.6,     84.2,     999.3,     323.71,     253.2,     87.9,     -177.9
133,     15.11.2014 22:11:16,     -2.1,     -2.01,     143,     0.7,     3.4,     6.1,     9.6,     84.1,     999.3,     323.71,     253,     88,     -178,     12.259,     10.14,     83.0
134,     15.11.2014 22:21:16,     -1.05,     0,     143,     0.8,     3.4,     5.9,     9.6,     83.9,     999.1,     323.71,     252.4,     87.9,     -177.9
135,     15.11.2014 22:31:16,     -1.05,     0,     141,     1.2,     3.5,     6.1,     9.6,     83.7,     998.9,     323.71,     252.8,     88,     -178
136,     15.11.2014 22:41:16,     -3.15,     -4.02,     141,     1,     3.3,     5.8,     9.6,     83.9,     998.9,     323.71,     253.2,     87.9,     -177.9
137,     15.11.2014 22:51:16,     -2.1,     -2.01,     141,     0.6,     3.8,     7.3,     9.6,     83.7,     998.8,     323.71,     251.7,     87.9,     -177.9
138,     15.11.2014 23:01:16,     -1.05,     -2.01,     143,     0.8,     3.7,     6.6,     9.6,     83.8,     998.8,     323.71,     253.1,     88,     -178
139,     15.11.2014 23:11:16,     -1.05,     -2.01,     147,     0.6,     3.9,     7.6,     9.5,     83.6,     998.7,     323.71,     253.1,     88,     -177.9,     12.281,     10.15,     83.0
140,     15.11.2014 23:21:16,     -1.05,     -2.01,     145,     0.8,     3.5,     7.3,     9.5,     83.7,     998.7,     323.71,     252.8,     88,     -178
141,     15.11.2014 23:31:16,     -2.1,     -4.02,     144,     0.8,     4,     7.9,     9.4,     83.7,     998.7,     323.71,     252.9,     88,     -178
142,     15.11.2014 23:41:16,     -1.05,     0,     145,     1.6,     4.3,     7.3,     9.4,     83.7,     998.7,     323.71,     73.6,     88,     -1.8
143,     15.11.2014 23:51:16,     -1.05,     -2.01,     148,     1,     3.7,     6.8,     9.3,     83.6,     998.5,     323.71,     252.6,     88,     -178
144,     16.11.2014 00:01:21,     -1.05,     0,     147,     1.3,     4.3,     7.5,     9.3,     83.4,     998.5,     323.71,     72.7,     87.8,     -2.1,     12.395,     10.10,     83.0