Logger: #D10248 'TSK_Meteo' - USP_EXP2 (V2.10, Jan 24 2012)
No,     Time,     #1:W/m²:0,     #2:ÂµMol:(do.),     #5:deg:2,     #6:m/sMIN:(do.),     #7:m/sMIT:(do.),     #8:m/sMAX:(do.),     #9:Â°C:(do.),     #10:%:(do.),     #11:hPa:(do.),     #12:mm:(do.),     #14:AZ:3,     #15:EL:(do.),     #16:Roll:(do.),     #HK-Bat:V,     #HK-Temp:oC,     #HK-rH:%
(GSM Transfer OK / Signal:14)
1,     13.08.2014 00:11:17,     -1.05,     -2.01,     200,     0.9,     1.8,     2.8,     14.4,     81.5,     1001.5,     205.94,     255.2,     87.9,     -177.9,     12.499,     14.29,     67.9
2,     13.08.2014 00:21:17,     -1.05,     0,     216,     0.3,     1.8,     3.1,     14.5,     80.8,     1001.4,     205.94,     255.1,     87.9,     -177.9
3,     13.08.2014 00:31:17,     -3.15,     0,     215,     1,     1.9,     3.2,     14.7,     80.4,     1001.3,     205.94,     255.4,     88,     -178
4,     13.08.2014 00:41:17,     -2.1,     0,     222,     1,     2.2,     3.3,     14.7,     76.3,     1001.3,     205.94,     255.2,     88,     -178
5,     13.08.2014 00:51:17,     -3.15,     -2.01,     218,     1.1,     2.2,     3.6,     14.7,     77.7,     1001.2,     205.94,     255.3,     87.9,     -177.9
6,     13.08.2014 01:01:17,     -2.1,     -2.01,     208,     1.3,     2.1,     3.7,     14.6,     77.8,     1001.1,     205.94,     255.2,     87.9,     -177.9
7,     13.08.2014 01:11:22,     -1.05,     -2.01,     220,     0.4,     1.9,     3,     14.6,     77.2,     1001.1,     205.94,     255.4,     87.9,     -177.9,     12.518,     14.31,     69.1
8,     13.08.2014 01:21:22,     -3.15,     -4.02,     231,     1.1,     2.2,     3.4,     14.8,     75.8,     1001,     205.94,     255.4,     87.9,     -177.9
9,     13.08.2014 01:31:22,     -3.15,     -4.02,     218,     1,     2,     3.1,     14.8,     75.4,     1000.9,     205.94,     255.4,     87.9,     -177.9
10,     13.08.2014 01:41:22,     -5.25,     2.01,     220,     0.9,     1.9,     3.1,     14.7,     75.7,     1000.8,     205.94,     255.3,     87.9,     -177.9
11,     13.08.2014 01:51:22,     -5.25,     0,     210,     0.6,     1.7,     3.1,     14.7,     76.2,     1000.7,     205.94,     255.2,     87.9,     -177.9
12,     13.08.2014 02:01:22,     -3.15,     0,     208,     0.7,     1.7,     2.9,     14.5,     77,     1000.7,     205.94,     255.3,     87.9,     -177.9
13,     13.08.2014 02:11:23,     -3.15,     -2.01,     221,     0.6,     1.9,     3.1,     14.6,     76.2,     1000.6,     205.94,     255.3,     87.8,     -177.9,     12.493,     14.35,     69.0
14,     13.08.2014 02:21:23,     -5.25,     -2.01,     224,     0.3,     1.8,     2.9,     14.6,     75.3,     1000.5,     205.94,     255.3,     87.8,     -177.8
15,     13.08.2014 02:31:23,     -4.2,     0,     227,     0.7,     2,     3.3,     14.5,     74.1,     1000.4,     205.94,     255.5,     87.9,     -177.9
16,     13.08.2014 02:41:23,     -4.2,     -2.01,     215,     0.9,     1.9,     2.8,     14.2,     76.5,     1000.4,     205.94,     255.3,     88,     -178
17,     13.08.2014 02:51:23,     -5.25,     -2.01,     203,     0.9,     1.8,     2.6,     14,     78.5,     1000.3,     205.94,     255.4,     88,     -178
18,     13.08.2014 03:01:23,     -5.25,     -4.02,     202,     0.9,     1.7,     2.6,     13.9,     78.1,     1000.2,     205.94,     255.2,     87.9,     -177.8
19,     13.08.2014 03:11:16,     -5.25,     -2.01,     194,     0.7,     1.5,     2.5,     13.7,     79.1,     1000.2,     205.94,     255.3,     88,     -178,     12.438,     13.60,     69.2
20,     13.08.2014 03:21:16,     -5.25,     0,     190,     0.7,     1.6,     2.4,     13.5,     80.3,     1000.3,     205.94,     255.3,     88,     -178
21,     13.08.2014 03:31:16,     -4.2,     -2.01,     164,     0.5,     1.3,     2,     13.2,     80.8,     1000.2,     205.94,     255.2,     87.9,     -177.9
22,     13.08.2014 03:41:16,     -5.25,     -2.01,     168,     0.7,     1.4,     2,     13.1,     82.1,     1000.1,     205.94,     255.3,     87.9,     -177.9
23,     13.08.2014 03:51:16,     -3.15,     -2.01,     170,     0.6,     1.3,     1.9,     12.9,     80.9,     1000.1,     205.94,     255.1,     87.8,     -177.9
24,     13.08.2014 04:01:16,     -3.15,     -2.01,     191,     0.1,     1.3,     2,     13.1,     82.1,     1000.2,     205.94,     255.2,     87.8,     -177.9
25,     13.08.2014 04:11:17,     -4.2,     -2.01,     172,     0.5,     1.8,     2.8,     12.9,     80.2,     1000.1,     205.94,     255.2,     87.9,     -177.9,     12.393,     12.80,     69.6
26,     13.08.2014 04:21:17,     -3.15,     0,     189,     1,     1.8,     2.8,     13.2,     81.1,     1000.2,     205.94,     255.2,     87.8,     -177.8
27,     13.08.2014 04:31:17,     -2.1,     0,     190,     0.9,     1.8,     2.7,     13.4,     80,     1000.1,     205.94,     255.1,     87.9,     -177.9
28,     13.08.2014 04:41:17,     2.1,     6.03,     195,     1.3,     2.1,     3.2,     13.4,     78.9,     1000.1,     205.94,     255.4,     87.9,     -178
29,     13.08.2014 04:51:17,     4.2,     8.04,     217,     1,     2.3,     3.7,     13.6,     77,     1000.2,     205.94,     255.4,     87.9,     -177.9
30,     13.08.2014 05:01:17,     4.2,     14.07,     216,     1.2,     2.3,     3.6,     13.5,     76.8,     1000.2,     205.94,     255.4,     88,     -178
31,     13.08.2014 05:11:22,     4.2,     18.09,     219,     1,     2.1,     3.7,     13.5,     78,     1000,     205.94,     255.4,     87.9,     -177.9,     12.378,     13.19,     69.4
32,     13.08.2014 05:21:22,     12.6,     36.18,     220,     1,     2.1,     3.9,     13.4,     77.8,     1000,     205.94,     255.2,     87.9,     -177.9
33,     13.08.2014 05:31:22,     26.25,     60.3,     216,     0.6,     2.1,     3.4,     13.5,     80.5,     999.9,     205.94,     255.4,     87.9,     -177.9
34,     13.08.2014 05:41:22,     34.65,     72.36,     217,     0.8,     1.8,     2.7,     13.4,     80.1,     999.9,     205.94,     255.4,     87.9,     -177.9
35,     13.08.2014 05:51:22,     38.85,     84.42,     211,     0.8,     1.7,     2.8,     13.4,     79.3,     999.8,     205.94,     255.2,     87.9,     -177.9
36,     13.08.2014 06:01:22,     43.05,     90.45,     208,     0.9,     1.9,     2.9,     13.5,     79.6,     999.7,     205.94,     255.2,     87.9,     -177.9
37,     13.08.2014 06:11:22,     55.65,     116.58,     207,     0.9,     1.8,     2.9,     13.5,     80.5,     999.9,     205.94,     255.3,     87.9,     -178,     12.709,     13.82,     69.2
38,     13.08.2014 06:21:22,     54.6,     116.58,     205,     0.5,     1.9,     3.1,     13.7,     82.5,     999.9,     205.94,     255.3,     88,     -177.9
39,     13.08.2014 06:31:22,     55.65,     130.65,     206,     1,     2,     3,     13.7,     80.6,     1000,     205.94,     255.3,     87.9,     -177.9
40,     13.08.2014 06:41:22,     225.75,     414.06,     211,     0.9,     1.9,     3.5,     13.9,     78.7,     1000,     205.94,     255.8,     87.9,     -177.9
41,     13.08.2014 06:51:22,     244.65,     458.28,     225,     1.2,     2.3,     3.6,     14.3,     76.8,     1000,     205.94,     255.5,     87.9,     -177.9
42,     13.08.2014 07:01:22,     281.4,     528.63,     231,     0.8,     2.2,     3.4,     14.7,     75.7,     999.9,     205.94,     255.8,     88,     -178
43,     13.08.2014 07:11:21,     290.85,     548.73,     223,     1.1,     2.3,     4,     15.2,     74.7,     999.9,     205.94,     255.9,     88,     -178,     14.237,     18.05,     70.3
44,     13.08.2014 07:21:21,     331.8,     627.12,     222,     1.4,     2.7,     3.7,     15.4,     70.9,     999.9,     205.94,     256,     87.9,     -177.9
45,     13.08.2014 07:31:21,     324.45,     621.09,     228,     1.7,     3,     4.5,     15.7,     71.1,     999.8,     205.94,     256,     87.9,     -177.9
46,     13.08.2014 07:41:21,     387.45,     727.62,     229,     1.4,     3.4,     6.2,     16,     69.8,     999.7,     205.94,     255.9,     87.9,     -177.9
47,     13.08.2014 07:51:21,     242.55,     490.44,     233,     1.7,     3.3,     4.9,     16.2,     67.1,     999.6,     205.94,     256.4,     88.1,     -178
48,     13.08.2014 08:01:21,     247.8,     506.52,     230,     1.6,     3.2,     5.1,     16.3,     68.2,     999.5,     205.94,     255.8,     88,     -177.9
49,     13.08.2014 08:11:21,     339.15,     663.3,     231,     1.3,     2.8,     4.3,     16.4,     67.1,     999.2,     205.94,     255.8,     88,     -177.9,     13.349,     22.77,     67.4
50,     13.08.2014 08:21:21,     458.85,     870.33,     240,     1.1,     3.4,     5.1,     16.6,     65.5,     999.3,     205.94,     256.3,     87.9,     -177.9
51,     13.08.2014 08:31:21,     426.3,     824.1,     236,     1.5,     3.1,     5.3,     16.8,     67.7,     999.1,     205.94,     256.1,     87.9,     -177.9
52,     13.08.2014 08:41:21,     368.55,     755.76,     252,     0.5,     3.4,     5.7,     17.1,     63.5,     999,     205.94,     256.3,     87.9,     -178
53,     13.08.2014 08:51:21,     563.85,     1089.42,     254,     1.8,     3.4,     5.4,     17.4,     61.2,     999.1,     205.94,     256.1,     87.8,     -177.8
54,     13.08.2014 09:01:21,     307.65,     619.08,     229,     2,     4,     6.6,     17.4,     60.6,     999.1,     205.94,     256.2,     87.7,     -177.7
55,     13.08.2014 09:11:16,     516.6,     1037.16,     235,     2.2,     4,     6.5,     17.6,     59.1,     999.2,     205.94,     256.2,     87.8,     -177.8,     13.313,     23.92,     67.2
56,     13.08.2014 09:21:16,     624.75,     1210.02,     232,     2,     3.9,     6.5,     17.8,     59.4,     999.1,     205.94,     256.1,     87.9,     -178
57,     13.08.2014 09:31:16,     647.85,     1286.4,     236,     1.7,     3.8,     6.8,     18.1,     59.2,     999.2,     205.94,     255.9,     88,     -178
58,     13.08.2014 09:41:16,     642.6,     1266.3,     229,     1.2,     3.6,     6,     18.4,     56.7,     999.2,     205.94,     256.3,     87.9,     -177.9
59,     13.08.2014 09:51:16,     589.05,     1113.54,     228,     1.7,     3.9,     6.7,     18.6,     57.8,     999.3,     205.94,     256.1,     87.9,     -177.9
60,     13.08.2014 10:01:16,     451.5,     854.25,     248,     0.6,     3.4,     5.2,     18.9,     52.5,     999.2,     205.94,     256,     87.9,     -178
61,     13.08.2014 10:11:16,     397.95,     799.98,     267,     0.9,     3.5,     5.8,     19,     53.7,     999.1,     205.94,     255.9,     88,     -178,     13.133,     25.13,     66.4
62,     13.08.2014 10:21:16,     383.25,     773.85,     261,     1.4,     3.5,     5.8,     19,     55.1,     999.1,     205.94,     76.4,     87.8,     -2
63,     13.08.2014 10:31:16,     394.8,     801.99,     236,     2.4,     4.4,     6.9,     18.7,     57.7,     998.9,     205.94,     255.9,     87.9,     -177.9
64,     13.08.2014 10:41:16,     815.85,     1605.99,     224,     1.5,     3.6,     6.4,     18.8,     56,     998.6,     205.94,     256.3,     87.8,     -177.8
65,     13.08.2014 10:51:16,     358.05,     753.75,     235,     1,     3.4,     5.9,     19,     56.2,     998.5,     205.94,     255.8,     87.9,     -177.9
66,     13.08.2014 11:01:16,     621.6,     944.7,     231,     1.3,     3.9,     7.2,     19,     54.4,     998.3,     205.94,     256,     87.9,     -177.9
67,     13.08.2014 11:11:16,     782.25,     1553.73,     234,     2,     3.5,     5.3,     19.2,     53.1,     998.3,     205.94,     255.5,     87.8,     -177.9,     13.182,     24.63,     66.5
68,     13.08.2014 11:21:16,     869.4,     1684.38,     223,     0.3,     3.4,     7.3,     19.4,     53.1,     998.3,     205.94,     257.4,     87.8,     -177.9
69,     13.08.2014 11:31:16,     458.85,     946.71,     238,     2.6,     4.6,     8.1,     19.5,     51,     998.3,     205.94,     255.9,     87.8,     -177.8
70,     13.08.2014 11:41:16,     463.05,     936.66,     239,     1.6,     4.6,     8,     19.5,     53.5,     998.3,     205.94,     255.9,     88,     -178
71,     13.08.2014 11:51:16,     804.3,     1605.99,     222,     1,     3.9,     7.1,     19.5,     52.6,     998,     205.94,     256.2,     87.9,     -177.9
72,     13.08.2014 12:01:16,     774.9,     1561.77,     227,     1.6,     3.8,     7.3,     19.7,     55,     997.9,     205.94,     255.9,     87.9,     -177.9
73,     13.08.2014 12:11:21,     827.4,     1676.34,     225,     0.6,     3.4,     5.9,     20,     52,     998,     205.94,     256.2,     87.9,     -177.9,     13.207,     24.79,     66.2
74,     13.08.2014 12:21:21,     811.65,     1618.05,     239,     2.2,     4.7,     8.6,     20.1,     52.2,     998,     205.94,     257.1,     88.2,     -178.2
75,     13.08.2014 12:31:21,     237.3,     488.43,     235,     3,     5.3,     8,     20.3,     50,     998.1,     205.94,     76.7,     87.9,     -2.1
76,     13.08.2014 12:41:21,     489.3,     1300.47,     234,     1,     4.4,     9.1,     20.4,     51.4,     998.2,     205.94,     76,     87.7,     -2.1
77,     13.08.2014 12:51:21,     678.3,     1668.3,     226,     1.6,     4.1,     6.5,     20.6,     50.9,     998.3,     205.94,     256.4,     87.9,     -177.9
78,     13.08.2014 13:01:21,     224.7,     460.29,     223,     2.4,     4.2,     7,     20.4,     51,     998.1,     205.94,     76.8,     88,     -1.9
79,     13.08.2014 13:11:16,     501.9,     954.75,     241,     1.7,     3.4,     5.3,     20.5,     53.6,     998.2,     205.94,     255.8,     87.8,     -177.9,     13.233,     24.66,     66.5
80,     13.08.2014 13:21:16,     332.85,     667.32,     243,     1.7,     3.5,     6.3,     20.6,     51.2,     998.2,     205.94,     76.6,     87.9,     -2
81,     13.08.2014 13:31:16,     643.65,     1537.65,     234,     1.8,     4,     5.9,     20.7,     51.9,     998.1,     205.94,     76,     88,     -1.9
82,     13.08.2014 13:41:16,     894.6,     1760.76,     248,     0.4,     3.6,     7,     20.8,     51.2,     997.9,     205.94,     76.3,     87.9,     -2
83,     13.08.2014 13:51:16,     257.25,     526.62,     248,     2.1,     4.2,     7.2,     20.9,     51.2,     997.8,     205.94,     256.2,     88.1,     -178.1
84,     13.08.2014 14:01:16,     286.65,     588.93,     251,     1.7,     4,     6.7,     21,     49.5,     997.6,     205.94,     256.9,     87.9,     -177.9
85,     13.08.2014 14:11:16,     561.75,     1111.53,     240,     1.7,     4.2,     7.5,     21.3,     50.1,     997.6,     205.94,     76.3,     87.9,     -2.1,     13.309,     24.47,     66.8
86,     13.08.2014 14:21:16,     351.75,     854.25,     227,     1.5,     4.1,     7.2,     21.2,     51.9,     997.5,     205.94,     76.5,     88.1,     -1.8
87,     13.08.2014 14:31:16,     706.65,     1366.8,     232,     0.9,     4.6,     6.8,     21.3,     49.9,     997.3,     205.94,     255.5,     87.9,     -177.9
88,     13.08.2014 14:41:16,     636.3,     1234.14,     226,     1.7,     4.2,     6.6,     21.4,     49.6,     997.2,     205.94,     76,     87.8,     -2.1
89,     13.08.2014 14:51:16,     683.55,     1342.68,     224,     1.8,     3.9,     6.7,     21.4,     51.1,     997.2,     205.94,     256.1,     87.9,     -177.8
90,     13.08.2014 15:01:16,     677.25,     1292.43,     232,     2,     3.5,     5.5,     21.5,     50.8,     997.1,     205.94,     76.4,     87.9,     -2
91,     13.08.2014 15:11:22,     634.2,     1226.1,     233,     2.2,     3.6,     6,     21.6,     50.1,     997,     205.94,     76.2,     87.9,     -2,     13.127,     24.74,     66.5
92,     13.08.2014 15:21:22,     581.7,     1119.57,     265,     1.4,     3.1,     5.7,     21.8,     48.9,     996.7,     205.94,     76.1,     87.9,     -2.1
93,     13.08.2014 15:31:22,     432.6,     836.16,     264,     0.8,     2.4,     4.7,     22.1,     49.5,     996.6,     205.94,     75.8,     87.9,     -2
94,     13.08.2014 15:41:22,     110.25,     261.3,     235,     0.9,     4.2,     7.1,     22,     48.9,     996.5,     205.94,     76.2,     88,     -1.9
95,     13.08.2014 15:51:22,     541.8,     1025.1,     216,     1.8,     4,     7.1,     22.1,     47.5,     996.4,     205.94,     76.2,     87.8,     -2
96,     13.08.2014 16:01:22,     176.4,     377.88,     237,     2.5,     4.7,     7.1,     22.1,     46,     996.6,     205.94,     255.7,     88,     -177.9
97,     13.08.2014 16:11:16,     176.4,     371.85,     246,     1,     2.8,     6.2,     22.1,     46.1,     996.6,     205.94,     76.1,     87.8,     -2.1,     13.330,     25.57,     66.1
98,     13.08.2014 16:21:16,     184.8,     379.89,     246,     2,     4,     6.4,     22.1,     46.2,     996.5,     205.94,     76.2,     87.9,     -2.1
99,     13.08.2014 16:31:16,     177.45,     367.83,     249,     1.1,     3.5,     6.3,     22.1,     47.8,     996.5,     205.94,     76,     87.9,     -2
100,     13.08.2014 16:41:16,     204.75,     428.13,     243,     1.4,     2.9,     5.3,     22.2,     46.6,     996.4,     205.94,     255.7,     88,     -178
101,     13.08.2014 16:51:16,     179.55,     371.85,     231,     0.2,     3.5,     6.4,     22.3,     46,     996.3,     205.94,     255.7,     88,     -178
102,     13.08.2014 17:01:16,     176.4,     365.82,     240,     1.5,     3.2,     4.8,     22.2,     47.8,     996.2,     205.94,     76,     87.9,     -2
103,     13.08.2014 17:11:16,     69.3,     142.71,     258,     1.6,     2.8,     4.2,     22.1,     49.1,     996.3,     205.94,     255.6,     88,     -178,     13.442,     24.60,     66.7
104,     13.08.2014 17:21:16,     32.55,     72.36,     265,     1.5,     2.9,     4.7,     22,     48.3,     996.3,     205.94,     76.1,     87.9,     -2
105,     13.08.2014 17:31:16,     30.45,     70.35,     261,     1,     1.9,     3.2,     21.9,     51.6,     996.2,     205.94,     255.7,     88,     -178
106,     13.08.2014 17:41:16,     19.95,     48.24,     266,     0.7,     1.6,     2.3,     21.7,     49.3,     996.2,     205.94,     255.4,     87.8,     -177.7
107,     13.08.2014 17:51:16,     27.3,     62.31,     264,     0.3,     1.1,     2.1,     21.6,     51.1,     996.2,     205.94,     76,     88,     -1.9
108,     13.08.2014 18:01:16,     37.8,     84.42,     254,     0,     0.8,     2.2,     21.5,     53.2,     996.1,     205.94,     255.6,     88,     -177.9
109,     13.08.2014 18:11:16,     38.85,     80.4,     223,     0.1,     0.8,     1.3,     21.5,     55.3,     996,     205.94,     255.4,     87.9,     -177.9,     13.457,     22.89,     67.4
110,     13.08.2014 18:21:16,     43.05,     90.45,     161,     0.2,     0.7,     1.3,     21.1,     58,     995.9,     205.94,     255.4,     88,     -178
111,     13.08.2014 18:31:16,     37.8,     84.42,     125,     0.3,     0.6,     0.9,     20.8,     62.8,     995.9,     205.94,     255.4,     87.9,     -177.9
112,     13.08.2014 18:41:16,     30.45,     74.37,     102,     0.5,     0.8,     1.5,     20.3,     62.2,     995.9,     205.94,     255.4,     87.9,     -177.9
113,     13.08.2014 18:51:16,     14.7,     38.19,     141,     0,     0.9,     2.3,     20.2,     60.6,     995.9,     205.94,     75.7,     87.9,     -2
114,     13.08.2014 19:01:16,     10.5,     28.14,     133,     0.1,     0.7,     1.9,     19.8,     61.4,     995.9,     205.94,     255.3,     87.8,     -177.8
115,     13.08.2014 19:11:16,     3.15,     12.06,     132,     0,     0.6,     1.5,     19.9,     63.6,     995.8,     205.94,     255.4,     88,     -178,     12.764,     21.13,     67.8
116,     13.08.2014 19:21:16,     2.1,     10.05,     90,     0,     0.6,     1.2,     19.7,     62.8,     995.6,     205.94,     255.3,     87.9,     -177.9
117,     13.08.2014 19:31:16,     0,     6.03,     95,     0,     0.5,     1.1,     19.6,     61.5,     995.6,     205.94,     255.4,     87.9,     -177.9
118,     13.08.2014 19:41:16,     -3.15,     4.02,     129,     0.1,     0.8,     2.3,     19.5,     67.8,     995.6,     205.94,     255.3,     87.8,     -177.9
119,     13.08.2014 19:51:16,     -2.1,     0,     188,     1,     1.8,     3.4,     19.2,     64.6,     995.6,     205.94,     255.2,     88,     -178
120,     13.08.2014 20:01:16,     -3.15,     -2.01,     157,     0.1,     0.8,     1.7,     19.2,     65,     995.7,     205.94,     255.4,     87.9,     -177.9
121,     13.08.2014 20:11:16,     -3.15,     -2.01,     96,     0.1,     0.8,     1.3,     19,     69,     995.6,     205.94,     255.3,     87.9,     -177.9,     12.705,     19.76,     68.1
122,     13.08.2014 20:21:16,     -4.2,     -2.01,     113,     0.3,     1,     1.8,     18.5,     72.5,     995.5,     205.94,     255.4,     88,     -178.1
123,     13.08.2014 20:31:16,     -4.2,     -2.01,     109,     0.1,     0.5,     0.8,     18.5,     72.7,     995.5,     205.94,     255.3,     87.9,     -178
124,     13.08.2014 20:41:16,     -2.1,     -2.01,     9,     0,     0.7,     2.2,     18.5,     73.7,     995.7,     205.94,     255.5,     87.9,     -177.9
125,     13.08.2014 20:51:16,     -3.15,     -4.02,     318,     0.6,     2.6,     6.4,     18.3,     73.9,     996.1,     205.94,     255,     87.9,     -177.9
126,     13.08.2014 21:01:16,     -8.4,     -4.02,     329,     1.8,     4.6,     8.6,     18.5,     59,     996,     205.98,     255.9,     87.8,     -177.9
127,     13.08.2014 21:11:16,     -5.25,     -2.01,     332,     2.2,     4.5,     7.9,     17.7,     62.6,     996,     205.98,     76.3,     87.8,     -2.1,     12.650,     18.68,     68.4
128,     13.08.2014 21:21:16,     -4.2,     -2.01,     331,     2.1,     4.9,     8.5,     17.2,     69.4,     996,     205.98,     256,     88.4,     -178.4
129,     13.08.2014 21:31:16,     -3.15,     -2.01,     287,     0.6,     3.9,     7,     16.9,     74,     996.6,     205.98,     255.9,     87.9,     -177.9
130,     13.08.2014 21:41:16,     -5.25,     -2.01,     222,     1.7,     3.8,     7.3,     16.8,     77.9,     996.8,     206,     255.7,     87.9,     -178
131,     13.08.2014 21:51:16,     -6.3,     0,     226,     1.1,     2.6,     4.5,     16.5,     81,     996.7,     206.07,     255.6,     88,     -177.9
132,     13.08.2014 22:01:16,     -5.25,     -2.01,     239,     0.9,     2.1,     3.3,     16.3,     82.1,     996.7,     206.12,     255.4,     87.8,     -177.8
133,     13.08.2014 22:11:16,     -2.1,     -2.01,     228,     0.9,     2.2,     3.8,     16.2,     84.6,     996.7,     206.45,     255.4,     87.9,     -177.9,     12.618,     17.44,     68.7
134,     13.08.2014 22:21:16,     -2.1,     0,     225,     1.2,     2,     3.3,     16.1,     86.6,     996.7,     206.8,     255.4,     87.8,     -177.8
135,     13.08.2014 22:31:16,     -2.1,     -4.02,     209,     1.3,     2.1,     3.3,     16,     87.4,     996.8,     207.14,     255.4,     88,     -178
136,     13.08.2014 22:41:16,     -3.15,     -4.02,     193,     1.1,     2.2,     3.4,     15.8,     87.5,     996.7,     207.53,     255.4,     88,     -178
137,     13.08.2014 22:51:16,     -2.1,     -4.02,     183,     0.6,     1.9,     3,     15.6,     87.5,     996.7,     207.9,     255.2,     88,     -178
138,     13.08.2014 23:01:16,     -1.05,     0,     202,     0.5,     1.3,     2.1,     15.7,     87.9,     996.8,     208.08,     255.4,     87.8,     -177.9
139,     13.08.2014 23:11:22,     -2.1,     -2.01,     208,     0,     0.8,     2.1,     15.7,     87.3,     996.7,     208.36,     255.4,     87.9,     -177.9,     12.599,     16.39,     68.8
140,     13.08.2014 23:21:22,     -3.15,     -4.02,     241,     0.2,     1.1,     1.9,     15.7,     87,     996.6,     208.62,     255.4,     87.9,     -177.9
141,     13.08.2014 23:31:22,     -3.15,     0,     216,     0.7,     1.5,     2.5,     15.7,     86.3,     996.5,     208.93,     255.3,     88,     -178
142,     13.08.2014 23:41:22,     -2.1,     -2.01,     246,     0.1,     1.3,     2.5,     15.7,     87.5,     996.6,     209.23,     255.4,     88,     -178
143,     13.08.2014 23:51:22,     -1.05,     0,     255,     0.9,     2,     3.1,     15.7,     85.6,     996.7,     209.33,     255.4,     88,     -178
144,     14.08.2014 00:01:23,     -3.15,     -2.01,     295,     0.6,     1.5,     2.5,     15.6,     85.8,     996.7,     209.42,     255.4,     88,     -177.9,     12.493,     15.95,     68.9