Logger: #D10248 'TSK_Meteo' - USP_EXP2 (V2.10, Jan 24 2012)
No,     Time,     #1:W/m²:0,     #2:ÂµMol:(do.),     #5:deg:2,     #6:m/sMIN:(do.),     #7:m/sMIT:(do.),     #8:m/sMAX:(do.),     #9:Â°C:(do.),     #10:%:(do.),     #11:hPa:(do.),     #12:mm:(do.),     #14:AZ:3,     #15:EL:(do.),     #16:Roll:(do.),     #HK-Bat:V,     #HK-Temp:oC,     #HK-rH:%
(GSM Transfer OK / Signal:17)
1,     27.10.2014 00:11:17,     -2.1,     -4.02,     213,     1.4,     2.4,     3.7,     11.4,     75.9,     1017,     320.79,     73.9,     88.1,     -1.9,     12.495,     12.11,     78.3
2,     27.10.2014 00:21:17,     -2.1,     -2.01,     215,     2.1,     3,     4.5,     11.4,     77.1,     1016.9,     320.79,     253.5,     88.1,     -178.1
3,     27.10.2014 00:31:17,     -1.05,     -2.01,     219,     1.8,     3.2,     4.8,     11.4,     75.3,     1016.9,     320.79,     73.7,     88,     -1.9
4,     27.10.2014 00:41:17,     -2.1,     -4.02,     221,     1.6,     2.9,     4.7,     11.5,     75.1,     1016.8,     320.79,     253.9,     88.1,     -178
5,     27.10.2014 00:51:17,     -2.1,     -2.01,     223,     1.9,     2.9,     4.5,     11.4,     75.4,     1016.8,     320.79,     254,     87.8,     -177.8
6,     27.10.2014 01:01:17,     -2.1,     -2.01,     225,     1.9,     3.1,     5.5,     11.5,     74.7,     1016.9,     320.79,     254.2,     88,     -178
7,     27.10.2014 01:11:16,     -2.1,     -2.01,     226,     2,     3,     4.2,     11.5,     74.6,     1016.8,     320.79,     253.8,     88,     -177.9,     12.512,     11.81,     79.8
8,     27.10.2014 01:21:16,     -1.05,     -2.01,     228,     1.4,     2.8,     4.2,     11.6,     74.5,     1016.8,     320.79,     253.7,     87.9,     -177.9
9,     27.10.2014 01:31:16,     -2.1,     -2.01,     219,     1.8,     3,     4.5,     11.6,     74,     1016.7,     320.79,     74.1,     87.9,     -1.9
10,     27.10.2014 01:41:16,     -2.1,     0,     222,     1.9,     3.2,     4.8,     11.5,     74.2,     1016.6,     320.79,     253.6,     88,     -178
11,     27.10.2014 01:51:16,     -2.1,     -2.01,     228,     1.9,     3.1,     4.3,     11.5,     74.4,     1016.6,     320.79,     253.7,     88,     -178
12,     27.10.2014 02:01:16,     -2.1,     -2.01,     225,     1.8,     3.1,     4.4,     11.5,     75,     1016.5,     320.79,     253.6,     87.9,     -177.9
13,     27.10.2014 02:11:17,     -2.1,     0,     224,     1.8,     3,     4.4,     11.4,     75.6,     1016.5,     320.79,     254.1,     88,     -178,     12.491,     11.93,     79.8
14,     27.10.2014 02:21:17,     -1.05,     -2.01,     222,     2.1,     3.1,     4.5,     11.4,     75,     1016.5,     320.79,     74,     88,     -2
15,     27.10.2014 02:31:17,     -2.1,     2.01,     221,     1.8,     2.9,     4.4,     11.5,     75.1,     1016.5,     320.79,     253.9,     88.1,     -178.1
16,     27.10.2014 02:41:17,     -3.15,     -4.02,     226,     1.7,     3.1,     5.3,     11.6,     75.1,     1016.5,     320.79,     74.1,     88.1,     -1.8
17,     27.10.2014 02:51:17,     -1.05,     0,     233,     1.9,     3.1,     5.1,     11.7,     74.3,     1016.4,     320.79,     254,     88,     -178
18,     27.10.2014 03:01:17,     -1.05,     -2.01,     233,     1.9,     3.4,     5.7,     11.7,     73.5,     1016.4,     320.79,     254.1,     88,     -178.1
19,     27.10.2014 03:11:16,     -2.1,     -2.01,     236,     2.1,     3.5,     5.6,     11.8,     73.5,     1016.5,     320.79,     253.8,     88,     -178.1,     12.467,     11.97,     79.9
20,     27.10.2014 03:21:16,     -3.15,     -2.01,     233,     2.3,     3.8,     6.3,     11.8,     74.2,     1016.5,     320.79,     74.8,     88,     -1.9
21,     27.10.2014 03:31:16,     0,     0,     234,     2.3,     3.6,     5.4,     11.8,     74,     1016.5,     320.79,     73.8,     88,     -1.8
22,     27.10.2014 03:41:16,     -2.1,     -4.02,     234,     2.2,     3.4,     5.2,     11.8,     74.4,     1016.5,     320.79,     73.8,     88.1,     -1.9
23,     27.10.2014 03:51:16,     -2.1,     -2.01,     228,     2.5,     3.5,     5,     11.8,     74.3,     1016.5,     320.79,     254.5,     88,     -178
24,     27.10.2014 04:01:16,     -2.1,     -2.01,     229,     1.9,     3,     4.5,     11.8,     75.7,     1016.5,     320.79,     254,     88,     -177.9
25,     27.10.2014 04:11:16,     -2.1,     0,     228,     1.8,     3.1,     5,     11.8,     75.5,     1016.4,     320.79,     253.8,     88,     -177.9,     12.454,     12.09,     79.8
26,     27.10.2014 04:21:16,     -2.1,     0,     224,     1.9,     3,     5.1,     11.9,     76.1,     1016.5,     320.79,     253.8,     88,     -178
27,     27.10.2014 04:31:16,     -1.05,     -2.01,     230,     1.5,     2.9,     4.2,     11.8,     76.4,     1016.4,     320.79,     253.5,     87.9,     -177.9
28,     27.10.2014 04:41:16,     -2.1,     0,     226,     2,     3.3,     4.7,     11.8,     76.9,     1016.4,     320.79,     74.5,     88,     -1.9
29,     27.10.2014 04:51:16,     -2.1,     0,     223,     2.2,     3.6,     5.4,     11.8,     77.4,     1016.4,     320.79,     253.8,     87.9,     -177.9
30,     27.10.2014 05:01:16,     -2.1,     -2.01,     222,     2,     3.4,     5.1,     11.8,     78.4,     1016.4,     320.79,     253.9,     87.9,     -177.9
31,     27.10.2014 05:11:16,     -3.15,     -2.01,     219,     2.3,     3.6,     6.2,     11.7,     78.3,     1016.3,     320.79,     254.5,     88,     -178,     12.440,     12.15,     79.8
32,     27.10.2014 05:21:16,     -3.15,     -2.01,     222,     2.2,     3.6,     5,     11.5,     79.6,     1016.4,     320.79,     253.9,     88.1,     -178.1
33,     27.10.2014 05:31:16,     -3.15,     -2.01,     223,     2.5,     3.7,     5,     11.4,     80.5,     1016.4,     320.79,     253.6,     87.9,     -177.9
34,     27.10.2014 05:41:16,     -5.25,     -2.01,     224,     2.3,     3.8,     5.9,     11.3,     81,     1016.4,     320.79,     74.6,     87.7,     -2.2
35,     27.10.2014 05:51:16,     -4.2,     -6.03,     226,     2.2,     3.4,     5.2,     11.1,     81.6,     1016.4,     320.79,     254,     87.9,     -177.9
36,     27.10.2014 06:01:16,     -3.15,     -2.01,     225,     2.1,     3.2,     4.8,     11,     82.1,     1016.5,     320.79,     253.8,     88,     -178.1
37,     27.10.2014 06:11:17,     -3.15,     -4.02,     226,     1.4,     3.2,     5.1,     10.9,     82.2,     1016.5,     320.79,     254.1,     88,     -178,     12.414,     11.47,     80.0
38,     27.10.2014 06:21:17,     -3.15,     0,     219,     1.7,     3.3,     4.5,     10.8,     82.4,     1016.5,     320.79,     253.6,     88,     -177.9
39,     27.10.2014 06:31:17,     -3.15,     0,     222,     1.7,     3.1,     5.1,     10.7,     82.9,     1016.6,     320.79,     253.4,     87.9,     -177.9
40,     27.10.2014 06:41:17,     -2.1,     0,     253,     0.9,     2.5,     4,     10.6,     83,     1016.8,     320.79,     253.5,     87.9,     -178
41,     27.10.2014 06:51:17,     -1.05,     2.01,     244,     1,     2.5,     3.9,     10.5,     82.9,     1016.9,     320.79,     253.9,     87.9,     -177.9
42,     27.10.2014 07:01:17,     0,     4.02,     232,     1.5,     2.5,     4.1,     10.4,     83.6,     1016.9,     320.79,     254.4,     87.9,     -177.9
43,     27.10.2014 07:11:16,     2.1,     8.04,     237,     1.6,     2.6,     3.7,     10.4,     83.8,     1017,     320.79,     253.6,     87.9,     -177.9,     12.416,     10.79,     80.3
44,     27.10.2014 07:21:16,     4.2,     12.06,     240,     1,     2.7,     4.5,     10.5,     83.7,     1017.1,     320.79,     254.3,     87.9,     -177.9
45,     27.10.2014 07:31:16,     11.55,     26.13,     233,     1.5,     2.7,     4.5,     10.5,     83.2,     1017,     320.79,     254,     87.9,     -177.9
46,     27.10.2014 07:41:16,     17.85,     40.2,     233,     1,     2.8,     4.5,     10.4,     83.6,     1017,     320.79,     254.2,     88,     -178
47,     27.10.2014 07:51:16,     30.45,     64.32,     232,     1.6,     3.2,     4.7,     10.4,     83.8,     1017.1,     320.79,     253.9,     88.1,     -178
48,     27.10.2014 08:01:16,     38.85,     80.4,     232,     1.1,     3.1,     5.1,     10.5,     83.7,     1017.1,     320.79,     254,     88,     -178
49,     27.10.2014 08:11:22,     51.45,     104.52,     225,     1.7,     3.1,     5.1,     10.5,     84.2,     1017.1,     320.79,     254.4,     88,     -178.1,     12.654,     10.99,     80.2
50,     27.10.2014 08:21:22,     56.7,     112.56,     227,     1.9,     3.4,     5.3,     10.5,     83.4,     1017.3,     320.79,     253.8,     87.9,     -177.9
51,     27.10.2014 08:31:22,     55.65,     108.54,     233,     1.5,     3.1,     4.8,     10.7,     83,     1017.4,     320.79,     254.5,     87.9,     -177.9
52,     27.10.2014 08:41:22,     60.9,     122.61,     234,     1.1,     2.6,     4.7,     10.8,     82.6,     1017.4,     320.79,     253.7,     88,     -177.9
53,     27.10.2014 08:51:22,     68.25,     138.69,     251,     1.1,     2.3,     3.9,     11,     82,     1017.4,     320.79,     253.9,     88,     -178
54,     27.10.2014 09:01:22,     70.35,     138.69,     238,     1.6,     3.2,     6,     11.2,     80.6,     1017.4,     320.79,     254.1,     88,     -178
55,     27.10.2014 09:11:18,     81.9,     162.81,     237,     1.4,     3,     4.6,     11.3,     80.3,     1017.4,     320.79,     254.2,     88.1,     -178.1,     13.014,     11.83,     79.9
56,     27.10.2014 09:21:18,     66.15,     132.66,     238,     1,     2.8,     4.6,     11.4,     81,     1017.5,     320.79,     253.9,     88,     -178
57,     27.10.2014 09:31:18,     93.45,     186.93,     237,     1.7,     3,     4.9,     11.5,     80.5,     1017.5,     320.79,     74.4,     88,     -1.8
58,     27.10.2014 09:41:18,     91.35,     184.92,     247,     1.4,     2.6,     4.3,     11.6,     79.9,     1017.5,     320.79,     253.7,     88,     -178
59,     27.10.2014 09:51:18,     127.05,     253.26,     245,     1.5,     2.9,     4.2,     11.8,     79.6,     1017.4,     320.79,     253.8,     87.9,     -177.9
60,     27.10.2014 10:01:18,     153.3,     303.51,     246,     1.7,     2.8,     4,     12,     79.2,     1017.5,     320.79,     74.2,     88.1,     -1.9
61,     27.10.2014 10:11:17,     151.2,     301.5,     239,     1.4,     3.1,     4.6,     12.1,     79.1,     1017.5,     320.79,     74.9,     88,     -1.9,     13.398,     12.98,     79.6
62,     27.10.2014 10:21:17,     168,     329.64,     242,     1.7,     2.8,     4.1,     12.2,     79.2,     1017.6,     320.79,     254,     88,     -178
63,     27.10.2014 10:31:17,     121.8,     241.2,     249,     1.5,     3.2,     6.6,     12.5,     77,     1017.5,     320.79,     254.5,     88.1,     -178.1
64,     27.10.2014 10:41:17,     163.8,     327.63,     252,     1.6,     3.5,     5.8,     12.7,     77.6,     1017.6,     320.79,     74.5,     87.9,     -2
65,     27.10.2014 10:51:17,     144.9,     289.44,     257,     1.2,     3.3,     6.3,     12.8,     76.7,     1017.5,     320.79,     255.1,     87.8,     -177.9
66,     27.10.2014 11:01:17,     180.6,     359.79,     262,     1,     3.7,     5.8,     12.9,     76.4,     1017.6,     320.79,     74.6,     88,     -1.9
67,     27.10.2014 11:11:21,     176.4,     349.74,     262,     2.2,     4.2,     6.8,     12.9,     75.6,     1017.6,     320.79,     254.5,     87.9,     -177.9,     13.455,     14.45,     79.0
68,     27.10.2014 11:21:21,     257.25,     504.51,     255,     2,     3.7,     7.2,     13,     76.2,     1017.5,     320.79,     254.6,     88,     -178
69,     27.10.2014 11:31:21,     316.05,     600.99,     260,     1.9,     3.6,     5.7,     13.2,     75,     1017.5,     320.79,     74.7,     87.8,     -2.1
70,     27.10.2014 11:41:21,     227.85,     448.23,     261,     1.7,     3.6,     6.2,     13.3,     74.8,     1017.6,     320.79,     74.5,     87.9,     -2
71,     27.10.2014 11:51:21,     213.15,     426.12,     262,     2,     3.6,     5.3,     13.3,     74.3,     1017.6,     320.79,     74.5,     87.9,     -2
72,     27.10.2014 12:01:21,     154.35,     309.54,     253,     2.5,     3.9,     5.8,     13.4,     72.8,     1017.5,     320.79,     75.3,     88,     -1.9
73,     27.10.2014 12:11:16,     138.6,     279.39,     261,     2.1,     3.7,     5.2,     13.4,     74.7,     1017.4,     320.79,     74.6,     88.1,     -1.8,     13.302,     15.84,     78.6
74,     27.10.2014 12:21:16,     162.75,     325.62,     255,     1.8,     2.9,     5.3,     13.4,     75,     1017.4,     320.79,     74.1,     88,     -1.9
75,     27.10.2014 12:31:16,     155.4,     313.56,     254,     1,     3.4,     5.3,     13.5,     74,     1017.3,     320.79,     74.7,     88,     -1.9
76,     27.10.2014 12:41:16,     149.1,     301.5,     258,     1.5,     3.2,     5.2,     13.7,     75,     1017.3,     320.79,     74.3,     88.2,     -1.7
77,     27.10.2014 12:51:16,     163.8,     327.63,     250,     1.5,     3.3,     5.2,     13.8,     74.1,     1017.2,     320.79,     254,     88,     -178
78,     27.10.2014 13:01:16,     161.7,     323.61,     246,     1.4,     2.8,     5.6,     14,     73.6,     1017.1,     320.79,     74.5,     88,     -1.9
79,     27.10.2014 13:11:17,     152.25,     301.5,     253,     1.9,     3.6,     5.4,     14.2,     73.5,     1017,     320.79,     74.1,     88,     -1.9,     13.610,     16.06,     78.7
80,     27.10.2014 13:21:17,     184.8,     363.81,     251,     1.8,     3,     5.1,     14.4,     72,     1016.9,     320.79,     74.2,     88,     -1.9
81,     27.10.2014 13:31:17,     199.5,     395.97,     247,     0.9,     3,     4.4,     14.6,     69.8,     1016.8,     320.79,     74.8,     88,     -1.9
82,     27.10.2014 13:41:17,     193.2,     375.87,     245,     1.4,     3.8,     6.8,     14.9,     67.7,     1016.8,     320.79,     75.3,     88,     -2
83,     27.10.2014 13:51:17,     149.1,     301.5,     250,     1.4,     4,     6.3,     15,     65.8,     1016.7,     320.79,     74.9,     88,     -1.9
84,     27.10.2014 14:01:17,     178.5,     361.8,     250,     2,     3.5,     4.9,     15.1,     66.2,     1016.7,     320.79,     74.5,     88,     -1.9
85,     27.10.2014 14:11:16,     215.25,     408.03,     239,     1,     3.4,     5.7,     15.1,     68.3,     1016.6,     320.79,     74.6,     88,     -1.9,     13.546,     16.47,     78.5
86,     27.10.2014 14:21:16,     166.95,     321.6,     231,     2,     3.5,     5.3,     14.9,     69.5,     1016.6,     320.79,     74.9,     88,     -1.9
87,     27.10.2014 14:31:16,     186.9,     349.74,     245,     1.1,     3.1,     4.8,     15,     68.2,     1016.7,     320.79,     74.4,     88,     -2
88,     27.10.2014 14:41:16,     107.1,     217.08,     245,     1,     3.2,     5.4,     15,     68.2,     1016.6,     320.79,     74.7,     88,     -1.8
89,     27.10.2014 14:51:16,     160.65,     299.49,     245,     1.1,     2.9,     4.5,     14.9,     69.5,     1016.6,     320.79,     74.3,     88.1,     -1.9
90,     27.10.2014 15:01:16,     161.7,     299.49,     235,     1.4,     2.6,     3.9,     15,     69.1,     1016.5,     320.79,     74.1,     88,     -1.9
91,     27.10.2014 15:11:22,     153.3,     279.39,     236,     0.8,     2.4,     3.7,     15.1,     69.8,     1016.5,     320.79,     74.1,     87.9,     -2,     13.464,     16.42,     78.5
92,     27.10.2014 15:21:22,     136.5,     245.22,     242,     0.8,     2.3,     4.1,     15.3,     68.5,     1016.6,     320.79,     73.9,     88,     -1.9
93,     27.10.2014 15:31:22,     118.65,     211.05,     247,     1.1,     2.7,     4.9,     15.4,     67,     1016.6,     320.79,     73.9,     87.9,     -2
94,     27.10.2014 15:41:22,     94.5,     166.83,     249,     1.2,     2.9,     4.9,     15.4,     65.8,     1016.5,     320.79,     74.1,     88,     -1.9
95,     27.10.2014 15:51:22,     71.4,     128.64,     244,     1.4,     2.4,     4.7,     15.3,     67.2,     1016.5,     320.79,     74.1,     88,     -1.9
96,     27.10.2014 16:01:22,     42,     86.43,     241,     0.8,     2.5,     3.8,     15.1,     68.2,     1016.6,     320.79,     74,     88,     -1.9
97,     27.10.2014 16:11:22,     25.2,     56.28,     246,     1.5,     2.5,     3.9,     14.9,     69.2,     1016.5,     320.79,     74,     88,     -1.9,     13.425,     16.86,     78.0
98,     27.10.2014 16:21:22,     15.75,     42.21,     244,     0.9,     2,     3.8,     14.6,     70.1,     1016.6,     320.79,     73.9,     88,     -1.9
99,     27.10.2014 16:31:22,     5.25,     24.12,     231,     0.8,     1.6,     2.6,     14.3,     72,     1016.6,     320.79,     73.9,     88,     -1.9
100,     27.10.2014 16:41:22,     -1.05,     10.05,     221,     0.8,     1.2,     1.6,     13.7,     74.6,     1016.5,     320.79,     73.7,     88,     -1.9
101,     27.10.2014 16:51:22,     -3.15,     4.02,     203,     0.9,     1.3,     2,     13.3,     76.9,     1016.6,     320.79,     73.7,     88,     -1.9
102,     27.10.2014 17:01:22,     -4.2,     0,     196,     0.9,     1.4,     1.9,     12.8,     78.7,     1016.6,     320.79,     73.6,     87.9,     -2
103,     27.10.2014 17:11:16,     -5.25,     -2.01,     208,     0.5,     1,     1.6,     12.6,     79.8,     1016.7,     320.79,     253.4,     87.9,     -177.9,     12.724,     13.77,     79.4
104,     27.10.2014 17:21:16,     -6.3,     -2.01,     215,     0.2,     1,     1.9,     12.4,     81.1,     1016.8,     320.79,     73.7,     88,     -1.9
105,     27.10.2014 17:31:16,     -4.2,     0,     204,     0.7,     1.3,     1.9,     12.3,     80.2,     1016.8,     320.79,     253.4,     88,     -178
106,     27.10.2014 17:41:16,     -5.25,     -2.01,     200,     0.5,     1,     1.8,     12,     81.2,     1016.8,     320.79,     253.4,     88,     -178
107,     27.10.2014 17:51:16,     -5.25,     -2.01,     200,     0.2,     0.7,     1.2,     11.7,     82.8,     1016.9,     320.79,     253.3,     88,     -177.9
108,     27.10.2014 18:01:16,     -5.25,     -2.01,     193,     0.7,     1.4,     1.8,     11.4,     83,     1016.8,     320.79,     253.4,     88,     -178
109,     27.10.2014 18:11:16,     -5.25,     -2.01,     200,     0.6,     1,     1.6,     11.3,     83.1,     1016.9,     320.79,     253.3,     87.9,     -178,     12.656,     11.31,     80.2
110,     27.10.2014 18:21:16,     -4.2,     -2.01,     206,     0.8,     1.3,     1.9,     11.3,     83.2,     1016.9,     320.79,     253.3,     88,     -178
111,     27.10.2014 18:31:16,     -6.3,     -2.01,     215,     0.3,     1.2,     2.2,     11.4,     83.2,     1016.9,     320.79,     253.4,     88,     -178
112,     27.10.2014 18:41:16,     -5.25,     -2.01,     210,     0.8,     1.4,     2,     11.4,     82.5,     1016.9,     320.79,     253.4,     88,     -178
113,     27.10.2014 18:51:16,     -5.25,     -2.01,     223,     0.6,     1.3,     2.2,     11.4,     83,     1016.8,     320.79,     253.3,     87.9,     -177.9
114,     27.10.2014 19:01:16,     -4.2,     0,     227,     0.4,     1.3,     2.3,     11.3,     83,     1016.8,     320.79,     253.5,     88,     -178
115,     27.10.2014 19:11:16,     -5.25,     -2.01,     214,     0.7,     1.4,     2.3,     11.2,     84,     1016.7,     320.79,     253.3,     88,     -178,     12.624,     10.19,     80.6
116,     27.10.2014 19:21:16,     -4.2,     -2.01,     230,     0.7,     1.6,     2.6,     11.2,     84.2,     1016.6,     320.79,     253.5,     88,     -178
117,     27.10.2014 19:31:16,     -5.25,     -2.01,     225,     0.8,     1.7,     2.7,     11.2,     84.2,     1016.5,     320.79,     253.4,     88,     -178.1
118,     27.10.2014 19:41:16,     -5.25,     -2.01,     227,     0.5,     1.6,     2.5,     11.2,     84.5,     1016.5,     320.79,     253.4,     88,     -177.9
119,     27.10.2014 19:51:16,     -5.25,     0,     232,     0.6,     1.6,     3.1,     11.3,     84.9,     1016.5,     320.79,     253.4,     88,     -178
120,     27.10.2014 20:01:16,     -5.25,     -2.01,     225,     0.9,     1.8,     3.2,     11.4,     84.7,     1016.6,     320.79,     253.4,     88,     -178
121,     27.10.2014 20:11:16,     -6.3,     -4.02,     230,     0.7,     2,     3.6,     11.4,     84.7,     1016.6,     320.79,     253.5,     87.9,     -177.9,     12.611,     9.97,     80.6
122,     27.10.2014 20:21:16,     -6.3,     -4.02,     226,     0.6,     2.2,     3.3,     11.3,     85,     1016.6,     320.79,     253.3,     88,     -178
123,     27.10.2014 20:31:16,     -5.25,     -2.01,     230,     1,     2.1,     3.4,     11.3,     85.4,     1016.6,     320.79,     253.7,     88,     -178
124,     27.10.2014 20:41:16,     -6.3,     -2.01,     232,     1.1,     1.9,     2.6,     11.2,     85.8,     1016.5,     320.79,     253.5,     88,     -178
125,     27.10.2014 20:51:16,     -4.2,     -2.01,     229,     0.8,     2,     3.3,     11,     86.2,     1016.5,     320.79,     253.9,     88,     -178
126,     27.10.2014 21:01:16,     -4.2,     0,     220,     0.7,     1.7,     3,     10.9,     86.6,     1016.5,     320.79,     253.4,     88,     -178
127,     27.10.2014 21:11:16,     -5.25,     0,     221,     0.9,     1.8,     3.1,     10.9,     86.9,     1016.5,     320.79,     253.5,     87.9,     -177.9,     12.580,     10.01,     80.5
128,     27.10.2014 21:21:16,     -5.25,     -2.01,     215,     1.1,     1.9,     3.1,     10.9,     86.9,     1016.5,     320.79,     253.5,     87.9,     -177.9
129,     27.10.2014 21:31:16,     -5.25,     -2.01,     220,     1.2,     2,     3.4,     10.8,     87.3,     1016.5,     320.79,     253.4,     88,     -178
130,     27.10.2014 21:41:16,     -4.2,     -2.01,     215,     1,     1.9,     3.1,     10.7,     87.4,     1016.4,     320.79,     253.5,     88,     -178
131,     27.10.2014 21:51:16,     -5.25,     -2.01,     215,     0.8,     2.1,     3.8,     10.8,     87.8,     1016.4,     320.79,     253.5,     88,     -178
132,     27.10.2014 22:01:16,     -5.25,     -2.01,     225,     1.2,     2.4,     4.2,     10.9,     87.5,     1016.3,     320.79,     253.6,     88,     -177.9
133,     27.10.2014 22:11:16,     -5.25,     -2.01,     225,     1.8,     3,     4.3,     10.9,     87.2,     1016.3,     320.79,     253.4,     88,     -178,     12.563,     9.99,     80.5
134,     27.10.2014 22:21:16,     -5.25,     0,     220,     1.1,     2.7,     4.3,     10.9,     87.1,     1016.3,     320.79,     253.4,     88,     -178
135,     27.10.2014 22:31:16,     -4.2,     0,     217,     1.3,     2.3,     3.8,     10.7,     87.5,     1016.3,     320.79,     253.6,     88,     -178
136,     27.10.2014 22:41:16,     -5.25,     0,     229,     1.5,     2.5,     3.9,     10.6,     87.7,     1016.3,     320.79,     253.6,     88,     -178
137,     27.10.2014 22:51:16,     -7.35,     -4.02,     232,     1,     2.6,     4.2,     10.6,     87.3,     1016.2,     320.79,     253.7,     88,     -178
138,     27.10.2014 23:01:16,     -5.25,     -2.01,     232,     1.6,     2.7,     4.6,     10.5,     87.4,     1016.1,     320.79,     254.2,     88,     -178
139,     27.10.2014 23:11:16,     -5.25,     -2.01,     229,     1.3,     2.7,     4.4,     10.4,     87.8,     1016.2,     320.79,     253.7,     87.9,     -177.9,     12.550,     9.95,     80.5
140,     27.10.2014 23:21:16,     -5.25,     -2.01,     227,     1.2,     2.4,     4.3,     10.3,     87.9,     1016.2,     320.79,     253.5,     88,     -178
141,     27.10.2014 23:31:16,     -5.25,     -2.01,     227,     1.3,     2.4,     4,     10.3,     88.2,     1016.1,     320.79,     253.8,     88,     -178
142,     27.10.2014 23:41:16,     -4.2,     0,     227,     0.7,     2,     3.4,     10.2,     88.2,     1016.1,     320.79,     253.7,     88,     -178
143,     27.10.2014 23:51:16,     -5.25,     -2.01,     229,     0.6,     1.8,     2.7,     10,     88.3,     1016.1,     320.79,     253.2,     88,     -178
144,     28.10.2014 00:01:16,     -5.25,     -2.01,     223,     1,     1.8,     2.7,     10,     88.7,     1016.1,     320.79,     253.5,     88,     -178,     12.465,     9.60,     80.5