Logger: #D10248 'TSK_Meteo' - USP_EXP2 (V2.10, Jan 24 2012)
No,     Time,     #1:W/m²:0,     #2:ÂµMol:(do.),     #5:deg:2,     #6:m/sMIN:(do.),     #7:m/sMIT:(do.),     #8:m/sMAX:(do.),     #9:Â°C:(do.),     #10:%:(do.),     #11:hPa:(do.),     #12:mm:(do.),     #14:AZ:3,     #15:EL:(do.),     #16:Roll:(do.),     #HK-Bat:V,     #HK-Temp:oC,     #HK-rH:%
(GSM Transfer OK / Signal:7)
1,     24.01.2015 00:11:17,     -3.15,     -2.01,     250,     2.3,     4.4,     7.1,     -0.9,     77.8,     1016.4,     423.29,     74.9,     87.9,     -2,     13.830,     0.68,     89.2
2,     24.01.2015 00:21:17,     -4.2,     -2.01,     264,     2.2,     4.5,     6.6,     -1,     76.9,     1016.3,     423.29,     73.9,     88,     -1.9
3,     24.01.2015 00:31:17,     -5.25,     -4.02,     280,     2.4,     4.3,     7.2,     -1,     78.1,     1016.2,     423.29,     74.3,     87.9,     -2
4,     24.01.2015 00:41:17,     -3.15,     0,     272,     1.2,     3.7,     6.4,     -1.1,     79.7,     1016.2,     423.29,     73.9,     87.9,     -2.1
5,     24.01.2015 00:51:17,     -3.15,     -2.01,     275,     1.1,     4.2,     6.8,     -1,     78.7,     1016.2,     423.29,     254.1,     87.7,     -177.7
6,     24.01.2015 01:01:17,     -3.15,     -2.01,     264,     1.8,     3.3,     5.8,     -1.1,     78.2,     1015.9,     423.29,     74.4,     88.1,     -1.8
7,     24.01.2015 01:11:16,     -4.2,     -2.01,     261,     1.3,     2.8,     4.4,     -1.3,     79.3,     1015.8,     423.29,     253.3,     87.9,     -178,     12.787,     -0.87,     92.1
8,     24.01.2015 01:21:16,     -3.15,     0,     249,     1.5,     2.5,     3.8,     -1.3,     79.5,     1015.8,     423.29,     74,     87.9,     -2
9,     24.01.2015 01:31:16,     -3.15,     -2.01,     246,     1.2,     2.8,     4.4,     -1.2,     79.2,     1015.7,     423.29,     73.5,     87.9,     -2
10,     24.01.2015 01:41:16,     -2.1,     -2.01,     250,     1.5,     3,     6.1,     -1.2,     78.3,     1015.7,     423.29,     74.6,     88,     -1.8
11,     24.01.2015 01:51:16,     -1.05,     -2.01,     252,     1.6,     3.5,     5.9,     -1,     78.3,     1015.6,     423.29,     253.7,     87.8,     -177.9
12,     24.01.2015 02:01:16,     -1.05,     0,     244,     1.9,     4,     6.9,     -1,     77.5,     1015.4,     423.29,     74.4,     87.9,     -2
13,     24.01.2015 02:11:16,     -2.1,     0,     249,     1.8,     4.2,     7.6,     -1,     76.8,     1015.2,     423.29,     254.6,     87.9,     -177.9,     13.807,     -0.71,     92.3
14,     24.01.2015 02:21:16,     -1.05,     -2.01,     256,     2.3,     4.8,     6.7,     -1.1,     76.9,     1015.2,     423.29,     254.1,     87.8,     -177.9
15,     24.01.2015 02:31:16,     -2.1,     -2.01,     250,     2.4,     4.1,     6.5,     -1.1,     77.5,     1015.1,     423.29,     75,     87.7,     -2.2
16,     24.01.2015 02:41:16,     -2.1,     -2.01,     250,     2.9,     4.4,     6.7,     -1.1,     78,     1014.9,     423.29,     254.3,     88,     -178.1
17,     24.01.2015 02:51:16,     -2.1,     -2.01,     241,     2.4,     5,     7.6,     -1.1,     78,     1014.6,     423.29,     76.5,     87.5,     -2.3
18,     24.01.2015 03:01:16,     -1.05,     -2.01,     236,     2,     4.7,     9.4,     -1,     78.5,     1014.6,     423.29,     74.3,     88.3,     -1.7
19,     24.01.2015 03:11:16,     -5.25,     -10.05,     247,     2.1,     4.1,     9.5,     -1.1,     79.1,     1014.4,     423.29,     255.1,     87.7,     -177.7,     13.822,     -0.31,     92.0
20,     24.01.2015 03:21:16,     -1.05,     -2.01,     238,     2.5,     5.2,     7.9,     -1.2,     79.2,     1014.2,     423.29,     254.6,     88.3,     -178.3
21,     24.01.2015 03:31:16,     -1.05,     -2.01,     244,     2.1,     4.8,     7.6,     -1.3,     79.6,     1014,     423.29,     256,     87.8,     -177.8
22,     24.01.2015 03:41:16,     -1.05,     0,     233,     2.7,     5.6,     8.5,     -1.3,     80.1,     1013.7,     423.29,     75.5,     88.2,     -1.7
23,     24.01.2015 03:51:16,     0,     -2.01,     233,     2.2,     5,     7.8,     -1.3,     79.6,     1013.6,     423.29,     75.8,     87.7,     -2.2
24,     24.01.2015 04:01:16,     -1.05,     0,     240,     2.2,     4.4,     6.9,     -1.2,     79.7,     1013.5,     423.29,     75,     87.9,     -2
25,     24.01.2015 04:11:16,     0,     0,     239,     2.3,     4.9,     8.4,     -1.3,     79.2,     1013.5,     423.29,     76.5,     87.5,     -2.4,     13.803,     -0.31,     92.0
26,     24.01.2015 04:21:16,     -1.05,     -2.01,     239,     2.9,     5.2,     8.1,     -1.2,     80,     1013.4,     423.29,     75.7,     88,     -1.9
27,     24.01.2015 04:31:16,     -1.05,     -2.01,     245,     2.9,     5.6,     10.5,     -1.3,     81.1,     1013.3,     423.29,     254.5,     88,     -178
28,     24.01.2015 04:41:16,     -2.1,     0,     243,     2.6,     5.7,     9.9,     -1.4,     81.2,     1013.2,     423.29,     254.8,     87.7,     -177.7
29,     24.01.2015 04:51:16,     -3.15,     0,     247,     2.1,     5,     8.1,     -1.5,     81.2,     1013.1,     423.29,     75.5,     87.8,     -2.1
30,     24.01.2015 05:01:16,     -2.1,     -2.01,     230,     2.5,     5.6,     8.5,     -1.4,     81.2,     1012.9,     423.29,     74.6,     87.8,     -2.1
31,     24.01.2015 05:11:16,     -1.05,     -2.01,     232,     2.3,     4.9,     8.4,     -1.4,     81,     1012.7,     423.29,     254.4,     87.7,     -177.6,     13.826,     -0.37,     92.1
32,     24.01.2015 05:21:16,     -1.05,     0,     233,     2.6,     5.9,     9.9,     -1.3,     81.8,     1012.5,     423.29,     75.2,     87.8,     -2.1
33,     24.01.2015 05:31:16,     -1.05,     0,     235,     3,     5.4,     9.8,     -1.3,     81.7,     1012.5,     423.29,     254.8,     88,     -178.1
34,     24.01.2015 05:41:16,     -2.1,     -4.02,     236,     2.5,     5.8,     8.6,     -1.2,     80.5,     1012.3,     423.29,     75,     87.9,     -2
35,     24.01.2015 05:51:16,     0,     0,     229,     1.4,     5.6,     9,     -1.2,     81.4,     1012.2,     423.29,     75,     87.9,     -2
36,     24.01.2015 06:01:16,     -2.1,     0,     227,     1.9,     4.9,     8.1,     -1.1,     81.5,     1012.2,     423.29,     75.2,     87.9,     -2
37,     24.01.2015 06:11:16,     -1.05,     -2.01,     224,     3,     5.4,     8.5,     -1,     80.9,     1012,     423.29,     75.5,     88.1,     -1.8,     13.813,     -0.33,     92.1
38,     24.01.2015 06:21:16,     -2.1,     -2.01,     221,     3.2,     5.4,     8.3,     -0.9,     81.7,     1011.9,     423.29,     253.9,     88.1,     -178.1
39,     24.01.2015 06:31:16,     -2.1,     0,     222,     2.2,     4.9,     7.4,     -1,     80.5,     1011.7,     423.29,     73.8,     88.1,     -1.9
40,     24.01.2015 06:41:16,     -2.1,     -4.02,     218,     2.3,     4.7,     7.7,     -1,     80,     1011.6,     423.29,     75.6,     87.9,     -2
41,     24.01.2015 06:51:16,     -2.1,     -2.01,     214,     2.9,     5.1,     8.3,     -1,     80.6,     1011.5,     423.29,     253.7,     88,     -178.1
42,     24.01.2015 07:01:16,     -1.05,     -2.01,     216,     2.9,     5.1,     8.3,     -1,     80.3,     1011.4,     423.29,     74.7,     88.1,     -1.8
43,     24.01.2015 07:11:17,     -1.05,     0,     215,     2.9,     5.1,     8.1,     -0.9,     80.2,     1011.2,     423.29,     74.2,     87.9,     -2,     12.785,     -0.19,     92.1
44,     24.01.2015 07:21:17,     -2.1,     -2.01,     218,     2.5,     4.7,     7.4,     -0.9,     79.8,     1011.3,     423.29,     73.9,     88,     -1.9
45,     24.01.2015 07:31:17,     -3.15,     -4.02,     219,     2.7,     5.1,     9,     -0.8,     78.7,     1010.9,     423.29,     74.8,     87.3,     -2.6
46,     24.01.2015 07:41:17,     -1.05,     0,     224,     2.7,     5,     7.2,     -0.8,     78,     1011.1,     423.29,     75.3,     88.1,     -1.8
47,     24.01.2015 07:51:17,     -4.2,     -2.01,     227,     2.4,     4.6,     7.9,     -0.8,     78,     1011.3,     423.29,     73.7,     87.9,     -1.9
48,     24.01.2015 08:01:17,     -4.2,     -2.01,     228,     3,     5.5,     8.6,     -0.8,     77.7,     1011.1,     423.29,     74,     87.8,     -2.1
49,     24.01.2015 08:11:16,     1.05,     6.03,     225,     2.5,     5.2,     8.9,     -0.8,     77.4,     1011,     423.29,     74.1,     88.2,     -1.7,     13.879,     -0.05,     92.1
50,     24.01.2015 08:21:16,     4.2,     12.06,     224,     2.8,     5.7,     8.9,     -0.7,     78.2,     1010.7,     423.29,     77.1,     87.7,     -2.1
51,     24.01.2015 08:31:16,     8.4,     18.09,     224,     3.2,     5.3,     9.4,     -0.8,     78.1,     1010.7,     423.29,     74.6,     88.5,     -1.4
52,     24.01.2015 08:41:16,     10.5,     24.12,     223,     3.7,     6,     9,     -0.7,     77.8,     1010.5,     423.29,     74.3,     88.1,     -1.7
53,     24.01.2015 08:51:16,     17.85,     36.18,     222,     2.8,     5.4,     9.6,     -0.7,     78,     1010.6,     423.29,     75.5,     87.9,     -2
54,     24.01.2015 09:01:16,     17.85,     38.19,     224,     2.9,     6,     9.4,     -0.7,     77.8,     1010.4,     423.29,     76.1,     88.1,     -1.8
55,     24.01.2015 09:11:16,     21,     44.22,     225,     2.6,     5.4,     8.5,     -0.7,     78.5,     1010.5,     423.29,     255.4,     87.9,     -177.9,     13.835,     0.11,     92.1
56,     24.01.2015 09:21:16,     34.65,     70.35,     222,     3.3,     5.6,     8.9,     -0.6,     78.6,     1010.5,     423.29,     254.9,     86.9,     -176.9
57,     24.01.2015 09:31:16,     61.95,     118.59,     227,     2.6,     5.8,     8.6,     -0.7,     77.3,     1010.5,     423.29,     256.1,     87.8,     -177.8
58,     24.01.2015 09:41:16,     47.25,     92.46,     224,     3.4,     6,     10.1,     -0.6,     78.2,     1010.4,     423.29,     75,     88.2,     -1.7
59,     24.01.2015 09:51:16,     77.7,     144.72,     222,     3.1,     6,     9.5,     -0.6,     78.7,     1010.1,     423.29,     75.3,     87.7,     -2.2
60,     24.01.2015 10:01:16,     68.25,     132.66,     224,     3.8,     6.4,     9.5,     -0.6,     78.5,     1009.9,     423.29,     75.1,     87.4,     -2.5
61,     24.01.2015 10:11:16,     92.4,     172.86,     222,     3.5,     6,     10.5,     -0.5,     77.1,     1009.9,     423.29,     255.3,     88.6,     -178.6,     13.816,     0.41,     92.0
62,     24.01.2015 10:21:16,     106.05,     198.99,     225,     2.9,     4.7,     7.8,     -0.5,     78.7,     1009.8,     423.29,     75.8,     88.1,     -1.6
63,     24.01.2015 10:31:16,     105,     201,     225,     3.6,     6.3,     10.9,     -0.5,     77.1,     1009.7,     423.29,     75.4,     87.7,     -2.2
64,     24.01.2015 10:41:16,     101.85,     196.98,     224,     3.6,     6,     10.2,     -0.4,     77.6,     1009.7,     423.29,     75.4,     88.3,     -1.7
65,     24.01.2015 10:51:16,     169.05,     283.41,     221,     3.5,     6.9,     10.9,     -0.3,     76.8,     1009.6,     423.29,     76.3,     88.2,     -1.5
66,     24.01.2015 11:01:16,     113.4,     227.13,     221,     4.6,     7.1,     11.2,     -0.3,     75.8,     1009.1,     423.29,     256.7,     87.4,     -177.4
67,     24.01.2015 11:11:16,     126,     251.25,     221,     3.7,     7,     11.1,     -0.2,     77.1,     1009.2,     423.29,     75.1,     87.6,     -2.3,     13.835,     0.91,     92.0
68,     24.01.2015 11:21:16,     139.65,     265.32,     227,     3.5,     6.3,     9.5,     -0.2,     76.9,     1009.4,     423.29,     256.8,     87.6,     -177.6
69,     24.01.2015 11:31:16,     123.9,     233.16,     238,     3.1,     5.5,     8.2,     -0.2,     76,     1009.3,     423.29,     255.8,     87.9,     -177.9
70,     24.01.2015 11:41:16,     156.45,     295.47,     229,     3,     6.3,     10,     -0.2,     76.3,     1009.1,     423.29,     75.8,     87.7,     -2.1
71,     24.01.2015 11:51:16,     160.65,     295.47,     228,     2.6,     5.4,     8.1,     -0.1,     77,     1009.2,     423.29,     73.9,     87.6,     -2.3
72,     24.01.2015 12:01:16,     329.7,     558.78,     227,     2.9,     5.3,     8.5,     0,     75.5,     1009,     423.29,     74.5,     87.9,     -2
73,     24.01.2015 12:11:17,     297.15,     510.54,     225,     2.3,     5.4,     9.5,     0,     76,     1008.8,     423.29,     256.3,     87.6,     -177.6,     13.811,     1.61,     91.9
74,     24.01.2015 12:21:17,     202.65,     341.7,     221,     3.7,     6.1,     9.4,     0.1,     75.4,     1008.6,     423.29,     76.4,     88,     -1.8
75,     24.01.2015 12:31:17,     286.65,     482.4,     219,     3.7,     5.9,     8.3,     0.1,     76,     1008.5,     423.29,     74.2,     87.4,     -2.5
76,     24.01.2015 12:41:17,     228.9,     410.04,     221,     3.3,     5.5,     8.1,     0.2,     76.2,     1008.3,     423.29,     74.3,     87.3,     -2.6
77,     24.01.2015 12:51:17,     265.65,     456.27,     223,     3.4,     5.1,     8,     0.4,     75.9,     1008.3,     423.29,     74.6,     87.8,     -2
78,     24.01.2015 13:01:17,     262.5,     448.23,     227,     3.2,     5.8,     9.6,     0.4,     74.6,     1008.3,     423.29,     75.9,     88,     -1.8
79,     24.01.2015 13:11:16,     224.7,     387.93,     235,     2.9,     5.4,     9,     0.5,     75.1,     1008.4,     423.29,     75.6,     88,     -1.9,     13.841,     2.89,     91.3
80,     24.01.2015 13:21:16,     215.25,     377.88,     238,     3.1,     5.5,     8,     0.5,     74.5,     1008.3,     423.29,     74.9,     88.1,     -1.5
81,     24.01.2015 13:31:16,     197.4,     351.75,     231,     3.1,     4.9,     7.7,     0.5,     75.7,     1008.2,     423.29,     75.1,     87.9,     -1.9
82,     24.01.2015 13:41:16,     212.1,     369.84,     228,     2.2,     4.4,     6.5,     0.6,     75.2,     1008.1,     423.29,     74.5,     87.9,     -2
83,     24.01.2015 13:51:16,     178.5,     319.59,     235,     2.4,     4.3,     6.8,     0.7,     73.3,     1008.2,     423.29,     73.7,     87.9,     -2
84,     24.01.2015 14:01:16,     86.1,     176.88,     238,     1.3,     3.2,     5.1,     0.8,     74.3,     1008.3,     423.29,     73.9,     88.1,     -1.8
85,     24.01.2015 14:11:16,     68.25,     134.67,     235,     2.3,     3.4,     4.9,     0.8,     74.1,     1008.2,     423.29,     73.9,     88,     -1.9,     13.748,     3.23,     90.9
86,     24.01.2015 14:21:16,     54.6,     110.55,     234,     2.3,     3.9,     5.7,     0.7,     74.9,     1008.2,     423.29,     75,     88,     -1.9
87,     24.01.2015 14:31:16,     48.3,     98.49,     235,     2,     3.3,     5.2,     0.8,     75.6,     1008.2,     423.29,     74.3,     87.9,     -2
88,     24.01.2015 14:41:16,     42,     84.42,     235,     1.6,     3.1,     4.7,     0.8,     74.7,     1008.2,     423.29,     74,     87.9,     -2
89,     24.01.2015 14:51:16,     42,     82.41,     241,     1.6,     3,     5.1,     0.8,     75.4,     1008.2,     423.29,     74.1,     88,     -1.9
90,     24.01.2015 15:01:16,     30.45,     64.32,     249,     2.1,     3.3,     5.3,     0.8,     75.3,     1008.2,     423.29,     73.6,     88.1,     -1.8
91,     24.01.2015 15:11:16,     26.25,     50.25,     244,     2.1,     3.6,     5.8,     0.8,     74.4,     1008.2,     423.29,     74,     87.9,     -2,     13.584,     2.59,     91.3
92,     24.01.2015 15:21:16,     18.9,     40.2,     244,     2,     3.4,     5.3,     0.8,     74.9,     1008.3,     423.29,     74.5,     88,     -1.9
93,     24.01.2015 15:31:16,     12.6,     28.14,     243,     2.1,     3.5,     5.5,     0.8,     76.2,     1008.2,     423.29,     73.7,     87.8,     -2.1
94,     24.01.2015 15:41:16,     6.3,     16.08,     244,     2.1,     3.2,     5,     0.8,     75.5,     1008.3,     423.29,     74.2,     88,     -1.9
95,     24.01.2015 15:51:16,     9.45,     20.1,     240,     2.1,     3.3,     5.3,     0.8,     75.6,     1008.3,     423.29,     74,     88,     -1.9
96,     24.01.2015 16:01:16,     4.2,     10.05,     241,     2.4,     3.6,     5.8,     0.8,     75.8,     1008.3,     423.29,     74.1,     87.9,     -2
97,     24.01.2015 16:11:16,     2.1,     6.03,     248,     1.4,     3.3,     5.5,     0.8,     75.7,     1008.3,     423.29,     74.3,     87.9,     -2,     12.664,     2.01,     91.6
98,     24.01.2015 16:21:16,     2.1,     4.02,     241,     2.1,     3.4,     5.6,     0.8,     75.8,     1008.3,     423.29,     73.6,     87.8,     -2.1
99,     24.01.2015 16:31:16,     1.05,     2.01,     246,     0.9,     2.5,     4.4,     0.8,     76.6,     1008.5,     423.29,     73.9,     88,     -1.9
100,     24.01.2015 16:41:16,     0,     2.01,     250,     1.6,     3.5,     5.6,     0.8,     76.8,     1008.6,     423.29,     74.1,     88,     -1.9
101,     24.01.2015 16:51:16,     -1.05,     0,     263,     1.6,     3.3,     5.2,     0.9,     76.3,     1008.6,     423.29,     74.2,     88,     -1.9
102,     24.01.2015 17:01:16,     -1.05,     -2.01,     257,     1.6,     3.7,     6.2,     0.7,     77,     1008.7,     423.29,     75.4,     87.8,     -2.1
103,     24.01.2015 17:11:16,     -2.1,     -2.01,     258,     2.1,     4.1,     6.5,     0.6,     78.9,     1008.7,     423.29,     74.3,     88,     -1.9,     12.565,     1.63,     91.7
104,     24.01.2015 17:21:16,     -1.05,     -2.01,     254,     1.5,     3.2,     5.6,     0.6,     79.7,     1008.7,     423.29,     73.8,     88,     -2
105,     24.01.2015 17:31:16,     -2.1,     -2.01,     248,     1.3,     3.3,     5.7,     0.4,     80.3,     1008.9,     423.29,     74.1,     88,     -1.8
106,     24.01.2015 17:41:16,     -2.1,     0,     254,     0.8,     2.5,     3.8,     0.5,     81.7,     1009,     423.29,     73.5,     87.9,     -2
107,     24.01.2015 17:51:16,     -1.05,     -2.01,     248,     1.3,     2.9,     4.6,     0.4,     81.5,     1009.1,     423.29,     73.6,     87.9,     -2
108,     24.01.2015 18:01:16,     -2.1,     -2.01,     257,     1,     2.8,     5.5,     0.4,     82.7,     1009.1,     423.29,     73.8,     87.8,     -2
109,     24.01.2015 18:11:17,     -1.05,     0,     256,     1.5,     3,     5.6,     0.3,     84,     1009.1,     423.29,     73.5,     87.9,     -2,     13.824,     1.34,     91.8
110,     24.01.2015 18:21:17,     -2.1,     -2.01,     271,     1,     2.9,     4.9,     0.2,     85.9,     1009.2,     423.29,     73.8,     88,     -2
111,     24.01.2015 18:31:17,     -3.15,     -2.01,     273,     1,     2.8,     5.2,     0.1,     87.2,     1009.2,     423.29,     73.7,     87.9,     -1.9
112,     24.01.2015 18:41:17,     -2.1,     -4.02,     272,     1.7,     3,     4.6,     0.1,     88,     1009.4,     423.29,     73.8,     87.9,     -2
113,     24.01.2015 18:51:17,     -1.05,     -2.01,     271,     1.3,     2.5,     4.5,     0.1,     88.6,     1009.4,     423.29,     73.3,     87.9,     -2
114,     24.01.2015 19:01:17,     -1.05,     0,     279,     1.1,     2.7,     4.4,     0,     88.8,     1009.4,     423.29,     73.4,     88,     -1.9
115,     24.01.2015 19:11:16,     -1.05,     0,     282,     1.1,     2.9,     4.3,     0.1,     88.7,     1009.4,     423.29,     73.6,     88,     -1.9,     12.656,     1.07,     91.9
116,     24.01.2015 19:21:16,     -2.1,     -2.01,     285,     0.7,     2.4,     4.1,     0,     88.9,     1009.5,     423.29,     73.5,     87.9,     -2
117,     24.01.2015 19:31:16,     -1.05,     -2.01,     292,     0.3,     2.6,     4.6,     0,     89,     1009.6,     423.29,     73.2,     88,     -2
118,     24.01.2015 19:41:16,     -1.05,     -2.01,     296,     1.6,     3.2,     5,     0.1,     89.1,     1009.8,     423.29,     73,     88,     -1.9
119,     24.01.2015 19:51:16,     -1.05,     -2.01,     300,     1.4,     3.1,     5.5,     0.1,     89,     1009.7,     423.29,     74.3,     87.9,     -2
120,     24.01.2015 20:01:16,     0,     0,     301,     1.6,     3.6,     5.5,     0.1,     89,     1009.8,     423.29,     73.8,     87.9,     -2
121,     24.01.2015 20:11:17,     -2.1,     -2.01,     311,     0.8,     2.4,     4.4,     0.2,     89.1,     1009.9,     423.29,     74.4,     87.9,     -2,     12.529,     0.99,     91.9
122,     24.01.2015 20:21:17,     -1.05,     0,     302,     1.9,     3.2,     5.7,     0.2,     89.2,     1009.9,     423.29,     73,     88,     -2
123,     24.01.2015 20:31:17,     0,     0,     304,     1.1,     2.9,     4.7,     0.2,     89.3,     1009.9,     423.29,     73.4,     88,     -1.9
124,     24.01.2015 20:41:17,     -1.05,     -2.01,     307,     0.9,     2.3,     3.7,     0.3,     89.5,     1010.1,     423.29,     73.3,     88,     -1.9
125,     24.01.2015 20:51:17,     -1.05,     -2.01,     313,     0.8,     2.2,     4.1,     0.4,     89.7,     1010.2,     423.29,     73.4,     88,     -1.9
126,     24.01.2015 21:01:17,     -1.05,     -2.01,     317,     1,     2.6,     5.2,     0.4,     89.8,     1010.2,     423.29,     73.6,     87.8,     -2
127,     24.01.2015 21:11:16,     -1.05,     0,     315,     0.6,     2.6,     4.4,     0.5,     89.8,     1010.1,     423.29,     73.1,     87.9,     -2,     12.516,     1.09,     91.9
128,     24.01.2015 21:21:16,     -1.05,     -2.01,     321,     0.6,     2.4,     5,     0.6,     90,     1010.2,     423.29,     73.5,     88,     -1.9
129,     24.01.2015 21:31:16,     -2.1,     -4.02,     331,     0.4,     2.1,     3.8,     0.6,     90.1,     1010.2,     423.29,     73.5,     88,     -1.9
130,     24.01.2015 21:41:16,     -1.05,     -2.01,     330,     0.5,     2.2,     4.1,     0.7,     90,     1010.4,     423.29,     73.3,     87.9,     -2
131,     24.01.2015 21:51:16,     -2.1,     -4.02,     331,     0.9,     2.3,     5.1,     0.8,     90.1,     1010.4,     423.29,     72.9,     88,     -2
132,     24.01.2015 22:01:16,     -1.05,     0,     326,     1.7,     3.3,     6.4,     0.9,     89.8,     1010.4,     423.29,     73.2,     87.9,     -2.1
133,     24.01.2015 22:11:16,     0,     0,     330,     1.5,     2.8,     5.8,     1,     89.7,     1010.5,     423.29,     73.5,     87.9,     -2,     12.488,     1.33,     91.9
134,     24.01.2015 22:21:16,     -1.05,     -2.01,     327,     0.6,     2.3,     3.7,     1,     89.6,     1010.7,     423.29,     73.3,     87.9,     -2
135,     24.01.2015 22:31:16,     -1.05,     0,     329,     0.7,     2.2,     4,     1.1,     89.6,     1010.7,     423.29,     73.3,     87.9,     -2
136,     24.01.2015 22:41:16,     -1.05,     -2.01,     315,     0.1,     1.7,     3.3,     1.1,     89.7,     1010.8,     423.29,     73.2,     88,     -1.9
137,     24.01.2015 22:51:16,     -2.1,     -4.02,     324,     0.8,     2.3,     4.9,     1.1,     89.5,     1010.8,     423.29,     73.1,     88,     -1.9
138,     24.01.2015 23:01:16,     -3.15,     -2.01,     330,     0.8,     2.4,     4.1,     1.1,     89.5,     1010.9,     423.29,     73.5,     88,     -1.9
139,     24.01.2015 23:11:16,     -3.15,     -2.01,     330,     0.8,     2.3,     3.7,     1,     89.3,     1011,     423.29,     73.2,     88,     -1.9,     12.482,     1.49,     91.7
140,     24.01.2015 23:21:16,     -3.15,     -2.01,     332,     1.3,     2.4,     3.8,     1,     89.7,     1011.1,     423.29,     73.3,     87.9,     -2
141,     24.01.2015 23:31:16,     -4.2,     0,     334,     1.3,     2.4,     4,     1,     89.5,     1011.2,     423.29,     73.5,     87.9,     -2
142,     24.01.2015 23:41:16,     -3.15,     0,     334,     0.4,     1.7,     3.4,     0.9,     89.5,     1011.3,     423.29,     73.5,     88,     -1.9
143,     24.01.2015 23:51:16,     -2.1,     0,     329,     0.4,     1.8,     3.5,     0.9,     89.7,     1011.3,     423.29,     73.2,     88,     -1.9
144,     25.01.2015 00:01:16,     -3.15,     0,     333,     0.4,     1.9,     3.8,     0.9,     89.8,     1011.5,     423.29,     73.1,     88,     -1.9,     12.321,     1.11,     91.8