Logger: #D10248 'TSK_Meteo' - USP_EXP2 (V2.10, Jan 24 2012)
No,     Time,     #1:W/m²:0,     #2:ÂµMol:(do.),     #5:deg:2,     #6:m/sMIN:(do.),     #7:m/sMIT:(do.),     #8:m/sMAX:(do.),     #9:Â°C:(do.),     #10:%:(do.),     #11:hPa:(do.),     #12:mm:(do.),     #14:AZ:3,     #15:EL:(do.),     #16:Roll:(do.),     #HK-Bat:V,     #HK-Temp:oC,     #HK-rH:%
(GSM Transfer OK / Signal:15)
1,     22.07.2014 00:11:22,     -4.2,     0,     76,     0.4,     1.8,     3.9,     17.5,     87.6,     1008.6,     142.02,     255.1,     88,     -178.1,     12.510,     17.44,     67.6
2,     22.07.2014 00:21:22,     -6.3,     -4.02,     57,     0,     1.8,     4.8,     17.5,     88.6,     1008.7,     142.02,     255.1,     87.7,     -177.8
3,     22.07.2014 00:31:22,     -4.2,     -4.02,     53,     0.6,     2.2,     4.8,     17.5,     88.1,     1008.7,     142.02,     254.8,     87.9,     -177.9
4,     22.07.2014 00:41:22,     -4.2,     0,     56,     0.5,     2.4,     5.7,     17.3,     87.4,     1008.6,     142.02,     255.1,     87.7,     -177.8
5,     22.07.2014 00:51:22,     -4.2,     -2.01,     57,     0.2,     2.2,     4.6,     17.4,     87.7,     1008.5,     142.02,     254.7,     88,     -178
6,     22.07.2014 01:01:22,     -4.2,     -2.01,     56,     0.4,     2.1,     4.3,     17.4,     88,     1008.5,     142.02,     255,     88.1,     -178.1
7,     22.07.2014 01:11:23,     -4.2,     -2.01,     59,     0.5,     2.4,     4.6,     17.4,     88,     1008.5,     142.02,     254.9,     88,     -178,     12.529,     17.05,     68.6
8,     22.07.2014 01:21:23,     -5.25,     -2.01,     60,     0.2,     2,     4.6,     17.4,     87.9,     1008.6,     142.02,     255.1,     88.1,     -178.2
9,     22.07.2014 01:31:23,     -5.25,     0,     61,     0.2,     2.2,     5.4,     17.4,     88.4,     1008.7,     142.02,     255.3,     88.1,     -178.1
10,     22.07.2014 01:41:23,     -5.25,     -4.02,     62,     0.2,     2,     4.6,     17.3,     88.4,     1008.7,     142.02,     254.8,     87.8,     -177.9
11,     22.07.2014 01:51:23,     -3.15,     -2.01,     56,     0.5,     2.4,     4.6,     17.5,     88.9,     1008.6,     142.02,     255.1,     87.7,     -177.8
12,     22.07.2014 02:01:23,     -4.2,     -2.01,     48,     1,     2.9,     5.4,     17.5,     88.7,     1008.5,     142.02,     255.2,     88.2,     -178.2
13,     22.07.2014 02:11:22,     -4.2,     0,     64,     0.1,     2.1,     4.9,     17.5,     88.8,     1008.6,     142.02,     254.9,     88.9,     -178.9,     12.488,     16.99,     68.6
14,     22.07.2014 02:21:22,     -5.25,     0,     61,     0.3,     2,     3.8,     17.5,     89.2,     1008.6,     142.02,     255.1,     88,     -178.1
15,     22.07.2014 02:31:22,     -4.2,     -4.02,     66,     0.2,     2.4,     5,     17.6,     89.4,     1008.6,     142.03,     255.4,     87.6,     -177.6
16,     22.07.2014 02:41:22,     -4.2,     -2.01,     61,     0.1,     2,     4.8,     17.7,     89.5,     1008.6,     142.06,     255.1,     87.8,     -177.8
17,     22.07.2014 02:51:22,     -4.2,     -2.01,     80,     0.4,     2,     4.8,     17.6,     89,     1008.6,     142.06,     254.8,     88,     -178
18,     22.07.2014 03:01:22,     -3.15,     -4.02,     81,     0,     1.9,     4.7,     17.6,     89,     1008.7,     142.06,     255,     87.9,     -177.9
19,     22.07.2014 03:11:17,     -2.1,     -2.01,     66,     0.4,     2.1,     4.7,     17.6,     89.6,     1008.8,     142.06,     255.2,     88.1,     -178.1,     12.450,     17.21,     68.5
20,     22.07.2014 03:21:17,     -3.15,     -2.01,     67,     0.5,     2.1,     4.6,     17.7,     89.3,     1008.8,     142.06,     255.3,     88,     -178
21,     22.07.2014 03:31:17,     -3.15,     -4.02,     56,     0.6,     2.2,     4.4,     17.8,     89.8,     1008.8,     142.06,     255.1,     87.9,     -177.8
22,     22.07.2014 03:41:17,     -3.15,     -2.01,     65,     0.2,     2.6,     6,     17.9,     89.2,     1008.9,     142.06,     255.2,     88.2,     -178.2
23,     22.07.2014 03:51:17,     -2.1,     2.01,     53,     0.5,     2.4,     4.6,     17.9,     89.2,     1008.9,     142.06,     255,     87.8,     -177.8
24,     22.07.2014 04:01:17,     -2.1,     2.01,     58,     0.6,     3,     6.6,     17.9,     89.6,     1009,     142.06,     254.8,     87.8,     -177.9
25,     22.07.2014 04:11:16,     0,     8.04,     56,     0.4,     2.9,     5.5,     17.9,     89.6,     1009,     142.06,     254.4,     88.4,     -178.3,     12.425,     17.56,     68.4
26,     22.07.2014 04:21:16,     3.15,     12.06,     64,     0.7,     2.6,     5.3,     18,     89.6,     1009.2,     142.06,     255.1,     87.8,     -177.9
27,     22.07.2014 04:31:16,     10.5,     28.14,     58,     0.6,     2.7,     5.5,     18,     89.9,     1009.2,     142.06,     254.9,     87.4,     -177.4
28,     22.07.2014 04:41:16,     13.65,     36.18,     56,     0.2,     2.7,     5.3,     18,     89.4,     1009.2,     142.06,     254.7,     88.6,     -178.7
29,     22.07.2014 04:51:16,     21,     54.27,     61,     0.2,     2.5,     5.6,     17.9,     89.3,     1009.3,     142.06,     254.6,     87.9,     -177.9
30,     22.07.2014 05:01:16,     29.4,     70.35,     65,     0.5,     2.5,     5.3,     18,     89.4,     1009.4,     142.06,     255.2,     88.1,     -178.2
31,     22.07.2014 05:11:22,     28.35,     66.33,     69,     0.3,     2.6,     7.5,     18,     89.3,     1009.5,     142.06,     255.2,     87.8,     -177.8,     12.588,     18.05,     68.3
32,     22.07.2014 05:21:22,     39.9,     90.45,     66,     0.2,     2,     5.2,     18,     89,     1009.6,     142.06,     254.8,     88.6,     -178.6
33,     22.07.2014 05:31:22,     59.85,     122.61,     66,     0.1,     2.5,     6.3,     18.1,     89.1,     1009.7,     142.06,     255.1,     87.9,     -177.8
34,     22.07.2014 05:41:22,     61.95,     128.64,     66,     0.2,     2.2,     5.4,     18.1,     88.9,     1009.7,     142.06,     255.1,     87.8,     -177.9
35,     22.07.2014 05:51:22,     81.9,     166.83,     64,     0.1,     1.6,     4.1,     18.3,     89,     1009.8,     142.06,     255.3,     87.7,     -177.7
36,     22.07.2014 06:01:22,     82.95,     174.87,     79,     0.1,     1.7,     4.3,     18.4,     88.7,     1010,     142.06,     255.3,     88.1,     -178.1
37,     22.07.2014 06:11:16,     90.3,     186.93,     68,     0.5,     2.4,     5.5,     18.4,     88.2,     1010,     142.06,     255,     87.9,     -177.9,     13.112,     18.98,     68.2
38,     22.07.2014 06:21:16,     161.7,     327.63,     66,     0.1,     1.9,     5.1,     18.6,     88.3,     1010.1,     142.06,     255,     87.8,     -177.8
39,     22.07.2014 06:31:16,     204.75,     414.06,     71,     0.1,     1.8,     5.1,     18.8,     87.5,     1010,     142.06,     255.5,     87.7,     -177.8
40,     22.07.2014 06:41:16,     170.1,     337.68,     87,     0.2,     2.3,     5.7,     18.9,     86.7,     1010.1,     142.06,     255.7,     88,     -178
41,     22.07.2014 06:51:16,     210,     432.15,     91,     0.3,     2.5,     5.5,     19,     85.5,     1010.2,     142.06,     255.4,     88,     -178.1
42,     22.07.2014 07:01:16,     246.75,     490.44,     98,     0.2,     2.4,     5,     19.2,     84.9,     1010.3,     142.06,     255.1,     88,     -178
43,     22.07.2014 07:11:16,     265.65,     526.62,     90,     0.2,     2.4,     5.2,     19.4,     84.5,     1010.2,     142.06,     255.4,     88.1,     -178.1,     14.286,     20.95,     67.9
44,     22.07.2014 07:21:16,     201.6,     404.01,     82,     0.2,     2.2,     4.9,     19.6,     83.1,     1010.3,     142.06,     (NO REPLY),     (NO REPLY),     (NO REPLY)
45,     22.07.2014 07:31:16,     383.25,     717.57,     89,     0.2,     2.4,     6.3,     19.7,     82.5,     1010.4,     142.06,     255.5,     87.9,     -177.9
46,     22.07.2014 07:41:16,     514.5,     984.9,     93,     0.4,     2.8,     6,     19.9,     81.6,     1010.5,     142.06,     255.3,     88,     -178
47,     22.07.2014 07:51:16,     577.5,     1087.41,     110,     0,     1.5,     4.5,     20.3,     80.7,     1010.5,     142.06,     255.1,     88,     -178
48,     22.07.2014 08:01:16,     212.1,     468.33,     112,     0.3,     2.3,     4.8,     20.4,     78.6,     1010.5,     142.06,     255.1,     87.9,     -177.9
49,     22.07.2014 08:11:30,     227.85,     486.42,     78,     0.1,     1.9,     5.3,     20.7,     78.7,     1010.6,     142.06,     (NO REPLY),     (NO REPLY),     (NO REPLY),     13.305,     24.26,     66.9
50,     22.07.2014 08:21:30,     455.7,     701.49,     94,     0.2,     1.5,     3.6,     21.2,     77.3,     1010.6,     142.06,     (NO REPLY),     (NO REPLY),     (NO REPLY)
51,     22.07.2014 08:31:30,     562.8,     1103.49,     100,     0.1,     2,     4.9,     21.5,     74.8,     1010.6,     142.06,     255.4,     88,     -178
52,     22.07.2014 08:41:30,     571.2,     1125.6,     77,     0.1,     2.4,     4.9,     21.8,     74.7,     1010.6,     142.06,     255.4,     88,     -178
53,     22.07.2014 08:51:30,     575.4,     1125.6,     61,     0.1,     2.6,     5.5,     22.1,     73.2,     1010.7,     142.06,     255.4,     87.8,     -177.8
54,     22.07.2014 09:01:30,     616.35,     1222.08,     64,     0,     2,     4.6,     22.6,     69.6,     1010.7,     142.06,     255.8,     87.9,     -178
55,     22.07.2014 09:11:16,     638.4,     1260.27,     79,     0.1,     2.6,     5.7,     22.8,     68.6,     1010.7,     142.06,     255.6,     88,     -178,     13.167,     28.73,     65.8
56,     22.07.2014 09:21:16,     647.85,     1280.37,     93,     0.2,     2.9,     6.3,     23.1,     66.5,     1010.8,     142.06,     255.4,     87.8,     -177.8
57,     22.07.2014 09:31:16,     672,     1330.62,     62,     0.2,     2.8,     5.9,     23.3,     66.9,     1010.9,     142.06,     255.8,     87.7,     -177.8
58,     22.07.2014 09:41:16,     699.3,     1390.92,     89,     0.1,     2.3,     4.9,     23.9,     64,     1011,     142.06,     255.5,     88.1,     -178.1
59,     22.07.2014 09:51:16,     709.8,     1417.05,     89,     0.4,     2.9,     6,     24,     60.3,     1011,     142.06,     255.4,     88,     -178
60,     22.07.2014 10:01:16,     745.5,     1487.4,     86,     0.3,     2.9,     6.8,     24.2,     60,     1011.1,     142.06,     76.2,     87.7,     -2.2
61,     22.07.2014 10:11:16,     323.4,     452.25,     89,     0.6,     2.6,     5.7,     24.1,     61.1,     1011.1,     142.06,     75.2,     87.9,     -2.1,     13.048,     30.70,     64.8
62,     22.07.2014 10:21:16,     876.75,     1750.71,     69,     0.2,     3.1,     6.1,     24.3,     60.5,     1011.1,     142.06,     76.1,     88,     -1.9
63,     22.07.2014 10:31:16,     212.1,     462.3,     46,     0.8,     3.7,     6.6,     23.9,     61.7,     1011.1,     142.06,     255.4,     88.4,     -178.5
64,     22.07.2014 10:41:16,     716.1,     1411.02,     47,     0.8,     3.2,     6.5,     24.3,     59.1,     1011.1,     142.06,     254.8,     88,     -178
65,     22.07.2014 10:51:16,     908.25,     1829.1,     57,     0.4,     3.2,     7.1,     24.5,     58.6,     1011,     142.06,     75.6,     87.6,     -2.3
66,     22.07.2014 11:01:16,     668.85,     1392.93,     50,     0.7,     3.7,     6.9,     24.4,     58.9,     1011,     142.06,     75.7,     88.5,     -1.4
67,     22.07.2014 11:11:17,     830.55,     1688.4,     51,     0.1,     2.8,     6.3,     24.6,     56.9,     1011,     142.06,     254.8,     87.7,     -177.7,     13.188,     30.18,     64.9
68,     22.07.2014 11:21:17,     953.4,     1913.52,     64,     0.3,     3,     6.2,     24.8,     55.5,     1011,     142.06,     255.1,     87.9,     -177.9
69,     22.07.2014 11:31:17,     228.9,     482.4,     63,     0.5,     2.8,     5.6,     25.1,     55.5,     1011,     142.06,     75.6,     87.8,     -2.1
70,     22.07.2014 11:41:17,     871.5,     1750.71,     56,     0.3,     3.4,     7.8,     24.9,     57.3,     1011,     142.06,     254.8,     87.5,     -177.5
71,     22.07.2014 11:51:17,     796.95,     1616.04,     64,     0.2,     3.2,     7.9,     25.3,     56,     1011,     142.06,     254.7,     87.8,     -177.8
72,     22.07.2014 12:01:17,     914.55,     1911.51,     48,     0.7,     4,     8.4,     25.2,     56.3,     1011,     142.06,     255.3,     88.7,     -178.7
73,     22.07.2014 12:11:16,     443.1,     936.66,     55,     0.4,     4.5,     9.8,     25.2,     52.8,     1011.1,     142.06,     75.6,     87.2,     -2.7,     13.065,     29.71,     65.3
74,     22.07.2014 12:21:16,     695.1,     1429.11,     59,     0.2,     3.8,     8.1,     25.3,     50.3,     1011.1,     142.06,     75.3,     88,     -1.8
75,     22.07.2014 12:31:16,     829.5,     1688.4,     53,     0.9,     4.5,     12,     25.3,     51,     1011.2,     142.06,     75.8,     88.2,     -1.8
76,     22.07.2014 12:41:16,     794.85,     1622.07,     45,     1.8,     4.5,     8.4,     25.4,     49.5,     1011.2,     142.06,     76.7,     87,     -2.9
77,     22.07.2014 12:51:16,     807.45,     1648.2,     50,     1,     4,     8.3,     25.6,     46.6,     1011.1,     142.06,     75.4,     87.4,     -2.5
78,     22.07.2014 13:01:16,     778.05,     1573.83,     60,     0.9,     4.1,     8,     26,     45.1,     1011.1,     142.06,     75.3,     87.8,     -2.1
79,     22.07.2014 13:11:16,     783.3,     1583.88,     57,     0.9,     4.2,     8,     25.7,     47.1,     1011.1,     142.06,     75.5,     88,     -1.8,     12.915,     29.74,     65.0
80,     22.07.2014 13:21:16,     718.2,     1429.11,     56,     0.6,     4.1,     9.3,     25.6,     49.5,     1011.2,     142.06,     75.4,     87.9,     -1.9
81,     22.07.2014 13:31:16,     735,     1485.39,     68,     0.4,     3.4,     7.2,     25.8,     50.8,     1011.2,     142.06,     75.7,     87.4,     -2.5
82,     22.07.2014 13:41:16,     812.7,     1632.12,     56,     0.7,     3.8,     9.5,     25.6,     48.1,     1011.2,     142.06,     74.8,     87.6,     -2.3
83,     22.07.2014 13:51:16,     803.25,     1612.02,     84,     0.4,     3.8,     8.2,     26.2,     44.8,     1011.2,     142.06,     75.9,     88.1,     -1.7
84,     22.07.2014 14:01:16,     781.2,     1545.69,     73,     0.5,     3.1,     8.4,     25.9,     46,     1011.2,     142.06,     75.2,     87.3,     -2.6
85,     22.07.2014 14:11:16,     573.3,     1169.82,     78,     0.3,     3.6,     9.7,     26.1,     45.2,     1011.1,     142.06,     75.9,     88.2,     -1.7,     12.959,     29.99,     65.0
86,     22.07.2014 14:21:16,     778.05,     1541.67,     83,     0.3,     3.6,     7.6,     26.2,     44.2,     1011.1,     142.06,     75.8,     88.3,     -1.5
87,     22.07.2014 14:31:16,     750.75,     1487.4,     107,     0.5,     4,     7.9,     26.2,     43.1,     1011.1,     142.06,     74.9,     88.2,     -1.7
88,     22.07.2014 14:41:16,     709.8,     1398.96,     103,     0.3,     3.3,     7.4,     26.1,     43.7,     1011.2,     142.06,     75.5,     87.9,     -2
89,     22.07.2014 14:51:16,     148.05,     333.66,     89,     0.5,     3.2,     7.4,     26,     49.6,     1011.2,     142.06,     75.5,     87.9,     -1.9
90,     22.07.2014 15:01:16,     670.95,     1318.56,     70,     0.6,     3.1,     7.6,     25.9,     48.7,     1011.1,     142.06,     75.6,     87.9,     -1.9
91,     22.07.2014 15:11:16,     602.7,     1197.96,     50,     0.6,     4.2,     8.5,     25.5,     50.9,     1011.1,     142.06,     254.8,     88.5,     -178.5,     13.158,     30.19,     64.8
92,     22.07.2014 15:21:16,     550.2,     1087.41,     47,     0.6,     3.8,     9.1,     25.7,     51.1,     1011.1,     142.06,     75.9,     88.1,     -1.8
93,     22.07.2014 15:31:16,     568.05,     1107.51,     56,     0.4,     3.6,     9.1,     25.4,     52.6,     1011.2,     142.06,     75.4,     86.9,     -3
94,     22.07.2014 15:41:16,     539.7,     1067.31,     55,     1,     3.9,     9.4,     25.4,     51.2,     1011.2,     142.06,     76.4,     87.6,     -2.2
95,     22.07.2014 15:51:16,     504,     970.83,     47,     0.7,     4.6,     9.1,     25.2,     52.2,     1011.2,     142.06,     75.5,     87.6,     -2.1
96,     22.07.2014 16:01:16,     538.65,     1037.16,     55,     0.7,     3.8,     6.9,     25.4,     51,     1011.2,     142.06,     254.9,     89.2,     -179.2
97,     22.07.2014 16:11:17,     479.85,     924.6,     60,     0.3,     2.8,     6.4,     25.7,     48.7,     1011.2,     142.06,     255.4,     87.8,     -177.8,     13.235,     29.47,     65.0
98,     22.07.2014 16:21:17,     429.45,     824.1,     66,     0.3,     3.4,     7.4,     25.8,     45.3,     1011.1,     142.06,     255.1,     88.4,     -178.4
99,     22.07.2014 16:31:17,     466.2,     886.41,     74,     0.4,     3.2,     8.9,     25.8,     48.4,     1011.2,     142.06,     75.1,     87.9,     -1.9
100,     22.07.2014 16:41:17,     429.45,     814.05,     53,     0.8,     4.3,     8.8,     25.3,     47.8,     1011.3,     142.06,     75.6,     86.4,     -3.5
101,     22.07.2014 16:51:17,     401.1,     751.74,     53,     1.3,     4.3,     7.9,     25.1,     48.3,     1011.3,     142.06,     75.3,     88.7,     -1.2
102,     22.07.2014 17:01:17,     376.95,     709.53,     54,     0.4,     3.9,     7.7,     25,     48.6,     1011.4,     142.06,     255.4,     88.9,     -178.9
103,     22.07.2014 17:11:22,     345.45,     653.25,     59,     1,     4.1,     8.5,     24.9,     47,     1011.5,     142.06,     75.8,     87.5,     -2.4,     13.370,     29.35,     64.7
104,     22.07.2014 17:21:22,     348.6,     647.22,     56,     0.6,     4,     8,     24.8,     47.6,     1011.6,     142.06,     76.1,     87.9,     -1.9
105,     22.07.2014 17:31:22,     317.1,     584.91,     51,     0.7,     3.9,     8.5,     24.7,     48.8,     1011.8,     142.06,     75.5,     87.4,     -2.5
106,     22.07.2014 17:41:22,     300.3,     544.71,     50,     0.2,     4.1,     8.8,     24.6,     48,     1011.9,     142.06,     75.1,     86.6,     -3.3
107,     22.07.2014 17:51:22,     275.1,     500.49,     58,     0.2,     3.7,     8.9,     24.5,     49.6,     1011.9,     142.06,     75.2,     87,     -2.9
108,     22.07.2014 18:01:22,     212.1,     387.93,     56,     0.7,     3.7,     8.8,     24.3,     50.1,     1011.9,     142.06,     75,     89.2,     -0.7
109,     22.07.2014 18:11:16,     218.4,     397.98,     63,     0.4,     3,     6,     24.2,     49.4,     1011.9,     142.06,     75.4,     88,     -1.9,     13.364,     28.69,     64.9
110,     22.07.2014 18:21:16,     202.65,     357.78,     52,     1.2,     3.8,     7.6,     24.1,     50.6,     1012,     142.06,     75.4,     88.7,     -1.1
111,     22.07.2014 18:31:16,     175.35,     309.54,     62,     0.5,     3.3,     7.3,     23.9,     51.5,     1012,     142.06,     75,     89.1,     -0.8
112,     22.07.2014 18:41:16,     138.6,     245.22,     58,     0.5,     3.5,     7.2,     23.7,     54.2,     1012.1,     142.06,     75.5,     87.7,     -2.1
113,     22.07.2014 18:51:16,     126,     203.01,     62,     0.7,     3.5,     6.8,     23.4,     55.5,     1012.1,     142.06,     75.3,     88,     -1.9
114,     22.07.2014 19:01:16,     97.65,     122.61,     63,     0.2,     3.4,     7.4,     23.3,     56.9,     1012.1,     142.06,     75,     88.2,     -1.7
115,     22.07.2014 19:11:16,     88.2,     110.55,     65,     0.3,     3.5,     7.5,     23,     57.6,     1012.1,     142.06,     75.5,     87.3,     -2.6,     13.307,     27.10,     65.9
116,     22.07.2014 19:21:16,     63,     74.37,     61,     0.7,     3.2,     6.7,     22.8,     59.7,     1012.2,     142.06,     74.7,     87.3,     -2.6
117,     22.07.2014 19:31:16,     44.1,     58.29,     65,     0.2,     3.2,     7.7,     22.5,     61.7,     1012.3,     142.06,     75.1,     87.8,     -2.1
118,     22.07.2014 19:41:16,     12.6,     42.21,     59,     0.4,     2.8,     5.6,     22.1,     64.7,     1012.4,     142.06,     75.4,     88.6,     -1.3
119,     22.07.2014 19:51:16,     9.45,     32.16,     61,     0.4,     2.8,     6.7,     21.7,     65.2,     1012.5,     142.06,     75.5,     87.9,     -2.1
120,     22.07.2014 20:01:16,     8.4,     26.13,     67,     0.4,     2.6,     5.4,     21.4,     67.2,     1012.5,     142.06,     75.5,     87.3,     -2.6
121,     22.07.2014 20:11:16,     2.1,     16.08,     60,     0.6,     2.9,     7.3,     21.2,     68.6,     1012.6,     142.06,     75.3,     87.8,     -2.1,     12.736,     23.81,     67.3
122,     22.07.2014 20:21:16,     -1.05,     8.04,     61,     0.4,     2.7,     5.4,     21,     69.9,     1012.7,     142.06,     255,     88.1,     -178.1
123,     22.07.2014 20:31:16,     -3.15,     2.01,     64,     0.1,     2.4,     4.9,     20.7,     71.6,     1012.8,     142.06,     74.7,     87.5,     -2.3
124,     22.07.2014 20:41:16,     -4.2,     0,     65,     0.5,     2.7,     6.1,     20.5,     73.5,     1012.9,     142.06,     254.7,     88,     -178
125,     22.07.2014 20:51:16,     -5.25,     0,     64,     0.4,     2.5,     5,     20.3,     74.7,     1013.1,     142.06,     255,     87.7,     -177.7
126,     22.07.2014 21:01:16,     -4.2,     -2.01,     66,     0.3,     2.1,     4.8,     20.1,     77,     1013.2,     142.06,     255.2,     87.9,     -177.9
127,     22.07.2014 21:11:16,     -6.3,     -2.01,     61,     0.2,     2.2,     5.3,     19.9,     78,     1013.2,     142.06,     255.1,     87.7,     -177.7,     12.669,     20.85,     68.0
128,     22.07.2014 21:21:16,     -5.25,     -2.01,     56,     0.1,     1.9,     4.7,     19.8,     79,     1013.3,     142.06,     255.2,     87.9,     -177.9
129,     22.07.2014 21:31:16,     -4.2,     -2.01,     62,     0.1,     2.1,     4.7,     19.6,     79.8,     1013.4,     142.06,     255.2,     88,     -178
130,     22.07.2014 21:41:16,     -6.3,     -2.01,     71,     0.1,     1.6,     3.6,     19.5,     82,     1013.5,     142.06,     255.1,     88,     -178
131,     22.07.2014 21:51:16,     -5.25,     -4.02,     66,     0.3,     2.1,     4.5,     19.4,     81.5,     1013.6,     142.06,     255.2,     88.1,     -178.1
132,     22.07.2014 22:01:16,     -5.25,     0,     59,     0.3,     1.6,     3.6,     19.3,     81.4,     1013.6,     142.06,     255.2,     88,     -178
133,     22.07.2014 22:11:16,     -4.2,     -2.01,     66,     0.2,     1.9,     5.1,     19.2,     81.3,     1013.7,     142.06,     255.1,     88,     -178,     12.633,     19.22,     68.3
134,     22.07.2014 22:21:16,     -5.25,     -4.02,     62,     0.1,     1.5,     3.5,     19.1,     81.2,     1013.8,     142.06,     255.1,     87.8,     -177.8
135,     22.07.2014 22:31:16,     -5.25,     -2.01,     67,     0.1,     1.5,     3.6,     19,     81.1,     1013.9,     142.06,     255.2,     88,     -178
136,     22.07.2014 22:41:16,     -6.3,     -2.01,     62,     0.1,     1.7,     3.3,     19,     81.7,     1013.9,     142.06,     254.7,     87.8,     -177.8
137,     22.07.2014 22:51:16,     -6.3,     -4.02,     70,     0.1,     2,     5,     18.9,     80.3,     1013.9,     142.06,     255.2,     87.8,     -177.8
138,     22.07.2014 23:01:16,     -5.25,     -2.01,     73,     0.4,     1.7,     3.9,     18.7,     79.7,     1013.9,     142.06,     255.1,     87.9,     -177.9
139,     22.07.2014 23:11:16,     -7.35,     -4.02,     71,     0.2,     1.7,     3.6,     18.6,     79.3,     1013.9,     142.06,     255.1,     87.9,     -177.9,     12.609,     18.18,     68.4
140,     22.07.2014 23:21:16,     -5.25,     -2.01,     66,     0.1,     1.6,     3.6,     18.6,     78.5,     1013.9,     142.06,     255.1,     88,     -177.9
141,     22.07.2014 23:31:16,     -5.25,     -2.01,     59,     0.3,     1.7,     3.1,     18.6,     78.8,     1013.9,     142.06,     255.1,     87.9,     -177.9
142,     22.07.2014 23:41:16,     -6.3,     -4.02,     56,     0.1,     1.4,     4,     18.5,     78.4,     1014,     142.06,     255.1,     87.9,     -177.9
143,     22.07.2014 23:51:16,     -5.25,     -2.01,     65,     0.1,     1.5,     3.4,     18.4,     79,     1014,     142.06,     255,     87.9,     -177.9
144,     23.07.2014 00:01:16,     -4.2,     0,     61,     0.1,     1.5,     4,     18.3,     78.9,     1014,     142.06,     255,     88.1,     -178.1,     12.418,     17.64,     68.5