Logger: #D10248 'TSK_Meteo' - USP_EXP2 (V2.10, Jan 24 2012)
No,     Time,     #1:W/m²:0,     #2:ÂµMol:(do.),     #5:deg:2,     #6:m/sMIN:(do.),     #7:m/sMIT:(do.),     #8:m/sMAX:(do.),     #9:Â°C:(do.),     #10:%:(do.),     #11:hPa:(do.),     #12:mm:(do.),     #14:AZ:3,     #15:EL:(do.),     #16:Roll:(do.),     #HK-Bat:V,     #HK-Temp:oC,     #HK-rH:%
(GSM Transfer OK / Signal:16)
1,     18.12.2014 00:11:17,     0,     0,     234,     0.2,     1.6,     3,     3.8,     90.8,     995.3,     345.45,     253.5,     87.9,     -177.9,     12.605,     4.87,     85.7
2,     18.12.2014 00:21:17,     -1.05,     0,     235,     1.1,     2.3,     3.9,     3.9,     91,     995.3,     345.45,     253.5,     87.9,     -177.9
3,     18.12.2014 00:31:17,     -1.05,     -2.01,     268,     1.1,     2.9,     5,     4.2,     91.3,     995.4,     345.45,     253.5,     87.8,     -177.8
4,     18.12.2014 00:41:17,     -1.05,     0,     272,     0.3,     2.6,     4.2,     4.3,     91.4,     995.6,     345.45,     253.2,     87.9,     -177.9
5,     18.12.2014 00:51:17,     -1.05,     -2.01,     281,     0.9,     2.3,     4.8,     4.5,     91.6,     995.7,     345.45,     253.4,     87.9,     -177.9
6,     18.12.2014 01:01:17,     0,     0,     290,     1.2,     2.5,     4.5,     4.6,     91.6,     995.9,     345.45,     253.5,     87.9,     -177.9
7,     18.12.2014 01:11:16,     -3.15,     -2.01,     300,     1.5,     3.1,     5.1,     4.8,     91.7,     995.9,     345.45,     73.6,     87.9,     -2,     12.603,     4.86,     87.5
8,     18.12.2014 01:21:16,     0,     0,     299,     1.7,     3.2,     5.4,     5,     91.6,     996.1,     345.45,     253.2,     87.8,     -177.8
9,     18.12.2014 01:31:16,     -1.05,     -2.01,     304,     1,     2.7,     4.2,     5.1,     91.3,     996,     345.45,     73.6,     87.9,     -2
10,     18.12.2014 01:41:16,     -2.1,     -2.01,     304,     0.9,     3.1,     6.1,     5.4,     91.2,     996,     345.45,     253.8,     87.9,     -177.9
11,     18.12.2014 01:51:16,     -1.05,     -2.01,     304,     1.4,     3.1,     6.1,     5.7,     90.7,     996,     345.45,     253.5,     88,     -177.9
12,     18.12.2014 02:01:16,     -3.15,     -2.01,     301,     1.7,     3.4,     5.1,     5.8,     90,     996.2,     345.45,     74.3,     88.1,     -1.9
13,     18.12.2014 02:11:16,     -1.05,     0,     307,     0.8,     3.3,     5.7,     6,     89.7,     996.3,     345.45,     253.3,     87.8,     -177.8,     12.611,     5.64,     87.4
14,     18.12.2014 02:21:16,     -2.1,     -2.01,     308,     1.7,     3.3,     5.9,     6.1,     89.6,     996.5,     345.45,     73.7,     87.9,     -2
15,     18.12.2014 02:31:16,     -3.15,     -2.01,     309,     1.2,     3.1,     6,     6.3,     89.4,     996.7,     345.45,     253.4,     88,     -178
16,     18.12.2014 02:41:16,     -2.1,     -2.01,     309,     2.1,     3.9,     6.6,     6.5,     88.8,     996.9,     345.45,     254.5,     88,     -178
17,     18.12.2014 02:51:16,     -3.15,     -4.02,     305,     1.5,     4.2,     7.3,     6.6,     88.4,     997,     345.45,     253.6,     88,     -178
18,     18.12.2014 03:01:16,     -2.1,     0,     316,     1.7,     3.3,     6.2,     6.7,     88,     997,     345.45,     73.7,     87.9,     -2
19,     18.12.2014 03:11:16,     -2.1,     0,     311,     0.6,     3,     6,     6.7,     87.9,     997.1,     345.45,     73.6,     87.8,     -2.1,     12.594,     6.49,     87.1
20,     18.12.2014 03:21:16,     -2.1,     0,     315,     0.9,     3.2,     5.5,     6.8,     87.7,     997.1,     345.45,     73.7,     87.8,     -2.2
21,     18.12.2014 03:31:16,     -3.15,     -2.01,     324,     0.7,     3,     5.2,     6.9,     87.1,     997.3,     345.45,     254,     87.9,     -177.9
22,     18.12.2014 03:41:16,     -2.1,     -2.01,     320,     1.1,     3,     5.4,     6.9,     86.6,     997.4,     345.45,     253,     87.9,     -178
23,     18.12.2014 03:51:16,     -2.1,     -2.01,     316,     1.5,     3.3,     5.8,     7.1,     86.2,     997.6,     345.45,     74,     88,     -2
24,     18.12.2014 04:01:16,     -1.05,     -2.01,     307,     1.6,     3.8,     6.6,     7.1,     86.7,     997.6,     345.45,     73.7,     87.7,     -2.2
25,     18.12.2014 04:11:16,     -3.15,     -2.01,     304,     2.3,     4.3,     7.3,     7.1,     86.8,     997.6,     345.45,     254.5,     87.8,     -177.8,     12.586,     6.95,     87.0
26,     18.12.2014 04:21:16,     -1.05,     -2.01,     302,     1.8,     4.4,     7.6,     7.1,     86.6,     997.6,     345.45,     74.4,     87.8,     -2.1
27,     18.12.2014 04:31:16,     -1.05,     -2.01,     303,     1.7,     3.6,     5.7,     7.1,     86.9,     997.8,     345.45,     73.6,     88,     -1.9
28,     18.12.2014 04:41:16,     -1.05,     -2.01,     302,     1.1,     3.8,     8,     7.1,     86.8,     997.8,     345.45,     74.3,     87.8,     -2.1
29,     18.12.2014 04:51:16,     -2.1,     -2.01,     304,     2,     3.7,     6.6,     7.1,     86.9,     997.9,     345.45,     253.7,     87.9,     -177.9
30,     18.12.2014 05:01:16,     -1.05,     -2.01,     298,     0.8,     4.3,     7.4,     7.2,     86.7,     998,     345.45,     74.7,     88,     -1.9
31,     18.12.2014 05:11:16,     -1.05,     -2.01,     297,     0.8,     4.4,     8.3,     7.2,     86.9,     998,     345.45,     253.8,     88.1,     -178.1,     12.573,     7.26,     86.9
32,     18.12.2014 05:21:16,     0,     -2.01,     301,     1.6,     4.2,     7.8,     7.3,     86.7,     998.1,     345.45,     74,     87.9,     -2
33,     18.12.2014 05:31:16,     -1.05,     0,     299,     2,     4,     7,     7.3,     86.8,     998,     345.45,     73.7,     87.9,     -2
34,     18.12.2014 05:41:16,     -2.1,     0,     301,     1.7,     3.8,     7.3,     7.3,     87,     998.1,     345.45,     74,     87.9,     -2
35,     18.12.2014 05:51:16,     -2.1,     0,     299,     1.9,     4.3,     7.4,     7.4,     86.6,     998.3,     345.45,     73.9,     87.9,     -2
36,     18.12.2014 06:01:16,     0,     0,     298,     1.4,     3.9,     6.7,     7.4,     86.6,     998.2,     345.45,     74.4,     88,     -1.9
37,     18.12.2014 06:11:16,     -1.05,     -2.01,     290,     1.7,     4.1,     9.1,     7.5,     86.4,     998.3,     345.45,     73.5,     87.8,     -2,     12.580,     7.61,     86.8
38,     18.12.2014 06:21:16,     -1.05,     0,     289,     1.4,     4.1,     6.9,     7.5,     86.7,     998.4,     345.45,     74.9,     88.1,     -1.7
39,     18.12.2014 06:31:16,     -2.1,     -2.01,     287,     1.9,     3.8,     6.2,     7.5,     86.5,     998.6,     345.45,     253.7,     88,     -178
40,     18.12.2014 06:41:16,     -3.15,     -2.01,     292,     1.9,     4.2,     6.7,     7.5,     86.6,     998.6,     345.45,     74.5,     87.9,     -1.9
41,     18.12.2014 06:51:16,     -3.15,     -2.01,     294,     1.5,     3.8,     7.5,     7.5,     85.9,     998.6,     345.45,     74.4,     87.9,     -2
42,     18.12.2014 07:01:16,     -2.1,     -2.01,     288,     0.7,     3.2,     5,     7.5,     85.7,     998.7,     345.45,     73.9,     88,     -1.9
43,     18.12.2014 07:11:16,     -3.15,     -2.01,     292,     1.7,     3.3,     5.6,     7.5,     85.6,     998.9,     345.45,     73.8,     87.9,     -2,     12.552,     7.56,     86.9
44,     18.12.2014 07:21:16,     -2.1,     -2.01,     285,     1.5,     2.6,     4.5,     7.4,     86.4,     999,     345.45,     74.2,     87.9,     -2
45,     18.12.2014 07:31:16,     -1.05,     -2.01,     275,     1.2,     3.4,     5.4,     7.3,     86.9,     999.1,     345.45,     75.1,     87.9,     -2
46,     18.12.2014 07:41:16,     -2.1,     -4.02,     271,     0.6,     3,     5.1,     7.3,     87.4,     998.9,     345.45,     74,     87.9,     -2
47,     18.12.2014 07:51:16,     -1.05,     -2.01,     273,     1.6,     3.5,     6.5,     7.3,     87.4,     999.2,     345.45,     73.8,     87.8,     -2.1
48,     18.12.2014 08:01:16,     -2.1,     -2.01,     272,     2,     3.8,     6.4,     7.4,     87.6,     999.1,     345.45,     74.8,     87.7,     -2.2
49,     18.12.2014 08:11:16,     -1.05,     0,     267,     1.1,     3.4,     6.4,     7.4,     87.6,     999.1,     345.45,     254,     87.9,     -177.9,     12.539,     7.47,     87.0
50,     18.12.2014 08:21:16,     1.05,     2.01,     259,     1.1,     2.8,     4.6,     7.3,     88,     999,     345.45,     73.9,     87.7,     -2.1
51,     18.12.2014 08:31:16,     0,     4.02,     259,     1.3,     3.1,     5.3,     7.4,     88.1,     999.1,     345.45,     73.7,     87.9,     -2
52,     18.12.2014 08:41:16,     5.25,     12.06,     255,     1.7,     3.4,     4.9,     7.5,     88.3,     999.2,     345.45,     74,     87.9,     -2
53,     18.12.2014 08:51:16,     8.4,     18.09,     257,     1.8,     3.2,     5.1,     7.6,     88.4,     999.1,     345.45,     74.3,     87.8,     -2.1
54,     18.12.2014 09:01:16,     18.9,     34.17,     245,     1.9,     3.1,     5.4,     7.6,     88.5,     999,     345.45,     74,     87.9,     -2
55,     18.12.2014 09:11:16,     13.65,     28.14,     245,     1.8,     3.4,     5.1,     7.7,     88.6,     999,     345.45,     253.9,     88,     -178,     12.624,     7.79,     86.9
56,     18.12.2014 09:21:16,     8.4,     20.1,     232,     2,     3.2,     5,     7.6,     88.7,     998.8,     345.45,     74.3,     87.9,     -1.9
57,     18.12.2014 09:31:16,     9.45,     20.1,     237,     2.2,     3.5,     5.6,     7.7,     88.9,     998.8,     345.45,     74.2,     88,     -1.9
58,     18.12.2014 09:41:16,     11.55,     28.14,     244,     1.9,     3.3,     5,     7.8,     88.9,     998.8,     345.45,     74.7,     88,     -1.9
59,     18.12.2014 09:51:16,     17.85,     38.19,     244,     2,     3.3,     5.2,     8,     88.9,     998.7,     345.45,     74.3,     87.9,     -2
60,     18.12.2014 10:01:16,     6.3,     14.07,     242,     2.1,     3.6,     6,     8.1,     88.9,     998.7,     345.45,     74.3,     87.8,     -2.1
61,     18.12.2014 10:11:17,     18.9,     38.19,     246,     1.6,     4,     6.1,     8.2,     89.8,     998.9,     345.45,     74.5,     87.8,     -2.1,     12.641,     8.26,     86.7
62,     18.12.2014 10:21:17,     31.5,     68.34,     252,     2.5,     4.3,     7,     8.4,     89.9,     998.9,     345.45,     74.2,     87.8,     -2.1
63,     18.12.2014 10:31:17,     15.75,     38.19,     260,     2,     4.3,     6.6,     8.4,     90.1,     998.9,     345.45,     255.7,     88,     -178
64,     18.12.2014 10:41:17,     21,     46.23,     256,     2.5,     4.7,     7.6,     8.4,     89.9,     998.7,     345.45,     75.4,     88,     -1.9
65,     18.12.2014 10:51:17,     36.75,     82.41,     256,     1.9,     4.4,     6.8,     8.4,     90.3,     998.6,     345.45,     76,     88,     -1.9
66,     18.12.2014 11:01:17,     19.95,     46.23,     259,     2.3,     4.2,     6.5,     8.5,     90.6,     998.6,     345.45,     75.1,     87.9,     -2
67,     18.12.2014 11:11:16,     28.35,     62.31,     259,     2.7,     4.7,     6.8,     8.6,     90.4,     998.4,     345.45,     254.6,     87.9,     -177.9,     12.792,     8.70,     86.6
68,     18.12.2014 11:21:16,     27.3,     62.31,     262,     2.8,     5,     7.8,     8.6,     90.3,     998.4,     345.45,     255.4,     88,     -178
69,     18.12.2014 11:31:16,     38.85,     88.44,     265,     2.4,     4.8,     7.8,     8.7,     90.4,     998.3,     345.45,     74.1,     87.7,     -2.3
70,     18.12.2014 11:41:16,     38.85,     86.43,     265,     2.5,     5.2,     8,     8.7,     90.4,     998.2,     345.45,     254.7,     88,     -178
71,     18.12.2014 11:51:16,     45.15,     96.48,     265,     2.7,     5.3,     9.1,     8.7,     90.3,     998,     345.45,     75.1,     87.9,     -2
72,     18.12.2014 12:01:16,     37.8,     82.41,     262,     1.6,     4.4,     8,     8.8,     90.6,     997.9,     345.45,     74.3,     87.9,     -2
73,     18.12.2014 12:11:16,     35.7,     76.38,     269,     2.1,     4.2,     7.3,     8.9,     90.8,     997.9,     345.45,     255,     87.8,     -177.8,     12.963,     9.13,     86.5
74,     18.12.2014 12:21:16,     33.6,     72.36,     267,     2.8,     5.1,     8.3,     9.1,     90.6,     997.8,     345.45,     74.1,     87.7,     -2.3
75,     18.12.2014 12:31:16,     49.35,     104.52,     273,     2.3,     4.5,     9.2,     9.2,     90.2,     997.8,     345.45,     255.3,     88.2,     -178.1
76,     18.12.2014 12:41:16,     50.4,     108.54,     266,     2.4,     4.9,     7.5,     9.4,     89.9,     997.6,     345.45,     75,     88.1,     -1.7
77,     18.12.2014 12:51:16,     37.8,     82.41,     267,     3.1,     5.3,     7.8,     9.5,     89.4,     997.5,     345.45,     74.8,     87.8,     -2.1
78,     18.12.2014 13:01:16,     26.25,     60.3,     267,     3.2,     5.3,     8.8,     9.6,     89.1,     997.5,     345.45,     75.1,     87.7,     -2.1
79,     18.12.2014 13:11:17,     22.05,     50.25,     269,     2.5,     4.9,     7.2,     9.6,     88.8,     997.8,     345.45,     74.7,     87.8,     -2.1,     12.953,     9.76,     86.4
80,     18.12.2014 13:21:17,     17.85,     42.21,     267,     1.7,     4.5,     7.3,     9.6,     88.5,     997.3,     345.45,     74.7,     88,     -1.9
81,     18.12.2014 13:31:17,     25.2,     58.29,     262,     2.1,     3.9,     7.2,     9.5,     88.7,     997.2,     345.45,     254.4,     88.1,     -178.1
82,     18.12.2014 13:41:17,     18.9,     42.21,     257,     2,     4.2,     6.9,     9.5,     88.8,     997.1,     345.45,     254.4,     87.8,     -177.8
83,     18.12.2014 13:51:17,     16.8,     38.19,     257,     1.8,     4.6,     6.8,     9.5,     88.5,     997,     345.45,     255.1,     87.8,     -177.8
84,     18.12.2014 14:01:17,     13.65,     28.14,     259,     2.2,     4.6,     7,     9.6,     88.5,     997.1,     345.45,     255,     88.1,     -178.1
85,     18.12.2014 14:11:16,     9.45,     24.12,     261,     2.7,     4.9,     8.2,     9.6,     88.4,     997,     345.45,     76.1,     87.9,     -2,     12.836,     9.99,     86.3
86,     18.12.2014 14:21:16,     9.45,     22.11,     261,     1.6,     5,     7.6,     9.7,     88.2,     996.9,     345.45,     254.4,     87.9,     -177.8
87,     18.12.2014 14:31:16,     8.4,     20.1,     258,     2.2,     4.3,     7.6,     9.6,     88.9,     996.7,     345.45,     75.9,     88,     -1.8
88,     18.12.2014 14:41:16,     5.25,     14.07,     257,     2.6,     4.9,     7.3,     9.5,     88.9,     996.6,     345.45,     254.9,     88,     -178
89,     18.12.2014 14:51:16,     5.25,     12.06,     265,     2.5,     5,     7.8,     9.6,     89.3,     996.6,     345.45,     255.4,     88,     -178
90,     18.12.2014 15:01:16,     3.15,     8.04,     260,     3,     4.9,     8,     9.6,     89.9,     996.4,     345.45,     75.7,     87.5,     -2.3
91,     18.12.2014 15:11:16,     0,     4.02,     257,     3.2,     5.8,     9.6,     9.6,     89.7,     996.2,     345.45,     76.6,     87.9,     -1.8,     12.743,     9.91,     86.3
92,     18.12.2014 15:21:16,     0,     4.02,     260,     2.4,     5.1,     8.9,     9.6,     89.6,     996.2,     345.45,     254.5,     88.4,     -178.4
93,     18.12.2014 15:31:16,     -1.05,     2.01,     259,     2.8,     6,     10.4,     9.6,     89.3,     996,     345.45,     255.3,     87.7,     -177.7
94,     18.12.2014 15:41:16,     0,     2.01,     257,     1.8,     5.3,     8.9,     9.6,     89.2,     996,     345.45,     254.3,     88.1,     -178.1
95,     18.12.2014 15:51:16,     -2.1,     0,     259,     3,     5.6,     8.6,     9.5,     89.4,     996,     345.45,     75.8,     87.8,     -2.1
96,     18.12.2014 16:01:16,     -1.05,     0,     257,     2.8,     5.2,     7.9,     9.4,     89.3,     996,     345.45,     76.3,     87.8,     -2
97,     18.12.2014 16:11:16,     -1.05,     0,     258,     2.7,     4.8,     8.2,     9.6,     89.4,     996,     345.45,     74.8,     87.9,     -1.9,     12.671,     9.76,     86.4
98,     18.12.2014 16:21:16,     -2.1,     -2.01,     258,     2.5,     4.9,     7.6,     9.5,     89.1,     995.9,     345.45,     75.3,     87.9,     -2
99,     18.12.2014 16:31:16,     -1.05,     -2.01,     256,     2.4,     5.1,     7.9,     9.6,     89.1,     995.9,     345.45,     255.6,     87.9,     -177.9
100,     18.12.2014 16:41:16,     -1.05,     0,     255,     2.6,     5,     7.8,     9.7,     88.1,     995.9,     345.45,     76.2,     87.6,     -2.3
101,     18.12.2014 16:51:16,     -2.1,     -2.01,     259,     2.8,     5.3,     7.8,     9.7,     88,     995.9,     345.45,     254.8,     88.3,     -178.3
102,     18.12.2014 17:01:16,     -2.1,     -4.02,     256,     3,     5.6,     8.1,     9.8,     88,     995.7,     345.45,     254.9,     87.7,     -178
103,     18.12.2014 17:11:16,     -2.1,     -2.01,     254,     3.4,     5.6,     8.3,     9.8,     88.2,     995.6,     345.45,     256.4,     88,     -178,     12.645,     9.76,     86.5
104,     18.12.2014 17:21:16,     -3.15,     -2.01,     257,     1.8,     5.2,     8.1,     9.8,     88.6,     995.5,     345.45,     254.8,     87.6,     -177.6
105,     18.12.2014 17:31:16,     -4.2,     -4.02,     259,     3.5,     5.3,     8.3,     9.8,     88.2,     995.6,     345.45,     255.5,     87.5,     -177.5
106,     18.12.2014 17:41:16,     -1.05,     0,     260,     3.3,     5.9,     9.4,     9.9,     88.4,     995.5,     345.45,     255.3,     88.2,     -178.2
107,     18.12.2014 17:51:16,     -2.1,     -2.01,     259,     2.5,     5.2,     8.1,     9.8,     89.2,     995.4,     345.45,     256.4,     88.1,     -178.1
108,     18.12.2014 18:01:16,     -2.1,     -2.01,     255,     3.4,     5.6,     9.3,     9.7,     89.6,     995.4,     345.45,     74.8,     87.9,     -1.9
109,     18.12.2014 18:11:16,     -1.05,     -2.01,     254,     2.9,     5.3,     8.6,     9.8,     90,     995.2,     345.45,     76,     87.6,     -2.3,     12.607,     9.83,     86.4
110,     18.12.2014 18:21:16,     -2.1,     -2.01,     253,     2.6,     5.2,     8.9,     9.7,     90.1,     994.9,     345.45,     75,     88,     -1.8
111,     18.12.2014 18:31:16,     -1.05,     -2.01,     256,     3.1,     5.4,     8.7,     9.8,     90,     995,     345.45,     75.4,     88.1,     -1.7
112,     18.12.2014 18:41:16,     -1.05,     -2.01,     258,     3.3,     5.6,     9.2,     9.8,     90.1,     995,     345.45,     255.1,     87.9,     -177.9
113,     18.12.2014 18:51:16,     -2.1,     -2.01,     258,     2.9,     5.8,     8.7,     9.9,     90,     994.9,     345.45,     76.8,     87.3,     -2.5
114,     18.12.2014 19:01:16,     -1.05,     -2.01,     260,     3.2,     5.5,     8.6,     9.9,     90.1,     994.8,     345.45,     255.1,     87.9,     -177.9
115,     18.12.2014 19:11:16,     -2.1,     -4.02,     262,     2.6,     5.9,     9.6,     10,     89.6,     994.7,     345.45,     76,     87.9,     -2,     12.603,     9.91,     86.4
116,     18.12.2014 19:21:16,     -1.05,     -4.02,     258,     3,     6.2,     9.9,     10,     89.8,     994.7,     345.45,     76.6,     87.9,     -2
117,     18.12.2014 19:31:16,     -1.05,     -2.01,     255,     3.2,     5.4,     8.3,     10,     90,     994.5,     345.45,     254.9,     88.1,     -178.1
118,     18.12.2014 19:41:16,     -2.1,     -2.01,     259,     3.1,     5.7,     9,     10,     90,     994.5,     345.45,     75.9,     87.6,     -2.3
119,     18.12.2014 19:51:16,     -3.15,     -2.01,     259,     2.7,     5.3,     8,     10,     90.2,     994.3,     345.47,     256.4,     88.1,     -178.2
120,     18.12.2014 20:01:16,     -1.05,     -2.01,     259,     3,     5.9,     9.8,     10.1,     89.6,     994.3,     345.47,     256,     88.1,     -178.1
121,     18.12.2014 20:11:16,     -2.1,     -2.01,     257,     2.6,     5.8,     10.1,     10.2,     89.4,     994.3,     345.47,     256.4,     88.1,     -178.1,     12.588,     10.07,     86.4
122,     18.12.2014 20:21:16,     -1.05,     -2.01,     261,     3.1,     5.3,     8.9,     10.3,     89.9,     994.4,     345.47,     75,     87.9,     -2
123,     18.12.2014 20:31:16,     -2.1,     -4.02,     260,     1.3,     5.8,     9.1,     10.3,     90,     994.3,     345.47,     75.2,     88.2,     -1.7
124,     18.12.2014 20:41:16,     -1.05,     -2.01,     266,     2.9,     6.3,     9.7,     10.4,     90,     994.3,     345.47,     256.3,     88.2,     -178.4
125,     18.12.2014 20:51:16,     0,     -2.01,     269,     2.3,     6.2,     11.5,     10.5,     89.6,     994.3,     345.47,     76,     88,     -1.9
126,     18.12.2014 21:01:16,     -1.05,     -2.01,     270,     1.9,     6,     10.5,     10.6,     89,     994.3,     345.49,     257.6,     88,     -178.1
127,     18.12.2014 21:11:17,     -2.1,     -2.01,     275,     2.8,     5.6,     9.6,     10.6,     89.4,     994.3,     345.53,     77.5,     87.6,     -2.2,     12.554,     10.37,     86.3
128,     18.12.2014 21:21:17,     -2.1,     -2.01,     275,     2.6,     5.9,     9.3,     10.7,     88.9,     994.3,     345.61,     255.2,     87.8,     -177.8
129,     18.12.2014 21:31:17,     -1.05,     -2.01,     276,     2.1,     5.7,     11.3,     10.8,     88.8,     994.2,     345.63,     74.9,     88.3,     -1.6
130,     18.12.2014 21:41:17,     -2.1,     -2.01,     283,     2,     5.8,     11.6,     11,     88.9,     994.3,     345.63,     76,     88.2,     -1.5
131,     18.12.2014 21:51:17,     -1.05,     -2.01,     283,     1,     6,     12.1,     11.1,     88.5,     994.2,     345.63,     75.9,     87.7,     -2.2
132,     18.12.2014 22:01:17,     -2.1,     -2.01,     282,     2.5,     6.1,     9.5,     11.1,     88.9,     994.2,     345.63,     75.7,     87.2,     -2.6
133,     18.12.2014 22:11:16,     -2.1,     -2.01,     287,     2.4,     5.2,     9,     11.1,     89.2,     994.3,     345.63,     256.2,     87.9,     -177.9,     12.550,     10.79,     86.2
134,     18.12.2014 22:21:16,     0,     -2.01,     286,     2.9,     6.3,     11.4,     11.3,     88.5,     994.4,     345.63,     75.3,     88.3,     -1.6
135,     18.12.2014 22:31:16,     -1.05,     0,     284,     2.3,     5.9,     12.1,     11.3,     88.7,     994.4,     345.63,     76.3,     88.7,     -1.1
136,     18.12.2014 22:41:16,     -1.05,     -2.01,     291,     2,     6.1,     10.9,     11.4,     89,     994.5,     345.63,     76,     87.7,     -2.1
137,     18.12.2014 22:51:16,     -1.05,     -2.01,     287,     2.9,     7.1,     11.4,     11.4,     88.5,     994.5,     345.63,     75.7,     87.6,     -2.3
138,     18.12.2014 23:01:16,     -1.05,     0,     285,     2.1,     7,     12.1,     11.4,     88.7,     994.5,     345.63,     76.8,     88.6,     -1.2
139,     18.12.2014 23:11:16,     -1.05,     0,     284,     3.5,     7.5,     11.5,     11.4,     88.9,     994.5,     345.63,     75.8,     87.4,     -2.5,     12.533,     11.19,     86.1
140,     18.12.2014 23:21:16,     -1.05,     -2.01,     290,     3.2,     6.3,     11.3,     11.4,     88.8,     994.4,     345.63,     76.1,     87.3,     -2.6
141,     18.12.2014 23:31:16,     -2.1,     -2.01,     290,     2.9,     6.2,     10.9,     11.5,     88.3,     994.6,     345.63,     256.4,     88.1,     -178.2
142,     18.12.2014 23:41:16,     -2.1,     -2.01,     289,     2.9,     6.4,     12,     11.4,     88.3,     994.6,     345.64,     255.2,     88.3,     -178.3
143,     18.12.2014 23:51:16,     -1.05,     -2.01,     292,     4.1,     7.5,     13.1,     11.7,     87.4,     994.8,     345.64,     76.2,     88.1,     -1.6
144,     19.12.2014 00:01:16,     -2.1,     -4.02,     290,     3.3,     6.3,     10.8,     11.5,     87.9,     994.7,     345.64,     75.2,     88.2,     -1.6,     12.544,     11.31,     86.1