Logger: #D10248 'TSK_Meteo' - USP_EXP2 (V2.10, Jan 24 2012)
No,     Time,     #1:W/m²:0,     #2:ÂµMol:(do.),     #5:deg:2,     #6:m/sMIN:(do.),     #7:m/sMIT:(do.),     #8:m/sMAX:(do.),     #9:Â°C:(do.),     #10:%:(do.),     #11:hPa:(do.),     #12:mm:(do.),     #14:AZ:3,     #15:EL:(do.),     #16:Roll:(do.),     #HK-Bat:V,     #HK-Temp:oC,     #HK-rH:%
(GSM Transfer OK / Signal:16)
1,     01.01.2015 00:11:16,     -2.1,     0,     299,     0.2,     2.2,     5.2,     4.1,     88.5,     1022.7,     381.25,     74,     87.9,     -2.1,     12.524,     5.04,     85.6
2,     01.01.2015 00:21:16,     -1.05,     -2.01,     311,     0.4,     2.6,     4.8,     4.1,     87.6,     1022.7,     381.25,     253.5,     88,     -177.9
3,     01.01.2015 00:31:16,     -2.1,     0,     306,     0.3,     2.6,     4.7,     4,     87.7,     1022.5,     381.25,     253.3,     88,     -178
4,     01.01.2015 00:41:16,     -3.15,     -2.01,     304,     1.7,     3.3,     5.1,     4,     87.6,     1022.5,     381.25,     253.7,     87.9,     -177.9
5,     01.01.2015 00:51:16,     -2.1,     -4.02,     300,     2.3,     3.6,     6.3,     4,     88.1,     1022.5,     381.25,     74,     88,     -1.9
6,     01.01.2015 01:01:16,     -3.15,     -2.01,     307,     0.7,     3.4,     5.5,     4,     88.1,     1022.4,     381.25,     253.8,     88.1,     -178.1
7,     01.01.2015 01:11:16,     -3.15,     -2.01,     311,     1.6,     3.1,     5.7,     3.9,     88.2,     1022.5,     381.25,     253.4,     88,     -177.9,     12.514,     4.23,     89.0
8,     01.01.2015 01:21:16,     -1.05,     0,     315,     1.4,     3.2,     5.5,     3.9,     88.2,     1022.5,     381.25,     253.7,     88,     -178
9,     01.01.2015 01:31:16,     -2.1,     -4.02,     319,     1.3,     3.6,     6.5,     3.9,     87.6,     1022.5,     381.25,     253.4,     88,     -178
10,     01.01.2015 01:41:16,     -3.15,     -4.02,     316,     1.5,     3.7,     6.4,     4,     87,     1022.6,     381.25,     253.7,     87.9,     -177.9
11,     01.01.2015 01:51:16,     -3.15,     -2.01,     316,     0.9,     3.5,     8.1,     4,     86.3,     1022.6,     381.25,     253.6,     87.9,     -177.9
12,     01.01.2015 02:01:16,     -1.05,     -2.01,     314,     1.1,     3.7,     7.5,     3.9,     86.3,     1022.6,     381.25,     253.3,     87.9,     -177.9
13,     01.01.2015 02:11:16,     -1.05,     0,     312,     1.1,     3.3,     7.3,     3.8,     86.5,     1022.6,     381.25,     73.9,     87.9,     -2.1,     12.948,     4.23,     89.0
14,     01.01.2015 02:21:16,     -2.1,     0,     314,     1.4,     3.6,     7.5,     3.7,     86,     1022.7,     381.25,     253,     87.9,     -177.9
15,     01.01.2015 02:31:16,     -3.15,     -2.01,     314,     1.7,     3.4,     6,     3.7,     85.7,     1022.8,     381.25,     253.3,     88,     -178
16,     01.01.2015 02:41:16,     -2.1,     0,     318,     1.5,     3.5,     7.3,     3.6,     85.5,     1022.7,     381.25,     254.4,     88,     -178
17,     01.01.2015 02:51:16,     -2.1,     0,     318,     1,     3.4,     6.9,     3.6,     85.2,     1022.7,     381.25,     253.6,     88,     -178
18,     01.01.2015 03:01:16,     -2.1,     -2.01,     321,     1.5,     3.2,     6.1,     3.5,     85.1,     1022.8,     381.25,     73.9,     87.9,     -2
19,     01.01.2015 03:11:16,     -4.2,     -2.01,     316,     0.8,     3.1,     5.6,     3.4,     85.5,     1022.8,     381.25,     73.5,     87.9,     -2,     12.713,     3.87,     89.2
20,     01.01.2015 03:21:16,     -2.1,     -2.01,     317,     1.6,     3,     5.3,     3.4,     85.5,     1022.8,     381.25,     253.2,     88,     -178
21,     01.01.2015 03:31:16,     -2.1,     -2.01,     317,     1,     3.2,     6.3,     3.4,     84.9,     1022.8,     381.25,     73.7,     88,     -1.9
22,     01.01.2015 03:41:16,     -3.15,     -4.02,     316,     1.9,     3.7,     6.8,     3.4,     84.7,     1022.9,     381.25,     74,     88.1,     -1.8
23,     01.01.2015 03:51:16,     -2.1,     0,     318,     1,     3.4,     6.3,     3.4,     84.6,     1023,     381.25,     253.7,     87.9,     -177.8
24,     01.01.2015 04:01:16,     -2.1,     -2.01,     327,     1,     3.3,     5.8,     3.3,     84.4,     1022.9,     381.25,     253.2,     88,     -178.1
25,     01.01.2015 04:11:16,     -2.1,     -2.01,     324,     0.2,     3.3,     7.2,     3.3,     84.2,     1022.8,     381.25,     73.8,     87.9,     -2,     12.620,     3.82,     89.2
26,     01.01.2015 04:21:16,     -3.15,     -2.01,     323,     1.1,     4.1,     7.1,     3.3,     83.2,     1022.8,     381.25,     253.5,     88.1,     -178
27,     01.01.2015 04:31:16,     -3.15,     -2.01,     325,     1.4,     3.5,     7.5,     3.2,     83.6,     1022.7,     381.25,     253.7,     87.9,     -177.9
28,     01.01.2015 04:41:16,     -2.1,     0,     315,     1.1,     2.9,     5.9,     3.1,     83.8,     1022.4,     381.25,     73.8,     87.9,     -2
29,     01.01.2015 04:51:16,     -1.05,     0,     317,     1,     3.1,     6.4,     3.1,     83.8,     1022.6,     381.25,     253.9,     88.1,     -178.1
30,     01.01.2015 05:01:16,     -2.1,     -2.01,     315,     1.5,     3.6,     8.3,     3.1,     83.2,     1022.6,     381.25,     253.3,     87.9,     -178
31,     01.01.2015 05:11:16,     -2.1,     0,     305,     0.5,     3.3,     5.8,     3.1,     83.3,     1022.5,     381.25,     74,     88,     -1.9,     12.575,     3.63,     89.3
32,     01.01.2015 05:21:16,     -3.15,     0,     309,     0.4,     2.7,     5.8,     3.1,     83.5,     1022.4,     381.25,     73.3,     88,     -1.8
33,     01.01.2015 05:31:16,     -2.1,     -2.01,     306,     1,     3.2,     5.3,     3.1,     83.2,     1022.5,     381.25,     74.6,     88,     -1.9
34,     01.01.2015 05:41:16,     -2.1,     -2.01,     297,     1.6,     3.6,     6.2,     3.2,     83.3,     1022.3,     381.25,     253.7,     88,     -178
35,     01.01.2015 05:51:16,     -2.1,     0,     304,     1.7,     3.7,     6.3,     3.2,     83.1,     1022.6,     381.25,     73.5,     88.1,     -1.8
36,     01.01.2015 06:01:16,     -2.1,     -2.01,     310,     0.8,     2.9,     6,     3.2,     83.4,     1022.5,     381.25,     73.6,     87.8,     -2.1
37,     01.01.2015 06:11:16,     -3.15,     -2.01,     300,     1.9,     4.5,     7.3,     3.3,     82.7,     1022.4,     381.25,     73.9,     87.9,     -2,     12.535,     3.59,     89.4
38,     01.01.2015 06:21:16,     -3.15,     -2.01,     297,     1.3,     4.1,     7.3,     3.2,     83,     1022.5,     381.25,     73.9,     88.2,     -1.7
39,     01.01.2015 06:31:16,     -2.1,     -2.01,     300,     1.6,     4,     6.8,     3.2,     82.4,     1022.6,     381.25,     254.1,     88,     -178
40,     01.01.2015 06:41:16,     -3.15,     -4.02,     303,     1.6,     3.6,     6.6,     3.2,     82.5,     1022.9,     381.25,     74.1,     87.9,     -2
41,     01.01.2015 06:51:16,     -2.1,     -4.02,     299,     1.6,     4.9,     10,     3.4,     81.1,     1022.8,     381.25,     254.7,     87.9,     -177.9
42,     01.01.2015 07:01:16,     -1.05,     -2.01,     291,     1,     5.4,     8.5,     3.4,     80.6,     1022.9,     381.25,     74.5,     87.8,     -2.1
43,     01.01.2015 07:11:16,     -1.05,     -2.01,     284,     2.6,     4.3,     6.7,     3.5,     80.8,     1022.7,     381.25,     254.6,     88.1,     -178,     12.516,     3.63,     89.4
44,     01.01.2015 07:21:16,     -1.05,     0,     280,     1.9,     4.3,     6.7,     3.6,     80.7,     1022.9,     381.25,     254.1,     87.6,     -177.6
45,     01.01.2015 07:31:16,     -2.1,     -2.01,     287,     1.9,     4,     7.3,     3.6,     80.8,     1022.9,     381.25,     74.1,     88,     -1.8
46,     01.01.2015 07:41:16,     0,     -2.01,     293,     2.2,     5.1,     8.5,     3.6,     80.6,     1023.1,     381.25,     253.1,     87.6,     -177.6
47,     01.01.2015 07:51:16,     -4.2,     -6.03,     297,     2.6,     6.1,     9.4,     3.6,     80.6,     1023.4,     381.25,     254.2,     88,     -178
48,     01.01.2015 08:01:16,     -1.05,     0,     295,     1.7,     6,     9.9,     3.7,     80.3,     1023.2,     381.25,     75.3,     87.8,     -2.1
49,     01.01.2015 08:11:16,     -1.05,     -2.01,     284,     2.7,     5.3,     8.3,     3.6,     80.5,     1022.6,     381.25,     253.8,     87.8,     -177.7,     12.495,     4.06,     89.3
50,     01.01.2015 08:21:16,     3.15,     2.01,     270,     2.5,     4.4,     8.2,     3.5,     80.9,     1022.3,     381.25,     255.4,     88.1,     -178.1
51,     01.01.2015 08:31:16,     1.05,     4.02,     278,     1.7,     4.8,     7.6,     3.5,     81.1,     1022.5,     381.25,     75.8,     87.7,     -2.2
52,     01.01.2015 08:41:16,     2.1,     8.04,     277,     2.7,     4.6,     7.4,     3.4,     81.3,     1022.1,     381.25,     254.2,     88,     -178
53,     01.01.2015 08:51:16,     3.15,     10.05,     275,     2.3,     4.9,     7.8,     3.4,     81.4,     1021.9,     381.25,     254.7,     87.9,     -177.9
54,     01.01.2015 09:01:16,     2.1,     8.04,     273,     1.1,     3.9,     6.5,     3.5,     82.2,     1021.9,     381.25,     253.7,     87.8,     -177.8
55,     01.01.2015 09:11:16,     2.1,     8.04,     284,     1.6,     3.6,     6.2,     3.4,     82.3,     1022.2,     381.25,     74.4,     87.9,     -2,     12.497,     4.16,     89.2
56,     01.01.2015 09:21:16,     8.4,     20.1,     280,     1.7,     3.8,     6.9,     3.5,     82.6,     1022.2,     381.25,     75.4,     88,     -2
57,     01.01.2015 09:31:16,     11.55,     24.12,     280,     2.1,     4,     6.1,     3.5,     82.7,     1022.3,     381.25,     74.5,     88,     -1.9
58,     01.01.2015 09:41:16,     12.6,     30.15,     279,     1.3,     4,     8.6,     3.6,     82.8,     1022.4,     381.25,     73.8,     88.1,     -1.8
59,     01.01.2015 09:51:16,     21,     44.22,     276,     2.6,     4.5,     7.4,     3.6,     82.6,     1022.3,     381.25,     254.5,     88,     -178
60,     01.01.2015 10:01:16,     17.85,     40.2,     276,     1.2,     4.4,     8,     3.6,     82.9,     1022.4,     381.25,     253.3,     87.8,     -177.8
61,     01.01.2015 10:11:16,     27.3,     56.28,     275,     1.2,     4.3,     8,     3.6,     83.3,     1022.2,     381.25,     254.2,     87.9,     -178,     12.654,     4.35,     89.2
62,     01.01.2015 10:21:16,     26.25,     54.27,     268,     1.2,     4.3,     8.5,     3.7,     83.7,     1022.4,     381.25,     254.8,     88.1,     -178
63,     01.01.2015 10:31:16,     28.35,     60.3,     286,     0.4,     3.8,     8.4,     3.7,     83.3,     1022.5,     381.25,     254.5,     87.9,     -178
64,     01.01.2015 10:41:16,     27.3,     60.3,     288,     1.7,     5.1,     8,     3.7,     83.4,     1022.5,     381.25,     75.8,     88,     -1.9
65,     01.01.2015 10:51:16,     42,     86.43,     288,     1.7,     4.7,     7.1,     3.7,     83.1,     1022.3,     381.25,     254.3,     87.8,     -177.8
66,     01.01.2015 11:01:16,     44.1,     88.44,     287,     1.6,     5.4,     10.4,     3.7,     82.6,     1022.1,     381.25,     254.8,     87.8,     -177.8
67,     01.01.2015 11:11:16,     51.45,     106.53,     284,     1.3,     5.9,     11.6,     3.6,     82,     1021.9,     381.25,     254.2,     87.6,     -177.6,     13.249,     4.64,     89.1
68,     01.01.2015 11:21:16,     55.65,     114.57,     287,     2.1,     5.9,     11.4,     3.6,     81.9,     1021.6,     381.25,     74.7,     88.3,     -1.5
69,     01.01.2015 11:31:16,     57.75,     124.62,     293,     2.3,     6,     8.9,     3.5,     82.1,     1021.7,     381.25,     254.2,     88.2,     -178.2
70,     01.01.2015 11:41:16,     76.65,     156.78,     291,     3.1,     6,     9.2,     3.5,     81.5,     1021.7,     381.25,     74.5,     88,     -1.9
71,     01.01.2015 11:51:16,     107.1,     213.06,     289,     1.7,     5.9,     10.4,     3.4,     81,     1021.4,     381.25,     74.9,     88,     -1.8
72,     01.01.2015 12:01:16,     90.3,     182.91,     284,     2.7,     5.4,     9,     3.4,     80.9,     1020.8,     381.25,     74.4,     87.9,     -2
73,     01.01.2015 12:11:16,     43.05,     92.46,     282,     1.9,     5.9,     9.6,     3.4,     80.8,     1021,     381.25,     255.1,     88.1,     -178.1,     13.818,     4.85,     88.9
74,     01.01.2015 12:21:16,     76.65,     158.79,     288,     0.7,     5.1,     8.4,     3.4,     80.8,     1021,     381.25,     254.8,     87.8,     -177.8
75,     01.01.2015 12:31:16,     53.55,     112.56,     292,     1.7,     4.9,     9.7,     3.4,     80.9,     1021.2,     381.25,     255.2,     88.2,     -178.3
76,     01.01.2015 12:41:16,     69.3,     142.71,     293,     1.8,     5.2,     8.8,     3.4,     80.6,     1020.8,     381.25,     74.3,     88.1,     -1.8
77,     01.01.2015 12:51:16,     85.05,     168.84,     287,     1.7,     4.7,     8.4,     3.5,     80.7,     1020.6,     381.25,     75.4,     88.1,     -1.8
78,     01.01.2015 13:01:16,     93.45,     186.93,     279,     0.8,     5,     9.3,     3.6,     79.9,     1020.3,     381.25,     74.4,     87.8,     -2
79,     01.01.2015 13:11:17,     63,     130.65,     283,     1.7,     5,     9.4,     3.6,     79.6,     1020.2,     381.25,     253.8,     88.1,     -178.1,     13.784,     4.85,     89.0
80,     01.01.2015 13:21:17,     136.5,     243.21,     285,     1.1,     5.2,     10,     3.7,     78.9,     1020.1,     381.25,     255.5,     87.8,     -177.9
81,     01.01.2015 13:31:17,     169.05,     305.52,     282,     1.7,     4.9,     8.8,     3.9,     78.3,     1020.1,     381.25,     254.7,     88,     -178
82,     01.01.2015 13:41:17,     114.45,     215.07,     275,     1.7,     4.2,     6.5,     4,     77.7,     1020.2,     381.25,     254.5,     88,     -178
83,     01.01.2015 13:51:17,     156.45,     271.35,     275,     0.7,     4.8,     7.9,     4,     77.4,     1020.2,     381.25,     73.6,     87.9,     -1.9
84,     01.01.2015 14:01:17,     140.7,     245.22,     275,     0.8,     4.6,     7.7,     4,     76.7,     1020,     381.25,     74.4,     88,     -1.9
85,     01.01.2015 14:11:16,     121.8,     223.11,     272,     3.2,     5.5,     9.7,     4.1,     76.2,     1019.8,     381.25,     255.3,     87.1,     -177.2,     13.678,     5.51,     88.7
86,     01.01.2015 14:21:16,     111.3,     192.96,     268,     2.6,     5.7,     9.2,     4.1,     75.6,     1019.7,     381.25,     255.2,     88.3,     -178.3
87,     01.01.2015 14:31:16,     106.05,     184.92,     277,     3.6,     6,     9.3,     4.1,     74.4,     1019.6,     381.25,     75.8,     88.1,     -1.8
88,     01.01.2015 14:41:16,     71.4,     130.65,     277,     2.9,     5.8,     8.6,     4.2,     74.3,     1020,     381.25,     74.6,     87.4,     -2.3
89,     01.01.2015 14:51:16,     76.65,     122.61,     278,     2.8,     5.1,     8.5,     4.2,     73.7,     1019.9,     381.25,     255,     88.1,     -178.2
90,     01.01.2015 15:01:16,     48.3,     94.47,     274,     1.8,     4.7,     7.2,     4.1,     74.3,     1019.7,     381.25,     73.6,     87.8,     -2
91,     01.01.2015 15:11:17,     28.35,     58.29,     277,     2.1,     4.6,     7.2,     4.1,     74.4,     1019.9,     381.25,     253.1,     87.8,     -177.8,     13.739,     5.45,     88.6
92,     01.01.2015 15:21:17,     34.65,     58.29,     276,     1.8,     4.9,     7.7,     4.1,     75.2,     1019.7,     381.25,     74.9,     88.1,     -1.8
93,     01.01.2015 15:31:17,     26.25,     46.23,     279,     2.4,     5.4,     9,     4,     75,     1019.7,     381.25,     74.4,     88,     -1.9
94,     01.01.2015 15:41:17,     10.5,     22.11,     286,     3.1,     5.1,     8,     3.9,     75.4,     1019.5,     381.25,     74.6,     87.7,     -2.1
95,     01.01.2015 15:51:17,     1.05,     8.04,     282,     2.3,     4.9,     9.3,     3.8,     76,     1019.4,     381.25,     74.5,     87.8,     -2.1
96,     01.01.2015 16:01:17,     0,     4.02,     279,     2.8,     5.5,     9.5,     3.8,     76,     1019.5,     381.25,     253.5,     88.3,     -178.3
97,     01.01.2015 16:11:16,     -1.05,     2.01,     285,     1.6,     4.4,     7.4,     3.7,     76.6,     1019.5,     381.25,     74,     88,     -1.9,     12.834,     4.45,     89.1
98,     01.01.2015 16:21:16,     -2.1,     0,     271,     2.6,     5,     8.1,     3.8,     75.4,     1018.8,     381.25,     255.4,     87.9,     -177.9
99,     01.01.2015 16:31:16,     -4.2,     -6.03,     268,     2.3,     5.8,     9.1,     3.8,     75,     1019.1,     381.25,     76.3,     87.8,     -2.1
100,     01.01.2015 16:41:16,     -2.1,     -2.01,     269,     1.8,     4.8,     7.6,     3.8,     75.4,     1019.1,     381.25,     74.6,     88.1,     -1.7
101,     01.01.2015 16:51:16,     -2.1,     -2.01,     271,     2.9,     5.5,     9.4,     3.8,     74.3,     1018.9,     381.25,     254.2,     87.7,     -177.7
102,     01.01.2015 17:01:16,     -3.15,     0,     272,     2.9,     5,     8.5,     3.8,     74.7,     1019,     381.25,     76.1,     88,     -2
103,     01.01.2015 17:11:16,     -1.05,     0,     272,     1.3,     5,     8.5,     3.8,     73.7,     1018.8,     381.25,     74.6,     87.9,     -2,     12.864,     4.06,     89.3
104,     01.01.2015 17:21:16,     -2.1,     0,     276,     2.2,     4.6,     7.9,     3.8,     74.3,     1018.7,     381.25,     254.7,     88,     -177.9
105,     01.01.2015 17:31:16,     -3.15,     -2.01,     273,     2,     5.2,     7.5,     3.9,     73.7,     1018.6,     381.25,     75.7,     87.9,     -2
106,     01.01.2015 17:41:16,     -3.15,     -4.02,     264,     2.6,     5.6,     9.6,     3.8,     72.9,     1018.2,     381.25,     75,     87.9,     -2
107,     01.01.2015 17:51:16,     -2.1,     -2.01,     267,     2.8,     5.3,     7.7,     3.8,     73.2,     1017.8,     381.25,     75.2,     87.8,     -2.1
108,     01.01.2015 18:01:16,     -3.15,     0,     267,     2.7,     5.3,     8.7,     3.8,     72.8,     1017.9,     381.25,     254,     87.9,     -177.9
109,     01.01.2015 18:11:16,     -3.15,     -2.01,     271,     2.9,     5.3,     9.7,     3.8,     72.9,     1017.9,     381.25,     74.4,     87.7,     -2.2,     12.760,     4.03,     89.3
110,     01.01.2015 18:21:16,     -2.1,     2.01,     268,     3.7,     5.9,     9.2,     3.8,     73.1,     1017.4,     381.25,     255.6,     88.3,     -178.3
111,     01.01.2015 18:31:16,     -3.15,     -2.01,     270,     1.8,     4.7,     7.6,     3.7,     74.6,     1017.5,     381.25,     74.5,     88.1,     -1.8
112,     01.01.2015 18:41:16,     -2.1,     0,     267,     3.3,     5.5,     8.1,     3.8,     73.4,     1017.3,     381.25,     255.6,     87.4,     -177.4
113,     01.01.2015 18:51:16,     -3.15,     -2.01,     263,     3.8,     6.1,     9.5,     3.8,     73.2,     1017.1,     381.25,     74.6,     88,     -1.9
114,     01.01.2015 19:01:16,     -2.1,     -2.01,     271,     2.9,     5.9,     8.6,     3.8,     72.8,     1017.3,     381.25,     254.2,     87.7,     -177.8
115,     01.01.2015 19:11:16,     -3.15,     0,     273,     2.3,     5.6,     8.5,     3.9,     72.3,     1017.1,     381.25,     254,     88,     -178,     12.671,     3.78,     89.4
116,     01.01.2015 19:21:16,     -2.1,     0,     272,     2.6,     5.3,     7.6,     3.9,     72.5,     1017.2,     381.25,     76,     88.2,     -1.7
117,     01.01.2015 19:31:16,     -2.1,     0,     279,     1.1,     4.8,     9,     3.9,     71.6,     1017.4,     381.25,     74.1,     88,     -1.8
118,     01.01.2015 19:41:16,     -2.1,     -2.01,     278,     2.5,     5.3,     8.3,     3.9,     71.5,     1017.1,     381.25,     254.2,     87.7,     -177.7
119,     01.01.2015 19:51:16,     -2.1,     -2.01,     271,     2.4,     5.6,     9.6,     3.9,     71.6,     1017,     381.25,     256.3,     87.8,     -177.8
120,     01.01.2015 20:01:16,     -2.1,     -2.01,     271,     2.3,     6.2,     9.5,     3.9,     71.9,     1016.7,     381.25,     75.9,     88.1,     -1.7
121,     01.01.2015 20:11:16,     -4.2,     0,     272,     2.4,     6.3,     10.7,     4,     71.6,     1016.6,     381.25,     256.3,     87.7,     -177.7,     12.647,     3.99,     89.4
122,     01.01.2015 20:21:16,     -2.1,     -2.01,     270,     2.8,     5.4,     7.6,     4,     71.9,     1016.5,     381.25,     253.5,     88,     -178
123,     01.01.2015 20:31:16,     -2.1,     -2.01,     266,     1.4,     5.1,     10.3,     4,     71.2,     1016.3,     381.25,     75.9,     87.9,     -1.9
124,     01.01.2015 20:41:16,     -2.1,     -2.01,     266,     1.6,     5.6,     8.5,     3.9,     70.8,     1016.1,     381.25,     75.1,     87.8,     -2.1
125,     01.01.2015 20:51:16,     -2.1,     -2.01,     259,     2.8,     5.3,     8,     3.8,     72.2,     1016,     381.25,     75.1,     87.8,     -2.1
126,     01.01.2015 21:01:16,     -2.1,     -2.01,     259,     3,     5.8,     9.2,     3.7,     72.1,     1015.7,     381.25,     75.6,     87.7,     -2.2
127,     01.01.2015 21:11:17,     -1.05,     -2.01,     258,     2.5,     5.8,     9.5,     3.7,     72.6,     1015.6,     381.25,     254.4,     88,     -178.2,     12.599,     4.11,     89.3
128,     01.01.2015 21:21:17,     -1.05,     0,     266,     2,     5.2,     8.5,     3.7,     73.7,     1015.5,     381.25,     75,     88.4,     -1.5
129,     01.01.2015 21:31:17,     -1.05,     -2.01,     261,     3.1,     5.6,     9.1,     3.7,     73.2,     1015.4,     381.25,     254.1,     88.1,     -178.1
130,     01.01.2015 21:41:17,     -1.05,     -2.01,     253,     1.5,     6.1,     9.9,     3.7,     73.2,     1014.7,     381.25,     254.6,     88.5,     -178.5
131,     01.01.2015 21:51:17,     -1.05,     0,     256,     3.4,     6.3,     9.5,     3.7,     73.7,     1014.7,     381.25,     75.5,     88,     -1.9
132,     01.01.2015 22:01:17,     -1.05,     0,     260,     2.8,     6.2,     9.8,     3.7,     74.3,     1014.3,     381.25,     256.8,     87.8,     -177.8
133,     01.01.2015 22:11:16,     -2.1,     -2.01,     260,     3,     6.7,     10.2,     3.7,     73.3,     1014.3,     381.25,     257.2,     88.6,     -178.7,     12.601,     4.19,     89.3
134,     01.01.2015 22:21:16,     -2.1,     0,     254,     3.2,     6.3,     9.2,     3.8,     72.7,     1014.1,     381.25,     255.3,     87.5,     -177.6
135,     01.01.2015 22:31:16,     -2.1,     -2.01,     257,     1.9,     6.2,     10,     3.8,     73,     1013.9,     381.25,     74.7,     87.7,     -1.9
136,     01.01.2015 22:41:16,     -1.05,     -2.01,     252,     3,     6.8,     10.5,     3.8,     72.1,     1013.6,     381.25,     256.9,     87.7,     -177.8
137,     01.01.2015 22:51:16,     -1.05,     0,     254,     3.4,     6.8,     10.9,     3.9,     71.8,     1013.4,     381.25,     75.9,     87.3,     -2.5
138,     01.01.2015 23:01:16,     -1.05,     0,     257,     1,     6.7,     10.5,     3.9,     71.5,     1013.4,     381.25,     75.1,     88.2,     -1.6
139,     01.01.2015 23:11:16,     -2.1,     -4.02,     259,     2.4,     6.6,     11.4,     4,     71,     1013.3,     381.25,     256,     88,     -178.1,     12.584,     4.43,     89.3
140,     01.01.2015 23:21:16,     -1.05,     -4.02,     258,     2.8,     7,     11.4,     4,     71.5,     1013.2,     381.25,     255,     88,     -178.3
141,     01.01.2015 23:31:16,     -1.05,     0,     255,     3.7,     7.1,     10.5,     4,     70.2,     1012.9,     381.25,     76.3,     87.9,     -2
142,     01.01.2015 23:41:16,     -2.1,     -2.01,     254,     3.2,     7.1,     13,     4,     70.5,     1012.7,     381.25,     76.2,     87.4,     -2
143,     01.01.2015 23:51:16,     0,     0,     248,     3.7,     6.6,     11.1,     4.1,     70.1,     1012.2,     381.25,     75.6,     88.2,     -1.7
144,     02.01.2015 00:01:17,     -1.05,     -2.01,     252,     3.5,     6.5,     10.1,     4.2,     69.2,     1011.8,     381.25,     256.9,     87.4,     -177.4,     12.560,     4.59,     89.2