Logger: #D10248 'TSK_Meteo' - USP_EXP2 (V2.10, Jan 24 2012)
No,     Time,     #1:W/m²:0,     #2:ÂµMol:(do.),     #5:deg:2,     #6:m/sMIN:(do.),     #7:m/sMIT:(do.),     #8:m/sMAX:(do.),     #9:Â°C:(do.),     #10:%:(do.),     #11:hPa:(do.),     #12:mm:(do.),     #14:AZ:3,     #15:EL:(do.),     #16:Roll:(do.),     #HK-Bat:V,     #HK-Temp:oC,     #HK-rH:%
(GSM Transfer OK / Signal:18)
1,     28.09.2014 00:11:16,     -5.25,     -2.01,     176,     0.2,     1.3,     1.8,     9.8,     87.8,     1019.4,     288.41,     253.4,     88,     -178,     12.401,     9.56,     73.0
2,     28.09.2014 00:21:16,     -4.2,     2.01,     194,     0.5,     1.1,     1.6,     9.7,     88.2,     1019.4,     288.41,     253.4,     87.9,     -177.9
3,     28.09.2014 00:31:16,     -4.2,     -2.01,     193,     0.6,     1.2,     1.6,     9.6,     88.4,     1019.4,     288.41,     253.4,     88,     -178
4,     28.09.2014 00:41:16,     -4.2,     -2.01,     190,     0.5,     1.1,     1.6,     9.5,     88.7,     1019.4,     288.41,     253.4,     87.9,     -177.9
5,     28.09.2014 00:51:16,     -5.25,     -2.01,     187,     0.3,     0.9,     1.3,     9.4,     89.2,     1019.4,     288.41,     253.4,     87.9,     -178
6,     28.09.2014 01:01:16,     -5.25,     -4.02,     199,     0.5,     0.9,     1.3,     9.4,     89.5,     1019.4,     288.41,     253.4,     87.9,     -177.9
7,     28.09.2014 01:11:16,     -4.2,     2.01,     195,     0.5,     1,     1.6,     9.3,     89.6,     1019.4,     288.41,     253.4,     88,     -177.9,     12.503,     8.75,     74.6
8,     28.09.2014 01:21:16,     -5.25,     -2.01,     188,     0.5,     1.2,     1.6,     9.1,     89.8,     1019.4,     288.41,     253.4,     88,     -178
9,     28.09.2014 01:31:16,     -5.25,     -2.01,     191,     0.6,     1.2,     1.7,     9.2,     90.4,     1019.4,     288.41,     253.4,     87.9,     -177.9
10,     28.09.2014 01:41:16,     -4.2,     -2.01,     179,     0.5,     1.1,     1.6,     9.1,     90.4,     1019.4,     288.41,     253.4,     87.9,     -177.9
11,     28.09.2014 01:51:16,     -4.2,     0,     177,     0.4,     0.9,     1.3,     9,     90.8,     1019.3,     288.41,     253.4,     87.9,     -177.9
12,     28.09.2014 02:01:16,     -5.25,     -2.01,     183,     0.3,     0.8,     1.2,     8.9,     90.8,     1019.3,     288.41,     253.4,     87.9,     -177.9
13,     28.09.2014 02:11:22,     -5.25,     -2.01,     202,     0.3,     1.1,     1.7,     8.9,     90.8,     1019.2,     288.41,     253.5,     88,     -178,     12.474,     8.42,     74.7
14,     28.09.2014 02:21:22,     -5.25,     -2.01,     202,     0.6,     1.3,     1.8,     8.9,     90.9,     1019.2,     288.41,     253.4,     88,     -178
15,     28.09.2014 02:31:22,     -5.25,     -2.01,     184,     0.3,     1,     1.4,     8.8,     90.8,     1019.2,     288.41,     253.3,     87.8,     -177.9
16,     28.09.2014 02:41:22,     -5.25,     -2.01,     177,     0.3,     0.9,     1.4,     8.8,     90.9,     1019.1,     288.41,     253.4,     87.9,     -177.9
17,     28.09.2014 02:51:22,     -4.2,     -2.01,     187,     0.6,     1.2,     1.8,     8.7,     91,     1019.1,     288.41,     253.4,     88,     -178
18,     28.09.2014 03:01:22,     -5.25,     -2.01,     196,     1,     1.5,     2,     8.7,     91.1,     1019.1,     288.41,     253.5,     88,     -178
19,     28.09.2014 03:11:17,     -4.2,     -2.01,     202,     0.9,     1.3,     1.7,     8.7,     91,     1019.1,     288.41,     253.5,     87.9,     -177.9,     12.435,     8.25,     74.8
20,     28.09.2014 03:21:17,     -5.25,     -2.01,     183,     0.4,     1.1,     1.6,     8.6,     91,     1019,     288.41,     253.5,     87.9,     -177.9
21,     28.09.2014 03:31:17,     -4.2,     0,     205,     0.9,     1.6,     2.2,     8.6,     91,     1019,     288.41,     253.4,     87.9,     -178
22,     28.09.2014 03:41:17,     -4.2,     -2.01,     204,     0.9,     1.4,     2,     8.5,     90.7,     1018.9,     288.41,     253.5,     87.9,     -178
23,     28.09.2014 03:51:17,     -4.2,     -2.01,     211,     0.6,     1.3,     2,     8.6,     90.8,     1018.9,     288.41,     253.5,     87.9,     -177.9
24,     28.09.2014 04:01:17,     -5.25,     -2.01,     204,     1.1,     1.7,     2.1,     8.7,     91,     1018.9,     288.41,     253.6,     87.9,     -177.9
25,     28.09.2014 04:11:16,     -5.25,     -2.01,     207,     0.4,     1.2,     2.1,     8.7,     90.9,     1018.8,     288.41,     253.4,     87.9,     -177.9,     12.427,     8.23,     74.8
26,     28.09.2014 04:21:16,     -5.25,     -2.01,     180,     0.2,     1.1,     1.8,     8.6,     90.9,     1018.7,     288.41,     253.3,     87.9,     -178
27,     28.09.2014 04:31:16,     -4.2,     -2.01,     190,     0.2,     1,     1.5,     8.6,     91,     1018.6,     288.41,     253.3,     87.9,     -178
28,     28.09.2014 04:41:16,     -4.2,     0,     198,     0.8,     1.4,     1.9,     8.5,     90.8,     1018.6,     288.41,     253.5,     88,     -178
29,     28.09.2014 04:51:16,     -4.2,     -2.01,     209,     1.1,     1.5,     2.1,     8.5,     90.7,     1018.6,     288.41,     253.5,     87.9,     -178
30,     28.09.2014 05:01:16,     -4.2,     0,     209,     0.9,     1.5,     2,     8.2,     90.4,     1018.6,     288.41,     253.5,     87.9,     -177.9
31,     28.09.2014 05:11:22,     -5.25,     -4.02,     206,     0.8,     1.5,     1.9,     8.2,     90.5,     1018.6,     288.41,     253.5,     87.9,     -177.9,     12.395,     8.09,     74.8
32,     28.09.2014 05:21:22,     -3.15,     0,     198,     0.9,     1.4,     1.7,     8.3,     90.8,     1018.6,     288.41,     253.4,     87.9,     -177.9
33,     28.09.2014 05:31:22,     -4.2,     -2.01,     197,     0.5,     1.3,     1.8,     8.6,     91.5,     1018.7,     288.41,     253.5,     87.9,     -177.9
34,     28.09.2014 05:41:22,     -4.2,     -2.01,     198,     0.8,     1.4,     1.9,     8.5,     91,     1018.7,     288.41,     253.4,     87.9,     -177.9
35,     28.09.2014 05:51:22,     -3.15,     0,     207,     1.2,     1.7,     2.2,     8.4,     91,     1018.7,     288.41,     253.3,     87.8,     -177.9
36,     28.09.2014 06:01:22,     -1.05,     4.02,     215,     1,     1.5,     2,     8.3,     90.3,     1018.8,     288.41,     253.5,     88,     -178
37,     28.09.2014 06:11:22,     2.1,     14.07,     210,     1,     1.4,     1.8,     8.3,     90.5,     1018.8,     288.41,     253.5,     88,     -178,     12.363,     8.06,     74.8
38,     28.09.2014 06:21:22,     7.35,     26.13,     203,     1,     1.5,     1.9,     8.3,     90.4,     1018.8,     288.41,     253.5,     87.9,     -177.9
39,     28.09.2014 06:31:22,     16.8,     46.23,     203,     1.1,     1.5,     1.9,     8.3,     90.6,     1018.8,     288.41,     253.5,     88,     -178
40,     28.09.2014 06:41:22,     44.1,     86.43,     206,     1,     1.4,     1.9,     8.4,     90.8,     1018.9,     288.41,     253.7,     88,     -178
41,     28.09.2014 06:51:22,     65.1,     124.62,     203,     0.9,     1.3,     1.7,     8.7,     90.3,     1018.9,     288.41,     253.7,     87.8,     -177.9
42,     28.09.2014 07:01:22,     96.6,     174.87,     196,     0.9,     1.5,     1.9,     8.8,     89.7,     1018.9,     288.41,     253.7,     87.9,     -178
43,     28.09.2014 07:11:16,     134.4,     233.16,     196,     1.2,     1.7,     2.1,     9,     88.9,     1018.9,     288.41,     253.9,     88,     -178,     14.513,     9.30,     75.3
44,     28.09.2014 07:21:16,     175.35,     299.49,     202,     1.1,     1.6,     2,     9.4,     88,     1018.9,     288.41,     254,     88,     -178
45,     28.09.2014 07:31:16,     184.8,     319.59,     203,     1,     1.6,     2.2,     9.7,     86.5,     1018.9,     288.41,     253.8,     87.9,     -177.9
46,     28.09.2014 07:41:16,     202.65,     355.77,     207,     0.8,     1.3,     2,     10.1,     85.6,     1019,     288.41,     253.8,     88,     -178
47,     28.09.2014 07:51:16,     198.45,     357.78,     206,     0.8,     1.5,     2.4,     10.7,     85.3,     1019,     288.41,     253.6,     87.9,     -177.9
48,     28.09.2014 08:01:16,     206.85,     389.94,     225,     0.4,     1.3,     2.2,     11.3,     83.3,     1019.1,     288.41,     253.9,     87.9,     -177.9
49,     28.09.2014 08:11:21,     232.05,     444.21,     242,     0.5,     1.6,     2.9,     11.8,     79.2,     1019.1,     288.41,     254.1,     87.9,     -177.9,     13.404,     13.57,     75.0
50,     28.09.2014 08:21:21,     235.2,     460.29,     247,     1.2,     2,     2.9,     12.3,     77.6,     1019.1,     288.41,     254.2,     87.9,     -177.9
51,     28.09.2014 08:31:21,     250.95,     504.51,     239,     1.3,     2.4,     3.6,     12.7,     75.8,     1019.2,     288.41,     254.2,     88,     -178
52,     28.09.2014 08:41:21,     280.35,     562.8,     239,     0.8,     2.2,     3.8,     13.2,     74.8,     1019.1,     288.41,     254,     88,     -178
53,     28.09.2014 08:51:21,     242.55,     498.48,     246,     0.7,     1.9,     3.4,     13.5,     71.5,     1019.1,     288.41,     254.3,     88,     -178
54,     28.09.2014 09:01:21,     281.4,     556.77,     246,     1.7,     2.8,     4.3,     13.8,     70.5,     1018.9,     288.41,     254.3,     87.9,     -177.9
55,     28.09.2014 09:11:17,     329.7,     639.18,     258,     0.8,     2.9,     4.8,     14.1,     70.1,     1018.9,     288.41,     254.3,     87.8,     -177.9,     13.472,     17.31,     73.2
56,     28.09.2014 09:21:17,     384.3,     741.69,     254,     1.4,     2.8,     4.3,     14.4,     67,     1018.9,     288.41,     254.2,     88,     -178
57,     28.09.2014 09:31:17,     402.15,     769.83,     254,     1.1,     2.8,     4.4,     14.8,     65.9,     1018.8,     288.41,     254.5,     88.1,     -178.1
58,     28.09.2014 09:41:17,     396.9,     757.77,     254,     1.2,     3.1,     4.5,     15.1,     64.1,     1018.8,     288.41,     254.5,     87.9,     -177.9
59,     28.09.2014 09:51:17,     365.4,     697.47,     252,     2,     3.6,     5.2,     15.3,     62.8,     1018.8,     288.41,     255,     88.1,     -178.1
60,     28.09.2014 10:01:17,     385.35,     743.7,     258,     1.6,     3.6,     6.3,     15.4,     62,     1018.9,     288.41,     254.7,     88,     -178
61,     28.09.2014 10:11:17,     437.85,     842.19,     256,     1.5,     3.2,     5.2,     15.6,     61.3,     1018.8,     288.41,     255.5,     88,     -178,     13.279,     19.25,     72.0
62,     28.09.2014 10:21:17,     497.7,     956.76,     253,     1.4,     3.3,     5.1,     15.8,     60,     1018.8,     288.41,     74.5,     87.8,     -2.1
63,     28.09.2014 10:31:17,     485.1,     932.64,     254,     1.4,     3.3,     4.6,     15.9,     58.8,     1018.7,     288.41,     254.3,     88,     -178
64,     28.09.2014 10:41:17,     463.05,     896.46,     267,     1.9,     3.3,     4.5,     16.1,     58.5,     1018.7,     288.41,     254.5,     88,     -178
65,     28.09.2014 10:51:17,     473.55,     922.59,     259,     1.2,     2.5,     4,     16.4,     57.3,     1018.6,     288.41,     74.8,     87.9,     -1.9
66,     28.09.2014 11:01:17,     431.55,     840.18,     267,     1.7,     3.4,     4.9,     16.4,     57.4,     1018.5,     288.41,     255.1,     87.8,     -177.8
67,     28.09.2014 11:11:17,     490.35,     952.74,     256,     0.9,     2.5,     4,     16.5,     57.3,     1018.3,     288.41,     254.5,     87.9,     -177.8,     13.018,     20.46,     71.2
68,     28.09.2014 11:21:17,     489.3,     948.72,     237,     1.1,     2.8,     5,     16.7,     57.5,     1018.2,     288.41,     254,     87.8,     -177.8
69,     28.09.2014 11:31:17,     537.6,     1041.18,     226,     1.3,     3.5,     6.1,     16.7,     58,     1018.1,     288.41,     254.9,     88,     -178
70,     28.09.2014 11:41:17,     537.6,     1045.2,     228,     1.7,     3.4,     5.4,     16.7,     58.3,     1018,     288.41,     74.8,     87.9,     -2
71,     28.09.2014 11:51:17,     555.45,     1083.39,     238,     0.9,     2.5,     4.6,     16.9,     56.5,     1018,     288.41,     254,     87.8,     -177.8
72,     28.09.2014 12:01:17,     450.45,     880.38,     229,     0.6,     3,     5.8,     16.9,     57.4,     1018.1,     288.41,     254.2,     87.8,     -177.8
73,     28.09.2014 12:11:16,     424.2,     836.16,     226,     0.9,     2.9,     4.7,     17,     54.8,     1018.1,     288.41,     74.4,     88,     -1.9,     13.591,     21.21,     71.2
74,     28.09.2014 12:21:16,     371.7,     735.66,     244,     1.4,     2.7,     4.7,     17.1,     56.9,     1018,     288.41,     74.5,     87.9,     -2
75,     28.09.2014 12:31:16,     432.6,     810.03,     267,     1.5,     2.8,     4.9,     17.1,     53.2,     1017.9,     288.41,     74.6,     88,     -1.9
76,     28.09.2014 12:41:16,     507.15,     984.9,     262,     1.9,     2.9,     4.8,     17.2,     54.3,     1017.9,     288.41,     74.5,     87.9,     -2
77,     28.09.2014 12:51:16,     451.5,     876.36,     262,     0.6,     2.8,     5.5,     17.3,     53.1,     1017.9,     288.41,     74.5,     87.9,     -2
78,     28.09.2014 13:01:16,     513.45,     994.95,     275,     1.2,     3.5,     5.6,     17.2,     54.2,     1017.8,     288.41,     74.5,     87.9,     -2
79,     28.09.2014 13:11:16,     512.4,     996.96,     274,     0.9,     2.8,     4.9,     17.4,     55.5,     1017.7,     288.41,     74.3,     87.9,     -2,     13.010,     21.59,     71.0
80,     28.09.2014 13:21:16,     517.65,     996.96,     260,     0.3,     2.5,     4.2,     17.6,     52.5,     1017.6,     288.41,     74.3,     88,     -1.9
81,     28.09.2014 13:31:16,     491.4,     950.73,     242,     1.5,     2.7,     4.5,     17.7,     52.2,     1017.4,     288.41,     74.5,     88,     -1.9
82,     28.09.2014 13:41:16,     404.25,     781.89,     248,     0.6,     2.4,     4.4,     17.8,     53,     1017.3,     288.41,     74.4,     87.9,     -2
83,     28.09.2014 13:51:16,     473.55,     914.55,     259,     0.3,     2.4,     4,     17.9,     53.1,     1017.2,     288.41,     74.5,     87.9,     -2
84,     28.09.2014 14:01:16,     346.5,     681.39,     284,     1,     2.8,     4.4,     18,     54.8,     1017.2,     288.41,     74,     88,     -1.9
85,     28.09.2014 14:11:16,     376.95,     723.6,     288,     0.7,     2.6,     5.1,     18.1,     55.4,     1017.2,     288.41,     74.1,     88,     -2,     13.156,     22.37,     70.7
86,     28.09.2014 14:21:16,     327.6,     645.21,     303,     1.4,     2.9,     5,     18.2,     53.8,     1017,     288.41,     74.4,     88,     -1.9
87,     28.09.2014 14:31:16,     239.4,     482.4,     294,     0.2,     2,     3.6,     18.2,     55,     1016.9,     288.41,     74.1,     87.9,     -2
88,     28.09.2014 14:41:16,     266.7,     532.65,     276,     0.5,     1.9,     4.5,     18.3,     54.2,     1016.9,     288.41,     74,     88,     -2
89,     28.09.2014 14:51:16,     247.8,     488.43,     273,     0.6,     2.2,     4.5,     18.2,     54.8,     1016.9,     288.41,     74.1,     87.9,     -1.9
90,     28.09.2014 15:01:16,     228.9,     452.25,     262,     0.9,     2.2,     3.6,     18.2,     55.9,     1016.8,     288.41,     74.3,     88,     -1.9
91,     28.09.2014 15:11:17,     246.75,     480.39,     268,     0.4,     2.1,     3.7,     18.2,     57.5,     1016.7,     288.41,     74.2,     88,     -1.9,     13.415,     21.84,     71.3
92,     28.09.2014 15:21:17,     216.3,     428.13,     282,     0.6,     2.1,     3.7,     18.2,     57.9,     1016.6,     288.41,     74.3,     88,     -1.9
93,     28.09.2014 15:31:17,     199.5,     397.98,     292,     0.9,     1.7,     2.8,     18.3,     55.8,     1016.6,     288.41,     74.2,     87.9,     -2
94,     28.09.2014 15:41:17,     180.6,     361.8,     289,     0.4,     1.4,     2.6,     18.3,     57,     1016.6,     288.41,     74.1,     87.9,     -2
95,     28.09.2014 15:51:17,     154.35,     313.56,     271,     0.8,     2,     3.7,     18.2,     58.1,     1016.6,     288.41,     73.9,     88,     -1.9
96,     28.09.2014 16:01:17,     141.75,     285.42,     293,     0.9,     1.8,     3.4,     18.2,     59,     1016.6,     288.41,     74.3,     87.9,     -2
97,     28.09.2014 16:11:17,     140.7,     281.4,     291,     0.7,     1.8,     3.6,     18.2,     59.6,     1016.5,     288.41,     74.1,     87.9,     -1.9,     13.423,     20.90,     71.6
98,     28.09.2014 16:21:17,     102.9,     211.05,     293,     0.7,     1.4,     2.4,     18.1,     60.3,     1016.5,     288.41,     74,     88,     -1.9
99,     28.09.2014 16:31:17,     77.7,     162.81,     316,     0.7,     1.2,     2,     18,     60.7,     1016.5,     288.41,     74.1,     87.9,     -2
100,     28.09.2014 16:41:17,     58.8,     126.63,     302,     0.3,     1.1,     2,     17.8,     62.7,     1016.5,     288.41,     253.7,     87.9,     -177.9
101,     28.09.2014 16:51:17,     44.1,     96.48,     218,     0,     0.3,     0.7,     17.7,     69.9,     1016.5,     288.41,     74.1,     87.9,     -2
102,     28.09.2014 17:01:17,     29.4,     70.35,     240,     0,     0.1,     0.3,     17.3,     71.5,     1016.4,     288.41,     253.7,     87.9,     -178
103,     28.09.2014 17:11:16,     22.05,     54.27,     116,     0,     0.2,     0.4,     16.9,     76.3,     1016.3,     288.41,     253.6,     88,     -178,     13.222,     18.97,     72.5
104,     28.09.2014 17:21:16,     17.85,     38.19,     131,     0.2,     0.5,     0.8,     16.4,     77.6,     1016.2,     288.41,     253.6,     88,     -178
105,     28.09.2014 17:31:16,     9.45,     28.14,     136,     0,     0.2,     0.5,     16.2,     78.3,     1016.2,     288.41,     73.9,     88,     -1.9
106,     28.09.2014 17:41:16,     3.15,     14.07,     137,     0,     0.3,     0.7,     15.9,     80.5,     1016.2,     288.41,     73.9,     87.9,     -2
107,     28.09.2014 17:51:16,     -1.05,     4.02,     127,     0.1,     0.5,     0.9,     15.5,     78.8,     1016.2,     288.41,     253.7,     88,     -178
108,     28.09.2014 18:01:16,     -3.15,     0,     17,     0,     0.4,     0.7,     15.6,     83.5,     1016.2,     288.41,     253.6,     88.1,     -178
109,     28.09.2014 18:11:21,     -3.15,     0,     65,     0.1,     0.7,     1.4,     15.3,     83.2,     1016.1,     288.41,     253.5,     87.9,     -178,     12.722,     16.16,     73.3
110,     28.09.2014 18:21:21,     -5.25,     -2.01,     118,     0.4,     0.7,     1.1,     14.7,     83,     1016,     288.41,     253.6,     88,     -178
111,     28.09.2014 18:31:21,     -5.25,     -2.01,     158,     0.2,     0.5,     0.8,     14.5,     82.5,     1016,     288.41,     253.5,     88,     -178
112,     28.09.2014 18:41:21,     -5.25,     -4.02,     193,     0,     0.7,     1.1,     14.4,     84.6,     1016.1,     288.41,     253.5,     87.9,     -177.9
113,     28.09.2014 18:51:21,     -5.25,     -4.02,     100,     0,     0.4,     0.9,     14.3,     85.4,     1016,     288.41,     253.5,     88,     -178
114,     28.09.2014 19:01:21,     -5.25,     -4.02,     160,     0.1,     0.7,     1.1,     14.1,     85,     1016,     288.41,     253.6,     88,     -177.9
115,     28.09.2014 19:11:17,     -4.2,     -2.01,     171,     0,     0.3,     0.7,     13.9,     85.1,     1016,     288.41,     253.5,     88.1,     -178.1,     12.673,     14.11,     73.9
116,     28.09.2014 19:21:17,     -3.15,     -4.02,     138,     0,     0.5,     1.1,     14.1,     87,     1015.9,     288.41,     253.5,     87.9,     -177.9
117,     28.09.2014 19:31:17,     -4.2,     -2.01,     30,     0,     0.5,     1.4,     14.1,     87.8,     1016,     288.41,     253.6,     88,     -178
118,     28.09.2014 19:41:17,     -3.15,     -2.01,     184,     0,     1.1,     2.2,     13.4,     87.1,     1016,     288.41,     253.6,     88,     -178
119,     28.09.2014 19:51:17,     -4.2,     -2.01,     160,     0,     0.3,     0.7,     13.5,     87.7,     1015.8,     288.41,     253.5,     88.1,     -178.1
120,     28.09.2014 20:01:17,     -4.2,     -2.01,     98,     0,     0.4,     0.8,     13.6,     88,     1015.8,     288.41,     253.5,     88,     -178
121,     28.09.2014 20:11:16,     -4.2,     -2.01,     196,     0,     0.3,     0.7,     13.6,     88.6,     1015.9,     288.41,     253.5,     87.9,     -177.9,     12.628,     13.10,     74.1
122,     28.09.2014 20:21:16,     -4.2,     0,     219,     0,     0.2,     1.1,     13.6,     88.8,     1015.8,     288.41,     253.5,     87.9,     -177.9
123,     28.09.2014 20:31:16,     -4.2,     0,     194,     0.7,     1.2,     1.6,     12.8,     87.8,     1015.6,     288.41,     253.5,     87.9,     -177.9
124,     28.09.2014 20:41:16,     -5.25,     -4.02,     212,     1,     1.8,     2.6,     12.9,     87.5,     1015.6,     288.41,     253.8,     88,     -178
125,     28.09.2014 20:51:16,     -4.2,     0,     206,     0.7,     1.5,     2.2,     13,     86.5,     1015.5,     288.41,     253.5,     88,     -178
126,     28.09.2014 21:01:16,     -5.25,     -2.01,     223,     0.2,     0.8,     1.5,     13,     86.9,     1015.6,     288.41,     253.6,     88.1,     -178.1
127,     28.09.2014 21:11:16,     -4.2,     0,     219,     0.2,     1,     1.5,     13.1,     85.8,     1015.6,     288.41,     253.5,     87.9,     -177.9,     12.607,     12.57,     74.1
128,     28.09.2014 21:21:16,     -4.2,     -2.01,     239,     0,     0.6,     1.1,     13.1,     86.5,     1015.6,     288.41,     253.5,     88,     -178
129,     28.09.2014 21:31:16,     -4.2,     -2.01,     291,     0.1,     0.6,     1,     13,     86.9,     1015.7,     288.41,     253.5,     87.9,     -177.9
130,     28.09.2014 21:41:16,     -5.25,     -2.01,     6,     0,     0.5,     0.9,     13,     88.3,     1015.7,     288.41,     253.4,     88,     -178
131,     28.09.2014 21:51:16,     -5.25,     -2.01,     75,     0,     0.4,     1,     12.9,     89,     1015.8,     288.41,     253.5,     88,     -178
132,     28.09.2014 22:01:16,     -4.2,     0,     135,     0.2,     0.7,     1.1,     12.6,     89,     1015.8,     288.41,     253.6,     88,     -178
133,     28.09.2014 22:11:16,     -4.2,     -2.01,     154,     0.4,     0.8,     1.1,     12.4,     89.2,     1015.8,     288.41,     253.6,     87.9,     -177.9,     12.590,     12.08,     74.3
134,     28.09.2014 22:21:16,     -4.2,     -2.01,     137,     0.2,     0.6,     0.9,     12.2,     89.5,     1015.7,     288.41,     253.5,     88,     -178
135,     28.09.2014 22:31:16,     -4.2,     -2.01,     172,     0,     0.5,     0.9,     12.2,     90.1,     1015.8,     288.41,     253.4,     88,     -178
136,     28.09.2014 22:41:16,     -3.15,     -4.02,     192,     0.2,     0.5,     0.9,     12.3,     90.4,     1015.8,     288.41,     253.5,     87.9,     -177.9
137,     28.09.2014 22:51:16,     -2.1,     -2.01,     196,     0.4,     0.7,     1,     12.1,     89.9,     1015.8,     288.41,     253.6,     88,     -178
138,     28.09.2014 23:01:16,     -2.1,     0,     199,     0.6,     0.9,     1.4,     12,     89.6,     1015.9,     288.41,     253.5,     88,     -178
139,     28.09.2014 23:11:16,     -2.1,     -2.01,     190,     0.6,     1.1,     1.5,     12,     90,     1015.9,     288.41,     253.6,     88,     -178,     12.554,     11.87,     74.3
140,     28.09.2014 23:21:16,     -2.1,     -2.01,     178,     0.2,     0.9,     1.3,     12,     90.1,     1015.8,     288.41,     253.5,     87.9,     -177.9
141,     28.09.2014 23:31:16,     -3.15,     -2.01,     173,     0,     0.5,     0.9,     12.1,     90.5,     1015.9,     288.41,     253.6,     88,     -178.1
142,     28.09.2014 23:41:16,     -4.2,     -2.01,     177,     0.1,     0.6,     1.1,     12,     90,     1015.7,     288.41,     253.5,     88,     -178
143,     28.09.2014 23:51:16,     -4.2,     -2.01,     195,     0.1,     0.5,     0.8,     12,     90.4,     1015.7,     288.41,     253.5,     88,     -178
144,     29.09.2014 00:01:23,     -4.2,     -4.02,     174,     0.1,     0.4,     0.9,     12,     90.7,     1015.6,     288.41,     253.6,     88,     -178,     12.416,     11.73,     74.2