Logger: #D10248 'TSK_Meteo' - USP_EXP2 (V2.10, Jan 24 2012)
No,     Time,     #1:W/m²:0,     #2:ÂµMol:(do.),     #5:deg:2,     #6:m/sMIN:(do.),     #7:m/sMIT:(do.),     #8:m/sMAX:(do.),     #9:Â°C:(do.),     #10:%:(do.),     #11:hPa:(do.),     #12:mm:(do.),     #14:AZ:3,     #15:EL:(do.),     #16:Roll:(do.),     #HK-Bat:V,     #HK-Temp:oC,     #HK-rH:%
(GSM Transfer OK / Signal:14)
1,     14.07.2014 00:11:21,     -3.15,     -2.01,     221,     1.2,     2,     3.2,     14.9,     89.5,     998,     137.81,     255.1,     88,     -178,     12.421,     15.64,     68.7
2,     14.07.2014 00:21:21,     -1.05,     0,     208,     0.5,     1.6,     2.8,     14.9,     90.2,     998.1,     137.85,     255,     87.9,     -177.9
3,     14.07.2014 00:31:21,     -1.05,     -2.01,     214,     0.3,     2.1,     3.8,     14.9,     90.1,     998.1,     137.89,     255.2,     87.9,     -177.9
4,     14.07.2014 00:41:21,     -3.15,     -2.01,     203,     1.1,     2.4,     3.5,     15,     90.8,     998,     137.97,     254.9,     87.9,     -177.9
5,     14.07.2014 00:51:21,     -2.1,     -2.01,     193,     1.2,     2.7,     4.4,     15.1,     90.7,     998,     138.09,     255.1,     88,     -178
6,     14.07.2014 01:01:21,     -1.05,     -2.01,     187,     1.6,     3.2,     4.5,     15.1,     90.7,     998,     138.18,     255.2,     87.9,     -178
7,     14.07.2014 01:11:22,     -2.1,     -2.01,     192,     1.1,     2.9,     4.8,     15.1,     90.8,     998,     138.38,     255.2,     88,     -178,     12.539,     15.45,     69.8
8,     14.07.2014 01:21:22,     -2.1,     0,     192,     0.6,     3.1,     5,     15.1,     90.6,     998,     138.81,     255.2,     88,     -178
9,     14.07.2014 01:31:22,     -1.05,     0,     215,     1.6,     3.2,     5.5,     15.1,     90.9,     998.1,     139.04,     255.2,     87.9,     -178
10,     14.07.2014 01:41:22,     -2.1,     -2.01,     234,     1.7,     2.8,     4.6,     15.3,     90.8,     998.1,     139.21,     255.2,     88,     -178
11,     14.07.2014 01:51:22,     -1.05,     -2.01,     236,     1.5,     3,     5,     15.3,     90.5,     998.1,     139.33,     255.4,     87.9,     -177.9
12,     14.07.2014 02:01:22,     -2.1,     -2.01,     217,     1.6,     2.7,     4.3,     15.3,     90.4,     998.1,     139.4,     255.3,     87.9,     -177.9
13,     14.07.2014 02:11:23,     -3.15,     -2.01,     212,     1.5,     3.1,     5.3,     15.3,     90.7,     998.1,     139.55,     255.3,     87.9,     -177.9,     12.516,     15.69,     69.7
14,     14.07.2014 02:21:23,     -2.1,     -2.01,     228,     1.2,     2.8,     4.7,     15.3,     90.3,     998.2,     139.81,     255.3,     88,     -178
15,     14.07.2014 02:31:23,     -2.1,     -2.01,     217,     0.9,     2.4,     4.6,     15.2,     89.7,     998.2,     140.02,     255.3,     88,     -178
16,     14.07.2014 02:41:23,     -2.1,     -4.02,     267,     0.9,     3.6,     6.2,     15.1,     88.5,     998.2,     140.25,     256.2,     87.9,     -178
17,     14.07.2014 02:51:23,     -2.1,     -2.01,     239,     1.7,     3.3,     6.1,     15.1,     88.8,     998.1,     140.41,     255.4,     87.8,     -177.8
18,     14.07.2014 03:01:23,     -2.1,     0,     241,     2,     3.6,     5.5,     15,     88.6,     998.2,     140.53,     255.3,     88,     -178
19,     14.07.2014 03:11:16,     -3.15,     -4.02,     242,     1.8,     3.6,     6.7,     14.9,     88.3,     998,     140.6,     255.6,     88,     -178,     12.450,     15.67,     69.8
20,     14.07.2014 03:21:16,     -2.1,     -2.01,     243,     1.6,     3.3,     5.3,     14.8,     87.9,     998,     140.66,     255.2,     87.9,     -177.9
21,     14.07.2014 03:31:16,     -1.05,     -2.01,     244,     1.6,     2.8,     4.5,     14.9,     88.3,     998,     140.68,     255.2,     87.9,     -177.9
22,     14.07.2014 03:41:16,     -1.05,     0,     240,     1.3,     3.1,     5.2,     14.7,     87.3,     998,     140.72,     255.4,     87.8,     -177.8
23,     14.07.2014 03:51:16,     -1.05,     2.01,     246,     1.1,     2.7,     4.2,     14.8,     88.3,     998,     140.76,     255.8,     88,     -177.9
24,     14.07.2014 04:01:16,     1.05,     2.01,     240,     1.4,     2.9,     4.4,     14.8,     88.5,     998,     140.76,     255.3,     88,     -178
25,     14.07.2014 04:11:22,     0,     2.01,     233,     1.5,     2.8,     4.5,     14.8,     89.2,     998,     140.78,     255.2,     87.9,     -177.9,     12.425,     15.38,     69.8
26,     14.07.2014 04:21:22,     -1.05,     2.01,     234,     1.2,     3.1,     5.2,     14.8,     89.3,     998.1,     140.84,     255.2,     87.9,     -177.9
27,     14.07.2014 04:31:22,     2.1,     8.04,     246,     1.5,     3.4,     5.9,     14.8,     89.8,     998.1,     140.97,     255.4,     87.8,     -177.9
28,     14.07.2014 04:41:22,     1.05,     8.04,     241,     1.1,     2.9,     4.2,     14.8,     89.6,     998.1,     141.02,     255.1,     88,     -178
29,     14.07.2014 04:51:22,     3.15,     8.04,     234,     1.8,     3,     4.3,     14.7,     90.5,     998.1,     141.05,     255,     87.9,     -177.9
30,     14.07.2014 05:01:22,     9.45,     20.1,     226,     1.5,     2.8,     4.5,     14.7,     89.5,     998,     141.11,     255.4,     87.8,     -177.9
31,     14.07.2014 05:11:16,     7.35,     18.09,     234,     1.2,     2.3,     4.4,     14.8,     90,     998.1,     141.11,     255.2,     87.8,     -177.7,     12.410,     15.38,     69.9
32,     14.07.2014 05:21:16,     6.3,     16.08,     228,     1,     2.2,     4.1,     14.9,     90.2,     998.2,     141.11,     255.3,     88,     -178
33,     14.07.2014 05:31:16,     8.4,     18.09,     205,     1.6,     3.2,     5.5,     14.7,     90.7,     998.2,     141.13,     255.2,     87.8,     -177.8
34,     14.07.2014 05:41:16,     4.2,     12.06,     198,     1.1,     3.1,     5.1,     14.7,     90.2,     998.3,     141.13,     255.3,     87.9,     -177.9
35,     14.07.2014 05:51:16,     28.35,     66.33,     199,     1.8,     3.6,     6.4,     14.6,     90.6,     998.4,     141.14,     255.4,     88.2,     -178.2
36,     14.07.2014 06:01:16,     35.7,     78.39,     221,     1.7,     3.6,     6.3,     14.7,     90.3,     998.4,     141.17,     255.4,     88,     -178
37,     14.07.2014 06:11:17,     29.4,     62.31,     237,     1.5,     3.4,     5.9,     14.9,     90.2,     998.5,     141.25,     255.4,     87.9,     -177.9,     12.582,     15.54,     69.9
38,     14.07.2014 06:21:17,     63,     132.66,     236,     1.8,     3.7,     6.1,     15,     89.9,     998.5,     141.27,     255.5,     87.7,     -177.8
39,     14.07.2014 06:31:17,     89.25,     192.96,     235,     2.2,     3.9,     6.3,     15.2,     90,     998.5,     141.28,     255.3,     88,     -177.9
40,     14.07.2014 06:41:17,     97.65,     213.06,     238,     1.6,     4.2,     6.8,     15.4,     90.1,     998.6,     141.34,     255.6,     87.9,     -177.9
41,     14.07.2014 06:51:17,     72.45,     154.77,     240,     2.2,     4.7,     7.1,     15.5,     90.1,     998.7,     141.35,     255.9,     88,     -178
42,     14.07.2014 07:01:17,     141.75,     303.51,     259,     2.1,     4.2,     8.1,     15.7,     90.5,     998.8,     141.39,     255.5,     88,     -178
43,     14.07.2014 07:11:16,     132.3,     283.41,     259,     2.1,     4.3,     8.1,     15.8,     89.6,     998.8,     141.44,     255.4,     88,     -178.1,     13.436,     16.49,     69.6
44,     14.07.2014 07:21:16,     97.65,     211.05,     261,     1.8,     3.9,     6.8,     15.9,     87.9,     998.9,     141.45,     255.9,     87.9,     -177.9
45,     14.07.2014 07:31:16,     112.35,     243.21,     262,     1.7,     4.1,     6.8,     16,     87.1,     998.9,     141.54,     255.5,     87.8,     -177.8
46,     14.07.2014 07:41:16,     117.6,     253.26,     253,     1.2,     3.9,     7.2,     16,     86.1,     998.9,     141.54,     255.9,     87.8,     -177.8
47,     14.07.2014 07:51:16,     102.9,     221.1,     252,     2.3,     4.5,     8.1,     16,     85.1,     999,     141.59,     255.3,     88,     -178.1
48,     14.07.2014 08:01:16,     139.65,     301.5,     253,     1.8,     4.1,     8.6,     16.2,     85,     999.1,     141.62,     256.3,     87.9,     -177.8
49,     14.07.2014 08:11:16,     144.9,     317.58,     253,     1.6,     3.7,     7.3,     16.2,     86,     999.2,     141.71,     255.3,     87.8,     -177.8,     14.399,     17.21,     69.4
50,     14.07.2014 08:21:16,     175.35,     373.86,     249,     1.3,     4.7,     7.2,     16.2,     85.5,     999.3,     141.73,     255.5,     87.8,     -177.9
51,     14.07.2014 08:31:16,     273,     590.94,     250,     1.6,     4.1,     6.6,     16.4,     85.5,     999.4,     141.76,     254.9,     87.8,     -177.9
52,     14.07.2014 08:41:16,     206.85,     444.21,     253,     1.4,     4.5,     7.5,     16.6,     84.8,     999.5,     141.84,     255.7,     88.1,     -178.1
53,     14.07.2014 08:51:16,     221.55,     480.39,     261,     1.8,     4.5,     7.6,     16.7,     85.8,     999.5,     141.9,     255.9,     87.8,     -177.8
54,     14.07.2014 09:01:16,     202.65,     438.18,     250,     2.4,     4.6,     8,     16.9,     84.9,     999.4,     141.99,     256,     88,     -178
55,     14.07.2014 09:11:21,     252,     538.68,     252,     2.8,     4.8,     7.5,     17,     85.9,     999.6,     142,     256,     88.1,     -178.1,     13.428,     18.27,     69.2
56,     14.07.2014 09:21:21,     267.75,     568.83,     258,     2.6,     4.5,     6.7,     17.1,     85.9,     999.7,     142,     256.1,     87.8,     -177.8
57,     14.07.2014 09:31:21,     243.6,     528.63,     260,     2,     4.9,     8.2,     17.2,     84.9,     999.8,     142,     255.8,     87.8,     -177.8
58,     14.07.2014 09:41:21,     116.55,     255.27,     264,     0.9,     4.6,     7.9,     17.2,     83.1,     1000,     142.01,     256.4,     88,     -178
59,     14.07.2014 09:51:21,     156.45,     339.69,     264,     2.5,     4.5,     7,     17.2,     83.9,     1000,     142.01,     255.8,     87.7,     -177.7
60,     14.07.2014 10:01:21,     236.25,     512.55,     265,     2.4,     4.6,     8.5,     17.3,     85.2,     1000.1,     142.01,     256,     88,     -178
61,     14.07.2014 10:11:22,     221.55,     486.42,     265,     1.7,     5,     7.6,     17.4,     84.6,     1000.2,     142.01,     255.9,     87.9,     -177.9,     13.438,     19.14,     69.0
62,     14.07.2014 10:21:22,     237.3,     514.56,     266,     2,     4.7,     8,     17.6,     84,     1000.3,     142.01,     256.1,     87.8,     -178
63,     14.07.2014 10:31:22,     216.3,     464.31,     265,     2.7,     5.3,     8.4,     17.7,     82.7,     1000.3,     142.01,     256,     87.8,     -177.8
64,     14.07.2014 10:41:22,     228.9,     490.44,     270,     1.3,     4.3,     8.8,     17.9,     82.8,     1000.4,     142.01,     255.8,     87.9,     -177.9
65,     14.07.2014 10:51:22,     290.85,     625.11,     267,     0.5,     5,     9,     18,     81.8,     1000.5,     142.01,     255.7,     87.7,     -177.7
66,     14.07.2014 11:01:22,     343.35,     741.69,     262,     2,     4.8,     8.5,     18.1,     81.2,     1000.5,     142.01,     255.5,     87.6,     -177.6
67,     14.07.2014 11:11:16,     298.2,     641.19,     269,     1.7,     4.8,     8.5,     18.4,     80.7,     1000.7,     142.01,     76.1,     88,     -1.9,     13.360,     20.53,     68.5
68,     14.07.2014 11:21:16,     264.6,     572.85,     269,     0.6,     5.5,     9.8,     18.5,     77.3,     1000.8,     142.01,     75.9,     87.9,     -1.9
69,     14.07.2014 11:31:16,     223.65,     468.33,     270,     2,     4.4,     7.6,     18.7,     76.8,     1000.9,     142.01,     255.9,     88,     -178
70,     14.07.2014 11:41:16,     379.05,     806.01,     273,     2.2,     5.4,     8.4,     18.7,     76,     1001,     142.01,     77.3,     87.9,     -2
71,     14.07.2014 11:51:16,     299.25,     635.16,     267,     1.7,     4.8,     8.1,     18.8,     76.3,     1001.1,     142.01,     256.1,     88,     -178
72,     14.07.2014 12:01:16,     388.5,     828.12,     273,     1.8,     4.6,     7.7,     18.9,     78.7,     1001.2,     142.01,     256.1,     88.1,     -178
73,     14.07.2014 12:11:17,     434.7,     922.59,     267,     2,     5.1,     8.3,     19,     76.9,     1001.3,     142.01,     255.5,     88,     -178.1,     13.233,     21.87,     68.1
74,     14.07.2014 12:21:17,     431.55,     916.56,     266,     2,     4.9,     7.6,     19.2,     76.3,     1001.3,     142.01,     256.2,     88.3,     -178.2
75,     14.07.2014 12:31:17,     470.4,     1000.98,     260,     2.2,     5.1,     11.2,     19.3,     76,     1001.4,     142.01,     256.6,     87.8,     -177.9
76,     14.07.2014 12:41:17,     330.75,     697.47,     270,     2.6,     6.1,     10.4,     19.4,     74.4,     1001.5,     142.01,     256.1,     88,     -178
77,     14.07.2014 12:51:17,     407.4,     872.34,     281,     2.6,     5.1,     10,     19.5,     72.1,     1001.5,     142.02,     76.4,     87.7,     -2.2
78,     14.07.2014 13:01:17,     402.15,     842.19,     279,     3.2,     6,     11.5,     19.7,     70.5,     1001.6,     142.02,     76.7,     87.9,     -2
79,     14.07.2014 13:11:16,     361.2,     759.78,     277,     2.8,     5.3,     9.9,     19.9,     72.7,     1001.7,     142.02,     257.4,     87.9,     -177.9,     13.249,     23.03,     67.8
80,     14.07.2014 13:21:16,     364.35,     771.84,     272,     1.8,     4.9,     9.6,     20,     71.9,     1001.7,     142.02,     255.7,     88,     -178
81,     14.07.2014 13:31:16,     402.15,     850.23,     275,     1.7,     5.8,     9.9,     20.1,     70.6,     1001.7,     142.02,     76.8,     87.9,     -1.9
82,     14.07.2014 13:41:16,     301.35,     631.14,     276,     1.2,     6.4,     11.9,     20.3,     71.2,     1001.8,     142.02,     255.9,     87.7,     -177.7
83,     14.07.2014 13:51:16,     533.4,     1075.35,     268,     2.2,     5.7,     9.9,     20.4,     68.8,     1001.9,     142.02,     256.7,     88,     -177.9
84,     14.07.2014 14:01:16,     472.5,     982.89,     284,     2.6,     5.9,     9.8,     20.6,     68.1,     1002,     142.02,     256.1,     87.7,     -177.7
85,     14.07.2014 14:11:22,     448.35,     920.58,     278,     2.9,     6.3,     10.9,     20.8,     68.1,     1002.1,     142.02,     76.9,     87.9,     -2,     13.266,     23.86,     67.6
86,     14.07.2014 14:21:22,     358.05,     725.61,     286,     3.1,     7,     12.5,     20.8,     64.9,     1002.1,     142.02,     256.3,     87.8,     -178
87,     14.07.2014 14:31:22,     357,     749.73,     280,     1.9,     5.7,     10.6,     20.8,     66.3,     1002.3,     142.02,     76.5,     87.7,     -2.1
88,     14.07.2014 14:41:22,     360.15,     759.78,     285,     2.5,     5,     8.6,     20.8,     67.6,     1002.4,     142.02,     255.8,     87.7,     -177.7
89,     14.07.2014 14:51:22,     466.2,     970.83,     278,     2.3,     5,     9.2,     20.9,     67.6,     1002.4,     142.02,     255.8,     87.7,     -177.8
90,     14.07.2014 15:01:22,     405.3,     860.28,     286,     2.1,     5.9,     11.3,     21.1,     67.8,     1002.4,     142.02,     77.4,     87.9,     -2
91,     14.07.2014 15:11:27,     427.35,     866.31,     274,     2.4,     6,     10.3,     21.1,     65.7,     1002.5,     142.02,     256.2,     87.9,     -177.9,     13.203,     24.29,     67.5
92,     14.07.2014 15:21:27,     526.05,     1079.37,     266,     2.1,     5.6,     9.9,     21.2,     66.3,     1002.5,     142.02,     256.1,     87.7,     -177.7
93,     14.07.2014 15:31:27,     307.65,     631.14,     274,     2.1,     5.5,     9.6,     21.3,     64.4,     1002.6,     142.02,     76.5,     87.6,     -2.1
94,     14.07.2014 15:41:27,     402.15,     830.13,     285,     2.9,     6.2,     9.9,     21.3,     63.9,     1002.7,     142.02,     76.8,     88,     -2
95,     14.07.2014 15:51:27,     316.05,     655.26,     279,     2.6,     5.3,     7.8,     21.5,     62.8,     1002.7,     142.02,     76.3,     88.1,     -1.8
96,     14.07.2014 16:01:27,     250.95,     528.63,     283,     2.4,     5.5,     9.8,     21.6,     60.5,     1002.8,     142.02,     76,     88.1,     -1.8
97,     14.07.2014 16:11:17,     114.45,     245.22,     292,     1.3,     4.7,     8.5,     21.5,     61,     1002.9,     142.02,     255.9,     88.1,     -178.2,     13.406,     24.65,     67.5
98,     14.07.2014 16:21:17,     183.75,     387.93,     292,     1.8,     3.9,     6.9,     21.3,     63.3,     1002.9,     142.02,     255.7,     88,     -178
99,     14.07.2014 16:31:17,     249.9,     512.55,     296,     2,     3.7,     6.1,     21.3,     62.9,     1003,     142.02,     255.5,     87.9,     -177.9
100,     14.07.2014 16:41:17,     338.1,     635.16,     300,     2.1,     4.2,     7.3,     21.5,     62.4,     1003.1,     142.02,     255.9,     87.9,     -177.9
101,     14.07.2014 16:51:17,     232.05,     476.37,     298,     0.9,     3.2,     5.2,     21.5,     60.9,     1003.2,     142.02,     255.6,     88,     -178
102,     14.07.2014 17:01:17,     234.15,     478.38,     291,     1.9,     3.9,     6.8,     21.5,     62.1,     1003.2,     142.02,     255.9,     87.8,     -177.8
103,     14.07.2014 17:11:17,     154.35,     317.58,     296,     1.6,     3.6,     6.4,     21.5,     61.6,     1003.2,     142.02,     255.6,     88.2,     -178.1,     13.440,     24.01,     67.8
104,     14.07.2014 17:21:17,     201.6,     414.06,     296,     1.4,     3.3,     6.3,     21.4,     61.7,     1003.2,     142.02,     255.5,     87.9,     -177.9
105,     14.07.2014 17:31:17,     182.7,     367.83,     299,     1.2,     2.9,     5.6,     21.5,     63.2,     1003.2,     142.02,     255.5,     87.9,     -177.9
106,     14.07.2014 17:41:17,     361.2,     711.54,     302,     0.5,     3.1,     5.5,     21.6,     61.8,     1003.4,     142.02,     255.6,     87.9,     -177.9
107,     14.07.2014 17:51:17,     138.6,     279.39,     305,     0.9,     3.1,     6.7,     21.7,     60.2,     1003.4,     142.02,     255.7,     87.9,     -177.9
108,     14.07.2014 18:01:17,     296.1,     548.73,     310,     0.4,     2.5,     4.8,     21.7,     60.1,     1003.5,     142.02,     255.5,     87.9,     -177.9
109,     14.07.2014 18:11:17,     311.85,     564.81,     304,     1.2,     3.3,     6.7,     21.9,     59.1,     1003.6,     142.02,     76.1,     88,     -1.9,     13.368,     24.15,     67.8
110,     14.07.2014 18:21:17,     235.2,     414.06,     304,     0.7,     3.4,     6.6,     21.9,     58.2,     1003.7,     142.02,     255.8,     87.9,     -177.9
111,     14.07.2014 18:31:17,     196.35,     343.71,     313,     0.2,     3.1,     6,     21.9,     60.3,     1003.7,     142.02,     255.5,     88,     -178
112,     14.07.2014 18:41:17,     156.45,     267.33,     310,     0.4,     2.2,     4.3,     21.8,     61.9,     1003.8,     142.02,     75.7,     87.9,     -2
113,     14.07.2014 18:51:17,     81.9,     178.89,     302,     0.6,     2.7,     5.2,     21.5,     62.6,     1003.9,     142.02,     255.6,     87.9,     -177.9
114,     14.07.2014 19:01:17,     67.2,     154.77,     300,     0.3,     2,     3.9,     21.3,     64.5,     1004,     142.02,     255.5,     88,     -178
115,     14.07.2014 19:11:16,     55.65,     122.61,     301,     0.7,     1.7,     2.8,     21.1,     65.6,     1004.1,     142.02,     255.4,     88,     -178,     13.415,     24.26,     67.9
116,     14.07.2014 19:21:16,     45.15,     110.55,     300,     0.7,     1.3,     1.9,     21,     67.1,     1004.1,     142.02,     255.5,     87.9,     -177.9
117,     14.07.2014 19:31:16,     22.05,     60.3,     288,     0.3,     1.1,     1.8,     20.8,     68.5,     1004.2,     142.02,     255.3,     87.9,     -177.9
118,     14.07.2014 19:41:16,     21,     50.25,     299,     0.5,     1.1,     1.9,     20.6,     69.6,     1004.3,     142.02,     255.2,     87.9,     -177.9
119,     14.07.2014 19:51:16,     13.65,     40.2,     304,     0.1,     0.9,     1.7,     20.4,     70.9,     1004.5,     142.02,     255.3,     87.9,     -177.9
120,     14.07.2014 20:01:16,     11.55,     28.14,     338,     0.1,     0.6,     1.4,     20.2,     71.7,     1004.6,     142.02,     255.3,     87.9,     -177.9
121,     14.07.2014 20:11:16,     7.35,     22.11,     328,     0,     0.5,     1,     20,     73.8,     1004.7,     142.02,     255.3,     88,     -178,     12.787,     21.58,     69.0
122,     14.07.2014 20:21:16,     4.2,     18.09,     300,     0.2,     0.8,     1.3,     19.7,     75.8,     1004.7,     142.02,     255.3,     87.9,     -177.9
123,     14.07.2014 20:31:16,     -1.05,     8.04,     327,     0.1,     0.6,     1,     19.5,     78.9,     1004.8,     142.02,     255.3,     88,     -177.9
124,     14.07.2014 20:41:16,     -3.15,     2.01,     0,     0,     0.4,     0.7,     19.2,     81.7,     1004.9,     142.02,     255.3,     88,     -178
125,     14.07.2014 20:51:16,     -3.15,     0,     169,     0,     0.5,     0.9,     18.5,     83.1,     1005.1,     142.02,     255.2,     88,     -178
126,     14.07.2014 21:01:16,     -5.25,     -4.02,     67,     0.1,     0.7,     1.6,     18.4,     84.3,     1005.2,     142.02,     255.3,     87.8,     -177.8
127,     14.07.2014 21:11:17,     -4.2,     -2.01,     334,     0.3,     0.8,     1.3,     18.3,     83.2,     1005.4,     142.02,     255.2,     87.9,     -177.9,     12.696,     19.00,     69.6
128,     14.07.2014 21:21:17,     -4.2,     -2.01,     312,     0.2,     1,     1.5,     18.2,     83.4,     1005.5,     142.02,     255.2,     87.9,     -177.9
129,     14.07.2014 21:31:17,     -4.2,     0,     319,     0,     0.6,     1.6,     18.2,     83.2,     1005.7,     142.02,     255.3,     88,     -178
130,     14.07.2014 21:41:17,     -3.15,     0,     348,     0,     0.6,     1.2,     18.1,     83.8,     1005.8,     142.02,     255.2,     88,     -177.9
131,     14.07.2014 21:51:17,     -4.2,     0,     307,     0,     0.6,     1.1,     18,     84.1,     1006,     142.02,     255.2,     87.9,     -177.9
132,     14.07.2014 22:01:17,     -3.15,     0,     200,     0,     0.6,     1.2,     17.8,     86.9,     1006.2,     142.02,     255.3,     87.9,     -177.9
133,     14.07.2014 22:11:16,     -4.2,     -4.02,     306,     0,     0.6,     1.5,     17.8,     86,     1006.4,     142.02,     255.3,     88,     -178,     12.650,     17.77,     69.9
134,     14.07.2014 22:21:16,     -4.2,     0,     333,     0,     0.9,     1.9,     17.8,     84.5,     1006.5,     142.02,     255.2,     88,     -178
135,     14.07.2014 22:31:16,     -4.2,     -2.01,     323,     0.1,     2.1,     3.8,     17.8,     81.1,     1006.6,     142.02,     255.3,     87.9,     -177.9
136,     14.07.2014 22:41:16,     -4.2,     -4.02,     322,     0.8,     2.8,     4.9,     18,     77.9,     1006.6,     142.02,     255.5,     87.9,     -177.9
137,     14.07.2014 22:51:16,     -5.25,     -2.01,     327,     0.6,     2,     3.7,     17.8,     78.7,     1006.7,     142.02,     255.2,     87.8,     -177.8
138,     14.07.2014 23:01:16,     -5.25,     0,     329,     0.5,     1.7,     3.3,     17.6,     79.3,     1006.8,     142.02,     255.1,     87.9,     -177.9
139,     14.07.2014 23:11:16,     -4.2,     0,     302,     0.2,     1.8,     3.4,     17.5,     78.2,     1006.8,     142.02,     255.2,     87.9,     -177.9,     12.624,     17.03,     69.9
140,     14.07.2014 23:21:16,     -4.2,     -2.01,     301,     1,     2.2,     3.4,     17.4,     78.8,     1006.9,     142.02,     255.2,     88,     -178
141,     14.07.2014 23:31:16,     -4.2,     -2.01,     299,     0.7,     1.9,     3,     17.4,     77.9,     1007.1,     142.02,     255.3,     87.9,     -177.9
142,     14.07.2014 23:41:16,     -5.25,     -2.01,     297,     0.9,     1.8,     3.2,     17.3,     78.6,     1007.1,     142.02,     255.2,     87.9,     -177.9
143,     14.07.2014 23:51:16,     -4.2,     -2.01,     303,     0.2,     1,     2,     17.2,     79.7,     1007.2,     142.02,     255.2,     87.9,     -177.9
144,     15.07.2014 00:01:21,     -4.2,     -2.01,     285,     0.1,     1,     1.7,     17.2,     80.9,     1007.3,     142.02,     255.2,     88,     -178,     12.516,     16.53,     70.0
(GSM ERROR Server Transfer: Error 129 / Signal:14 / 15.07.2014 00:01:22)
(GSM ERROR Server Transfer: Error 129 / Signal:14 / 15.07.2014 00:01:22)
(GSM ERROR Server Transfer: Error 129 / Signal:14 / 15.07.2014 00:01:22)
145,     15.07.2014 00:11:17,     -4.2,     0,     289,     0.1,     0.8,     1.7,     17.3,     81.1,     1007.4,     142.02,     255.2,     87.9,     -177.9,     12.465,     16.81,     68.9
146,     15.07.2014 00:21:17,     -5.25,     -2.01,     290,     0,     1.1,     1.9,     17.2,     80.8,     1007.5,     142.02,     255.1,     88,     -178
147,     15.07.2014 00:31:17,     -4.2,     -2.01,     284,     0,     0.9,     1.7,     17.3,     81.4,     1007.6,     142.02,     255.1,     88,     -178
148,     15.07.2014 00:41:17,     -5.25,     -2.01,     272,     0.1,     1.1,     1.9,     17.2,     80.5,     1007.6,     142.02,     255.1,     87.9,     -177.9
149,     15.07.2014 00:51:17,     -5.25,     -2.01,     269,     0.6,     1.2,     2,     17.2,     82.3,     1007.7,     142.02,     255.2,     87.9,     -177.9
150,     15.07.2014 01:01:17,     -4.2,     -2.01,     304,     0,     1.2,     2.6,     17,     81.3,     1007.8,     142.02,     255.3,     88,     -178
151,     15.07.2014 01:11:22,     -4.2,     0,     296,     0.2,     1.8,     3.1,     16.6,     82.6,     1007.8,     142.02,     255.2,     87.9,     -177.9,     12.552,     16.02,     70.0
152,     15.07.2014 01:21:22,     -3.15,     -2.01,     301,     0.4,     1.6,     2.7,     16.4,     83.9,     1007.9,     142.02,     255.2,     87.9,     -177.9
153,     15.07.2014 01:31:22,     -5.25,     0,     296,     0.1,     1.4,     2.8,     16.3,     84.9,     1007.9,     142.02,     255.2,     87.9,     -177.9
154,     15.07.2014 01:41:22,     -2.1,     0,     308,     0.1,     1.1,     2.8,     16.3,     85.6,     1008,     142.02,     255.2,     87.8,     -177.9
155,     15.07.2014 01:51:22,     -4.2,     0,     311,     0.1,     1,     2.5,     16.3,     85.8,     1008.1,     142.02,     255.1,     87.9,     -177.9
156,     15.07.2014 02:01:22,     -3.15,     -2.01,     297,     0.3,     2,     3.8,     16.5,     86.5,     1008.2,     142.02,     255.2,     88,     -178
157,     15.07.2014 02:11:22,     -2.1,     -2.01,     287,     0.7,     2.3,     3.7,     16.7,     85.4,     1008.3,     142.02,     255.4,     88,     -177.9,     12.522,     15.96,     70.1
158,     15.07.2014 02:21:22,     -2.1,     -2.01,     307,     0.4,     1.5,     3.3,     16.7,     85.1,     1008.3,     142.02,     255.3,     87.9,     -177.9
159,     15.07.2014 02:31:22,     -2.1,     -2.01,     300,     0.1,     1.7,     3.8,     16.8,     85.7,     1008.3,     142.02,     255.1,     87.9,     -177.9
160,     15.07.2014 02:41:22,     -2.1,     -2.01,     332,     0.1,     0.9,     2,     16.9,     85.3,     1008.3,     142.02,     255.2,     87.8,     -177.8
161,     15.07.2014 02:51:22,     -3.15,     -6.03,     309,     0.1,     1,     2,     16.9,     85.6,     1008.3,     142.02,     255.2,     88,     -178
162,     15.07.2014 03:01:22,     -5.25,     0,     281,     0.3,     1.2,     2,     16.9,     85.4,     1008.3,     142.02,     255.2,     87.9,     -177.9
163,     15.07.2014 03:11:16,     -4.2,     -2.01,     283,     0.1,     1.8,     3.3,     16.8,     85.2,     1008.4,     142.02,     255.2,     87.9,     -177.9,     12.484,     16.45,     69.9
164,     15.07.2014 03:21:16,     -3.15,     -4.02,     279,     0.5,     1.7,     2.6,     16.7,     85.9,     1008.5,     142.02,     255.2,     87.8,     -177.9
165,     15.07.2014 03:31:16,     -3.15,     -2.01,     273,     0.5,     1.5,     2.8,     16.8,     86.3,     1008.5,     142.02,     255.3,     87.9,     -177.9
166,     15.07.2014 03:41:16,     -3.15,     0,     279,     0.7,     1.7,     3,     16.7,     86,     1008.6,     142.02,     255.3,     87.8,     -177.9
167,     15.07.2014 03:51:16,     1.05,     6.03,     274,     0.4,     2,     3.3,     16.7,     86.2,     1008.8,     142.02,     255.3,     87.9,     -177.9
168,     15.07.2014 04:01:16,     2.1,     8.04,     283,     0.3,     1.9,     3.5,     16.5,     86.2,     1008.8,     142.02,     255.3,     87.9,     -178
169,     15.07.2014 04:11:16,     7.35,     14.07,     288,     0.4,     1.8,     3.1,     16.5,     86.4,     1008.9,     142.02,     255.2,     88,     -178,     12.465,     16.30,     70.0
170,     15.07.2014 04:21:16,     9.45,     20.1,     286,     0.2,     1.9,     3.1,     16.7,     86.7,     1009,     142.02,     255.2,     87.8,     -177.9
171,     15.07.2014 04:31:16,     12.6,     28.14,     282,     0.6,     1.9,     3.4,     16.8,     86.7,     1009.1,     142.02,     255.2,     87.9,     -177.9
172,     15.07.2014 04:41:16,     13.65,     30.15,     292,     0.4,     1.9,     3.7,     16.9,     86.8,     1009.2,     142.02,     255.3,     87.9,     -177.9
173,     15.07.2014 04:51:16,     12.6,     28.14,     290,     0.7,     1.8,     3,     16.8,     86.4,     1009.2,     142.02,     255.4,     87.9,     -177.9
174,     15.07.2014 05:01:16,     18.9,     40.2,     287,     0.8,     1.8,     3.4,     16.9,     86.6,     1009.2,     142.02,     255.2,     87.9,     -177.9
175,     15.07.2014 05:11:22,     28.35,     62.31,     289,     0.6,     1.8,     3.3,     16.9,     86.9,     1009.2,     142.02,     255.3,     87.9,     -177.9,     12.533,     17.05,     69.8
176,     15.07.2014 05:21:22,     42,     90.45,     290,     0.8,     1.8,     3,     16.9,     87.5,     1009.2,     142.02,     255.2,     88,     -178
177,     15.07.2014 05:31:22,     48.3,     106.53,     277,     0.8,     2.3,     3.8,     17,     87.4,     1009.3,     142.02,     255.5,     87.9,     -177.9
178,     15.07.2014 05:41:22,     22.05,     54.27,     297,     0.7,     2,     3.2,     17,     87,     1009.5,     142.02,     255.4,     88,     -178
179,     15.07.2014 05:51:22,     45.15,     98.49,     294,     1.4,     2.4,     3.8,     17,     87.2,     1009.5,     142.02,     255.4,     87.9,     -177.9
180,     15.07.2014 06:01:22,     66.15,     138.69,     295,     0.4,     2.3,     4.8,     17,     86.6,     1009.6,     142.02,     255.5,     87.9,     -177.9
181,     15.07.2014 06:11:16,     68.25,     140.7,     292,     0.3,     2.5,     4.1,     17,     86.7,     1009.7,     142.02,     255.4,     87.9,     -177.9,     12.866,     17.65,     69.7