Logger: #D10248 'TSK_Meteo' - USP_EXP2 (V2.10, Jan 24 2012)
No,     Time,     #1:W/m²:0,     #2:ÂµMol:(do.),     #5:deg:2,     #6:m/sMIN:(do.),     #7:m/sMIT:(do.),     #8:m/sMAX:(do.),     #9:Â°C:(do.),     #10:%:(do.),     #11:hPa:(do.),     #12:mm:(do.),     #14:AZ:3,     #15:EL:(do.),     #16:Roll:(do.),     #HK-Bat:V,     #HK-Temp:oC,     #HK-rH:%
(GSM Transfer OK / Signal:15)
1,     23.08.2014 00:11:17,     -3.15,     -4.02,     261,     1.4,     3.8,     7.2,     13.9,     76.6,     1001.9,     223.21,     256.6,     87.9,     -177.9,     12.507,     14.73,     68.5
2,     23.08.2014 00:21:17,     -5.25,     -4.02,     269,     2.2,     4.3,     7.6,     13.8,     76.7,     1001.9,     223.21,     256,     87.6,     -177.7
3,     23.08.2014 00:31:17,     -4.2,     -2.01,     277,     1.2,     4.7,     8.6,     13.7,     76.5,     1001.9,     223.21,     256.4,     88.1,     -178.1
4,     23.08.2014 00:41:17,     -4.2,     -2.01,     280,     1.6,     4.6,     8,     13.5,     76.6,     1001.9,     223.21,     255.8,     87.7,     -177.7
5,     23.08.2014 00:51:17,     -3.15,     -2.01,     280,     2.2,     4.6,     8.1,     13.4,     77.1,     1001.9,     223.21,     255.6,     87.7,     -177.7
6,     23.08.2014 01:01:17,     -5.25,     -2.01,     276,     2.1,     4.2,     8,     13.2,     77.2,     1001.8,     223.21,     255.6,     88,     -178
7,     23.08.2014 01:11:22,     -5.25,     -2.01,     288,     2.5,     4.2,     7.2,     13.1,     78.1,     1001.9,     223.21,     255.6,     87.9,     -177.9,     12.510,     13.43,     69.7
8,     23.08.2014 01:21:22,     -5.25,     -2.01,     285,     1,     3.5,     5.5,     12.8,     79,     1001.9,     223.21,     255.9,     88,     -178
9,     23.08.2014 01:31:22,     -4.2,     -2.01,     288,     1.7,     3.4,     6.1,     12.7,     80,     1001.9,     223.21,     255.8,     88,     -178
10,     23.08.2014 01:41:22,     -5.25,     -2.01,     280,     1.2,     3.3,     6.1,     12.7,     81.4,     1001.9,     223.21,     255.7,     87.9,     -177.9
11,     23.08.2014 01:51:22,     -3.15,     -2.01,     279,     1.5,     3.6,     5.9,     12.6,     80.9,     1001.9,     223.21,     256,     87.8,     -177.8
12,     23.08.2014 02:01:22,     -4.2,     -2.01,     288,     1.1,     3.4,     6.9,     12.5,     82.3,     1002,     223.21,     255.6,     88,     -178
13,     23.08.2014 02:11:16,     -4.2,     -2.01,     286,     0.8,     4.3,     7.9,     12.5,     81.4,     1001.9,     223.21,     256.3,     87.9,     -177.9,     12.463,     12.39,     70.0
14,     23.08.2014 02:21:16,     -4.2,     2.01,     282,     0.8,     4.3,     7.4,     12.5,     81.5,     1001.9,     223.21,     255.8,     87.9,     -177.9
15,     23.08.2014 02:31:16,     -2.1,     -2.01,     287,     1.3,     4,     6.7,     12.4,     80.9,     1001.8,     223.21,     255.7,     88.2,     -178.1
16,     23.08.2014 02:41:16,     -2.1,     -2.01,     280,     2,     4.3,     9.3,     12.5,     81.3,     1001.8,     223.21,     255.7,     87.8,     -177.8
17,     23.08.2014 02:51:16,     -1.05,     -4.02,     280,     1.1,     4.1,     8.4,     12.5,     81.6,     1001.9,     223.21,     255.5,     87.9,     -177.9
18,     23.08.2014 03:01:16,     -2.1,     -2.01,     286,     1.7,     3.7,     6.3,     12.4,     81.3,     1001.9,     223.21,     256,     87.8,     -177.8
19,     23.08.2014 03:11:21,     -2.1,     -4.02,     283,     2.1,     4.9,     8.7,     12.3,     80.3,     1001.9,     223.21,     76.4,     87.9,     -2,     12.429,     12.61,     69.9
20,     23.08.2014 03:21:21,     -1.05,     -2.01,     282,     1.9,     4.5,     8.7,     12.3,     81.3,     1001.8,     223.21,     256.1,     87.9,     -177.9
21,     23.08.2014 03:31:21,     -1.05,     -2.01,     285,     1.9,     5.2,     8.8,     12,     79.5,     1001.9,     223.21,     255.5,     87.7,     -177.8
22,     23.08.2014 03:41:21,     -2.1,     -2.01,     278,     1.8,     5.2,     9,     12,     81,     1001.9,     223.21,     256.6,     87.7,     -177.8
23,     23.08.2014 03:51:21,     -2.1,     0,     281,     1.3,     4.8,     8,     12.1,     81.2,     1001.9,     223.21,     255.4,     87.8,     -177.9
24,     23.08.2014 04:01:21,     -1.05,     0,     283,     1.2,     4,     6.7,     12.1,     80.7,     1002,     223.21,     255.1,     87.9,     -177.9
25,     23.08.2014 04:11:16,     -3.15,     -2.01,     281,     1.3,     4.3,     7.4,     11.9,     81.1,     1001.8,     223.21,     256.8,     87.9,     -177.9,     12.385,     12.75,     69.8
26,     23.08.2014 04:21:16,     -4.2,     -2.01,     275,     2,     4.5,     6.6,     11.8,     81.1,     1001.8,     223.21,     255.5,     87.9,     -177.9
27,     23.08.2014 04:31:16,     -3.15,     0,     282,     1.6,     3.6,     6.6,     11.7,     82.5,     1001.8,     223.21,     255.5,     87.9,     -177.9
28,     23.08.2014 04:41:16,     -3.15,     -2.01,     281,     1.6,     3.7,     6.2,     11.6,     81,     1001.8,     223.21,     255.4,     87.8,     -177.8
29,     23.08.2014 04:51:16,     -2.1,     0,     284,     0.6,     3.1,     5.2,     11.4,     81.2,     1001.9,     223.21,     255.7,     87.9,     -177.9
30,     23.08.2014 05:01:16,     1.05,     2.01,     278,     0.7,     3.7,     6,     11.5,     82.3,     1001.9,     223.21,     255.8,     87.9,     -177.9
31,     23.08.2014 05:11:16,     4.2,     8.04,     273,     2.1,     4.3,     6.5,     11.4,     81.3,     1002,     223.21,     256.1,     87.9,     -177.9,     12.353,     11.99,     70.1
32,     23.08.2014 05:21:16,     8.4,     20.1,     283,     2,     4.3,     8.1,     11.4,     82.6,     1002,     223.21,     256.1,     87.9,     -177.8
33,     23.08.2014 05:31:16,     18.9,     32.16,     284,     2.2,     4.2,     7.2,     11.3,     82.4,     1002.1,     223.21,     255.9,     88,     -178
34,     23.08.2014 05:41:16,     21,     36.18,     277,     2.1,     4.3,     6.7,     11.4,     83.5,     1002.2,     223.21,     256.3,     87.6,     -177.6
35,     23.08.2014 05:51:16,     29.4,     58.29,     290,     1.6,     4.3,     7.8,     11.3,     83.4,     1002.2,     223.21,     255.6,     87.8,     -177.9
36,     23.08.2014 06:01:16,     36.75,     74.37,     281,     1.3,     3.9,     6.9,     11.2,     81.8,     1002.2,     223.21,     255.6,     87.9,     -177.9
37,     23.08.2014 06:11:16,     32.55,     68.34,     283,     3,     5.9,     10.3,     11.2,     80.4,     1002.3,     223.21,     255.9,     87.7,     -177.7,     12.544,     12.17,     70.0
38,     23.08.2014 06:21:16,     48.3,     98.49,     291,     1.9,     4.3,     6.6,     11.3,     81.1,     1002.3,     223.21,     256,     87.8,     -177.8
39,     23.08.2014 06:31:16,     65.1,     138.69,     280,     2.2,     4.9,     7.6,     11.4,     81.7,     1002.3,     223.21,     256.4,     87.8,     -177.9
40,     23.08.2014 06:41:16,     81.9,     170.85,     293,     2,     4,     7.5,     11.4,     82.7,     1002.4,     223.21,     255.5,     87.9,     -177.9
41,     23.08.2014 06:51:16,     79.8,     170.85,     288,     0.9,     4.1,     7.7,     11.4,     80.6,     1002.5,     223.21,     255.8,     87.7,     -177.7
42,     23.08.2014 07:01:16,     120.75,     241.2,     284,     2.4,     4.4,     7.4,     11.4,     81.6,     1002.6,     223.21,     256.3,     87.9,     -177.9
43,     23.08.2014 07:11:16,     138.6,     273.36,     280,     1.8,     4.6,     7.4,     11.5,     80.9,     1002.7,     223.21,     256,     87.9,     -177.9,     13.300,     12.58,     69.9
44,     23.08.2014 07:21:16,     118.65,     249.24,     290,     2.5,     4.7,     7.1,     11.6,     80.1,     1002.6,     223.21,     255.6,     87.8,     -177.8
45,     23.08.2014 07:31:16,     353.85,     633.15,     283,     1.2,     4.8,     8.5,     11.8,     79.9,     1002.6,     223.21,     255.9,     87.9,     -177.9
46,     23.08.2014 07:41:16,     422.1,     763.8,     283,     1.7,     4.4,     7.6,     12,     79.4,     1002.8,     223.21,     256.5,     88.1,     -178.1
47,     23.08.2014 07:51:16,     157.5,     313.56,     282,     2.3,     4.5,     7.7,     12.1,     77.8,     1002.9,     223.21,     256.4,     87.9,     -178
48,     23.08.2014 08:01:16,     133.35,     263.31,     282,     1.6,     4.3,     7.8,     12.1,     78.4,     1003,     223.21,     256,     87.9,     -177.9
49,     23.08.2014 08:11:16,     213.15,     428.13,     275,     1,     4.7,     7.8,     12.1,     77.7,     1003,     223.21,     256.2,     88,     -178.1,     13.512,     15.91,     69.0
50,     23.08.2014 08:21:16,     337.05,     695.46,     281,     2,     4.3,     7.4,     12.3,     78.3,     1003,     223.21,     256.5,     88.1,     -178.1
51,     23.08.2014 08:31:16,     171.15,     333.66,     284,     1.5,     4.2,     6.8,     12.3,     76.8,     1003,     223.21,     256.4,     87.8,     -177.9
52,     23.08.2014 08:41:16,     224.7,     454.26,     278,     2.1,     4.3,     8.1,     12.4,     76.7,     1003.1,     223.21,     255.9,     87.9,     -178
53,     23.08.2014 08:51:16,     285.6,     562.8,     282,     2.2,     4.5,     7.6,     12.4,     76.2,     1003.1,     223.21,     256,     87.8,     -177.8
54,     23.08.2014 09:01:16,     161.7,     319.59,     285,     0.9,     4.4,     7.2,     12.7,     75.6,     1003.2,     223.21,     255.8,     87.9,     -177.9
55,     23.08.2014 09:11:16,     236.25,     466.32,     293,     2.1,     4.1,     7.8,     12.8,     72.4,     1003.3,     223.21,     255.8,     88,     -178,     13.451,     16.25,     68.9
56,     23.08.2014 09:21:16,     311.85,     639.18,     287,     2.1,     4.1,     7,     13,     74.2,     1003.3,     223.21,     256.5,     88,     -178
57,     23.08.2014 09:31:16,     292.95,     683.4,     275,     1.5,     4,     6.4,     13,     75.1,     1003.3,     223.21,     255.9,     87.9,     -177.9
58,     23.08.2014 09:41:16,     242.55,     498.48,     267,     1.2,     4.3,     6.9,     13.2,     73,     1003.3,     223.21,     256.6,     87.9,     -177.9
59,     23.08.2014 09:51:16,     606.9,     988.92,     274,     1.3,     4.3,     7.7,     13.6,     71.3,     1003.3,     223.21,     256,     87.9,     -178
60,     23.08.2014 10:01:16,     595.35,     916.56,     263,     2.1,     4.6,     7.8,     13.7,     69.1,     1003.3,     223.21,     256.3,     87.9,     -177.9
61,     23.08.2014 10:11:21,     795.9,     1517.55,     252,     3.3,     5.2,     7.7,     13.8,     68.1,     1003.2,     223.21,     77.3,     87.9,     -2.1,     13.383,     18.30,     68.1
62,     23.08.2014 10:21:21,     848.4,     1626.09,     269,     1.6,     4.4,     8.4,     14.1,     66.2,     1003.4,     223.21,     257,     88,     -178
63,     23.08.2014 10:31:21,     189,     369.84,     263,     2.1,     4.7,     8.6,     14.3,     66.9,     1003.5,     223.21,     76.6,     87.8,     -2.1
64,     23.08.2014 10:41:21,     343.35,     681.39,     288,     1.1,     4.5,     7.3,     14.4,     68.6,     1003.5,     223.21,     256.9,     87.8,     -177.7
65,     23.08.2014 10:51:21,     599.55,     1189.92,     285,     1.9,     4.8,     7.6,     14.4,     65.4,     1003.5,     223.21,     256.8,     88,     -178
66,     23.08.2014 11:01:21,     813.75,     1575.84,     272,     2.4,     4.4,     7.6,     14.5,     63.9,     1003.5,     223.21,     256.3,     87.8,     -177.8
67,     23.08.2014 11:11:16,     799.05,     1557.75,     272,     1.6,     4.6,     8.9,     14.7,     62.2,     1003.4,     223.21,     76.7,     87.7,     -2.2,     13.247,     19.15,     67.7
68,     23.08.2014 11:21:16,     179.55,     353.76,     283,     1.5,     4.4,     8.2,     14.9,     61.7,     1003.5,     223.21,     256.2,     87.9,     -177.9
69,     23.08.2014 11:31:16,     872.55,     1744.68,     283,     1.4,     3.6,     6.3,     14.9,     65.4,     1003.4,     223.21,     255.8,     87.8,     -177.8
70,     23.08.2014 11:41:16,     136.5,     269.34,     262,     1.6,     3.9,     7,     15.1,     62.6,     1003.4,     223.21,     256,     87.8,     -177.8
71,     23.08.2014 11:51:16,     179.55,     355.77,     281,     0.6,     3.4,     5.4,     15.1,     61.4,     1003.4,     223.21,     255.6,     87.9,     -177.9
72,     23.08.2014 12:01:16,     155.4,     317.58,     302,     0.9,     4,     6.6,     15.5,     60.2,     1003.3,     223.21,     256,     87.7,     -177.7
73,     23.08.2014 12:11:16,     321.3,     649.23,     298,     2.1,     4.6,     7,     15.5,     58.6,     1003.4,     223.21,     76.2,     87.8,     -2,     13.317,     18.89,     68.1
74,     23.08.2014 12:21:16,     313.95,     663.3,     288,     0.7,     3.7,     5.9,     15.6,     58.6,     1003.3,     223.21,     76.8,     88,     -1.9
75,     23.08.2014 12:31:16,     236.25,     478.38,     281,     1.9,     4.4,     8.9,     15.8,     56.4,     1003.2,     223.21,     256.5,     87.8,     -177.8
76,     23.08.2014 12:41:16,     600.6,     1218.06,     293,     2.2,     4.7,     8.6,     15.9,     52.8,     1003.2,     223.21,     256.1,     87.8,     -177.8
77,     23.08.2014 12:51:16,     900.9,     1712.52,     289,     2.7,     4.6,     7.6,     16.3,     51.8,     1003.2,     223.21,     76.2,     87.8,     -2.1
78,     23.08.2014 13:01:16,     336,     568.83,     275,     2.6,     4.6,     8.7,     16.4,     52,     1003.1,     223.21,     76.3,     87.8,     -2.2
79,     23.08.2014 13:11:17,     276.15,     564.81,     266,     2.2,     4.6,     7.2,     16.4,     51.2,     1003,     223.21,     76.2,     87.8,     -1.9,     13.330,     20.28,     67.3
80,     23.08.2014 13:21:17,     848.4,     1630.11,     275,     1.3,     4.1,     6.7,     16.4,     55.8,     1003.1,     223.21,     76.3,     87.8,     -2.1
81,     23.08.2014 13:31:17,     626.85,     1139.67,     276,     1.3,     4.1,     7.1,     16.5,     50.7,     1002.9,     223.21,     77.6,     88,     -1.9
82,     23.08.2014 13:41:17,     365.4,     739.68,     264,     2.2,     4.3,     8.5,     16.7,     50.3,     1003,     223.21,     77.5,     87.9,     -2
83,     23.08.2014 13:51:17,     781.2,     1316.55,     250,     2.7,     5.1,     8.5,     16.7,     50.8,     1002.9,     223.21,     76.6,     88,     -1.9
84,     23.08.2014 14:01:17,     866.25,     1660.26,     266,     2.6,     5.8,     9.2,     16.9,     48.2,     1003,     223.21,     256.2,     88.1,     -178.1
85,     23.08.2014 14:11:16,     585.9,     1071.33,     276,     2.1,     6.2,     10.8,     16.9,     50,     1003,     223.21,     76.7,     87.5,     -2.3,     13.326,     21.52,     67.0
86,     23.08.2014 14:21:16,     396.9,     836.16,     282,     3,     5.5,     8.4,     16.6,     52.4,     1003.1,     223.21,     77.1,     87.9,     -2
87,     23.08.2014 14:31:16,     303.45,     611.04,     282,     1.5,     3.7,     6.9,     16.8,     49.7,     1003.1,     223.21,     256.1,     88,     -178
88,     23.08.2014 14:41:16,     395.85,     799.98,     274,     1.6,     3.2,     6,     16.9,     51.3,     1003,     223.21,     255.7,     88,     -178
89,     23.08.2014 14:51:16,     157.5,     317.58,     273,     1.3,     4,     6.9,     16.8,     52.7,     1003.1,     223.21,     76.9,     87.7,     -2.1
90,     23.08.2014 15:01:16,     161.7,     323.61,     281,     1.9,     3.7,     7.2,     16.7,     50.8,     1003.1,     223.21,     256.2,     88,     -177.9
91,     23.08.2014 15:11:16,     294,     592.95,     285,     1.7,     3.7,     5.8,     16.7,     50,     1003.2,     223.21,     76.2,     87.7,     -2.1,     13.307,     20.42,     67.8
92,     23.08.2014 15:21:16,     220.5,     448.23,     299,     1,     3,     5.4,     16.9,     53.4,     1003.2,     223.21,     255.6,     87.9,     -177.9
93,     23.08.2014 15:31:16,     80.85,     156.78,     291,     1.3,     3.5,     7.7,     16.9,     52.1,     1003.2,     223.21,     255.9,     87.8,     -177.9
94,     23.08.2014 15:41:16,     98.7,     192.96,     295,     1.1,     2.8,     4.2,     16.8,     52.4,     1003.2,     223.21,     255.7,     88,     -178
95,     23.08.2014 15:51:16,     128.1,     259.29,     312,     0.8,     2.5,     4.2,     16.7,     53.1,     1003.2,     223.21,     255.7,     87.9,     -177.9
96,     23.08.2014 16:01:16,     106.05,     213.06,     337,     1.2,     3.1,     4.7,     16.5,     53,     1003.2,     223.21,     255.8,     87.8,     -177.8
97,     23.08.2014 16:11:16,     110.25,     225.12,     318,     0.2,     1.7,     3.4,     16.5,     55.9,     1003.2,     223.21,     255.6,     87.8,     -177.8,     13.461,     19.15,     68.4
98,     23.08.2014 16:21:16,     117.6,     237.18,     305,     0.2,     2,     3.9,     16.5,     54.6,     1003.2,     223.21,     255.7,     87.8,     -177.8
99,     23.08.2014 16:31:16,     129.15,     259.29,     331,     0.5,     1.7,     3.2,     16.5,     53.9,     1003.1,     223.21,     255.4,     88,     -178
100,     23.08.2014 16:41:16,     99.75,     192.96,     331,     0.6,     2.1,     3.5,     16.6,     53.6,     1003.1,     223.21,     255.4,     88,     -178
101,     23.08.2014 16:51:16,     110.25,     231.15,     298,     0.2,     1.3,     2.5,     16.6,     52,     1003.1,     223.21,     255.3,     87.9,     -177.9
102,     23.08.2014 17:01:16,     69.3,     136.68,     316,     0.2,     1.5,     4,     16.7,     55.6,     1003.1,     223.21,     75.9,     88,     -1.9
103,     23.08.2014 17:11:16,     55.65,     102.51,     352,     1.3,     3.5,     5.1,     16.4,     56.5,     1003.2,     223.21,     255.7,     88.1,     -178.1,     13.512,     18.42,     68.6
104,     23.08.2014 17:21:16,     115.5,     225.12,     350,     1.7,     3.3,     7.1,     16.2,     57.8,     1003.3,     223.21,     76.1,     87.7,     -2.1
105,     23.08.2014 17:31:16,     110.25,     196.98,     351,     2,     3.7,     6.4,     15.7,     55.8,     1003.4,     223.21,     255.6,     88,     -178
106,     23.08.2014 17:41:16,     172.2,     277.38,     352,     2.1,     3.3,     4.9,     15.6,     58.9,     1003.4,     223.21,     255.5,     88.1,     -178
107,     23.08.2014 17:51:16,     80.85,     154.77,     5,     1,     2.3,     3.7,     15.5,     56.3,     1003.4,     223.21,     255.5,     87.9,     -177.9
108,     23.08.2014 18:01:16,     47.25,     108.54,     2,     0.6,     1.5,     2.4,     15.6,     57.9,     1003.3,     223.21,     255.4,     88,     -178
109,     23.08.2014 18:11:17,     33.6,     84.42,     351,     1,     1.8,     3.2,     15.3,     60,     1003.3,     223.21,     255.5,     87.8,     -177.8,     13.525,     17.57,     68.6
110,     23.08.2014 18:21:17,     29.4,     72.36,     356,     1.1,     1.8,     2.8,     15.1,     60.5,     1003.3,     223.21,     255.4,     87.9,     -177.9
111,     23.08.2014 18:31:17,     32.55,     70.35,     340,     0.6,     1.4,     2.4,     14.8,     62.9,     1003.4,     223.21,     255.4,     87.9,     -177.9
112,     23.08.2014 18:41:17,     25.2,     60.3,     333,     0,     0.6,     1.4,     14.6,     65.1,     1003.3,     223.21,     255.5,     87.9,     -177.9
113,     23.08.2014 18:51:17,     12.6,     36.18,     334,     0.3,     0.9,     1.4,     14.5,     68.1,     1003.4,     223.21,     255.4,     87.9,     -177.9
114,     23.08.2014 19:01:17,     6.3,     24.12,     334,     0.7,     1.3,     2,     14.2,     67.1,     1003.5,     223.21,     255.4,     87.9,     -177.9
115,     23.08.2014 19:11:17,     2.1,     14.07,     335,     0.2,     0.8,     1.6,     14.1,     71.7,     1003.5,     223.21,     255.4,     87.8,     -177.9,     12.766,     15.09,     69.4
116,     23.08.2014 19:21:17,     -2.1,     6.03,     314,     0.4,     0.9,     1.6,     13.9,     71,     1003.6,     223.21,     255.4,     87.8,     -177.9
117,     23.08.2014 19:31:17,     -3.15,     2.01,     288,     0.1,     0.9,     1.6,     13.7,     71.3,     1003.5,     223.21,     255.3,     88,     -178
118,     23.08.2014 19:41:17,     -5.25,     -2.01,     343,     0.1,     0.8,     1.2,     13.5,     72.3,     1003.6,     223.21,     255.3,     88,     -178
119,     23.08.2014 19:51:17,     -4.2,     0,     338,     0.5,     0.9,     1.3,     13.2,     74.2,     1003.7,     223.21,     255.3,     87.9,     -177.9
120,     23.08.2014 20:01:17,     -4.2,     -2.01,     321,     0.2,     0.8,     1.2,     13.1,     72.8,     1003.7,     223.21,     255.3,     87.9,     -177.9
121,     23.08.2014 20:11:21,     -4.2,     -2.01,     272,     0,     0.8,     1.3,     13.2,     79.2,     1003.8,     223.21,     255.3,     87.9,     -177.9,     12.658,     13.00,     69.9
122,     23.08.2014 20:21:21,     -5.25,     -2.01,     209,     0,     0.7,     1.5,     12.8,     81,     1003.8,     223.21,     255.4,     88,     -178
123,     23.08.2014 20:31:21,     -3.15,     0,     304,     0.2,     0.7,     1.1,     12.7,     77.4,     1003.8,     223.21,     255.4,     88,     -178
124,     23.08.2014 20:41:21,     -3.15,     0,     286,     0.2,     0.9,     1.5,     12.7,     74.6,     1003.9,     223.21,     255.4,     87.9,     -177.9
125,     23.08.2014 20:51:21,     -3.15,     -2.01,     212,     0.2,     1,     1.4,     12.4,     80.5,     1004,     223.21,     255.3,     87.9,     -177.9
126,     23.08.2014 21:01:21,     -3.15,     -2.01,     207,     0.3,     0.9,     1.5,     12.4,     81.3,     1004.1,     223.21,     255.4,     87.9,     -177.9
127,     23.08.2014 21:11:23,     -1.05,     -2.01,     240,     0,     0.6,     1.2,     12.5,     79,     1004.1,     223.21,     255.4,     87.9,     -177.9,     12.637,     12.03,     70.2
128,     23.08.2014 21:21:23,     -2.1,     -2.01,     299,     0.3,     0.7,     1.5,     12.5,     75.9,     1004.1,     223.21,     255.3,     87.9,     -177.9
129,     23.08.2014 21:31:23,     -2.1,     -2.01,     297,     0.2,     1.5,     3,     12.7,     74.4,     1004.2,     223.21,     255.3,     87.9,     -177.9
130,     23.08.2014 21:41:23,     -3.15,     0,     295,     0.1,     1.2,     2.4,     12.8,     74.2,     1004.3,     223.21,     255.4,     87.8,     -177.8
131,     23.08.2014 21:51:23,     -3.15,     -2.01,     295,     0.4,     1.1,     1.7,     12.9,     74.2,     1004.4,     223.21,     255.3,     88,     -178
132,     23.08.2014 22:01:23,     -2.1,     0,     306,     0.5,     1.3,     1.9,     12.9,     71.6,     1004.4,     223.21,     255.3,     87.9,     -177.9
133,     23.08.2014 22:11:23,     -4.2,     -2.01,     333,     0.2,     1,     2.1,     12.9,     73.2,     1004.4,     223.21,     255.3,     87.9,     -177.9,     12.588,     12.31,     70.0
134,     23.08.2014 22:21:23,     -2.1,     -2.01,     306,     0.1,     1,     2.1,     12.8,     73.9,     1004.4,     223.21,     255.4,     88,     -178
135,     23.08.2014 22:31:23,     -2.1,     -2.01,     299,     0,     1.2,     2.2,     12.7,     74.5,     1004.5,     223.22,     255.4,     87.9,     -177.9
136,     23.08.2014 22:41:23,     -4.2,     -2.01,     301,     0.5,     1.3,     2.2,     12.7,     75.5,     1004.4,     224.06,     255.3,     88,     -178
137,     23.08.2014 22:51:23,     -1.05,     0,     309,     0.5,     1.1,     1.7,     12.5,     76.6,     1004.4,     224.06,     255.3,     87.7,     -177.8
138,     23.08.2014 23:01:23,     -2.1,     -4.02,     292,     0.2,     1.1,     2.1,     12.5,     76.8,     1004.4,     224.06,     255.3,     87.8,     -177.8
139,     23.08.2014 23:11:16,     0,     2.01,     290,     0.5,     1.3,     2.3,     12.6,     75.8,     1004.4,     224.06,     255.4,     87.9,     -177.9,     12.586,     12.29,     70.0
140,     23.08.2014 23:21:16,     -3.15,     -2.01,     268,     0.3,     1.2,     1.8,     12.7,     78,     1004.4,     224.06,     255.3,     87.9,     -177.9
141,     23.08.2014 23:31:16,     -3.15,     -2.01,     230,     0.5,     1.5,     2.5,     12.7,     79.7,     1004.4,     224.06,     255.4,     87.8,     -177.8
142,     23.08.2014 23:41:16,     -2.1,     0,     240,     0.2,     1.3,     2.1,     12.6,     80,     1004.5,     224.06,     255.4,     88,     -178
143,     23.08.2014 23:51:16,     -1.05,     -2.01,     276,     0.5,     1.8,     3.7,     12.6,     74.2,     1004.5,     224.06,     255.4,     87.9,     -177.9
144,     24.08.2014 00:01:22,     -4.2,     -2.01,     294,     0.9,     1.9,     3.2,     12.7,     74.4,     1004.5,     224.06,     255.3,     87.8,     -177.8,     12.476,     12.33,     70.0