Logger: #D10248 'TSK_Meteo' - USP_EXP2 (V2.10, Jan 24 2012)
No,     Time,     #1:W/m²:0,     #2:ÂµMol:(do.),     #5:deg:2,     #6:m/sMIN:(do.),     #7:m/sMIT:(do.),     #8:m/sMAX:(do.),     #9:Â°C:(do.),     #10:%:(do.),     #11:hPa:(do.),     #12:mm:(do.),     #14:AZ:3,     #15:EL:(do.),     #16:Roll:(do.),     #HK-Bat:V,     #HK-Temp:oC,     #HK-rH:%
(GSM Transfer OK / Signal:16)
1,     13.11.2014 00:11:16,     -2.1,     -2.01,     56,     0.3,     1.1,     1.7,     9.9,     91.4,     1000.7,     323.71,     253.3,     88,     -177.9,     12.259,     11.12,     80.8
2,     13.11.2014 00:21:16,     -2.1,     -2.01,     82,     0.4,     0.8,     1.4,     9.8,     91.4,     1000.8,     323.71,     253.4,     88,     -178
3,     13.11.2014 00:31:16,     -1.05,     0,     93,     0.2,     0.8,     1.4,     9.8,     91.5,     1001,     323.71,     253.2,     88,     -178
4,     13.11.2014 00:41:16,     0,     -2.01,     76,     0.2,     0.8,     1.4,     9.8,     91.6,     1001,     323.71,     253.3,     88,     -178
5,     13.11.2014 00:51:16,     -2.1,     -2.01,     61,     0.4,     1.1,     1.8,     9.7,     91.7,     1001,     323.71,     253.4,     88,     -178
6,     13.11.2014 01:01:16,     -1.05,     -4.02,     48,     0.3,     1.1,     1.8,     9.7,     91.7,     1001.1,     323.71,     253.3,     88,     -178
7,     13.11.2014 01:11:21,     -2.1,     -4.02,     34,     0.5,     1.1,     1.7,     9.7,     91.8,     1001.2,     323.71,     253.4,     88,     -178,     12.327,     10.55,     82.4
8,     13.11.2014 01:21:21,     -1.05,     0,     21,     0.6,     0.9,     1.3,     9.7,     91.8,     1001.3,     323.71,     253.3,     88,     -178
9,     13.11.2014 01:31:21,     -1.05,     0,     38,     0.5,     0.9,     1.4,     9.7,     91.8,     1001.4,     323.71,     253.4,     88,     -178
10,     13.11.2014 01:41:21,     -1.05,     -2.01,     75,     0.4,     0.9,     1.5,     9.7,     91.7,     1001.5,     323.71,     253.4,     88,     -178
11,     13.11.2014 01:51:21,     -2.1,     -4.02,     97,     0,     0.6,     1,     9.7,     91.7,     1001.6,     323.71,     253.4,     88.1,     -178
12,     13.11.2014 02:01:21,     -1.05,     -2.01,     101,     0.5,     0.9,     1.3,     9.6,     91.8,     1001.7,     323.71,     253.4,     88,     -178
13,     13.11.2014 02:11:22,     -1.05,     -2.01,     104,     0.4,     0.9,     1.6,     9.6,     91.8,     1001.7,     323.71,     253.4,     88,     -178,     12.329,     10.37,     82.5
14,     13.11.2014 02:21:22,     -1.05,     -2.01,     111,     0.2,     0.6,     1.1,     9.6,     91.8,     1001.8,     323.71,     253.4,     87.9,     -177.9
15,     13.11.2014 02:31:22,     -1.05,     -2.01,     103,     0.2,     0.6,     1,     9.6,     91.8,     1001.8,     323.71,     253.4,     88,     -178
16,     13.11.2014 02:41:22,     -1.05,     0,     102,     0.2,     0.7,     1.1,     9.6,     91.8,     1001.7,     323.71,     253.3,     88,     -178
17,     13.11.2014 02:51:22,     -1.05,     0,     64,     0,     0.6,     1,     9.7,     91.8,     1001.7,     323.71,     253.4,     88,     -178
18,     13.11.2014 03:01:22,     -2.1,     -2.01,     76,     0.4,     0.8,     1.3,     9.6,     91.8,     1001.7,     323.71,     253.3,     88,     -178
19,     13.11.2014 03:11:17,     -1.05,     -2.01,     65,     0.1,     0.7,     1.4,     9.6,     91.8,     1001.8,     323.71,     253.4,     88,     -178,     12.312,     10.31,     82.6
20,     13.11.2014 03:21:17,     -2.1,     -2.01,     51,     0.2,     0.7,     1,     9.7,     91.8,     1001.8,     323.71,     253.4,     88,     -178
21,     13.11.2014 03:31:17,     0,     0,     32,     0.4,     0.9,     1.3,     9.7,     91.8,     1001.8,     323.71,     253.4,     87.9,     -177.9
22,     13.11.2014 03:41:17,     -1.05,     -2.01,     24,     0.8,     1.2,     1.6,     9.7,     91.7,     1001.8,     323.71,     253.4,     88,     -178
23,     13.11.2014 03:51:17,     -1.05,     -2.01,     33,     0.9,     1.2,     1.6,     9.7,     91.7,     1001.8,     323.71,     253.3,     87.9,     -177.9
24,     13.11.2014 04:01:17,     -2.1,     -2.01,     41,     0.8,     1.2,     1.6,     9.6,     91.6,     1001.8,     323.71,     253.3,     88,     -178
25,     13.11.2014 04:11:16,     -1.05,     -2.01,     56,     0.6,     1.1,     1.8,     9.6,     91.5,     1001.9,     323.71,     253.3,     88.1,     -178.1,     12.323,     10.31,     82.6
26,     13.11.2014 04:21:16,     -2.1,     -2.01,     84,     0.1,     0.8,     1.7,     9.6,     91.6,     1001.9,     323.71,     253.3,     88,     -178
27,     13.11.2014 04:31:16,     -1.05,     0,     86,     0.1,     0.8,     1.6,     9.6,     91.6,     1002,     323.71,     253.4,     87.9,     -177.9
28,     13.11.2014 04:41:16,     -1.05,     -2.01,     91,     0,     0.4,     1,     9.6,     91.6,     1002.1,     323.71,     253.3,     87.9,     -177.9
29,     13.11.2014 04:51:16,     -1.05,     -2.01,     61,     0.1,     0.6,     1.2,     9.6,     91.7,     1002.1,     323.71,     253.4,     88,     -178
30,     13.11.2014 05:01:16,     -2.1,     -2.01,     65,     0.2,     0.5,     1,     9.6,     91.7,     1002.3,     323.71,     253.4,     87.9,     -177.9
31,     13.11.2014 05:11:21,     -2.1,     -2.01,     53,     0.2,     0.6,     1,     9.6,     91.7,     1002.2,     323.71,     253.4,     88,     -178,     12.317,     10.23,     82.6
32,     13.11.2014 05:21:21,     -1.05,     -2.01,     60,     0.3,     0.8,     1.5,     9.6,     91.7,     1002.3,     323.71,     253.4,     88,     -178
33,     13.11.2014 05:31:21,     -1.05,     -2.01,     92,     0.4,     0.7,     1.3,     9.6,     91.7,     1002.3,     323.71,     253.4,     87.9,     -177.9
34,     13.11.2014 05:41:21,     0,     0,     73,     0.3,     0.9,     1.7,     9.6,     91.7,     1002.4,     323.71,     253.3,     88,     -178
35,     13.11.2014 05:51:21,     -1.05,     0,     93,     0,     0.7,     1.2,     9.6,     91.8,     1002.5,     323.71,     253.3,     88,     -178
36,     13.11.2014 06:01:21,     -1.05,     -2.01,     94,     0,     0.3,     0.7,     9.6,     91.8,     1002.7,     323.71,     253.4,     87.9,     -177.9
37,     13.11.2014 06:11:16,     -1.05,     -2.01,     92,     0,     0.4,     0.9,     9.6,     91.8,     1002.7,     323.71,     253.3,     87.9,     -177.9,     12.319,     10.20,     82.7
38,     13.11.2014 06:21:16,     1.05,     0,     136,     0.1,     0.6,     1.2,     9.6,     91.7,     1002.8,     323.71,     253.4,     88,     -178
39,     13.11.2014 06:31:16,     -2.1,     -2.01,     151,     0.3,     0.7,     1.3,     9.5,     91.6,     1003,     323.71,     253.4,     87.9,     -177.9
40,     13.11.2014 06:41:16,     0,     0,     176,     0.2,     0.8,     1.6,     9.5,     91.4,     1003.2,     323.71,     253.3,     88,     -178
41,     13.11.2014 06:51:16,     -2.1,     -2.01,     162,     0.1,     0.8,     1.7,     9.5,     91.2,     1003.3,     323.71,     253.4,     87.9,     -177.9
42,     13.11.2014 07:01:16,     -1.05,     -2.01,     168,     0.1,     0.8,     1.4,     9.5,     91.1,     1003.5,     323.71,     253.4,     88,     -177.9
43,     13.11.2014 07:11:16,     -1.05,     -2.01,     189,     0.1,     0.7,     1.2,     9.5,     91,     1003.6,     323.71,     253.4,     87.9,     -177.9,     12.315,     10.13,     82.7
44,     13.11.2014 07:21:16,     -1.05,     0,     172,     0.3,     0.8,     1.4,     9.5,     90.9,     1003.7,     323.71,     253.4,     88,     -178
45,     13.11.2014 07:31:16,     0,     2.01,     179,     0,     0.4,     1,     9.5,     90.9,     1003.9,     323.71,     253.5,     88,     -178
46,     13.11.2014 07:41:16,     1.05,     2.01,     265,     0.4,     1.1,     1.9,     9.5,     90.8,     1003.9,     323.71,     253.5,     88,     -178
47,     13.11.2014 07:51:16,     1.05,     4.02,     313,     0,     1.1,     2.2,     9.6,     90.7,     1004,     323.71,     253.3,     87.9,     -177.9
48,     13.11.2014 08:01:16,     5.25,     14.07,     334,     0.1,     0.8,     1.7,     9.6,     90.7,     1004,     323.71,     253.4,     88.1,     -178
49,     13.11.2014 08:11:16,     9.45,     20.1,     32,     0.1,     0.6,     0.9,     9.6,     90.5,     1004,     323.71,     253.4,     88,     -178,     12.325,     10.19,     82.7
50,     13.11.2014 08:21:16,     9.45,     20.1,     15,     0.1,     0.7,     1.4,     9.6,     90.5,     1004.2,     323.71,     253.3,     88,     -178
51,     13.11.2014 08:31:16,     13.65,     30.15,     58,     0.2,     0.6,     1.3,     9.6,     90.6,     1004.2,     323.71,     253.4,     88,     -178
52,     13.11.2014 08:41:16,     14.7,     32.16,     94,     0.4,     0.8,     1.1,     9.6,     90.7,     1004.2,     323.71,     253.3,     87.9,     -177.9
53,     13.11.2014 08:51:16,     21,     46.23,     104,     0,     0.6,     1.2,     9.6,     90.6,     1004.3,     323.71,     253.3,     88,     -178
54,     13.11.2014 09:01:16,     16.8,     36.18,     124,     0,     0.4,     0.9,     9.6,     90.5,     1004.4,     323.71,     253.4,     88,     -178
55,     13.11.2014 09:11:16,     11.55,     28.14,     111,     0,     0.3,     0.8,     9.7,     90.4,     1004.4,     323.71,     253.4,     88,     -178,     12.361,     10.49,     82.6
56,     13.11.2014 09:21:16,     13.65,     36.18,     134,     0,     0.6,     1.2,     9.7,     90.5,     1004.5,     323.71,     253.4,     88,     -178
57,     13.11.2014 09:31:16,     21,     50.25,     165,     0.1,     0.5,     1.2,     9.7,     90.7,     1004.5,     323.71,     253.4,     88,     -178
58,     13.11.2014 09:41:16,     26.25,     60.3,     161,     0.2,     0.7,     1.3,     9.7,     90.9,     1004.6,     323.71,     253.4,     88,     -178
59,     13.11.2014 09:51:16,     19.95,     46.23,     184,     0,     0.4,     1.1,     9.7,     91,     1004.6,     323.71,     253.4,     88,     -177.9
60,     13.11.2014 10:01:16,     25.2,     58.29,     207,     0,     0.2,     0.5,     9.8,     91,     1004.7,     323.71,     253.4,     88,     -178
61,     13.11.2014 10:11:16,     26.25,     60.3,     182,     0,     0.5,     0.9,     9.7,     91,     1004.8,     323.71,     253.2,     88,     -178.1,     12.463,     10.77,     82.5
62,     13.11.2014 10:21:16,     26.25,     60.3,     163,     0.1,     0.5,     1.3,     9.8,     91.1,     1004.9,     323.71,     253.4,     88,     -178
63,     13.11.2014 10:31:16,     25.2,     60.3,     158,     0.1,     0.7,     1.3,     9.8,     91.2,     1004.9,     323.71,     253.3,     87.9,     -177.9
64,     13.11.2014 10:41:16,     28.35,     66.33,     190,     0.3,     0.8,     1.2,     9.7,     91.2,     1004.9,     323.71,     253.5,     88,     -178
65,     13.11.2014 10:51:16,     35.7,     82.41,     173,     0.1,     0.6,     1.2,     9.7,     91.3,     1004.9,     323.71,     253.4,     88,     -178
66,     13.11.2014 11:01:16,     43.05,     94.47,     130,     0.2,     0.6,     1.2,     9.8,     91.2,     1004.9,     323.71,     253.4,     88,     -178
67,     13.11.2014 11:11:16,     45.15,     100.5,     65,     0,     0.2,     0.5,     9.9,     91.2,     1004.9,     323.71,     253.4,     88,     -177.9,     12.611,     11.09,     82.5
68,     13.11.2014 11:21:16,     45.15,     102.51,     276,     0,     0.3,     0.8,     10,     90.9,     1005.1,     323.71,     253.4,     88,     -177.9
69,     13.11.2014 11:31:16,     55.65,     124.62,     199,     0,     0.2,     0.7,     10,     90.8,     1005.1,     323.71,     253.5,     87.9,     -177.9
70,     13.11.2014 11:41:16,     60.9,     134.67,     58,     0,     0.2,     0.6,     10.1,     90.2,     1005.1,     323.71,     253.5,     88.1,     -178.1
71,     13.11.2014 11:51:16,     64.05,     140.7,     358,     0.1,     0.3,     0.7,     10.1,     89.9,     1005.2,     323.71,     253.4,     87.9,     -177.9
72,     13.11.2014 12:01:16,     58.8,     132.66,     26,     0,     0.4,     0.8,     10.1,     89.9,     1005.2,     323.71,     253.3,     87.9,     -177.9
73,     13.11.2014 12:11:16,     50.4,     114.57,     34,     0.1,     0.5,     0.9,     10.1,     89.7,     1005.2,     323.71,     253.4,     88,     -177.9,     12.433,     11.87,     82.2
74,     13.11.2014 12:21:16,     35.7,     82.41,     52,     0.1,     0.6,     1.4,     10.1,     90,     1005.4,     323.71,     253.5,     87.9,     -177.9
75,     13.11.2014 12:31:16,     34.65,     80.4,     86,     0,     0.5,     1.3,     10.2,     90.1,     1005.5,     323.71,     253.3,     88,     -178
76,     13.11.2014 12:41:16,     40.95,     92.46,     76,     0.2,     0.9,     1.5,     10.1,     90,     1005.5,     323.71,     253.4,     88,     -178
77,     13.11.2014 12:51:16,     48.3,     108.54,     66,     0.4,     0.9,     1.7,     10.1,     90.1,     1005.7,     323.71,     253.5,     88,     -177.9
78,     13.11.2014 13:01:16,     32.55,     74.37,     67,     0.1,     0.7,     1.4,     10.1,     89.9,     1005.8,     323.71,     253.4,     87.8,     -177.9
79,     13.11.2014 13:11:16,     27.3,     62.31,     70,     0.1,     0.8,     1.5,     10.2,     89.7,     1005.9,     323.71,     253.5,     88,     -178,     12.495,     11.93,     82.1
80,     13.11.2014 13:21:16,     29.4,     66.33,     73,     0.2,     0.8,     1.5,     10.2,     89.7,     1006,     323.71,     253.4,     88,     -178
81,     13.11.2014 13:31:16,     30.45,     68.34,     75,     0.5,     0.9,     1.4,     10.2,     89.3,     1006,     323.71,     253.5,     87.9,     -177.9
82,     13.11.2014 13:41:16,     21,     50.25,     62,     0.3,     0.8,     1.5,     10.2,     89.4,     1006.1,     323.71,     253.4,     88,     -178
83,     13.11.2014 13:51:16,     19.95,     46.23,     86,     0.5,     1,     1.7,     10.2,     89.4,     1006.2,     323.71,     253.4,     87.8,     -177.9
84,     13.11.2014 14:01:16,     16.8,     40.2,     98,     0.3,     1,     1.7,     10.2,     89.5,     1006.3,     323.71,     253.4,     88,     -178
85,     13.11.2014 14:11:16,     17.85,     40.2,     61,     0.4,     0.8,     1.5,     10.2,     89.5,     1006.4,     323.71,     253.4,     87.9,     -177.9,     12.488,     11.62,     82.3
86,     13.11.2014 14:21:16,     17.85,     40.2,     61,     0.4,     0.8,     1.5,     10.2,     89.6,     1006.4,     323.71,     253.3,     88.1,     -178
87,     13.11.2014 14:31:16,     16.8,     40.2,     75,     0.5,     0.9,     1.4,     10.2,     89.6,     1006.4,     323.71,     253.4,     88,     -178
88,     13.11.2014 14:41:16,     21,     48.24,     65,     0.4,     0.8,     1.3,     10.2,     89.7,     1006.4,     323.71,     253.4,     88,     -178
89,     13.11.2014 14:51:16,     15.75,     34.17,     44,     0.3,     1.1,     1.9,     10.1,     89.7,     1006.5,     323.71,     253.4,     88,     -178
90,     13.11.2014 15:01:16,     12.6,     26.13,     38,     0.6,     1.1,     1.5,     10.1,     89.7,     1006.5,     323.71,     253.5,     88,     -178
91,     13.11.2014 15:11:17,     11.55,     26.13,     20,     0.9,     1.3,     1.8,     10.1,     89.9,     1006.6,     323.71,     253.4,     88,     -178,     12.395,     11.34,     82.4
92,     13.11.2014 15:21:17,     6.3,     18.09,     35,     0.9,     1.2,     1.6,     10.1,     90,     1006.6,     323.71,     253.4,     88,     -178
93,     13.11.2014 15:31:17,     4.2,     12.06,     50,     0.6,     1.1,     1.7,     10.1,     89.9,     1006.6,     323.71,     253.5,     88.1,     -178.1
94,     13.11.2014 15:41:17,     4.2,     12.06,     52,     0.7,     1.3,     1.9,     10.1,     90,     1006.6,     323.71,     253.4,     87.9,     -177.9
95,     13.11.2014 15:51:17,     2.1,     4.02,     67,     0.7,     1.2,     1.7,     10.1,     90,     1006.7,     323.71,     253.4,     87.9,     -177.9
96,     13.11.2014 16:01:17,     0,     0,     55,     0.4,     0.9,     1.5,     10,     90,     1006.9,     323.71,     253.5,     87.9,     -177.9
97,     13.11.2014 16:11:17,     -1.05,     0,     89,     0.4,     1,     2,     10,     90.1,     1006.9,     323.71,     253.4,     88,     -177.9,     12.315,     11.02,     82.5
98,     13.11.2014 16:21:17,     -1.05,     0,     106,     0.4,     0.9,     1.6,     9.9,     90.3,     1007,     323.71,     253.3,     87.9,     -177.9
99,     13.11.2014 16:31:17,     -1.05,     -4.02,     103,     0.1,     0.7,     1.3,     9.9,     90.4,     1007,     323.71,     253.3,     88,     -178
100,     13.11.2014 16:41:17,     -2.1,     -2.01,     97,     0.3,     0.8,     1.3,     9.9,     90.6,     1006.9,     323.71,     253.3,     88,     -178
101,     13.11.2014 16:51:17,     -1.05,     0,     81,     0,     0.8,     1.7,     9.8,     90.7,     1007,     323.71,     253.3,     88,     -177.9
102,     13.11.2014 17:01:17,     -1.05,     0,     64,     0.1,     0.6,     1.1,     9.8,     90.8,     1007,     323.71,     253.4,     88.1,     -178.1
103,     13.11.2014 17:11:16,     -1.05,     -2.01,     94,     0.2,     0.7,     1.3,     9.8,     90.8,     1007.2,     323.71,     253.4,     88,     -177.9,     12.317,     10.66,     82.7
104,     13.11.2014 17:21:16,     -1.05,     -2.01,     108,     0.3,     0.7,     1.3,     9.8,     90.9,     1007.1,     323.71,     253.4,     88,     -178
105,     13.11.2014 17:31:16,     -1.05,     0,     128,     0.1,     0.6,     1.6,     9.8,     90.9,     1007.2,     323.71,     253.5,     88,     -178
106,     13.11.2014 17:41:16,     -2.1,     -2.01,     136,     0.3,     0.8,     1.6,     9.8,     91.1,     1007.3,     323.71,     253.4,     87.9,     -177.9
107,     13.11.2014 17:51:16,     -1.05,     -2.01,     154,     0.2,     0.7,     1.4,     9.8,     91.2,     1007.3,     323.71,     253.4,     88,     -178
108,     13.11.2014 18:01:16,     -1.05,     0,     131,     0.1,     0.7,     1.3,     9.8,     91.3,     1007.3,     323.71,     253.3,     88,     -178
109,     13.11.2014 18:11:16,     -1.05,     -4.02,     133,     0.1,     0.5,     1.2,     9.8,     91.3,     1007.4,     323.71,     253.3,     88,     -178,     12.310,     10.52,     82.7
110,     13.11.2014 18:21:16,     -1.05,     -2.01,     135,     0.4,     0.8,     1.7,     9.8,     91.3,     1007.3,     323.71,     253.3,     88,     -178
111,     13.11.2014 18:31:16,     -2.1,     0,     147,     0.4,     1.2,     1.8,     9.7,     91.4,     1007.2,     323.71,     253.3,     88,     -178
112,     13.11.2014 18:41:16,     -1.05,     -2.01,     145,     0.3,     0.9,     1.6,     9.7,     91.5,     1007.3,     323.71,     253.3,     88,     -178
113,     13.11.2014 18:51:16,     -1.05,     -2.01,     154,     0.7,     1.4,     2.7,     9.7,     91.5,     1007.2,     323.71,     253.5,     87.9,     -177.9
114,     13.11.2014 19:01:16,     -1.05,     -6.03,     161,     0.1,     1.6,     2.9,     9.7,     91.5,     1007.2,     323.71,     253.3,     88,     -178
115,     13.11.2014 19:11:22,     -1.05,     -2.01,     158,     0.2,     1.1,     1.8,     9.7,     91.6,     1007.3,     323.71,     253.5,     88,     -178,     12.310,     10.42,     82.7
116,     13.11.2014 19:21:22,     -1.05,     -4.02,     167,     0.2,     1.3,     2.8,     9.7,     91.4,     1007.3,     323.71,     253.4,     88,     -178
117,     13.11.2014 19:31:22,     -2.1,     -2.01,     162,     0.1,     1.2,     2.3,     9.7,     91.3,     1007.3,     323.71,     253.4,     88,     -178
118,     13.11.2014 19:41:22,     -1.05,     -2.01,     166,     0.2,     1.2,     2.1,     9.7,     91.2,     1007.4,     323.71,     253.4,     88,     -178
119,     13.11.2014 19:51:22,     -2.1,     -2.01,     177,     0.2,     1,     2.1,     9.7,     91,     1007.5,     323.71,     253.4,     88,     -178
120,     13.11.2014 20:01:22,     -1.05,     0,     172,     0,     0.8,     1.4,     9.7,     90.9,     1007.5,     323.71,     253.4,     87.9,     -177.9
121,     13.11.2014 20:11:16,     -1.05,     -2.01,     163,     0.2,     1,     1.8,     9.7,     90.8,     1007.5,     323.71,     253.3,     88,     -178,     12.315,     10.37,     82.7
122,     13.11.2014 20:21:16,     -1.05,     -2.01,     193,     0.3,     1.1,     2.2,     9.7,     90.8,     1007.7,     323.71,     253.4,     88,     -178
123,     13.11.2014 20:31:16,     -1.05,     -2.01,     183,     0.3,     1.1,     2.1,     9.7,     90.7,     1007.8,     323.71,     253.4,     88,     -178
124,     13.11.2014 20:41:16,     0,     0,     194,     0.5,     1.2,     2.1,     9.8,     90.6,     1007.9,     323.71,     253.4,     88,     -178
125,     13.11.2014 20:51:16,     0,     0,     180,     0.9,     1.4,     2,     9.7,     90.7,     1008,     323.71,     253.4,     87.9,     -177.9
126,     13.11.2014 21:01:16,     -2.1,     -4.02,     174,     0.4,     1,     1.7,     9.7,     90.7,     1008.1,     323.71,     253.4,     87.9,     -177.9
127,     13.11.2014 21:11:16,     -1.05,     -2.01,     167,     0.4,     1,     1.5,     9.7,     90.7,     1008,     323.71,     253.4,     88,     -178,     12.306,     10.37,     82.7
128,     13.11.2014 21:21:16,     -2.1,     -2.01,     162,     0.2,     0.8,     1.5,     9.7,     90.8,     1008.2,     323.71,     253.4,     88,     -178
129,     13.11.2014 21:31:16,     0,     2.01,     170,     0,     0.6,     1.2,     9.7,     90.8,     1008.2,     323.71,     253.2,     88.1,     -178.1
130,     13.11.2014 21:41:16,     -1.05,     -2.01,     175,     0.3,     0.7,     1.3,     9.8,     90.9,     1008.3,     323.71,     253.4,     88,     -178
131,     13.11.2014 21:51:16,     -2.1,     0,     158,     0.2,     0.7,     1.3,     9.8,     90.9,     1008.4,     323.71,     253.4,     88,     -178
132,     13.11.2014 22:01:16,     -2.1,     -2.01,     155,     0.1,     0.7,     1.3,     9.8,     91,     1008.5,     323.71,     253.3,     88,     -178
133,     13.11.2014 22:11:16,     -1.05,     -2.01,     138,     0.3,     0.8,     1.2,     9.7,     91,     1008.6,     323.71,     253.3,     88,     -178,     12.308,     10.39,     82.7
134,     13.11.2014 22:21:16,     -1.05,     -2.01,     129,     0.3,     0.9,     1.4,     9.7,     91.2,     1008.5,     323.71,     253.4,     87.9,     -178
135,     13.11.2014 22:31:16,     -1.05,     0,     154,     0.1,     0.7,     1.2,     9.7,     91.3,     1008.6,     323.71,     253.4,     88,     -178
136,     13.11.2014 22:41:16,     -2.1,     0,     140,     0,     0.5,     1.2,     9.8,     91.4,     1008.6,     323.71,     253.4,     88,     -178
137,     13.11.2014 22:51:16,     -1.05,     -2.01,     139,     0,     0.7,     1.3,     9.7,     91.5,     1008.5,     323.71,     253.4,     88,     -178
138,     13.11.2014 23:01:16,     -1.05,     0,     138,     0.3,     0.7,     1.1,     9.7,     91.6,     1008.5,     323.71,     253.4,     87.9,     -177.9
139,     13.11.2014 23:11:17,     -2.1,     -2.01,     147,     0.3,     0.8,     1.6,     9.8,     91.8,     1008.6,     323.71,     253.4,     87.9,     -178,     12.323,     10.36,     82.7
140,     13.11.2014 23:21:17,     -1.05,     0,     142,     0,     0.7,     1.4,     9.8,     91.9,     1008.7,     323.71,     253.3,     88,     -178
141,     13.11.2014 23:31:17,     -2.1,     -2.01,     155,     0,     0.6,     1.2,     9.7,     92,     1008.8,     323.71,     253.4,     88,     -178
142,     13.11.2014 23:41:17,     -1.05,     -2.01,     163,     0.1,     0.6,     1.3,     9.8,     92,     1008.8,     323.71,     253.4,     87.9,     -178
143,     13.11.2014 23:51:17,     0,     -2.01,     148,     0.2,     0.9,     1.6,     9.8,     92.2,     1008.8,     323.71,     253.2,     88,     -178
144,     14.11.2014 00:01:17,     -2.1,     -2.01,     143,     0.1,     0.8,     1.3,     9.8,     92.2,     1008.9,     323.71,     253.4,     88,     -178,     12.232,     10.37,     82.7