Logger: #D10248 'TSK_Meteo' - USP_EXP2 (V2.10, Jan 24 2012)
No,     Time,     #1:W/m²:0,     #2:ÂµMol:(do.),     #5:deg:2,     #6:m/sMIN:(do.),     #7:m/sMIT:(do.),     #8:m/sMAX:(do.),     #9:Â°C:(do.),     #10:%:(do.),     #11:hPa:(do.),     #12:mm:(do.),     #14:AZ:3,     #15:EL:(do.),     #16:Roll:(do.),     #HK-Bat:V,     #HK-Temp:oC,     #HK-rH:%
(GSM Transfer OK / Signal:15)
1,     07.08.2014 00:11:23,     -5.25,     0,     101,     0.3,     0.7,     1.3,     16.1,     89.2,     1008,     199.23,     255.2,     87.9,     -177.9,     12.507,     16.19,     67.8
2,     07.08.2014 00:21:23,     -5.25,     -2.01,     108,     0.4,     0.8,     1.2,     15.9,     89.6,     1008,     199.23,     255.1,     87.9,     -177.9
3,     07.08.2014 00:31:23,     -4.2,     -2.01,     117,     0,     0.6,     1.2,     15.9,     90.5,     1008,     199.23,     255.2,     87.9,     -177.9
4,     07.08.2014 00:41:23,     -6.3,     -4.02,     125,     0,     0.8,     1.3,     15.8,     90,     1007.9,     199.23,     255.1,     87.9,     -177.9
5,     07.08.2014 00:51:23,     -4.2,     0,     138,     0.2,     0.7,     1.2,     15.9,     90.6,     1007.9,     199.23,     255.1,     87.9,     -177.8
6,     07.08.2014 01:01:23,     -4.2,     -2.01,     134,     0.3,     0.8,     1.4,     15.9,     90.7,     1007.8,     199.23,     255.2,     87.9,     -178
7,     07.08.2014 01:11:22,     -4.2,     -2.01,     123,     0.4,     0.8,     1.4,     15.6,     90.7,     1007.8,     199.23,     255.2,     87.9,     -177.8,     12.548,     15.23,     69.0
8,     07.08.2014 01:21:22,     -4.2,     -2.01,     133,     0.3,     0.8,     1.3,     15.6,     91.3,     1007.7,     199.23,     255.2,     87.9,     -178
9,     07.08.2014 01:31:22,     -5.25,     0,     146,     0.1,     0.6,     1.1,     15.7,     91.6,     1007.6,     199.23,     255.2,     87.9,     -177.9
10,     07.08.2014 01:41:22,     -4.2,     -4.02,     181,     0.1,     0.8,     1.3,     16,     91.7,     1007.6,     199.23,     255.2,     87.9,     -177.9
11,     07.08.2014 01:51:22,     -5.25,     -2.01,     171,     0.1,     0.8,     1.3,     15.9,     91.6,     1007.4,     199.23,     255.3,     87.9,     -177.9
12,     07.08.2014 02:01:22,     -4.2,     -2.01,     154,     0.2,     0.8,     1.2,     15.7,     91.2,     1007.4,     199.23,     255.2,     87.8,     -177.9
13,     07.08.2014 02:11:22,     -5.25,     -2.01,     177,     0.7,     1,     1.4,     15.6,     91.6,     1007.3,     199.23,     255.2,     88,     -178,     12.495,     15.05,     69.0
14,     07.08.2014 02:21:22,     -4.2,     -2.01,     199,     0.2,     0.8,     1.2,     15.5,     91.5,     1007.3,     199.23,     255.2,     87.9,     -177.9
15,     07.08.2014 02:31:22,     -5.25,     -2.01,     210,     0.4,     1,     1.5,     15.3,     91.3,     1007.2,     199.23,     255.3,     87.8,     -177.9
16,     07.08.2014 02:41:22,     -5.25,     -2.01,     207,     0.5,     1,     1.4,     15.2,     91.5,     1007.1,     199.23,     255.3,     87.9,     -177.9
17,     07.08.2014 02:51:22,     -5.25,     0,     198,     0.5,     1.1,     1.6,     15.2,     91.4,     1007.1,     199.23,     255.2,     87.8,     -177.9
18,     07.08.2014 03:01:22,     -5.25,     -2.01,     186,     0,     0.8,     1.5,     15.1,     91.7,     1007.1,     199.23,     255.2,     88,     -178
19,     07.08.2014 03:11:21,     -4.2,     -2.01,     200,     0.1,     0.7,     1.2,     15.1,     91.9,     1006.9,     199.23,     255.1,     87.9,     -177.9,     12.465,     14.89,     68.9
20,     07.08.2014 03:21:21,     -4.2,     -2.01,     198,     0.1,     0.7,     1.2,     15.2,     91.8,     1006.9,     199.23,     255.2,     87.9,     -177.9
21,     07.08.2014 03:31:21,     -4.2,     -2.01,     184,     0.2,     0.7,     1.2,     15.1,     91.6,     1006.9,     199.23,     255.2,     87.9,     -177.9
22,     07.08.2014 03:41:21,     -3.15,     0,     178,     0.1,     0.7,     1.2,     15.1,     91.9,     1006.8,     199.23,     255.1,     88,     -178
23,     07.08.2014 03:51:21,     -5.25,     -2.01,     182,     0.4,     0.8,     1.2,     14.9,     91.5,     1006.8,     199.23,     255.1,     87.9,     -178
24,     07.08.2014 04:01:21,     -4.2,     -2.01,     183,     0.2,     0.7,     1.3,     15,     91.9,     1006.8,     199.23,     255.2,     87.9,     -178
25,     07.08.2014 04:11:16,     -3.15,     0,     179,     0.6,     1.1,     1.6,     14.6,     91.2,     1006.7,     199.23,     255.2,     87.9,     -177.9,     12.433,     14.54,     69.1
26,     07.08.2014 04:21:16,     -2.1,     2.01,     181,     0,     0.5,     1.1,     14.8,     92.1,     1006.7,     199.23,     255.2,     87.9,     -177.9
27,     07.08.2014 04:31:16,     1.05,     2.01,     215,     0.3,     0.8,     1.4,     15,     92.2,     1006.6,     199.23,     255.2,     87.9,     -178
28,     07.08.2014 04:41:16,     3.15,     12.06,     189,     0.6,     1.2,     1.7,     14.9,     91.4,     1006.6,     199.23,     255.2,     87.8,     -177.9
29,     07.08.2014 04:51:16,     11.55,     24.12,     160,     0,     0.8,     1.4,     14.9,     91.8,     1006.6,     199.23,     255.1,     87.8,     -177.9
30,     07.08.2014 05:01:16,     19.95,     40.2,     158,     0.1,     0.9,     1.7,     15.3,     92.3,     1006.6,     199.23,     255.2,     87.9,     -177.9
31,     07.08.2014 05:11:23,     29.4,     64.32,     177,     0.6,     1.4,     2,     15.1,     92.2,     1006.6,     199.23,     255.3,     87.9,     -177.9,     12.531,     14.61,     69.1
32,     07.08.2014 05:21:23,     43.05,     88.44,     208,     0.8,     1.6,     2.5,     15.5,     92.5,     1006.7,     199.23,     255.2,     87.9,     -177.9
33,     07.08.2014 05:31:23,     49.35,     104.52,     300,     0.5,     2.4,     4.8,     14.8,     90.8,     1007,     199.23,     255.3,     87.8,     -177.9
34,     07.08.2014 05:41:23,     80.85,     152.76,     28,     0,     0.7,     2,     15.3,     92.5,     1006.9,     199.23,     255.3,     87.9,     -177.9
35,     07.08.2014 05:51:23,     118.65,     209.04,     136,     0,     0.9,     1.7,     15.5,     92.3,     1006.8,     199.23,     255.4,     88,     -178
36,     07.08.2014 06:01:23,     114.45,     221.1,     93,     0.7,     1.1,     1.6,     15.6,     91.8,     1006.8,     199.23,     255.4,     87.9,     -177.9
37,     07.08.2014 06:11:22,     106.05,     215.07,     124,     0.7,     1.3,     1.8,     15.7,     91.5,     1006.8,     199.23,     255.4,     87.8,     -177.9,     13.233,     16.55,     69.0
38,     07.08.2014 06:21:22,     118.65,     237.18,     124,     0.2,     1,     1.5,     15.9,     91.2,     1006.8,     199.23,     255.5,     87.7,     -177.7
39,     07.08.2014 06:31:22,     148.05,     281.4,     130,     0.3,     1.1,     1.5,     16.3,     90.6,     1006.8,     199.23,     255.4,     87.9,     -178
40,     07.08.2014 06:41:22,     180.6,     341.7,     149,     0.2,     0.9,     1.7,     16.6,     90,     1006.7,     199.23,     255.5,     87.9,     -178
41,     07.08.2014 06:51:22,     196.35,     381.9,     174,     0.4,     1.1,     1.8,     16.9,     88.9,     1006.8,     199.23,     255.5,     87.9,     -177.9
42,     07.08.2014 07:01:22,     229.95,     440.19,     175,     0.2,     0.9,     1.7,     17.3,     88.6,     1006.8,     199.23,     255.5,     87.9,     -177.9
43,     07.08.2014 07:11:27,     313.95,     590.94,     207,     0.1,     1,     1.7,     17.5,     86.6,     1006.8,     199.23,     255.5,     87.9,     -178,     13.368,     20.25,     68.6
44,     07.08.2014 07:21:27,     286.65,     562.8,     203,     0.1,     1,     2,     18,     84.8,     1006.7,     199.23,     255.7,     88,     -178
45,     07.08.2014 07:31:27,     312.9,     607.02,     186,     0.1,     0.9,     2,     18.6,     82.8,     1006.8,     199.23,     255.6,     88,     -178
46,     07.08.2014 07:41:27,     351.75,     671.34,     198,     0.7,     1.9,     3,     18.8,     79.5,     1006.8,     199.23,     255.6,     87.9,     -177.9
47,     07.08.2014 07:51:27,     407.4,     775.86,     187,     0.9,     2.1,     3.7,     19,     75.5,     1006.8,     199.23,     255.6,     88,     -178
48,     07.08.2014 08:01:27,     375.9,     731.64,     189,     0.4,     1.9,     3.4,     19.5,     76.4,     1006.9,     199.23,     (NO REPLY),     (NO REPLY),     (NO REPLY)
49,     07.08.2014 08:11:22,     412.65,     804,     195,     1.1,     2.2,     3.8,     19.8,     71.2,     1006.8,     199.23,     255.7,     88,     -178,     13.347,     25.29,     67.2
50,     07.08.2014 08:21:22,     452.55,     872.34,     193,     0.9,     2.1,     4,     20.1,     72.1,     1006.9,     199.23,     255.6,     87.9,     -178
51,     07.08.2014 08:31:22,     418.95,     820.08,     190,     1.2,     2.4,     3.9,     20.5,     62.1,     1006.9,     199.23,     255.6,     88,     -178
52,     07.08.2014 08:41:22,     515.55,     982.89,     184,     1.6,     2.7,     4.2,     20.7,     59.1,     1006.9,     199.23,     255.3,     87.9,     -177.9
53,     07.08.2014 08:51:22,     513.45,     996.96,     173,     0.9,     2.6,     5,     21,     58.1,     1006.9,     199.23,     255.5,     87.9,     -177.9
54,     07.08.2014 09:01:22,     558.6,     1061.28,     192,     1.7,     3.4,     4.6,     21.1,     52.3,     1006.9,     199.23,     255.6,     88,     -178
55,     07.08.2014 09:11:17,     559.65,     1077.36,     199,     1.2,     3.2,     5,     21.4,     52.3,     1007,     199.23,     255.8,     88,     -178,     13.328,     27.34,     66.2
56,     07.08.2014 09:21:17,     554.4,     1085.4,     224,     0.9,     2.5,     4.4,     21.6,     52.1,     1007,     199.23,     255.8,     87.9,     -177.9
57,     07.08.2014 09:31:17,     672,     1286.4,     201,     1.5,     3.2,     5.5,     21.8,     53.8,     1007,     199.23,     255.8,     87.9,     -177.9
58,     07.08.2014 09:41:17,     507.15,     1031.13,     196,     1.9,     3.2,     4.6,     21.8,     55.4,     1007,     199.23,     76.7,     87.9,     -2
59,     07.08.2014 09:51:17,     792.75,     1487.4,     222,     1.7,     3,     5.3,     21.9,     55,     1007,     199.23,     256.3,     87.9,     -177.9
60,     07.08.2014 10:01:17,     712.95,     1390.92,     198,     1.9,     3.3,     4.8,     21.9,     54.6,     1007,     199.23,     255.7,     87.9,     -177.9
61,     07.08.2014 10:11:17,     682.5,     1330.62,     197,     1.8,     3.4,     5.1,     22.1,     54.7,     1007.1,     199.23,     256.1,     87.9,     -177.8,     13.247,     28.21,     65.7
62,     07.08.2014 10:21:17,     697.2,     1364.79,     208,     1.4,     3.1,     5.5,     22.3,     53.7,     1007,     199.23,     256,     88.1,     -178
63,     07.08.2014 10:31:17,     694.05,     1362.78,     193,     1.2,     3.2,     5.2,     22.5,     53.7,     1006.9,     199.23,     255.6,     87.8,     -177.8
64,     07.08.2014 10:41:17,     582.75,     1173.84,     165,     0.8,     2.9,     4.9,     22.6,     55,     1006.9,     199.23,     255.4,     88,     -178
65,     07.08.2014 10:51:17,     526.05,     1061.28,     176,     0.6,     2.7,     4.8,     22.8,     52.3,     1006.8,     199.23,     75.9,     87.9,     -1.9
66,     07.08.2014 11:01:17,     525,     1063.29,     183,     0.2,     2.2,     4.7,     23,     47.9,     1006.8,     199.23,     255.6,     87.9,     -177.9
67,     07.08.2014 11:11:16,     459.9,     938.67,     201,     1.8,     3.1,     5.5,     23,     48.6,     1006.8,     199.23,     255.3,     88,     -178,     13.124,     28.52,     65.5
68,     07.08.2014 11:21:16,     376.95,     771.84,     203,     1.3,     3.2,     4.8,     23.1,     50.1,     1006.8,     199.23,     255.6,     88,     -178
69,     07.08.2014 11:31:16,     387.45,     797.97,     207,     0.4,     3.5,     4.7,     23.1,     46.4,     1006.9,     199.23,     75.9,     87.9,     -2
70,     07.08.2014 11:41:16,     373.8,     779.88,     193,     1.2,     3,     4.6,     23.1,     49.1,     1006.8,     199.23,     255.7,     87.9,     -177.9
71,     07.08.2014 11:51:16,     320.25,     669.33,     198,     1.4,     3,     5.8,     23,     50,     1006.8,     199.23,     255.7,     87.9,     -177.9
72,     07.08.2014 12:01:16,     281.4,     594.96,     188,     1.3,     3.2,     5.4,     22.9,     51.2,     1006.8,     199.23,     255.2,     88,     -178
73,     07.08.2014 12:11:16,     258.3,     548.73,     185,     1.7,     3.3,     5.1,     22.9,     50.8,     1006.7,     199.23,     255.7,     87.9,     -177.9,     13.383,     27.24,     66.2
74,     07.08.2014 12:21:16,     299.25,     639.18,     182,     0.9,     2.1,     3.7,     23,     54.1,     1006.7,     199.23,     255.4,     88,     -178
75,     07.08.2014 12:31:16,     320.25,     681.39,     171,     1.2,     2.8,     4.8,     23,     51.9,     1006.5,     199.23,     255.5,     87.8,     -177.8
76,     07.08.2014 12:41:16,     332.85,     709.53,     177,     1.1,     2.6,     3.7,     23.1,     51.8,     1006.4,     199.23,     255.3,     88,     -178
77,     07.08.2014 12:51:16,     291.9,     631.14,     168,     0.8,     2.1,     4.1,     23.1,     51.4,     1006.4,     199.23,     255.5,     88,     -178
78,     07.08.2014 13:01:16,     153.3,     339.69,     184,     1.2,     2.2,     3.6,     23.2,     49.6,     1006.5,     199.23,     75.8,     87.9,     -1.9
79,     07.08.2014 13:11:16,     92.4,     211.05,     186,     0.7,     2,     3,     23,     51.8,     1006.5,     199.23,     255.6,     87.9,     -177.9,     13.419,     26.65,     66.3
80,     07.08.2014 13:21:16,     59.85,     142.71,     177,     0.9,     1.8,     3.2,     22.9,     52.4,     1006.5,     199.23,     255.5,     87.9,     -177.9
81,     07.08.2014 13:31:16,     43.05,     108.54,     179,     0.6,     1.7,     2.9,     22.7,     54.5,     1006.5,     199.23,     255.5,     88,     -178
82,     07.08.2014 13:41:16,     96.6,     251.25,     191,     1.1,     2,     4.4,     22.6,     56.6,     1006.6,     199.27,     255.5,     88,     -177.9
83,     07.08.2014 13:51:16,     35.7,     92.46,     209,     2,     5.7,     11.1,     19.3,     76.5,     1007.3,     199.41,     255.5,     88.1,     -178.1
84,     07.08.2014 14:01:16,     31.5,     84.42,     234,     2.6,     5.5,     8.4,     18.5,     83.1,     1007.5,     199.91,     256.5,     88.3,     -178.3
85,     07.08.2014 14:11:16,     31.5,     86.43,     243,     2.3,     5.2,     9.3,     18.1,     83,     1007.5,     200.52,     255.8,     87.8,     -177.9,     13.472,     22.79,     67.9
86,     07.08.2014 14:21:16,     69.3,     170.85,     260,     1,     3.1,     6.2,     17.9,     84.8,     1007.4,     201.48,     255.7,     88,     -178
87,     07.08.2014 14:31:16,     137.55,     317.58,     191,     0.1,     1,     2.1,     17.7,     83.6,     1007.1,     202.1,     255.5,     88,     -178
88,     07.08.2014 14:41:16,     71.4,     162.81,     235,     0,     0.7,     1.7,     17.7,     83.6,     1006.9,     202.25,     255.4,     88,     -178
89,     07.08.2014 14:51:16,     48.3,     108.54,     322,     0.3,     1.3,     2,     17.8,     85.1,     1006.9,     202.25,     (NO REPLY),     (NO REPLY),     (NO REPLY)
90,     07.08.2014 15:01:16,     56.7,     124.62,     326,     0.6,     1.6,     2.2,     17.9,     85.3,     1006.8,     202.25,     (NO REPLY),     (NO REPLY),     (NO REPLY)
91,     07.08.2014 15:11:23,     82.95,     182.91,     326,     1.1,     1.8,     2.6,     17.9,     86.2,     1006.8,     202.25,     255.6,     87.9,     -177.9,     13.464,     19.80,     68.5
92,     07.08.2014 15:21:23,     152.25,     343.71,     312,     0.9,     2,     3,     17.9,     87.4,     1006.8,     202.29,     255.6,     87.9,     -177.9
93,     07.08.2014 15:31:23,     97.65,     223.11,     298,     0.8,     1.9,     2.9,     17.9,     86.3,     1006.8,     202.3,     255.4,     88,     -178
94,     07.08.2014 15:41:23,     71.4,     166.83,     289,     0.1,     1.1,     2.6,     18.1,     85.4,     1007,     202.41,     255.4,     88,     -178
95,     07.08.2014 15:51:23,     55.65,     132.66,     21,     0,     0.7,     1.7,     18.1,     83.9,     1007,     202.49,     255.4,     87.8,     -177.8
96,     07.08.2014 16:01:23,     57.75,     134.67,     144,     0.3,     1.3,     2,     18.1,     85.3,     1007.1,     202.71,     (NO REPLY),     (NO REPLY),     (NO REPLY)
97,     07.08.2014 16:11:28,     47.25,     112.56,     48,     0,     0.7,     1.4,     18.1,     84.8,     1007.1,     202.89,     255.4,     88,     -178,     13.521,     19.53,     68.3
98,     07.08.2014 16:21:28,     71.4,     162.81,     35,     0,     0.7,     1.4,     18.1,     82.9,     1007.1,     202.9,     255.4,     87.9,     -177.9
99,     07.08.2014 16:31:28,     69.3,     152.76,     118,     0.5,     1,     1.6,     18.1,     83.1,     1007,     202.9,     255.4,     87.9,     -177.9
100,     07.08.2014 16:41:28,     124.95,     263.31,     101,     0.1,     0.7,     1.5,     18.1,     82.6,     1006.8,     202.9,     255.3,     87.9,     -177.9
101,     07.08.2014 16:51:28,     99.75,     211.05,     33,     0.4,     1.1,     1.6,     18.2,     82.3,     1006.8,     202.9,     255.4,     88,     -178
102,     07.08.2014 17:01:28,     79.8,     166.83,     349,     0.2,     1.7,     2.4,     18.3,     84.4,     1006.6,     202.9,     255.3,     87.9,     -177.9
103,     07.08.2014 17:11:30,     112.35,     229.14,     346,     1.1,     2,     2.8,     18.3,     82.6,     1006.6,     202.9,     (NO REPLY),     (NO REPLY),     (NO REPLY),     13.508,     19.26,     68.3
104,     07.08.2014 17:21:30,     100.8,     203.01,     342,     1,     1.9,     2.9,     18.3,     81.1,     1006.6,     202.9,     255.3,     88,     -178
105,     07.08.2014 17:31:30,     70.35,     138.69,     353,     0.3,     1.1,     2.1,     18.4,     79.7,     1006.6,     202.9,     255.4,     88,     -178
106,     07.08.2014 17:41:30,     75.6,     148.74,     12,     0.2,     1,     1.9,     18.6,     79.2,     1006.6,     202.9,     255.4,     87.9,     -177.9
107,     07.08.2014 17:51:30,     87.15,     172.86,     34,     0,     0.8,     1.6,     18.6,     78.2,     1006.6,     202.9,     255.4,     87.9,     -177.9
108,     07.08.2014 18:01:30,     96.6,     192.96,     348,     0.9,     1.6,     2.5,     18.6,     81,     1006.6,     202.9,     (NO REPLY),     (NO REPLY),     (NO REPLY)
109,     07.08.2014 18:11:28,     58.8,     116.58,     14,     1.1,     2,     3.5,     18.4,     82.8,     1006.6,     202.9,     255.4,     87.8,     -177.9,     13.476,     20.03,     67.8
110,     07.08.2014 18:21:28,     65.1,     130.65,     48,     0.4,     2,     3.3,     18.2,     82.2,     1006.6,     202.9,     255.3,     87.9,     -177.9
111,     07.08.2014 18:31:28,     44.1,     90.45,     49,     0.1,     1,     2.1,     18.3,     84.3,     1006.7,     202.9,     255.3,     87.9,     -177.9
112,     07.08.2014 18:41:28,     57.75,     116.58,     67,     0.2,     1.1,     2.1,     18.3,     85.6,     1006.7,     202.9,     255.3,     87.9,     -177.9
113,     07.08.2014 18:51:28,     47.25,     92.46,     56,     0.2,     1.1,     2.4,     18.3,     87.1,     1006.8,     202.9,     255.3,     87.9,     -177.9
114,     07.08.2014 19:01:28,     39.9,     78.39,     96,     0,     1,     1.7,     18.4,     87.1,     1006.8,     202.9,     255.4,     88,     -178
115,     07.08.2014 19:11:27,     34.65,     66.33,     104,     0,     1,     2,     18.2,     86,     1006.8,     202.9,     255.4,     87.9,     -177.9,     13.266,     19.57,     67.9
116,     07.08.2014 19:21:27,     18.9,     42.21,     71,     0,     0.9,     1.5,     18,     86.4,     1006.8,     202.9,     (NO REPLY),     (NO REPLY),     (NO REPLY)
117,     07.08.2014 19:31:27,     9.45,     20.1,     113,     0.1,     0.8,     1.8,     18,     86.2,     1006.9,     202.9,     255.2,     87.9,     -177.9
118,     07.08.2014 19:41:27,     4.2,     10.05,     114,     0,     0.5,     1.1,     18,     85.4,     1006.9,     202.9,     255.3,     88,     -178
119,     07.08.2014 19:51:27,     0,     2.01,     74,     0,     0.4,     0.8,     18,     85,     1007,     202.9,     255.3,     87.9,     -177.9
120,     07.08.2014 20:01:27,     -1.05,     0,     131,     0,     0.5,     1.2,     18.1,     83.8,     1007,     202.9,     255.3,     87.8,     -177.9
121,     07.08.2014 20:11:17,     -1.05,     0,     106,     0,     0.9,     1.4,     18.2,     84.7,     1007.2,     202.9,     255.3,     87.9,     -177.9,     12.709,     18.57,     68.4
122,     07.08.2014 20:21:17,     -1.05,     0,     229,     0,     1,     2.2,     18.2,     86.5,     1007.3,     202.9,     255.3,     87.8,     -177.9
123,     07.08.2014 20:31:17,     -2.1,     -4.02,     313,     0.6,     1.2,     1.8,     18.2,     87.4,     1007.3,     202.9,     255.3,     88,     -178
124,     07.08.2014 20:41:17,     -1.05,     0,     312,     0.6,     1.6,     2.6,     18.1,     88,     1007.2,     202.9,     255.4,     87.9,     -177.9
125,     07.08.2014 20:51:17,     -3.15,     -2.01,     324,     0.1,     1.2,     2.6,     18,     88.8,     1007.2,     202.9,     255.4,     88,     -178
126,     07.08.2014 21:01:17,     -2.1,     -2.01,     344,     0,     0.5,     1.2,     17.9,     88.8,     1007.2,     202.9,     255.3,     87.8,     -177.9
127,     07.08.2014 21:11:21,     -1.05,     0,     330,     0.1,     1.1,     2.5,     17.8,     88.9,     1007.2,     202.9,     255.4,     88,     -178,     12.639,     18.18,     68.3
128,     07.08.2014 21:21:21,     -2.1,     -2.01,     328,     0.2,     1.1,     2.1,     17.6,     89.6,     1007.3,     202.9,     255.4,     87.9,     -177.9
129,     07.08.2014 21:31:21,     -3.15,     0,     308,     0.1,     0.9,     1.8,     17.6,     90,     1007.2,     202.9,     255.2,     88,     -178
130,     07.08.2014 21:41:21,     -2.1,     -2.01,     311,     0,     0.6,     1.4,     17.6,     90.4,     1007.4,     202.9,     255.4,     87.9,     -177.9
131,     07.08.2014 21:51:21,     -4.2,     0,     230,     0,     0.6,     1.5,     17.7,     90.3,     1007.5,     202.9,     255.2,     87.9,     -177.9
132,     07.08.2014 22:01:21,     -4.2,     -2.01,     154,     0.2,     0.9,     1.5,     17.6,     89.9,     1007.5,     202.9,     255.3,     87.8,     -177.8
133,     07.08.2014 22:11:16,     -4.2,     -2.01,     119,     0.3,     0.8,     1.3,     17.4,     90.7,     1007.5,     202.9,     255.3,     87.9,     -177.9,     12.620,     17.55,     68.6
134,     07.08.2014 22:21:16,     -4.2,     0,     131,     0.4,     0.9,     1.4,     17.2,     90.7,     1007.5,     202.9,     255.3,     87.9,     -177.9
135,     07.08.2014 22:31:16,     -4.2,     -4.02,     123,     0.1,     0.7,     1.1,     17.2,     91.8,     1007.5,     202.9,     255.3,     87.8,     -177.8
136,     07.08.2014 22:41:16,     -4.2,     0,     125,     0.1,     0.8,     1.4,     17.1,     91.6,     1007.5,     202.9,     255.3,     87.9,     -177.9
137,     07.08.2014 22:51:16,     -5.25,     -2.01,     121,     0,     0.5,     1.2,     17.1,     92,     1007.5,     202.9,     255.3,     88,     -178
138,     07.08.2014 23:01:16,     -3.15,     -2.01,     99,     0.1,     0.6,     1,     17.3,     92.2,     1007.5,     202.9,     255.4,     87.9,     -177.9
139,     07.08.2014 23:11:22,     -4.2,     -2.01,     10,     0,     0.6,     1.4,     17.5,     92.4,     1007.5,     202.9,     255.4,     88,     -178,     12.577,     16.91,     68.8
140,     07.08.2014 23:21:22,     -4.2,     -2.01,     109,     0,     1.2,     2,     16.4,     91.3,     1007.5,     202.9,     255.3,     87.9,     -177.9
141,     07.08.2014 23:31:22,     -2.1,     -2.01,     184,     0,     0.3,     1.1,     16.7,     92.6,     1007.5,     202.9,     255.3,     88,     -178
142,     07.08.2014 23:41:22,     -3.15,     -4.02,     333,     0.1,     0.7,     1.4,     17.1,     92.7,     1007.5,     202.9,     255.3,     88,     -178
143,     07.08.2014 23:51:22,     -3.15,     -2.01,     201,     0,     1,     1.9,     16.8,     91.9,     1007.6,     202.9,     255.3,     87.9,     -177.9
144,     08.08.2014 00:01:16,     -3.15,     0,     199,     0.7,     1.2,     1.8,     16.8,     92.5,     1007.6,     202.9,     255.3,     87.9,     -177.9,     12.391,     16.89,     68.7