Logger: #D10248 'TSK_Meteo' - USP_EXP2 (V2.10, Jan 24 2012)
No,     Time,     #1:W/m²:0,     #2:ÂµMol:(do.),     #5:deg:2,     #6:m/sMIN:(do.),     #7:m/sMIT:(do.),     #8:m/sMAX:(do.),     #9:Â°C:(do.),     #10:%:(do.),     #11:hPa:(do.),     #12:mm:(do.),     #14:AZ:3,     #15:EL:(do.),     #16:Roll:(do.),     #HK-Bat:V,     #HK-Temp:oC,     #HK-rH:%
(GSM Transfer OK / Signal:15)
1,     23.07.2014 00:11:22,     -5.25,     -2.01,     61,     0.1,     1.4,     4.2,     18.2,     78.7,     1014,     142.06,     255.2,     87.9,     -177.9,     12.520,     18.00,     67.3
2,     23.07.2014 00:21:22,     -5.25,     -2.01,     67,     0.1,     1.1,     2.1,     18.1,     79.8,     1014.1,     142.06,     255,     87.9,     -177.9
3,     23.07.2014 00:31:22,     -5.25,     -4.02,     69,     0.1,     1.4,     3.6,     18,     79.7,     1014.1,     142.06,     255.1,     87.8,     -177.9
4,     23.07.2014 00:41:22,     -5.25,     -2.01,     58,     0.1,     1.5,     3,     18.1,     80.9,     1014,     142.06,     255,     87.8,     -177.8
5,     23.07.2014 00:51:22,     -5.25,     -2.01,     74,     0.2,     1.4,     3.1,     17.9,     80.2,     1014,     142.06,     254.9,     87.9,     -177.9
6,     23.07.2014 01:01:22,     -5.25,     -4.02,     73,     0.3,     1.4,     3,     17.7,     80.6,     1013.9,     142.06,     255,     87.9,     -177.9
7,     23.07.2014 01:11:16,     -5.25,     -2.01,     63,     0.2,     1.5,     3.2,     17.7,     80.2,     1013.9,     142.06,     255.1,     87.9,     -177.9,     12.524,     16.99,     68.5
8,     23.07.2014 01:21:16,     -5.25,     -2.01,     50,     0.1,     1.5,     2.7,     17.7,     79.4,     1013.8,     142.06,     255.1,     88.1,     -178.1
9,     23.07.2014 01:31:16,     -6.3,     -4.02,     72,     0.3,     1.1,     2.4,     17.6,     79,     1013.8,     142.06,     255,     88,     -178
10,     23.07.2014 01:41:16,     -6.3,     -2.01,     63,     0.1,     1.3,     2.8,     17.6,     78.9,     1013.8,     142.06,     255,     87.9,     -177.9
11,     23.07.2014 01:51:16,     -5.25,     -2.01,     72,     0.1,     1.1,     2.4,     17.5,     79.3,     1013.7,     142.06,     255,     88,     -178
12,     23.07.2014 02:01:16,     -4.2,     0,     68,     0,     1.3,     2.9,     17.5,     79.2,     1013.7,     142.06,     255.1,     87.8,     -177.8
13,     23.07.2014 02:11:22,     -5.25,     -2.01,     69,     0.1,     1.5,     2.9,     17.5,     79.4,     1013.7,     142.06,     254.9,     87.9,     -177.9,     12.486,     16.44,     68.6
14,     23.07.2014 02:21:22,     -4.2,     -4.02,     69,     0.2,     1.5,     4.2,     17.4,     78.9,     1013.8,     142.06,     255.1,     87.9,     -177.9
15,     23.07.2014 02:31:22,     -5.25,     -2.01,     62,     0.3,     1.7,     3,     17.4,     78.9,     1013.8,     142.06,     255,     88,     -178
16,     23.07.2014 02:41:22,     -5.25,     -2.01,     63,     0.4,     1.6,     3.5,     17.3,     78.2,     1013.9,     142.06,     254.6,     88,     -178.1
17,     23.07.2014 02:51:22,     -6.3,     -2.01,     70,     0.1,     1.7,     4.1,     17.2,     78.9,     1013.8,     142.06,     255.2,     87.9,     -177.9
18,     23.07.2014 03:01:22,     -5.25,     -2.01,     76,     0.2,     1.4,     3,     17,     79.5,     1013.8,     142.06,     255.1,     87.9,     -177.9
19,     23.07.2014 03:11:21,     -5.25,     0,     71,     0.1,     1.1,     2.8,     16.9,     80.1,     1013.8,     142.06,     255.1,     87.8,     -177.8,     12.461,     16.18,     68.6
20,     23.07.2014 03:21:21,     -4.2,     0,     67,     0.1,     1.3,     2.8,     16.7,     82.3,     1013.8,     142.06,     254.9,     88,     -178
21,     23.07.2014 03:31:21,     -5.25,     2.01,     55,     0.3,     1.4,     3,     16.6,     82.4,     1013.8,     142.06,     255.1,     88,     -178
22,     23.07.2014 03:41:21,     -4.2,     -2.01,     53,     0.1,     1.7,     3.4,     16.6,     82.8,     1013.7,     142.06,     255.1,     87.9,     -177.9
23,     23.07.2014 03:51:21,     -5.25,     -2.01,     46,     0.4,     2.2,     3.5,     16.5,     84.1,     1013.7,     142.06,     254.9,     87.9,     -177.9
24,     23.07.2014 04:01:21,     -2.1,     4.02,     45,     0.7,     2.1,     3.3,     16.5,     84.4,     1013.7,     142.06,     255,     87.7,     -177.7
25,     23.07.2014 04:11:16,     0,     10.05,     46,     0.9,     2.2,     3.8,     16.4,     85,     1013.7,     142.06,     254.8,     87.8,     -177.8,     12.410,     15.78,     68.7
26,     23.07.2014 04:21:16,     2.1,     16.08,     52,     0.3,     1.7,     3.5,     16.2,     85.3,     1013.8,     142.06,     255.1,     88,     -178
27,     23.07.2014 04:31:16,     7.35,     26.13,     56,     0.6,     1.5,     3.1,     16.2,     85.9,     1013.7,     142.06,     255,     87.9,     -177.9
28,     23.07.2014 04:41:16,     12.6,     40.2,     57,     0,     1.4,     3.2,     16.2,     86.1,     1013.8,     142.06,     255.1,     87.9,     -177.9
29,     23.07.2014 04:51:16,     18.9,     54.27,     49,     0.2,     1.8,     2.9,     16.3,     87.3,     1013.8,     142.06,     255,     87.7,     -177.7
30,     23.07.2014 05:01:16,     24.15,     70.35,     72,     0,     1.1,     2.9,     16.3,     86.8,     1013.8,     142.06,     255.1,     87.9,     -177.9
31,     23.07.2014 05:11:22,     58.8,     112.56,     58,     0.1,     1.5,     3.1,     16.5,     87.4,     1013.8,     142.06,     255.1,     87.9,     -177.9,     12.584,     15.87,     68.8
32,     23.07.2014 05:21:22,     34.65,     100.5,     54,     0.5,     1.7,     3.7,     16.6,     87,     1013.8,     142.06,     255.1,     88,     -178
33,     23.07.2014 05:31:22,     118.65,     215.07,     53,     0.4,     1.6,     3,     16.8,     86.5,     1013.8,     142.06,     255.3,     88,     -178
34,     23.07.2014 05:41:22,     64.05,     156.78,     52,     0.1,     1.7,     3.5,     16.8,     86.4,     1013.9,     142.06,     255.1,     87.9,     -177.9
35,     23.07.2014 05:51:22,     177.45,     315.57,     45,     0.5,     2,     4,     16.9,     86.3,     1013.9,     142.06,     255.3,     87.9,     -177.9
36,     23.07.2014 06:01:22,     126,     253.26,     44,     1.1,     2.1,     3.4,     17,     86.9,     1014,     142.06,     255.4,     88.1,     -178.1
37,     23.07.2014 06:11:17,     131.25,     259.29,     49,     0.5,     1.8,     3.3,     17.1,     87.6,     1014,     142.06,     255.3,     87.9,     -177.9,     13.417,     19.52,     68.4
38,     23.07.2014 06:21:17,     127.05,     261.3,     44,     0.2,     2.1,     4.3,     17.3,     87.1,     1014,     142.06,     255.3,     87.9,     -177.9
39,     23.07.2014 06:31:17,     129.15,     261.3,     50,     0.1,     2.2,     4.4,     17.5,     86.4,     1014,     142.06,     255.4,     88,     -178
40,     23.07.2014 06:41:17,     149.1,     301.5,     44,     0.2,     2.4,     4.2,     17.7,     86.8,     1014.1,     142.06,     255.4,     88,     -178.1
41,     23.07.2014 06:51:17,     179.55,     361.8,     52,     0.7,     2.3,     4.3,     17.8,     85.9,     1014.1,     142.06,     255.5,     87.8,     -177.8
42,     23.07.2014 07:01:17,     203.7,     426.12,     45,     0.1,     2.1,     4.7,     18,     85.2,     1014.1,     142.06,     255.3,     87.8,     -177.8
43,     23.07.2014 07:11:17,     238.35,     470.34,     56,     0.9,     2.3,     5,     18.2,     84.8,     1014.1,     142.06,     255.3,     87.8,     -177.9,     13.377,     20.51,     67.7
44,     23.07.2014 07:21:17,     506.1,     900.48,     55,     0.5,     2.3,     4.4,     18.6,     83.5,     1014.1,     142.06,     255.3,     88,     -178
45,     23.07.2014 07:31:17,     284.55,     548.73,     57,     0.5,     2.8,     5.7,     18.7,     82.5,     1014,     142.06,     255.2,     87.6,     -177.7
46,     23.07.2014 07:41:17,     214.2,     420.09,     65,     0.3,     2.3,     6,     18.9,     81.1,     1014,     142.06,     255.2,     87.8,     -177.8
47,     23.07.2014 07:51:17,     222.6,     444.21,     65,     0.2,     2.3,     6.6,     19.3,     80.5,     1014,     142.06,     255.2,     88,     -178
48,     23.07.2014 08:01:17,     610.05,     1143.69,     63,     0.1,     2.1,     5.1,     19.9,     79.4,     1013.9,     142.06,     254.9,     88.1,     -178.1
49,     23.07.2014 08:11:16,     250.95,     544.71,     72,     0.3,     3,     6.9,     20.1,     75.7,     1014,     142.06,     254.3,     88.1,     -178.3,     13.254,     23.80,     67.1
50,     23.07.2014 08:21:16,     684.6,     1294.44,     82,     0.6,     2.8,     6,     20.4,     76.2,     1014,     142.06,     255.7,     87.7,     -177.7
51,     23.07.2014 08:31:16,     576.45,     1099.47,     52,     0.3,     3.3,     6.9,     20.4,     76.2,     1013.9,     142.06,     255.3,     88.2,     -178.2
52,     23.07.2014 08:41:16,     368.55,     804,     66,     0.1,     2.6,     6.7,     20.5,     75.7,     1014,     142.06,     256.1,     87.8,     -177.8
53,     23.07.2014 08:51:16,     655.2,     1254.24,     64,     0.1,     2.6,     5.6,     20.9,     73.6,     1013.8,     142.06,     255.5,     88,     -178
54,     23.07.2014 09:01:16,     641.55,     1234.14,     54,     0.5,     2.7,     6.1,     21.1,     73.5,     1013.8,     142.06,     255.4,     88,     -178
55,     23.07.2014 09:11:16,     491.4,     771.84,     51,     0.2,     2.9,     6.7,     21.4,     71.8,     1013.7,     142.06,     254.7,     87.7,     -177.8,     13.343,     27.77,     65.6
56,     23.07.2014 09:21:16,     664.65,     1296.45,     59,     0.3,     3,     6,     21.7,     68.6,     1013.7,     142.06,     255.3,     87.8,     -177.8
57,     23.07.2014 09:31:16,     700.35,     1372.83,     58,     0.4,     3.3,     7.8,     21.9,     69.7,     1013.6,     142.06,     75.1,     88.3,     -1.6
58,     23.07.2014 09:41:16,     725.55,     1431.12,     50,     1.8,     4.4,     7.3,     21.9,     70.4,     1013.6,     142.06,     254.9,     88.5,     -178.5
59,     23.07.2014 09:51:16,     722.4,     1421.07,     45,     1.5,     4.5,     8.5,     22,     67.8,     1013.6,     142.06,     255.2,     88.8,     -178.8
60,     23.07.2014 10:01:16,     747.6,     1477.35,     47,     0.4,     4.3,     8.9,     22.2,     67.3,     1013.5,     142.06,     255.3,     88.3,     -178.3
61,     23.07.2014 10:11:17,     754.95,     1499.46,     49,     1.5,     3.9,     7.8,     22.5,     65.6,     1013.5,     142.06,     255,     87.8,     -177.8,     13.241,     27.85,     65.4
62,     23.07.2014 10:21:17,     764.4,     1513.53,     47,     0.4,     4.3,     8.2,     22.7,     64.7,     1013.5,     142.06,     254.7,     87.4,     -177.4
63,     23.07.2014 10:31:17,     304.5,     391.95,     49,     0.8,     3.9,     8.7,     22.9,     62,     1013.4,     142.06,     254.5,     88.5,     -178.6
64,     23.07.2014 10:41:17,     790.65,     1585.89,     73,     0.3,     2.9,     8.7,     23.3,     62.8,     1013.4,     142.06,     255.6,     88.4,     -178.4
65,     23.07.2014 10:51:17,     853.65,     1694.43,     60,     0.6,     3.3,     7.9,     23.5,     63.4,     1013.3,     142.06,     74.9,     87.9,     -2
66,     23.07.2014 11:01:17,     917.7,     1813.02,     49,     1.5,     4,     7.8,     23.1,     63.7,     1013.2,     142.06,     75.2,     88.1,     -1.8
67,     23.07.2014 11:11:16,     942.9,     1877.34,     52,     0.9,     3.9,     8.5,     23.4,     61.7,     1013.2,     142.06,     255.6,     88.2,     -178.2,     13.349,     27.64,     65.3
68,     23.07.2014 11:21:16,     290.85,     607.02,     69,     0.2,     3.1,     6.9,     24.1,     60.1,     1013.1,     142.06,     75.6,     87.8,     -2.1
69,     23.07.2014 11:31:16,     941.85,     1927.59,     61,     0.1,     2.7,     7.2,     24.2,     59.7,     1013.1,     142.06,     76,     88.5,     -1.4
70,     23.07.2014 11:41:16,     211.05,     444.21,     80,     0.4,     3.1,     6.3,     24.3,     54.7,     1013.1,     142.06,     75.6,     87.9,     -2
71,     23.07.2014 11:51:16,     967.05,     1959.75,     62,     0.6,     3.7,     8.6,     24.1,     55.4,     1013.1,     142.06,     74.9,     87.4,     -2.5
72,     23.07.2014 12:01:16,     940.8,     1867.29,     111,     0.3,     3.5,     11.9,     24.7,     46.2,     1012.9,     142.06,     253.9,     88.6,     -178.6
73,     23.07.2014 12:11:17,     946.05,     1871.31,     106,     0.2,     3.7,     8.5,     25,     44.8,     1013,     142.06,     75.3,     88.1,     -1.8,     13.341,     28.95,     65.0
74,     23.07.2014 12:21:17,     934.5,     1855.23,     124,     0.4,     3.8,     8.2,     24.9,     44.3,     1012.9,     142.06,     73.8,     87.8,     -2.1
75,     23.07.2014 12:31:17,     236.25,     516.57,     87,     0.4,     3.6,     8.1,     25.1,     44.5,     1012.8,     142.06,     253.8,     87.9,     -177.9
76,     23.07.2014 12:41:17,     997.5,     1993.92,     83,     0.5,     3.5,     7.9,     25,     46.4,     1012.9,     142.06,     255.6,     88,     -178
77,     23.07.2014 12:51:17,     647.85,     1009.02,     88,     0.6,     3.5,     7.3,     24.7,     43.9,     1012.8,     142.06,     75.2,     88,     -1.9
78,     23.07.2014 13:01:17,     888.3,     1766.79,     78,     0.2,     2.7,     7.2,     25.2,     47.2,     1012.8,     142.06,     75,     87.8,     -2
79,     23.07.2014 13:11:16,     164.85,     367.83,     86,     0.5,     4,     8.2,     24.8,     43.5,     1012.8,     142.06,     75.3,     88.1,     -1.8,     13.239,     29.67,     64.7
80,     23.07.2014 13:21:16,     882,     1738.65,     91,     0.2,     3.4,     7.8,     25.2,     44.6,     1012.6,     142.06,     74.8,     87.8,     -2.2
81,     23.07.2014 13:31:16,     834.75,     1658.25,     87,     1,     4,     8.5,     25.1,     40.9,     1012.6,     142.06,     75.5,     88,     -1.9
82,     23.07.2014 13:41:16,     880.95,     1732.62,     73,     0.1,     3.3,     9.7,     24.9,     44.1,     1012.6,     142.06,     75.6,     87.8,     -2
83,     23.07.2014 13:51:16,     801.15,     1575.84,     97,     0.6,     3.1,     6.8,     24.8,     43.1,     1012.6,     142.06,     75.7,     87.9,     -2
84,     23.07.2014 14:01:16,     817.95,     1575.84,     86,     0.3,     3.3,     6.8,     25.3,     44.5,     1012.5,     142.06,     75,     88.1,     -1.7
85,     23.07.2014 14:11:16,     812.7,     1603.98,     57,     0.3,     3.4,     7.6,     25.1,     47.3,     1012.4,     142.06,     75.1,     88.1,     -1.8,     12.912,     29.45,     64.9
86,     23.07.2014 14:21:16,     817.95,     1583.88,     65,     0.8,     3.9,     8.8,     24.6,     43.5,     1012.4,     142.06,     75.8,     86.3,     -3.6
87,     23.07.2014 14:31:16,     225.75,     472.35,     56,     0.9,     4.3,     8.9,     24.3,     49.3,     1012.3,     142.06,     75.9,     87.3,     -2.6
88,     23.07.2014 14:41:16,     151.2,     319.59,     59,     0.9,     4,     8.1,     24.3,     49.9,     1012.3,     142.06,     74.8,     88.8,     -0.9
89,     23.07.2014 14:51:16,     730.8,     1427.1,     64,     0.3,     3.6,     9.4,     24.4,     49.6,     1012.3,     142.06,     75.5,     88.1,     -1.8
90,     23.07.2014 15:01:16,     705.6,     1368.81,     51,     1.3,     4.1,     8.4,     24.5,     51,     1012.3,     142.06,     75.1,     88.5,     -1.4
91,     23.07.2014 15:11:16,     668.85,     1296.45,     63,     0.4,     4.4,     8.2,     24.6,     49.1,     1012.1,     142.06,     255.3,     89.7,     -179.7,     13.021,     28.41,     65.3
92,     23.07.2014 15:21:16,     657.3,     1268.31,     52,     0.8,     4.3,     8.7,     24.4,     48.8,     1012.1,     142.06,     75.5,     88.1,     -1.8
93,     23.07.2014 15:31:16,     643.65,     1244.19,     49,     1.8,     4.4,     7.5,     24.4,     48,     1012,     142.06,     75.3,     87.9,     -1.9
94,     23.07.2014 15:41:16,     599.55,     1153.74,     49,     1.3,     5,     11.2,     24.4,     45.7,     1012,     142.06,     74.6,     89,     -0.8
95,     23.07.2014 15:51:16,     563.85,     1077.36,     55,     0.5,     4.1,     8.1,     24.5,     45.9,     1012,     142.06,     75.5,     87.7,     -2.2
96,     23.07.2014 16:01:16,     548.1,     1047.21,     56,     0.9,     4.5,     9.2,     24.3,     46.8,     1012,     142.06,     75.2,     87.5,     -2.4
97,     23.07.2014 16:11:16,     532.35,     1005,     61,     0.6,     4.1,     8.9,     24.3,     44.6,     1012,     142.06,     75.1,     86.1,     -3.7,     13.292,     28.25,     64.9
98,     23.07.2014 16:21:16,     506.1,     958.77,     54,     0.7,     3.9,     7.1,     24.3,     45.5,     1011.9,     142.06,     75.1,     88.4,     -1.4
99,     23.07.2014 16:31:16,     483,     908.52,     52,     0.4,     4.6,     10.6,     24.1,     46.3,     1011.9,     142.06,     75.5,     88.8,     -1
100,     23.07.2014 16:41:16,     454.65,     860.28,     69,     0.6,     4,     10.5,     24.2,     47.1,     1011.9,     142.06,     75.2,     88.2,     -1.7
101,     23.07.2014 16:51:16,     429.45,     808.02,     58,     0.8,     4.5,     8.2,     24.1,     48.8,     1011.9,     142.06,     74.6,     86.6,     -3.3
102,     23.07.2014 17:01:16,     405.3,     761.79,     61,     1.2,     4.1,     9.1,     24,     50.1,     1011.8,     142.06,     76,     87.4,     -2.5
103,     23.07.2014 17:11:16,     379.05,     703.5,     55,     0.6,     4.2,     9.8,     23.9,     49.6,     1011.8,     142.06,     75.1,     89.1,     -0.7,     13.326,     28.10,     64.8
104,     23.07.2014 17:21:16,     351.75,     645.21,     58,     1,     4.3,     9.5,     23.8,     48.7,     1011.8,     142.06,     255.4,     88,     -178
105,     23.07.2014 17:31:16,     324.45,     592.95,     59,     1.1,     4.2,     7.7,     23.7,     51.5,     1011.9,     142.06,     75.6,     88,     -1.9
106,     23.07.2014 17:41:16,     296.1,     546.72,     63,     0.7,     3.7,     8,     23.7,     48.8,     1011.9,     142.06,     74.6,     88.1,     -1.7
107,     23.07.2014 17:51:16,     273,     492.45,     59,     0.4,     3.6,     7.5,     23.5,     50.1,     1011.8,     142.06,     75.6,     87.7,     -2.2
108,     23.07.2014 18:01:16,     249.9,     450.24,     62,     0.8,     3.8,     7.6,     23.4,     49.9,     1011.8,     142.06,     74.7,     88.9,     -1
109,     23.07.2014 18:11:17,     224.7,     404.01,     59,     0.8,     3.7,     8.5,     23.3,     51.6,     1011.8,     142.06,     75.7,     87.2,     -2.7,     13.404,     27.65,     64.8
110,     23.07.2014 18:21:17,     198.45,     353.76,     61,     0.4,     2.8,     8.8,     23.3,     51.9,     1011.9,     142.06,     254.5,     87.7,     -177.7
111,     23.07.2014 18:31:17,     173.25,     309.54,     64,     0.3,     3,     7,     23.3,     51.1,     1011.9,     142.06,     255.1,     88,     -178
112,     23.07.2014 18:41:17,     152.25,     269.34,     63,     0.6,     2.6,     6.5,     23.1,     52.4,     1011.8,     142.06,     75.2,     88.1,     -1.8
113,     23.07.2014 18:51:17,     130.2,     219.09,     61,     0.3,     2.6,     5.3,     22.9,     51.7,     1011.8,     142.06,     75.1,     88,     -2
114,     23.07.2014 19:01:17,     108.15,     144.72,     57,     0.4,     2.7,     4.6,     22.7,     52.4,     1011.8,     142.06,     75.6,     88.1,     -1.8
115,     23.07.2014 19:11:17,     89.25,     106.53,     54,     0.1,     2.7,     6,     22.5,     53.6,     1011.9,     142.06,     75.3,     87.7,     -2.2,     13.364,     26.64,     65.6
116,     23.07.2014 19:21:17,     68.25,     76.38,     61,     0.5,     2.5,     5.4,     22.3,     52.8,     1011.9,     142.06,     75.5,     87.9,     -2
117,     23.07.2014 19:31:17,     51.45,     64.32,     59,     0.5,     2.7,     5.4,     22.1,     52.8,     1011.9,     142.06,     75.3,     88.3,     -1.5
118,     23.07.2014 19:41:17,     33.6,     52.26,     63,     0.3,     2.3,     5.2,     21.7,     55.1,     1011.9,     142.06,     75.4,     88.1,     -1.8
119,     23.07.2014 19:51:17,     22.05,     40.2,     61,     0.3,     2,     3.6,     21.4,     57.4,     1011.9,     142.06,     75.5,     87.7,     -2.2
120,     23.07.2014 20:01:17,     7.35,     26.13,     62,     0.2,     2.2,     4.4,     21,     58.2,     1012,     142.06,     75.6,     87.8,     -2.1
121,     23.07.2014 20:11:16,     3.15,     16.08,     63,     0.3,     2,     4.8,     20.7,     60.3,     1012.1,     142.06,     255.2,     88.4,     -178.4,     12.749,     23.77,     67.0
122,     23.07.2014 20:21:16,     -1.05,     8.04,     58,     0.4,     2,     3.8,     20.4,     62.9,     1012.1,     142.06,     75.4,     87.8,     -2.1
123,     23.07.2014 20:31:16,     -4.2,     2.01,     57,     0.6,     2.2,     5.6,     20.2,     62.6,     1012.1,     142.06,     255.1,     87.7,     -177.8
124,     23.07.2014 20:41:16,     -4.2,     2.01,     57,     0.3,     1.8,     3.7,     20,     64.5,     1012.2,     142.06,     255,     87.9,     -177.9
125,     23.07.2014 20:51:16,     -5.25,     -2.01,     53,     0.7,     1.8,     3.5,     19.8,     65.9,     1012.2,     142.06,     255.2,     87.9,     -177.9
126,     23.07.2014 21:01:16,     -5.25,     -2.01,     47,     1,     2.2,     3.9,     19.6,     66.3,     1012.1,     142.06,     255.2,     87.9,     -177.9
127,     23.07.2014 21:11:16,     -5.25,     -2.01,     54,     0.2,     1.8,     3.9,     19.4,     68.5,     1012.1,     142.06,     255.1,     88,     -178,     12.681,     20.26,     68.0
128,     23.07.2014 21:21:16,     -6.3,     -2.01,     48,     0.9,     2.3,     4,     19.2,     69.4,     1012.1,     142.06,     254.8,     87.9,     -178
129,     23.07.2014 21:31:16,     -5.25,     -2.01,     43,     0.9,     2.1,     3.7,     19,     73.2,     1012.1,     142.06,     254.8,     87.8,     -177.8
130,     23.07.2014 21:41:16,     -5.25,     -2.01,     43,     1,     2.6,     4.2,     18.9,     71.7,     1012,     142.06,     255,     87.9,     -177.9
131,     23.07.2014 21:51:16,     -4.2,     -2.01,     53,     0.6,     2.5,     4.6,     18.8,     72,     1012,     142.06,     255.1,     87.6,     -177.7
132,     23.07.2014 22:01:16,     -6.3,     -2.01,     55,     0.1,     2,     3.8,     18.7,     74.5,     1012,     142.06,     255.1,     87.9,     -177.9
133,     23.07.2014 22:11:16,     -5.25,     -4.02,     48,     0.7,     2.2,     4.2,     18.5,     73.9,     1012,     142.06,     255,     88,     -178,     12.635,     18.54,     68.2
134,     23.07.2014 22:21:16,     -6.3,     -2.01,     77,     0.2,     1.5,     3,     18.2,     74.4,     1012.1,     142.06,     255,     88,     -178
135,     23.07.2014 22:31:16,     -5.25,     -2.01,     64,     0.2,     1.5,     3,     18,     76.6,     1011.9,     142.06,     255.1,     88,     -178
136,     23.07.2014 22:41:16,     -5.25,     0,     48,     0.8,     2,     3.4,     18.1,     76.4,     1011.9,     142.06,     255.1,     87.9,     -177.9
137,     23.07.2014 22:51:16,     -5.25,     -2.01,     53,     0.3,     1.6,     3.7,     18,     77.3,     1011.9,     142.06,     254.9,     87.9,     -177.9
138,     23.07.2014 23:01:16,     -5.25,     -2.01,     46,     0.7,     2.3,     4,     18,     77,     1011.8,     142.06,     254.7,     87.6,     -177.6
139,     23.07.2014 23:11:22,     -5.25,     -2.01,     44,     1.6,     3,     4.9,     18.1,     78.8,     1011.7,     142.06,     255.1,     87.8,     -177.8,     12.603,     17.37,     68.4
140,     23.07.2014 23:21:22,     -4.2,     -2.01,     48,     1,     2.7,     4.8,     18.1,     78.2,     1011.7,     142.06,     254.9,     88.1,     -178.1
141,     23.07.2014 23:31:22,     -4.2,     -2.01,     61,     0.2,     2.2,     4.7,     18,     78.5,     1011.6,     142.06,     255.3,     88,     -178
142,     23.07.2014 23:41:22,     -6.3,     -4.02,     59,     0.5,     2.1,     4,     17.8,     80.2,     1011.5,     142.06,     254.9,     88.2,     -178.3
143,     23.07.2014 23:51:22,     -5.25,     -2.01,     57,     0,     1.4,     2.9,     17.8,     80.9,     1011.5,     142.06,     255,     87.9,     -177.9
144,     24.07.2014 00:01:22,     -5.25,     -2.01,     67,     0.3,     1.8,     3.4,     17.7,     81.1,     1011.4,     142.06,     254.9,     87.8,     -177.8,     12.512,     17.24,     68.3