Logger: #D10248 'TSK_Meteo' - USP_EXP2 (V2.10, Jan 24 2012)
No,     Time,     #1:W/m²:0,     #2:ÂµMol:(do.),     #5:deg:2,     #6:m/sMIN:(do.),     #7:m/sMIT:(do.),     #8:m/sMAX:(do.),     #9:Â°C:(do.),     #10:%:(do.),     #11:hPa:(do.),     #12:mm:(do.),     #14:AZ:3,     #15:EL:(do.),     #16:Roll:(do.),     #HK-Bat:V,     #HK-Temp:oC,     #HK-rH:%
(GSM Transfer OK / Signal:15)
1,     19.01.2015 00:11:18,     -3.15,     0,     191,     1,     1.7,     2.3,     0.2,     83.7,     1006.9,     423.29,     73,     87.9,     -2,     12.376,     1.09,     89.5
2,     19.01.2015 00:21:18,     -3.15,     0,     182,     1.1,     1.8,     2.8,     0,     84,     1006.8,     423.29,     73.1,     87.9,     -2
3,     19.01.2015 00:31:18,     -3.15,     -2.01,     190,     1,     1.6,     2.5,     0,     84.6,     1006.8,     423.29,     73,     87.9,     -2
4,     19.01.2015 00:41:18,     -3.15,     0,     197,     0.9,     1.8,     2.7,     0,     84.7,     1006.8,     423.29,     73.1,     87.9,     -2
5,     19.01.2015 00:51:18,     -3.15,     -2.01,     191,     1.1,     2,     2.9,     0,     84.9,     1006.7,     423.29,     73.2,     87.9,     -2
6,     19.01.2015 01:01:18,     -3.15,     0,     196,     1.4,     2.3,     3.1,     0,     85.1,     1006.7,     423.29,     72.9,     88,     -1.9
7,     19.01.2015 01:11:16,     -4.2,     -2.01,     193,     1.4,     2.2,     3.1,     0,     84.6,     1006.8,     423.29,     73.2,     87.9,     -2,     12.429,     0.07,     91.7
8,     19.01.2015 01:21:16,     -4.2,     -2.01,     203,     1.2,     2.1,     3.2,     -0.1,     84.7,     1006.9,     423.29,     73.2,     88,     -1.9
9,     19.01.2015 01:31:16,     -4.2,     -2.01,     206,     0.8,     1.8,     3.1,     -0.1,     85,     1006.8,     423.29,     73.2,     87.9,     -2
10,     19.01.2015 01:41:16,     -3.15,     -2.01,     198,     1.4,     2.4,     3.7,     -0.3,     85,     1006.7,     423.29,     73.4,     87.9,     -2
11,     19.01.2015 01:51:16,     -4.2,     0,     202,     1.4,     2.3,     3.1,     -0.3,     85.5,     1006.8,     423.29,     73.4,     87.9,     -2
12,     19.01.2015 02:01:16,     -5.25,     -2.01,     209,     1.4,     2.3,     3.3,     -0.4,     85.5,     1006.8,     423.29,     73.4,     88,     -1.9
13,     19.01.2015 02:11:16,     -4.2,     -2.01,     207,     1.5,     2.3,     3.4,     -0.5,     85.4,     1006.8,     423.29,     73.5,     87.9,     -2,     12.435,     -0.53,     91.9
14,     19.01.2015 02:21:16,     -5.25,     -2.01,     203,     1.3,     2.3,     3.2,     -0.5,     85.7,     1006.8,     423.29,     73.2,     88,     -2
15,     19.01.2015 02:31:16,     -3.15,     -2.01,     213,     1.1,     2,     3.1,     -0.5,     85.8,     1006.8,     423.29,     73.1,     87.9,     -2
16,     19.01.2015 02:41:16,     -5.25,     -2.01,     209,     1,     2.2,     3.4,     -0.6,     85.6,     1006.8,     423.29,     73.3,     87.9,     -2
17,     19.01.2015 02:51:16,     -5.25,     -2.01,     208,     1.6,     2.6,     4,     -0.6,     85.9,     1006.7,     423.29,     73.2,     87.9,     -2
18,     19.01.2015 03:01:16,     -6.3,     -2.01,     203,     1.1,     2.1,     3.1,     -0.7,     85.9,     1006.7,     423.29,     253.1,     87.9,     -177.9
19,     19.01.2015 03:11:16,     -6.3,     -4.02,     206,     0.5,     1.4,     2.3,     -0.8,     86.1,     1006.7,     423.29,     73.1,     87.9,     -2,     12.425,     -1.07,     91.9
20,     19.01.2015 03:21:16,     -4.2,     0,     194,     0.3,     1.1,     2,     -0.9,     86.6,     1006.7,     423.29,     73.1,     87.9,     -2
21,     19.01.2015 03:31:16,     -5.25,     -2.01,     187,     0.6,     1.4,     2.1,     -1,     86.8,     1006.7,     423.29,     73,     87.9,     -2
22,     19.01.2015 03:41:16,     -5.25,     -2.01,     175,     0.7,     1.6,     2.5,     -1,     86.8,     1006.6,     423.29,     73,     88,     -1.9
23,     19.01.2015 03:51:16,     -4.2,     -2.01,     187,     0.6,     1.4,     2.1,     -1.1,     87.1,     1006.6,     423.29,     252.9,     87.9,     -177.9
24,     19.01.2015 04:01:16,     -5.25,     -2.01,     176,     0.6,     1.4,     2.5,     -1.2,     87.1,     1006.5,     423.29,     253,     87.8,     -177.8
25,     19.01.2015 04:11:16,     -6.3,     -2.01,     175,     0.3,     0.9,     1.5,     -1.3,     87.6,     1006.5,     423.29,     252.9,     87.9,     -178,     13.095,     -1.84,     92.1
26,     19.01.2015 04:21:16,     -4.2,     0,     191,     0.6,     1.3,     2.1,     -1.3,     88,     1006.3,     423.29,     252.9,     87.9,     -177.9
27,     19.01.2015 04:31:16,     -6.3,     0,     188,     1.1,     1.7,     2.4,     -1.3,     88,     1006.3,     423.29,     73,     87.9,     -2
28,     19.01.2015 04:41:16,     -5.25,     -2.01,     182,     0.6,     1.5,     2,     -1.4,     88.1,     1006.3,     423.29,     72.9,     87.9,     -2
29,     19.01.2015 04:51:16,     -4.2,     -2.01,     182,     0.9,     1.5,     1.9,     -1.5,     88.4,     1006.2,     423.29,     72.8,     88,     -1.9
30,     19.01.2015 05:01:16,     -4.2,     0,     181,     0.9,     1.5,     1.9,     -1.5,     88.7,     1006.3,     423.29,     252.9,     88,     -178
31,     19.01.2015 05:11:16,     -4.2,     -2.01,     193,     0.6,     1.3,     1.9,     -1.4,     89,     1006.3,     423.29,     73,     87.9,     -2,     12.611,     -2.23,     92.3
32,     19.01.2015 05:21:16,     -5.25,     0,     219,     0.4,     1.2,     2,     -1.5,     88.8,     1006.3,     423.29,     73,     88,     -1.9
33,     19.01.2015 05:31:16,     -5.25,     -2.01,     192,     0.7,     1.2,     1.6,     -1.5,     89,     1006.4,     423.29,     73,     87.9,     -2
34,     19.01.2015 05:41:16,     -5.25,     0,     183,     0.6,     1.2,     2,     -1.6,     88.9,     1006.3,     423.29,     72.8,     87.9,     -1.9
35,     19.01.2015 05:51:16,     -4.2,     -2.01,     200,     0.4,     1,     1.8,     -1.6,     89.2,     1006.3,     423.29,     72.9,     88,     -1.9
36,     19.01.2015 06:01:16,     -5.25,     0,     181,     0.6,     1.3,     2,     -1.6,     89.2,     1006.3,     423.29,     72.9,     88,     -1.9
37,     19.01.2015 06:11:16,     -4.2,     -2.01,     180,     0.8,     1.3,     1.7,     -1.9,     89.1,     1006.1,     423.29,     72.8,     87.9,     -2,     12.474,     -2.51,     92.4
38,     19.01.2015 06:21:16,     -3.15,     0,     185,     0.5,     1.3,     2,     -1.8,     89.7,     1006.2,     423.29,     73,     87.9,     -2
39,     19.01.2015 06:31:16,     -3.15,     0,     218,     0.4,     1.1,     1.7,     -1.8,     89.4,     1006.2,     423.29,     72.8,     87.9,     -2
40,     19.01.2015 06:41:16,     -3.15,     -2.01,     191,     0.5,     1.3,     1.8,     -1.7,     89.6,     1006.2,     423.29,     73,     88,     -1.9
41,     19.01.2015 06:51:16,     -3.15,     -2.01,     213,     0.3,     1,     1.7,     -1.6,     89.6,     1006.2,     423.29,     252.9,     87.9,     -178
42,     19.01.2015 07:01:16,     -4.2,     -2.01,     204,     0.2,     0.9,     1.8,     -1.6,     89.6,     1006.3,     423.29,     73,     87.9,     -2
43,     19.01.2015 07:11:16,     -3.15,     0,     191,     0.4,     1.4,     2.2,     -1.5,     89.7,     1006.3,     423.29,     252.9,     87.9,     -177.9,     12.427,     -2.27,     92.4
44,     19.01.2015 07:21:16,     -4.2,     -2.01,     203,     0.7,     1.7,     2.6,     -1.4,     89.7,     1006.4,     423.29,     73.2,     88,     -1.9
45,     19.01.2015 07:31:16,     -4.2,     -2.01,     199,     0.9,     1.7,     2.4,     -1.2,     89.8,     1006.4,     423.29,     73,     88,     -1.9
46,     19.01.2015 07:41:16,     -3.15,     0,     195,     1,     1.7,     2.5,     -1.2,     89.7,     1006.4,     423.29,     73.1,     87.9,     -2
47,     19.01.2015 07:51:16,     -3.15,     0,     205,     1,     2.3,     3.7,     -1.1,     89.3,     1006.4,     423.29,     252.7,     87.9,     -177.9
48,     19.01.2015 08:01:16,     -2.1,     0,     191,     1.4,     2.3,     3.4,     -1.1,     89,     1006.4,     423.29,     73,     87.9,     -1.9
49,     19.01.2015 08:11:16,     1.05,     6.03,     201,     1.5,     2.4,     3.6,     -1,     89,     1006.5,     423.29,     73.4,     87.9,     -2,     13.807,     -1.50,     92.2
50,     19.01.2015 08:21:16,     8.4,     12.06,     203,     1.2,     2.6,     3.7,     -1,     88.6,     1006.4,     423.29,     73.5,     87.9,     -2
51,     19.01.2015 08:31:16,     11.55,     20.1,     205,     1.5,     2.5,     4.2,     -1,     88.5,     1006.7,     423.29,     73.4,     88,     -2
52,     19.01.2015 08:41:16,     16.8,     28.14,     205,     1.6,     2.7,     4.2,     -1,     88.3,     1006.6,     423.29,     73.2,     87.9,     -2
53,     19.01.2015 08:51:16,     24.15,     44.22,     214,     1.7,     2.8,     3.9,     -1,     88.2,     1006.7,     423.29,     253.2,     87.9,     -177.8
54,     19.01.2015 09:01:16,     39.9,     68.34,     220,     1.6,     2.8,     4.5,     -1,     88.2,     1006.8,     423.29,     74.3,     88,     -2
55,     19.01.2015 09:11:16,     61.95,     100.5,     217,     1.8,     2.9,     4.5,     -1,     87.9,     1006.9,     423.29,     74,     87.9,     -2,     14.314,     -0.87,     92.2
56,     19.01.2015 09:21:16,     61.95,     108.54,     211,     1.8,     3.3,     5.1,     -1,     88,     1006.8,     423.29,     73.7,     88,     -1.9
57,     19.01.2015 09:31:16,     98.7,     156.78,     211,     2.2,     4.3,     6.4,     -0.9,     87.6,     1006.8,     423.29,     74.2,     88.5,     -1.4
58,     19.01.2015 09:41:16,     114.45,     190.95,     206,     2.7,     4.1,     5.4,     -0.9,     86.7,     1006.8,     423.29,     74,     87.8,     -2.1
59,     19.01.2015 09:51:16,     103.95,     184.92,     214,     2.3,     3.5,     5.1,     -0.8,     86.2,     1006.9,     423.29,     73.7,     88.1,     -1.8
60,     19.01.2015 10:01:16,     130.2,     229.14,     207,     2.4,     3.6,     5.1,     -0.8,     85.3,     1006.8,     423.29,     73.1,     88,     -1.9
61,     19.01.2015 10:11:16,     194.25,     329.64,     199,     2.3,     4,     5.5,     -0.7,     84.7,     1006.7,     423.29,     74.2,     87.8,     -2,     13.551,     0.29,     92.2
62,     19.01.2015 10:21:16,     147,     265.32,     201,     2.2,     3.9,     6.2,     -0.5,     84.2,     1006.6,     423.29,     73.3,     88,     -1.9
63,     19.01.2015 10:31:16,     240.45,     399.99,     208,     2.4,     3.6,     5.2,     -0.4,     83.8,     1006.7,     423.29,     74,     88.1,     -1.8
64,     19.01.2015 10:41:16,     233.1,     395.97,     210,     2.2,     3.5,     5.5,     -0.2,     83,     1006.7,     423.29,     73.7,     87.9,     -2
65,     19.01.2015 10:51:16,     197.4,     345.72,     212,     2,     3.7,     5.4,     0,     83,     1006.7,     423.29,     74.2,     87.9,     -2
66,     19.01.2015 11:01:16,     198.45,     349.74,     204,     2.4,     3.6,     5.1,     0,     82.8,     1006.8,     423.29,     73.3,     88,     -1.9
67,     19.01.2015 11:11:17,     163.8,     299.49,     213,     2.1,     3.4,     5.2,     0,     82,     1006.8,     423.29,     73.3,     88,     -1.9,     13.561,     1.82,     91.7
68,     19.01.2015 11:21:17,     199.5,     349.74,     205,     2.1,     3.5,     5.1,     0.1,     82.4,     1006.8,     423.29,     73.6,     87.9,     -2
69,     19.01.2015 11:31:17,     185.85,     327.63,     207,     2.2,     3.2,     4.4,     0.2,     81.8,     1006.7,     423.29,     73.7,     87.9,     -2
70,     19.01.2015 11:41:17,     213.15,     371.85,     205,     1.8,     3,     4.3,     0.2,     81.5,     1006.6,     423.29,     73.4,     88,     -1.9
71,     19.01.2015 11:51:17,     175.35,     315.57,     204,     1.8,     2.9,     4,     0.4,     80.8,     1006.5,     423.29,     73.6,     88,     -1.9
72,     19.01.2015 12:01:17,     184.8,     325.62,     202,     1.6,     2.7,     4.2,     0.5,     80.1,     1006.4,     423.29,     73.7,     87.9,     -2
73,     19.01.2015 12:11:16,     203.7,     359.79,     207,     1.6,     2.4,     3.9,     0.7,     79.1,     1006.4,     423.29,     73.4,     88,     -1.9,     13.574,     2.68,     91.5
74,     19.01.2015 12:21:16,     197.4,     351.75,     200,     1.9,     2.9,     4,     0.8,     78,     1006.3,     423.29,     73.2,     88,     -1.9
75,     19.01.2015 12:31:16,     151.2,     277.38,     199,     1.1,     2.6,     4.1,     0.9,     77.8,     1006.2,     423.29,     73.4,     87.9,     -2
76,     19.01.2015 12:41:16,     136.5,     257.28,     201,     1.4,     2.5,     3.9,     1,     78,     1006.2,     423.29,     73.3,     88,     -1.9
77,     19.01.2015 12:51:16,     141.75,     265.32,     207,     1.7,     2.6,     3.5,     0.9,     78.1,     1006.1,     423.29,     73.6,     87.9,     -2
78,     19.01.2015 13:01:16,     169.05,     309.54,     199,     1.3,     2.2,     3.1,     1,     78.3,     1006.1,     423.29,     73.4,     87.9,     -1.9
79,     19.01.2015 13:11:16,     176.4,     319.59,     195,     1.7,     2.9,     4.6,     1,     77.4,     1006,     423.29,     73.6,     87.8,     -2,     13.610,     3.06,     90.9
80,     19.01.2015 13:21:16,     145.95,     267.33,     202,     1.5,     2.7,     3.7,     1.1,     78,     1006,     423.29,     73.5,     87.9,     -2
81,     19.01.2015 13:31:16,     139.65,     257.28,     204,     2,     3.1,     4.3,     1.1,     79,     1005.9,     423.29,     73.3,     87.8,     -2.1
82,     19.01.2015 13:41:16,     121.8,     225.12,     203,     1.9,     3.1,     4.9,     1,     78.8,     1005.9,     423.29,     74.1,     88,     -1.9
83,     19.01.2015 13:51:16,     117.6,     219.09,     207,     1.5,     2.6,     3.5,     1.1,     79.3,     1005.8,     423.29,     73.5,     87.9,     -2
84,     19.01.2015 14:01:16,     115.5,     211.05,     204,     1.5,     2.6,     4,     1.1,     79.5,     1005.7,     423.29,     73.7,     87.9,     -1.9
85,     19.01.2015 14:11:16,     96.6,     184.92,     204,     1.7,     2.6,     3.7,     1.2,     80.5,     1005.7,     423.29,     73.3,     87.9,     -2,     13.813,     2.84,     90.9
86,     19.01.2015 14:21:16,     87.15,     162.81,     202,     1.5,     2.5,     3.5,     1.2,     80.5,     1005.7,     423.29,     73.5,     87.9,     -2
87,     19.01.2015 14:31:16,     76.65,     144.72,     203,     1.3,     2.1,     3.4,     1.2,     80.4,     1005.7,     423.29,     73.2,     88,     -1.9
88,     19.01.2015 14:41:16,     67.2,     128.64,     192,     0.9,     1.8,     2.9,     1.2,     80.2,     1005.8,     423.29,     73.3,     88,     -1.9
89,     19.01.2015 14:51:16,     56.7,     108.54,     189,     0.8,     1.8,     3.4,     1.2,     80.5,     1005.8,     423.29,     73.3,     87.9,     -2
90,     19.01.2015 15:01:16,     53.55,     104.52,     184,     0.9,     2,     3.2,     1.3,     80.2,     1005.8,     423.29,     73,     87.9,     -2
91,     19.01.2015 15:11:16,     49.35,     90.45,     179,     0.8,     1.8,     2.7,     1.2,     80.4,     1005.7,     423.29,     73.1,     88,     -1.9,     13.788,     2.17,     91.1
92,     19.01.2015 15:21:16,     43.05,     80.4,     181,     0.6,     1.4,     2.5,     1.3,     80.4,     1005.7,     423.29,     73.1,     87.9,     -2
93,     19.01.2015 15:31:16,     35.7,     66.33,     179,     0.8,     1.8,     2.9,     1.3,     80.1,     1005.7,     423.29,     73.1,     88,     -1.9
94,     19.01.2015 15:41:16,     26.25,     50.25,     184,     0.6,     1.7,     2.5,     1.2,     80.8,     1005.7,     423.29,     73.2,     88,     -1.9
95,     19.01.2015 15:51:16,     21,     38.19,     190,     1,     1.8,     2.6,     1.2,     80.9,     1005.6,     423.29,     73.5,     87.9,     -2
96,     19.01.2015 16:01:16,     12.6,     22.11,     188,     1.1,     2,     3,     1.2,     80.3,     1005.6,     423.29,     73.3,     87.9,     -2
97,     19.01.2015 16:11:16,     3.15,     10.05,     179,     0.5,     1.7,     2.5,     1.1,     80.8,     1005.7,     423.29,     73.2,     88,     -1.9,     12.792,     1.60,     91.4
98,     19.01.2015 16:21:16,     1.05,     8.04,     171,     0.9,     2.2,     3.6,     1,     80.9,     1005.6,     423.29,     73.1,     87.9,     -2
99,     19.01.2015 16:31:16,     -2.1,     0,     180,     1.1,     2.5,     4.4,     0.9,     81.4,     1005.6,     423.29,     73.5,     87.8,     -2.1
100,     19.01.2015 16:41:16,     -1.05,     0,     176,     0.5,     2.4,     4.2,     0.8,     81.1,     1005.7,     423.29,     73.4,     88,     -1.9
101,     19.01.2015 16:51:16,     -2.1,     0,     174,     1.8,     3.1,     5,     0.8,     81.9,     1005.6,     423.29,     73,     88,     -1.9
102,     19.01.2015 17:01:16,     -3.15,     -2.01,     178,     1.7,     2.7,     4,     0.8,     82.4,     1005.7,     423.29,     72.9,     88,     -1.9
103,     19.01.2015 17:11:17,     -2.1,     0,     174,     1.3,     2.4,     3.8,     0.7,     83,     1005.6,     423.29,     73.1,     88,     -1.9,     12.772,     1.41,     91.4
104,     19.01.2015 17:21:17,     -2.1,     -4.02,     176,     0.9,     2.4,     4,     0.6,     83.5,     1005.7,     423.29,     72.9,     87.9,     -2
105,     19.01.2015 17:31:17,     -1.05,     -2.01,     178,     1.3,     2.9,     5.1,     0.6,     84.5,     1005.6,     423.29,     73.1,     88,     -1.9
106,     19.01.2015 17:41:17,     -2.1,     -2.01,     181,     1,     2.5,     3.8,     0.6,     85.3,     1005.6,     423.29,     73,     87.8,     -2.1
107,     19.01.2015 17:51:17,     -1.05,     -2.01,     183,     1.2,     2.9,     4.6,     0.5,     86.1,     1005.6,     423.29,     73.5,     88,     -2
108,     19.01.2015 18:01:17,     0,     0,     176,     1.2,     2.4,     3.9,     0.4,     86.3,     1005.5,     423.29,     73.1,     87.9,     -2
109,     19.01.2015 18:11:16,     -1.05,     -2.01,     182,     1,     2.5,     3.9,     0.5,     86.9,     1005.4,     423.29,     73.4,     87.9,     -2,     12.630,     1.19,     91.5
110,     19.01.2015 18:21:16,     -2.1,     -2.01,     170,     1,     2.1,     3.5,     0.4,     87,     1005.4,     423.29,     73.3,     88,     -1.9
111,     19.01.2015 18:31:16,     -1.05,     0,     177,     1,     2,     3,     0.4,     87.2,     1005.4,     423.29,     72.9,     88,     -1.9
112,     19.01.2015 18:41:16,     -3.15,     -4.02,     177,     0.7,     2.1,     3.6,     0.4,     87.1,     1005.4,     423.29,     73.2,     87.9,     -2
113,     19.01.2015 18:51:16,     -2.1,     -2.01,     169,     0.7,     2,     3.3,     0.4,     87.5,     1005.4,     423.29,     73,     88,     -2
114,     19.01.2015 19:01:16,     -2.1,     -2.01,     171,     0.5,     2.1,     3.5,     0.4,     87.4,     1005.4,     423.29,     73.2,     88,     -1.9
115,     19.01.2015 19:11:16,     -1.05,     0,     175,     0.9,     1.9,     3,     0.4,     87.7,     1005.4,     423.29,     72.9,     88,     -1.9,     12.558,     1.01,     91.6
116,     19.01.2015 19:21:16,     -2.1,     0,     178,     0.8,     2.2,     3.8,     0.5,     87.6,     1005.4,     423.29,     73.3,     87.9,     -2
117,     19.01.2015 19:31:16,     -1.05,     -2.01,     183,     1.4,     2.5,     4.2,     0.6,     87.6,     1005.4,     423.29,     73.1,     87.9,     -2
118,     19.01.2015 19:41:16,     -1.05,     0,     177,     0.2,     2.4,     4.3,     0.6,     87.5,     1005.4,     423.29,     73.2,     87.9,     -2
119,     19.01.2015 19:51:16,     -2.1,     -2.01,     177,     1.3,     2.6,     3.8,     0.6,     87.6,     1005.3,     423.29,     72.9,     87.9,     -2
120,     19.01.2015 20:01:16,     -2.1,     -2.01,     179,     1.1,     2.2,     3.7,     0.6,     87.5,     1005.3,     423.29,     72.8,     87.9,     -2
121,     19.01.2015 20:11:16,     -1.05,     0,     178,     1.1,     2.1,     3.1,     0.7,     87.6,     1005.2,     423.29,     73.2,     87.9,     -2,     12.535,     1.11,     91.6
122,     19.01.2015 20:21:16,     -1.05,     -2.01,     171,     1.2,     2.1,     3,     0.7,     87.3,     1005.2,     423.29,     73,     87.9,     -2
123,     19.01.2015 20:31:16,     -2.1,     -2.01,     170,     1,     2.1,     3.1,     0.7,     87.2,     1005.2,     423.29,     73,     87.9,     -2.1
124,     19.01.2015 20:41:16,     -1.05,     -2.01,     179,     0.5,     2.1,     3.7,     0.8,     87.1,     1005.1,     423.29,     73,     87.9,     -2
125,     19.01.2015 20:51:16,     -1.05,     0,     173,     1.2,     2.1,     3,     0.7,     87,     1005.2,     423.29,     73.2,     88,     -1.9
126,     19.01.2015 21:01:16,     -3.15,     -2.01,     176,     1.2,     2.1,     3.4,     0.8,     87.1,     1005.2,     423.29,     73.1,     87.9,     -2
127,     19.01.2015 21:11:16,     -2.1,     0,     180,     0.9,     1.8,     2.7,     0.8,     87,     1005.2,     423.29,     73.1,     87.9,     -2,     12.516,     1.19,     91.6
128,     19.01.2015 21:21:16,     -2.1,     0,     178,     0.7,     1.6,     2.4,     0.8,     86.7,     1005.2,     423.29,     73.1,     88,     -2
129,     19.01.2015 21:31:16,     -1.05,     0,     172,     1.2,     2.3,     3.7,     0.9,     86.5,     1005.2,     423.29,     73.1,     87.9,     -2
130,     19.01.2015 21:41:16,     -3.15,     -2.01,     167,     1,     2.2,     4.1,     0.9,     86.2,     1005.1,     423.29,     73,     88,     -1.9
131,     19.01.2015 21:51:16,     -1.05,     -2.01,     162,     0.9,     1.9,     3.6,     1,     86.1,     1005.1,     423.29,     73,     88,     -1.9
132,     19.01.2015 22:01:16,     -2.1,     -2.01,     143,     0.5,     1.6,     2.5,     0.9,     86.5,     1005,     423.29,     73.1,     87.9,     -2
133,     19.01.2015 22:11:16,     -1.05,     -2.01,     144,     0.8,     1.7,     2.6,     0.8,     86.8,     1004.9,     423.29,     73,     88,     -1.9,     12.480,     1.31,     91.5
134,     19.01.2015 22:21:16,     -2.1,     0,     144,     0.5,     1.7,     2.8,     0.8,     87,     1004.9,     423.29,     72.9,     88,     -1.9
135,     19.01.2015 22:31:16,     -1.05,     -2.01,     143,     1.1,     2,     3.2,     0.8,     87.2,     1004.8,     423.29,     73,     88,     -1.9
136,     19.01.2015 22:41:16,     -2.1,     -4.02,     141,     0.2,     1.7,     3.1,     0.8,     87.2,     1004.9,     423.29,     73.2,     88,     -1.9
137,     19.01.2015 22:51:16,     0,     0,     137,     0.3,     1.5,     2.6,     0.9,     87.1,     1004.8,     423.29,     73,     87.9,     -2
138,     19.01.2015 23:01:16,     -2.1,     0,     132,     0.5,     1.5,     2.7,     0.9,     87.1,     1004.8,     423.29,     73.1,     88,     -1.9
139,     19.01.2015 23:11:17,     -2.1,     -2.01,     132,     0.6,     1.6,     2.8,     0.9,     87,     1004.7,     423.29,     252.8,     88,     -178,     12.459,     1.37,     91.5
140,     19.01.2015 23:21:17,     -1.05,     -2.01,     131,     0.4,     1.5,     3,     0.9,     87,     1004.7,     423.29,     73,     87.9,     -2
141,     19.01.2015 23:31:17,     -2.1,     -2.01,     134,     0.3,     1.5,     3.3,     1,     86.9,     1004.7,     423.29,     72.7,     87.9,     -2
142,     19.01.2015 23:41:17,     -1.05,     -2.01,     140,     0.4,     1.7,     3.5,     1,     86.7,     1004.7,     423.29,     72.9,     88,     -1.9
143,     19.01.2015 23:51:17,     -1.05,     0,     137,     0.8,     1.9,     3.6,     1,     86.7,     1004.6,     423.29,     73,     87.9,     -2
144,     20.01.2015 00:01:16,     -2.1,     -4.02,     136,     0.5,     1.4,     2.6,     1,     86.7,     1004.6,     423.29,     72.9,     87.9,     -2,     12.164,     1.46,     91.5