Logger: #D10248 'TSK_Meteo' - USP_EXP2 (V2.10, Jan 24 2012)
No,     Time,     #1:W/m²:0,     #2:ÂµMol:(do.),     #5:deg:2,     #6:m/sMIN:(do.),     #7:m/sMIT:(do.),     #8:m/sMAX:(do.),     #9:Â°C:(do.),     #10:%:(do.),     #11:hPa:(do.),     #12:mm:(do.),     #14:AZ:3,     #15:EL:(do.),     #16:Roll:(do.),     #HK-Bat:V,     #HK-Temp:oC,     #HK-rH:%
(GSM Transfer OK / Signal:16)
1,     30.01.2015 00:11:16,     -3.15,     -2.01,     197,     1.9,     3.8,     6,     0.7,     85.1,     968.2,     431.43,     73.4,     87.8,     -2.1,     13.822,     1.25,     90.0
2,     30.01.2015 00:21:16,     -1.05,     0,     204,     2.3,     3.5,     5.1,     0.7,     85.2,     968.2,     431.43,     73.6,     88,     -2
3,     30.01.2015 00:31:16,     -2.1,     -2.01,     204,     2.1,     4,     5.7,     0.7,     85.5,     968.1,     431.43,     254,     88,     -177.9
4,     30.01.2015 00:41:16,     -2.1,     -2.01,     204,     2.5,     3.9,     5.6,     0.8,     85.4,     968,     431.43,     73.4,     88,     -1.9
5,     30.01.2015 00:51:16,     -1.05,     0,     202,     2.7,     4,     6.4,     0.9,     84.9,     967.8,     431.43,     73.9,     88.1,     -1.8
6,     30.01.2015 01:01:16,     -1.05,     0,     199,     2.5,     4,     6.4,     0.8,     85.4,     967.7,     431.43,     73.4,     88.2,     -1.7
7,     30.01.2015 01:11:16,     -2.1,     -2.01,     203,     2.3,     3.8,     6.5,     0.9,     85.6,     967.6,     431.43,     73.1,     87.9,     -2,     12.643,     1.13,     92.3
8,     30.01.2015 01:21:16,     -2.1,     -2.01,     203,     2.4,     3.8,     5.6,     1,     85.2,     967.6,     431.43,     73.5,     88.1,     -1.8
9,     30.01.2015 01:31:16,     -1.05,     0,     202,     2.5,     3.8,     5.6,     1,     85.5,     967.3,     431.43,     73.4,     88,     -1.9
10,     30.01.2015 01:41:16,     -1.05,     -2.01,     202,     2,     3.7,     5.2,     1,     86.1,     967.2,     431.43,     73.5,     88.1,     -1.8
11,     30.01.2015 01:51:16,     -1.05,     -2.01,     208,     2.1,     3.8,     5.5,     1,     86.5,     967.2,     431.43,     73.2,     87.9,     -2
12,     30.01.2015 02:01:16,     -1.05,     -2.01,     202,     2,     3.9,     6.4,     1,     86.8,     967,     431.43,     253.1,     88,     -178
13,     30.01.2015 02:11:16,     -1.05,     0,     204,     1.6,     3.3,     5,     1.1,     87.4,     966.9,     431.43,     73.7,     88.1,     -1.8,     12.482,     1.45,     92.2
14,     30.01.2015 02:21:16,     -2.1,     -2.01,     209,     1.7,     3.1,     4.8,     1.1,     87.8,     966.9,     431.43,     73.3,     88.1,     -1.8
15,     30.01.2015 02:31:16,     -1.05,     0,     198,     1.5,     2.9,     4,     1.1,     87.8,     966.8,     431.43,     73.4,     88.1,     -1.9
16,     30.01.2015 02:41:16,     0,     0,     195,     2,     3,     4.3,     1.1,     88.1,     966.8,     431.43,     73.7,     88,     -1.9
17,     30.01.2015 02:51:16,     -1.05,     0,     196,     1.6,     2.8,     6.6,     1.1,     88,     966.8,     431.43,     73.3,     88,     -1.9
18,     30.01.2015 03:01:16,     -2.1,     0,     195,     1.5,     3,     6.2,     1.1,     87.9,     966.7,     431.43,     73.3,     88.1,     -1.8
19,     30.01.2015 03:11:16,     -1.05,     0,     199,     1.4,     3.2,     4.8,     1.1,     88.1,     966.6,     431.43,     73.4,     88.1,     -1.8,     12.452,     1.67,     92.1
20,     30.01.2015 03:21:16,     -1.05,     -2.01,     195,     1.7,     3,     5.7,     1.1,     88.5,     966.4,     431.43,     73.2,     87.9,     -2
21,     30.01.2015 03:31:16,     0,     -2.01,     188,     1.2,     2.8,     4.4,     1.1,     88.7,     966.2,     431.43,     73,     88,     -1.9
22,     30.01.2015 03:41:16,     -2.1,     -2.01,     186,     1.3,     2.6,     5.2,     1.1,     88.9,     966.2,     431.43,     73,     88,     -1.9
23,     30.01.2015 03:51:16,     -2.1,     -2.01,     172,     0.6,     2.5,     3.9,     1,     88.9,     966,     431.43,     73,     88,     -1.9
24,     30.01.2015 04:01:16,     -1.05,     0,     173,     1.3,     2.3,     3.4,     1.1,     88.6,     965.9,     431.43,     73.1,     88,     -1.9
25,     30.01.2015 04:11:16,     0,     0,     169,     1.4,     2.6,     4.6,     1.1,     88.4,     965.7,     431.43,     73.2,     88,     -1.9,     12.412,     1.73,     92.1
26,     30.01.2015 04:21:16,     -1.05,     -2.01,     171,     0.9,     2.4,     4.5,     1,     88.3,     965.6,     431.43,     72.5,     88,     -1.9
27,     30.01.2015 04:31:16,     -2.1,     -2.01,     171,     1.2,     2.4,     4.1,     1.1,     88.2,     965.6,     431.43,     73.2,     88,     -1.9
28,     30.01.2015 04:41:16,     -1.05,     -2.01,     175,     0.5,     2.4,     4,     1.1,     88.1,     965.4,     431.43,     73.3,     87.9,     -2
29,     30.01.2015 04:51:16,     -1.05,     -2.01,     173,     1,     2.3,     3.9,     1.1,     88,     965.3,     431.43,     72.9,     87.9,     -2
30,     30.01.2015 05:01:16,     -1.05,     -2.01,     165,     0.1,     2.1,     4.1,     1.1,     87.7,     965.2,     431.43,     72.9,     88,     -1.9
31,     30.01.2015 05:11:17,     -1.05,     -2.01,     162,     0.7,     2,     3.3,     1.1,     87.8,     965.2,     431.43,     73,     88.1,     -1.8,     12.395,     1.75,     92.1
32,     30.01.2015 05:21:17,     -1.05,     0,     163,     0.4,     1.7,     4.5,     1.1,     87.7,     965.2,     431.43,     73.1,     88,     -1.9
33,     30.01.2015 05:31:17,     0,     0,     140,     0.1,     1.1,     2.3,     1.1,     87.8,     965.2,     431.43,     73.1,     88,     -1.9
34,     30.01.2015 05:41:17,     -1.05,     -2.01,     141,     0.4,     1.3,     2.3,     1.1,     87.9,     965.1,     431.43,     73.1,     88,     -2
35,     30.01.2015 05:51:17,     0,     4.02,     127,     0.4,     1,     1.9,     1.1,     87.9,     965.1,     431.43,     73.2,     88,     -1.9
36,     30.01.2015 06:01:17,     -1.05,     -2.01,     139,     0.2,     1.3,     2.2,     1.1,     88.2,     965.1,     431.43,     73,     88.1,     -1.8
37,     30.01.2015 06:11:16,     -1.05,     0,     152,     0.1,     1,     2.2,     1.1,     88.1,     965.3,     431.43,     73.2,     88,     -1.9,     12.389,     1.75,     92.1
38,     30.01.2015 06:21:16,     -1.05,     0,     158,     0.3,     1,     1.9,     1.1,     88,     965.4,     431.43,     73,     88,     -1.9
39,     30.01.2015 06:31:16,     -2.1,     -2.01,     148,     0.3,     0.9,     1.5,     1.1,     87.9,     965.5,     431.43,     73,     88,     -1.9
40,     30.01.2015 06:41:16,     -1.05,     -2.01,     142,     0.2,     1,     1.8,     1.1,     88.1,     965.5,     431.43,     73,     87.9,     -1.9
41,     30.01.2015 06:51:16,     -3.15,     -4.02,     145,     0.3,     1,     1.6,     1.2,     88.2,     965.6,     431.43,     73.1,     88,     -1.9
42,     30.01.2015 07:01:16,     -1.05,     0,     150,     0.6,     1.4,     2.4,     1.1,     88.1,     965.6,     431.43,     73.1,     88,     -1.9
43,     30.01.2015 07:11:16,     -2.1,     -2.01,     168,     0.1,     1.3,     2.2,     1.2,     88.3,     965.6,     431.43,     73.2,     88.1,     -1.8,     12.357,     1.77,     92.1
44,     30.01.2015 07:21:16,     -2.1,     0,     146,     0.4,     1.1,     2,     1.1,     88.4,     965.6,     431.43,     73.2,     88,     -1.9
45,     30.01.2015 07:31:16,     -3.15,     0,     152,     0.4,     1.2,     3.1,     1,     88.8,     965.6,     431.43,     73.1,     88,     -1.9
46,     30.01.2015 07:41:16,     -2.1,     0,     149,     0.3,     1,     1.7,     0.8,     89.2,     965.7,     431.43,     73.1,     88,     -1.9
47,     30.01.2015 07:51:16,     -1.05,     0,     117,     0.2,     0.6,     1,     0.7,     89.7,     965.6,     431.43,     73.1,     87.9,     -2
48,     30.01.2015 08:01:16,     -1.05,     2.01,     98,     0.2,     0.6,     1,     0.6,     90,     965.5,     431.43,     73.1,     87.9,     -2
49,     30.01.2015 08:11:17,     2.1,     4.02,     90,     0.5,     0.9,     1.3,     0.6,     90.4,     965.5,     431.43,     73,     88,     -1.9,     13.828,     1.47,     92.1
50,     30.01.2015 08:21:17,     4.2,     10.05,     98,     0.5,     0.9,     1.2,     0.6,     90.6,     965.4,     431.43,     73.1,     88,     -1.9
51,     30.01.2015 08:31:17,     6.3,     14.07,     108,     0.3,     0.8,     1.2,     0.6,     90.8,     965.5,     431.43,     73,     88,     -1.9
52,     30.01.2015 08:41:17,     8.4,     18.09,     100,     0.4,     0.7,     1.2,     0.6,     90.9,     965.5,     431.43,     73,     88,     -1.9
53,     30.01.2015 08:51:17,     12.6,     28.14,     95,     0.4,     0.9,     1.6,     0.6,     91.1,     965.5,     431.43,     73,     88,     -1.9
54,     30.01.2015 09:01:17,     16.8,     36.18,     104,     0.3,     0.8,     1.4,     0.7,     91.2,     965.5,     431.43,     73,     87.9,     -2
55,     30.01.2015 09:11:17,     21,     44.22,     117,     0.6,     1.1,     2,     0.7,     91.1,     965.6,     431.43,     73.1,     87.9,     -2,     12.836,     1.35,     92.3
56,     30.01.2015 09:21:17,     28.35,     58.29,     115,     0.5,     1.1,     2,     0.7,     91.1,     965.6,     431.43,     73,     87.9,     -2
57,     30.01.2015 09:31:17,     33.6,     70.35,     112,     0.3,     1.1,     2.3,     0.8,     91,     965.6,     431.43,     73.1,     88,     -1.9
58,     30.01.2015 09:41:17,     37.8,     80.4,     106,     0.5,     1,     1.8,     0.7,     90.9,     965.6,     431.43,     73.1,     88,     -1.9
59,     30.01.2015 09:51:17,     40.95,     90.45,     106,     0.2,     0.9,     1.5,     0.7,     90.9,     965.8,     431.43,     73.2,     88,     -1.9
60,     30.01.2015 10:01:17,     48.3,     102.51,     89,     0,     0.9,     1.8,     0.7,     90.9,     965.7,     431.43,     73,     88,     -1.9
61,     30.01.2015 10:11:16,     47.25,     100.5,     92,     0.3,     1.2,     1.8,     0.7,     90.8,     965.6,     431.43,     73.2,     88,     -1.9,     13.059,     1.61,     92.2
62,     30.01.2015 10:21:16,     45.15,     98.49,     101,     0.2,     1,     1.5,     0.8,     90.8,     965.7,     431.43,     73.2,     88,     -1.9
63,     30.01.2015 10:31:16,     31.5,     70.35,     127,     0.1,     1,     1.5,     0.8,     90.7,     965.9,     431.43,     73.1,     88,     -1.9
64,     30.01.2015 10:41:16,     32.55,     74.37,     110,     0.4,     0.9,     1.6,     0.8,     90.7,     965.8,     431.43,     73.2,     88,     -1.9
65,     30.01.2015 10:51:16,     26.25,     62.31,     120,     0.4,     0.9,     1.6,     0.8,     90.5,     965.9,     431.43,     73,     88,     -1.9
66,     30.01.2015 11:01:16,     21,     52.26,     104,     0.1,     0.7,     1.4,     0.9,     90.5,     965.9,     431.43,     73.2,     88,     -1.9
67,     30.01.2015 11:11:17,     25.2,     64.32,     94,     0.4,     0.8,     1.3,     0.8,     90.3,     965.9,     431.43,     73.2,     88,     -1.9,     12.991,     1.88,     92.0
68,     30.01.2015 11:21:17,     30.45,     88.44,     119,     0.3,     0.8,     2.9,     0.7,     90.2,     966,     431.43,     73.2,     88,     -1.9
69,     30.01.2015 11:31:17,     37.8,     110.55,     115,     0.2,     0.6,     1.2,     0.7,     90.4,     966,     431.43,     73.2,     88,     -1.9
70,     30.01.2015 11:41:17,     40.95,     120.6,     70,     0.1,     0.7,     1.1,     0.6,     90.6,     965.8,     431.43,     73.1,     87.9,     -2
71,     30.01.2015 11:51:17,     42,     126.63,     63,     0.5,     0.8,     1.1,     0.6,     90.7,     965.8,     431.43,     73.1,     88,     -1.9
72,     30.01.2015 12:01:17,     49.35,     144.72,     60,     0.4,     0.8,     1.5,     0.6,     90.9,     965.7,     431.43,     73,     88,     -1.9
73,     30.01.2015 12:11:16,     60.9,     178.89,     68,     0.5,     0.9,     1.3,     0.6,     91,     965.6,     431.43,     73.1,     88,     -1.9,     12.798,     1.85,     92.1
74,     30.01.2015 12:21:16,     58.8,     166.83,     51,     0.5,     1.7,     3.3,     0.6,     91.1,     965.7,     431.43,     73.2,     88,     -1.9
75,     30.01.2015 12:31:16,     54.6,     154.77,     38,     1.6,     2.9,     3.4,     0.6,     91.2,     965.8,     431.43,     73.1,     87.9,     -2
76,     30.01.2015 12:41:16,     53.55,     152.76,     39,     0.7,     2.9,     3.4,     0.6,     91.2,     965.7,     431.43,     73,     88,     -1.8
77,     30.01.2015 12:51:16,     59.85,     160.8,     51,     0.4,     1.4,     3.1,     0.6,     91.2,     965.6,     431.43,     73.2,     88,     -1.9
78,     30.01.2015 13:01:16,     69.3,     188.94,     45,     0.7,     1.2,     1.8,     0.5,     91.4,     965.5,     431.43,     73.1,     88,     -1.9
79,     30.01.2015 13:11:16,     78.75,     205.02,     44,     1,     1.5,     2,     0.5,     91.5,     965.4,     431.43,     73.1,     88,     -1.9,     12.923,     1.94,     92.1
80,     30.01.2015 13:21:16,     92.4,     207.03,     45,     1.3,     1.9,     2.4,     0.6,     91.5,     965.2,     431.43,     73,     88,     -1.9
81,     30.01.2015 13:31:16,     86.1,     180.9,     50,     1.5,     2.1,     2.7,     0.6,     91.5,     965,     431.43,     73.1,     88,     -1.9
82,     30.01.2015 13:41:16,     82.95,     178.89,     48,     1.1,     2,     2.7,     0.6,     91.6,     965,     431.43,     73,     87.9,     -1.9
83,     30.01.2015 13:51:16,     54.6,     120.6,     48,     1.4,     2,     2.7,     0.6,     91.7,     965,     431.43,     73,     88,     -1.9
84,     30.01.2015 14:01:16,     64.05,     138.69,     47,     1.3,     1.9,     2.5,     0.6,     91.7,     965.1,     431.43,     73,     87.9,     -2
85,     30.01.2015 14:11:16,     75.6,     158.79,     43,     1.1,     1.9,     2.7,     0.7,     91.7,     965.1,     431.43,     73,     88,     -1.9,     14.445,     1.97,     92.1
86,     30.01.2015 14:21:16,     65.1,     134.67,     45,     1.3,     1.9,     2.5,     0.6,     91.7,     965.1,     431.43,     72.9,     87.9,     -2
87,     30.01.2015 14:31:16,     68.25,     140.7,     46,     0.9,     1.6,     2.4,     0.6,     91.7,     965.2,     431.43,     73,     88,     -1.9
88,     30.01.2015 14:41:16,     63,     132.66,     43,     0.9,     1.4,     2.1,     0.6,     91.7,     965.2,     431.43,     73.1,     87.9,     -2
89,     30.01.2015 14:51:16,     35.7,     78.39,     44,     0.8,     1.5,     2.2,     0.6,     91.6,     965.2,     431.43,     73.1,     88,     -2
90,     30.01.2015 15:01:16,     24.15,     52.26,     32,     0.6,     1.2,     2.1,     0.6,     91.6,     965.3,     431.43,     73.1,     88,     -1.9
91,     30.01.2015 15:11:16,     17.85,     40.2,     21,     0.3,     1,     1.6,     0.7,     91.7,     965.3,     431.43,     73.3,     87.9,     -2,     13.071,     1.95,     92.0
92,     30.01.2015 15:21:16,     12.6,     26.13,     9,     0.7,     1.4,     2.3,     0.7,     91.7,     965.4,     431.43,     73.3,     88.1,     -1.9
93,     30.01.2015 15:31:16,     12.6,     30.15,     358,     0.9,     1.7,     2.7,     0.8,     91.7,     965.5,     431.43,     73.2,     88,     -1.8
94,     30.01.2015 15:41:16,     11.55,     26.13,     5,     0.7,     2.7,     4.4,     0.7,     91.6,     965.4,     431.43,     73.2,     88.1,     -1.8
95,     30.01.2015 15:51:16,     8.4,     20.1,     58,     2,     3.5,     4.5,     0.7,     91.4,     965.5,     431.43,     73.3,     88.1,     -1.8
96,     30.01.2015 16:01:16,     4.2,     10.05,     55,     1.5,     3.5,     5.2,     0.7,     91.4,     965.5,     431.43,     73.1,     87.9,     -2
97,     30.01.2015 16:11:16,     4.2,     10.05,     52,     2.1,     4,     5.9,     0.7,     91.4,     965.6,     431.43,     72.8,     87.9,     -2,     13.830,     1.74,     92.1
98,     30.01.2015 16:21:16,     1.05,     4.02,     59,     1.7,     3.7,     5.7,     0.7,     91.1,     965.7,     431.43,     72.9,     87.9,     -2
99,     30.01.2015 16:31:16,     0,     2.01,     53,     0.9,     2.7,     4.6,     0.7,     91.1,     965.8,     431.44,     73.1,     88,     -1.9
100,     30.01.2015 16:41:16,     0,     4.02,     0,     0,     0,     0,     0.6,     91.2,     965.7,     431.44,     73.1,     88,     -1.9
101,     30.01.2015 16:51:16,     -1.05,     0,     0,     0,     0,     0,     0.6,     91.4,     965.7,     431.44,     73.1,     88,     -1.9
102,     30.01.2015 17:01:16,     -2.1,     -2.01,     28,     1.7,     2.5,     3.3,     0.6,     91.3,     965.7,     431.44,     73.1,     88,     -1.9
103,     30.01.2015 17:11:16,     -1.05,     0,     25,     1.6,     2.3,     3.3,     0.6,     91.5,     965.8,     431.44,     253.1,     88,     -178,     12.662,     1.42,     92.2
104,     30.01.2015 17:21:16,     -3.15,     -2.01,     28,     1.6,     2.5,     3.5,     0.6,     91.4,     965.8,     431.44,     73,     88.1,     -1.8
105,     30.01.2015 17:31:16,     -2.1,     -2.01,     38,     1.5,     2.2,     3.1,     0.6,     91.5,     965.8,     431.44,     73.1,     87.9,     -1.9
106,     30.01.2015 17:41:16,     -2.1,     -2.01,     25,     1.2,     2.1,     2.8,     0.6,     91.4,     965.8,     431.44,     73,     88,     -1.9
107,     30.01.2015 17:51:16,     -2.1,     -2.01,     1,     0.8,     1.6,     2.6,     0.6,     91.5,     965.7,     431.44,     73.2,     87.9,     -2
108,     30.01.2015 18:01:16,     -2.1,     -2.01,     0,     0,     0,     0,     0.6,     91.6,     965.7,     431.44,     73,     88,     -1.9
109,     30.01.2015 18:11:16,     -1.05,     0,     334,     0.9,     1.9,     3.5,     0.6,     91.6,     965.7,     431.44,     73.2,     88,     -1.9,     12.548,     1.33,     92.3
110,     30.01.2015 18:21:16,     -1.05,     0,     343,     0.6,     1.5,     3.8,     0.6,     91.6,     965.8,     431.44,     73.1,     88,     -1.9
111,     30.01.2015 18:31:16,     -2.1,     -2.01,     358,     0.6,     1.2,     1.9,     0.6,     91.7,     965.8,     431.44,     73.1,     88,     -1.9
112,     30.01.2015 18:41:16,     -1.05,     0,     355,     0.6,     1.3,     1.9,     0.5,     91.7,     965.9,     431.44,     73.2,     88,     -1.9
113,     30.01.2015 18:51:16,     -1.05,     -2.01,     1,     1,     1.5,     2.6,     0.6,     91.8,     965.8,     431.44,     73.2,     88,     -1.9
114,     30.01.2015 19:01:16,     -2.1,     -2.01,     344,     0.7,     1.3,     2.5,     0.6,     91.8,     965.9,     431.44,     73.3,     88.1,     -1.8
115,     30.01.2015 19:11:16,     -1.05,     -2.01,     2,     0.8,     1.5,     2.4,     0.6,     91.7,     965.9,     431.44,     73.1,     88,     -1.9,     12.493,     1.25,     92.3
116,     30.01.2015 19:21:16,     -2.1,     -2.01,     2,     1.1,     1.8,     2.8,     0.6,     91.7,     965.9,     431.44,     73.2,     88.1,     -1.8
117,     30.01.2015 19:31:16,     -1.05,     0,     0,     1.2,     2.1,     3.2,     0.6,     91.7,     965.8,     431.44,     73.1,     88,     -1.9
118,     30.01.2015 19:41:16,     -2.1,     -2.01,     3,     1.3,     2,     3,     0.6,     91.6,     965.8,     431.44,     253.1,     88,     -178
119,     30.01.2015 19:51:16,     -2.1,     0,     350,     1,     1.7,     2.7,     0.6,     91.5,     965.8,     431.44,     73.3,     88.1,     -1.8
120,     30.01.2015 20:01:16,     -2.1,     -2.01,     348,     0.9,     1.7,     2.4,     0.6,     91.3,     965.8,     431.44,     73.2,     88,     -1.9
121,     30.01.2015 20:11:16,     -2.1,     -2.01,     345,     0.8,     1.6,     2.4,     0.6,     91.3,     965.8,     431.44,     73.2,     88,     -1.8,     12.425,     1.23,     92.3
122,     30.01.2015 20:21:16,     -2.1,     -2.01,     345,     0.7,     1.5,     2.3,     0.6,     91.3,     965.8,     431.44,     73.3,     87.9,     -1.9
123,     30.01.2015 20:31:16,     -2.1,     -4.02,     351,     0.9,     1.8,     2.8,     0.6,     91.4,     965.8,     431.44,     73.1,     87.9,     -2
124,     30.01.2015 20:41:16,     -2.1,     -2.01,     337,     1,     2.3,     4,     0.6,     91.5,     965.8,     431.44,     73.1,     88,     -1.9
125,     30.01.2015 20:51:16,     -2.1,     -2.01,     349,     1.3,     2.6,     4.3,     0.7,     91.5,     965.7,     431.44,     73,     87.9,     -2
126,     30.01.2015 21:01:16,     -2.1,     0,     3,     1.5,     3.2,     5.3,     0.8,     91.5,     965.6,     431.44,     252.7,     88,     -178
127,     30.01.2015 21:11:16,     -1.05,     -2.01,     4,     2.2,     3.7,     5.8,     0.8,     91.3,     965.6,     431.44,     73,     87.6,     -2.3,     13.824,     1.29,     92.3
128,     30.01.2015 21:21:16,     -2.1,     -2.01,     4,     2.3,     3.4,     5.7,     0.8,     90.8,     965.6,     431.44,     73.3,     87.9,     -2
129,     30.01.2015 21:31:16,     -1.05,     0,     3,     2,     3.4,     6.3,     0.9,     90.4,     965.6,     431.44,     253,     88,     -178
130,     30.01.2015 21:41:16,     -2.1,     0,     1,     1.8,     3.1,     7.1,     0.9,     89.9,     965.7,     431.44,     73.2,     87.7,     -2.2
131,     30.01.2015 21:51:16,     -1.05,     -2.01,     18,     1.5,     2.9,     5.4,     0.9,     89.7,     965.8,     431.44,     73.3,     88.2,     -1.7
132,     30.01.2015 22:01:16,     -2.1,     -2.01,     13,     0.9,     2.7,     5.6,     0.9,     89.7,     965.8,     431.44,     253.2,     88,     -178
133,     30.01.2015 22:11:16,     0,     0,     17,     0.9,     2.4,     6,     0.9,     89.4,     965.8,     431.44,     73.3,     88,     -1.9,     12.821,     1.37,     92.3
134,     30.01.2015 22:21:16,     -2.1,     0,     11,     0.7,     2.1,     5,     0.9,     89.3,     965.9,     431.44,     73.2,     88,     -1.9
135,     30.01.2015 22:31:16,     -2.1,     0,     11,     0.7,     2,     4.2,     0.9,     89.6,     966,     431.44,     73.7,     88.1,     -1.8
136,     30.01.2015 22:41:16,     -2.1,     -2.01,     350,     0.7,     2.2,     4.5,     0.8,     89.4,     966,     431.44,     73.5,     88,     -1.9
137,     30.01.2015 22:51:16,     -2.1,     -2.01,     346,     0.6,     2.1,     4.5,     0.8,     89.6,     966,     431.44,     73.5,     88,     -2
138,     30.01.2015 23:01:16,     -2.1,     -2.01,     342,     0.9,     2.4,     5.9,     0.8,     89.5,     966,     431.44,     73.6,     88,     -1.9
139,     30.01.2015 23:11:16,     -1.05,     -2.01,     344,     0.8,     2.5,     5.4,     0.8,     89.4,     966,     431.44,     73.6,     88.1,     -1.8,     12.527,     1.36,     92.2
140,     30.01.2015 23:21:16,     -2.1,     -2.01,     353,     1.1,     2.3,     4.6,     0.8,     89.2,     966.1,     431.44,     73.4,     88,     -1.9
141,     30.01.2015 23:31:16,     -2.1,     0,     348,     0.9,     2.4,     5.6,     0.8,     89,     966.2,     431.44,     73.5,     88,     -1.9
142,     30.01.2015 23:41:16,     -2.1,     -2.01,     342,     1.6,     3.3,     6,     0.7,     89.8,     966.2,     431.44,     73.4,     87.9,     -2
143,     30.01.2015 23:51:16,     -2.1,     0,     338,     1.3,     3.3,     5.8,     0.7,     90.2,     966.2,     431.44,     73.5,     87.9,     -2
144,     31.01.2015 00:01:16,     -2.1,     -2.01,     342,     1,     3,     7.3,     0.7,     90.1,     966.2,     431.44,     73.3,     87.9,     -2,     12.124,     1.30,     92.3