Logger: #D10248 'TSK_Meteo' - USP_EXP2 (V2.10, Jan 24 2012)
No,     Time,     #1:W/m²:0,     #2:ÂµMol:(do.),     #5:deg:2,     #6:m/sMIN:(do.),     #7:m/sMIT:(do.),     #8:m/sMAX:(do.),     #9:Â°C:(do.),     #10:%:(do.),     #11:hPa:(do.),     #12:mm:(do.),     #14:AZ:3,     #15:EL:(do.),     #16:Roll:(do.),     #HK-Bat:V,     #HK-Temp:oC,     #HK-rH:%
(GSM Transfer OK / Signal:15)
1,     02.01.2015 00:11:17,     -2.1,     -2.01,     250,     2.5,     6.6,     11.4,     4.4,     67.4,     1011.6,     381.25,     257.1,     88,     -178,     12.546,     5.19,     87.2
2,     02.01.2015 00:21:17,     -1.05,     -2.01,     253,     3.4,     7.2,     11.5,     4.5,     65.4,     1011.5,     381.25,     256.9,     87.9,     -178
3,     02.01.2015 00:31:17,     -2.1,     -2.01,     254,     2.8,     6.8,     11.5,     4.6,     65.6,     1011,     381.25,     256.2,     88.1,     -178.1
4,     02.01.2015 00:41:17,     -1.05,     -2.01,     250,     4.5,     7.8,     12.4,     4.7,     64.5,     1010.8,     381.25,     76.6,     87.6,     -1.6
5,     02.01.2015 00:51:17,     -2.1,     0,     251,     3.8,     7,     13.3,     4.8,     64.1,     1010.6,     381.25,     257.6,     88.1,     -178.2
6,     02.01.2015 01:01:17,     -1.05,     -2.01,     251,     3.3,     7.1,     11.9,     4.9,     62.8,     1010,     381.25,     75.9,     87.6,     -2.1
7,     02.01.2015 01:11:16,     -2.1,     -2.01,     254,     2.8,     6.5,     11.5,     5,     62.2,     1010,     381.25,     254.8,     88,     -178.2,     12.527,     5.08,     89.0
8,     02.01.2015 01:21:16,     -2.1,     -2.01,     255,     3.8,     7,     11.6,     5.1,     61,     1009.9,     381.25,     257.8,     88.3,     -178.3
9,     02.01.2015 01:31:16,     -1.05,     -2.01,     252,     3.6,     7.1,     12,     5.1,     60.6,     1009.6,     381.25,     76.5,     87.5,     -1.7
10,     02.01.2015 01:41:16,     -2.1,     -2.01,     253,     1.7,     6.7,     10,     5.1,     60.3,     1009.3,     381.25,     77.2,     87.3,     -2.3
11,     02.01.2015 01:51:16,     -1.05,     -2.01,     258,     2.5,     6.8,     9.7,     5.2,     59.2,     1009.2,     381.25,     257.3,     88.6,     -178.6
12,     02.01.2015 02:01:16,     -1.05,     0,     257,     4,     7.4,     13.5,     5.3,     58.6,     1008.9,     381.25,     255.4,     87.3,     -177.6
13,     02.01.2015 02:11:17,     -1.05,     -2.01,     261,     3,     6.7,     12,     5.4,     59.3,     1008.7,     381.25,     75.7,     87.9,     -2.1,     12.518,     5.50,     88.9
14,     02.01.2015 02:21:17,     -1.05,     -2.01,     258,     3.5,     8,     14.3,     5.3,     58.5,     1008.4,     381.25,     79.5,     86.1,     -3.6
15,     02.01.2015 02:31:17,     -1.05,     -2.01,     260,     4.1,     7.1,     11.9,     5.3,     58.9,     1008.3,     381.25,     256.2,     88.1,     -178.2
16,     02.01.2015 02:41:17,     -2.1,     -2.01,     258,     3.8,     7.5,     14,     5.4,     59,     1008,     381.25,     75.2,     88.1,     -1.7
17,     02.01.2015 02:51:17,     -2.1,     0,     256,     3.3,     6.9,     11.8,     5.4,     58.7,     1007.8,     381.25,     256.5,     89.4,     -179.5
18,     02.01.2015 03:01:17,     -1.05,     0,     260,     2.8,     7.2,     11.8,     5.5,     58.3,     1007.9,     381.25,     255.5,     87.1,     -177.1
19,     02.01.2015 03:11:16,     -2.1,     0,     260,     2.8,     6.8,     11,     5.4,     61.1,     1007.3,     381.26,     75,     87.7,     -2.1,     12.520,     5.83,     88.8
20,     02.01.2015 03:21:16,     -5.25,     0,     258,     2.8,     6.5,     10.6,     5.1,     65.1,     1007.1,     381.38,     76.9,     88,     -1.4
21,     02.01.2015 03:31:16,     -4.2,     -2.01,     252,     3.4,     7.1,     10.6,     4.7,     68.5,     1006.6,     381.44,     76.1,     87.3,     -2.2
22,     02.01.2015 03:41:16,     -4.2,     -2.01,     247,     2.9,     7.1,     11.7,     4.7,     68.5,     1006.1,     381.45,     76.1,     87.1,     -2.7
23,     02.01.2015 03:51:16,     -4.2,     -2.01,     248,     3.8,     7.2,     11.6,     4.9,     66.7,     1005.7,     381.45,     75.7,     87.3,     -2.1
24,     02.01.2015 04:01:16,     -3.15,     -2.01,     252,     2.8,     7.4,     12.7,     5.1,     64.7,     1005.7,     381.45,     74.7,     88.1,     -1.7
25,     02.01.2015 04:11:16,     -1.05,     -2.01,     254,     1.9,     7.1,     13.1,     5.3,     63.3,     1005.5,     381.45,     77,     87.5,     -1.6,     12.499,     5.19,     89.3
26,     02.01.2015 04:21:16,     -4.2,     -2.01,     258,     2.6,     6.8,     11.9,     5.4,     63.2,     1005.5,     381.45,     76.7,     87,     -2.7
27,     02.01.2015 04:31:16,     -2.1,     -2.01,     262,     3.7,     7.2,     12.2,     5.5,     63.1,     1005.1,     381.45,     78,     87.7,     -2
28,     02.01.2015 04:41:16,     -1.05,     -2.01,     266,     2.7,     6.8,     11.6,     5.7,     62.4,     1005.3,     381.45,     74.8,     87.7,     -2.2
29,     02.01.2015 04:51:16,     -1.05,     -2.01,     270,     3.5,     6.7,     11.1,     5.7,     64.1,     1005.1,     381.45,     76.1,     87.8,     -2.1
30,     02.01.2015 05:01:16,     -1.05,     -2.01,     268,     3.2,     7.3,     14.6,     5.8,     63.5,     1004.8,     381.45,     77.4,     88.5,     -1.3
31,     02.01.2015 05:11:17,     -1.05,     0,     275,     2.6,     8.1,     15.3,     5.9,     64.6,     1004.7,     381.45,     255.3,     88.5,     -178.7,     12.493,     5.86,     89.0
32,     02.01.2015 05:21:17,     -2.1,     -2.01,     275,     3.2,     8,     13.5,     5.8,     66.5,     1004.7,     381.45,     75.4,     88.6,     -1.2
33,     02.01.2015 05:31:17,     -1.05,     -2.01,     273,     3.1,     8.4,     15.3,     5.7,     68.4,     1004.5,     381.45,     256.6,     86.7,     -177.3
34,     02.01.2015 05:41:17,     -4.2,     -2.01,     273,     2.5,     7.7,     12.2,     5.3,     73.2,     1004.4,     381.45,     255.9,     88.7,     -178.8
35,     02.01.2015 05:51:17,     -3.15,     0,     271,     3.8,     7.2,     10.6,     5.2,     74.8,     1004.4,     381.45,     76.9,     87.9,     -1.9
36,     02.01.2015 06:01:17,     -2.1,     -2.01,     274,     2.7,     7.4,     13.7,     5.2,     75.5,     1004.2,     381.45,     255,     87.5,     -177.8
37,     02.01.2015 06:11:17,     -3.15,     -2.01,     275,     3,     6.7,     12.4,     5.2,     77.7,     1004.2,     381.53,     75.6,     87.5,     -2.3,     12.486,     5.93,     88.8
38,     02.01.2015 06:21:17,     -2.1,     -2.01,     273,     1.9,     6.9,     11.5,     5,     82,     1004,     381.61,     256.6,     88,     -178.4
39,     02.01.2015 06:31:17,     -1.05,     0,     275,     1.8,     6.5,     12.9,     4.9,     84.5,     1003.9,     381.69,     254.3,     87.7,     -177.7
40,     02.01.2015 06:41:17,     -2.1,     -2.01,     272,     2.5,     7,     13.5,     4.9,     85.2,     1003.8,     381.69,     255.6,     86.6,     -176.7
41,     02.01.2015 06:51:17,     -1.05,     -2.01,     271,     2.2,     7.6,     13.4,     5,     86,     1003.8,     381.72,     256.5,     87.3,     -177.3
42,     02.01.2015 07:01:17,     -2.1,     -2.01,     273,     3.8,     8,     14.5,     5.1,     86.2,     1003.8,     381.83,     253.8,     87.1,     -178.1
43,     02.01.2015 07:11:16,     -3.15,     -2.01,     278,     1.6,     6.8,     12,     5.2,     86.4,     1003.9,     381.83,     255.8,     88.1,     -178.2,     12.488,     5.49,     89.1
44,     02.01.2015 07:21:16,     -1.05,     0,     278,     2.9,     6.8,     12,     5.4,     85.9,     1003.6,     381.83,     75.9,     86.9,     -2.7
45,     02.01.2015 07:31:16,     -1.05,     -2.01,     283,     2.6,     7,     13.1,     5.5,     85.9,     1003.7,     381.83,     254.7,     87.7,     -177.9
46,     02.01.2015 07:41:16,     -2.1,     0,     283,     4.3,     7.3,     11.5,     5.6,     85.7,     1003.7,     381.83,     256.2,     88.4,     -178.4
47,     02.01.2015 07:51:16,     -2.1,     -2.01,     279,     2.6,     7.4,     13.5,     5.7,     85.6,     1003.5,     381.83,     255.5,     87.9,     -177.9
48,     02.01.2015 08:01:16,     -2.1,     -2.01,     281,     1.1,     7,     14,     5.8,     85.7,     1003.6,     381.83,     76,     87.3,     -2.6
49,     02.01.2015 08:11:16,     -2.1,     -2.01,     279,     2.2,     7.3,     12.3,     5.9,     85.6,     1003.4,     381.83,     254.7,     87.2,     -177.2,     12.465,     5.83,     89.1
50,     02.01.2015 08:21:16,     -1.05,     -2.01,     282,     1.4,     6.6,     11.2,     5.9,     86.4,     1003.7,     381.83,     75.7,     87.9,     -2
51,     02.01.2015 08:31:16,     -1.05,     0,     283,     2.9,     7,     13.2,     6,     86.4,     1003.6,     381.83,     255.2,     88.5,     -178.5
52,     02.01.2015 08:41:16,     -1.05,     0,     283,     2.9,     7.3,     13.5,     6,     86.3,     1003.3,     381.83,     255.8,     87.9,     -177.9
53,     02.01.2015 08:51:16,     0,     4.02,     277,     3.2,     7.2,     15.2,     6,     86.9,     1003.3,     381.83,     255.5,     87.2,     -177.2
54,     02.01.2015 09:01:16,     2.1,     8.04,     280,     3.1,     6.8,     11.3,     6.1,     86.4,     1003.2,     381.83,     255.2,     88,     -178.1
55,     02.01.2015 09:11:16,     1.05,     4.02,     274,     2.2,     7.2,     13.3,     6.1,     86.1,     1003.3,     381.83,     255,     88,     -178,     12.461,     6.21,     88.9
56,     02.01.2015 09:21:16,     1.05,     6.03,     274,     3.3,     7.2,     11.9,     6.1,     86,     1003.4,     381.83,     255.2,     88.7,     -178.7
57,     02.01.2015 09:31:16,     3.15,     10.05,     275,     3.3,     6.7,     11.5,     6.2,     86,     1003.2,     381.83,     76,     87.8,     -2
58,     02.01.2015 09:41:16,     4.2,     12.06,     271,     2.7,     7.3,     13.6,     6.3,     86.4,     1003.4,     381.83,     76.5,     87.6,     -2.3
59,     02.01.2015 09:51:16,     5.25,     12.06,     271,     1.8,     7.2,     14.2,     6.3,     86.8,     1003.4,     381.83,     76.6,     87.2,     -2.5
60,     02.01.2015 10:01:16,     6.3,     16.08,     272,     3.8,     7,     11.8,     6.3,     86.8,     1003.3,     381.83,     76.7,     88,     -1.7
61,     02.01.2015 10:11:16,     6.3,     18.09,     274,     2.8,     7.1,     12.8,     6.4,     86.4,     1003.4,     381.83,     76.1,     87.2,     -2.6,     12.495,     6.46,     88.8
62,     02.01.2015 10:21:16,     4.2,     10.05,     279,     3,     6.7,     13.6,     6.5,     86.5,     1003.6,     381.83,     76.2,     87.8,     -1.7
63,     02.01.2015 10:31:16,     5.25,     12.06,     279,     2.3,     6.9,     13.7,     6.7,     86,     1003.6,     381.83,     74.1,     86.9,     -2.9
64,     02.01.2015 10:41:16,     8.4,     18.09,     284,     1.9,     6.7,     11.9,     6.9,     85.5,     1003.9,     381.83,     75.2,     87.1,     -2.6
65,     02.01.2015 10:51:16,     8.4,     24.12,     288,     3.4,     7.2,     13.1,     7.1,     84.7,     1004,     381.83,     75.5,     87.6,     -2.2
66,     02.01.2015 11:01:16,     56.7,     114.57,     290,     3.5,     7.7,     12.5,     7.3,     83.3,     1004,     381.83,     76.1,     86.7,     -2.5
67,     02.01.2015 11:11:16,     113.4,     223.11,     290,     3.3,     7.8,     12.4,     7.5,     82.4,     1003.9,     381.83,     254.8,     87.8,     -177.8,     13.423,     7.11,     88.9
68,     02.01.2015 11:21:16,     53.55,     106.53,     290,     3.6,     7.3,     11.4,     7.7,     81.2,     1003.8,     381.83,     255,     87.6,     -178.1
69,     02.01.2015 11:31:16,     57.75,     122.61,     292,     3.4,     7.7,     13.1,     7.9,     80,     1004,     381.83,     76.2,     87.4,     -2.2
70,     02.01.2015 11:41:16,     33.6,     74.37,     289,     3.7,     7.4,     12.2,     8,     78.7,     1003.7,     381.83,     254.4,     87.8,     -178.1
71,     02.01.2015 11:51:16,     61.95,     128.64,     292,     2.1,     6.8,     11.6,     8.1,     78,     1003.6,     381.83,     76.5,     87.3,     -2.5
72,     02.01.2015 12:01:16,     157.5,     293.46,     288,     3.5,     7.7,     13.1,     8.3,     76.4,     1003.2,     381.83,     255.9,     88.1,     -178.7
73,     02.01.2015 12:11:16,     172.2,     285.42,     287,     4.7,     9,     16.2,     8.4,     74.8,     1003,     381.83,     76.9,     86.9,     -1.8,     14.415,     8.51,     88.3
74,     02.01.2015 12:21:16,     111.3,     215.07,     301,     2.4,     9,     16.2,     8.6,     71.7,     1003.5,     381.83,     254.4,     87.6,     -178.4
75,     02.01.2015 12:31:16,     42,     90.45,     311,     1.1,     7.9,     15,     8.7,     68.7,     1003.7,     381.83,     74.4,     87.4,     -2.5
76,     02.01.2015 12:41:16,     28.35,     68.34,     320,     2.5,     5.6,     9.8,     8.5,     69.8,     1004,     381.84,     74.7,     87.7,     -2.2
77,     02.01.2015 12:51:16,     27.3,     70.35,     326,     1.8,     9.6,     17.8,     8.5,     63.5,     1003.9,     381.84,     255.2,     88.7,     -178.8
78,     02.01.2015 13:01:16,     64.05,     134.67,     314,     2.4,     7.1,     14.6,     7.6,     73,     1004.6,     381.84,     253.8,     88.8,     -178.9
79,     02.01.2015 13:11:16,     134.4,     303.51,     322,     2,     6.6,     16.9,     7.8,     69.6,     1004.6,     381.84,     255.2,     87.5,     -177.6,     13.601,     8.79,     88.1
80,     02.01.2015 13:21:16,     114.45,     215.07,     315,     2.3,     7.5,     16.4,     7.7,     68.4,     1004.7,     381.84,     75.6,     87.5,     -2.4
81,     02.01.2015 13:31:16,     108.15,     215.07,     316,     2.6,     8,     16.3,     7.8,     65.6,     1004.7,     381.84,     75.9,     87.5,     -1.8
82,     02.01.2015 13:41:16,     108.15,     209.04,     318,     4.1,     9,     16.3,     7.9,     63.3,     1004.8,     381.84,     76.6,     86.5,     -3.3
83,     02.01.2015 13:51:16,     52.5,     98.49,     318,     3.2,     7.7,     14.8,     7.7,     65.8,     1004.9,     381.85,     75,     87.4,     -2.4
84,     02.01.2015 14:01:16,     73.5,     136.68,     327,     3.5,     6.9,     11.3,     7.6,     66.4,     1005.3,     381.86,     75.9,     87.2,     -2.7
85,     02.01.2015 14:11:16,     71.4,     144.72,     333,     1.3,     6.8,     13.5,     7.4,     67.9,     1005.4,     381.86,     73.1,     87.7,     -2.1,     13.690,     8.66,     88.2
86,     02.01.2015 14:21:16,     55.65,     110.55,     322,     1.4,     7.2,     11.8,     7.6,     65.1,     1005.5,     381.86,     255.1,     87.8,     -177.8
87,     02.01.2015 14:31:16,     26.25,     66.33,     322,     3.3,     7.8,     15.4,     7.5,     63.4,     1005.7,     381.86,     75.7,     87.8,     -1.8
88,     02.01.2015 14:41:16,     64.05,     120.6,     313,     2.6,     6.3,     13.4,     7.2,     66.6,     1006,     381.86,     74.3,     88,     -1.9
89,     02.01.2015 14:51:16,     23.1,     56.28,     318,     1.8,     6.4,     11.6,     7,     67,     1006,     381.86,     74.1,     88,     -1.8
90,     02.01.2015 15:01:16,     28.35,     62.31,     314,     3.1,     6.7,     12.8,     7,     66.6,     1006.1,     381.86,     75.8,     88.4,     -1.4
91,     02.01.2015 15:11:17,     27.3,     54.27,     313,     4,     7.3,     13.1,     7.2,     65.1,     1006,     381.86,     75.6,     87.3,     -2.5,     13.716,     7.86,     88.4
92,     02.01.2015 15:21:17,     39.9,     68.34,     315,     3.8,     7.9,     13.9,     7.2,     63.8,     1006.2,     381.86,     75.3,     87.4,     -2.5
93,     02.01.2015 15:31:17,     6.3,     24.12,     316,     1.7,     7.1,     16.3,     7,     63.2,     1006.5,     381.86,     76,     87.1,     -2.7
94,     02.01.2015 15:41:17,     4.2,     14.07,     324,     3.4,     7.3,     12.9,     6.9,     64.4,     1006.7,     381.86,     256.5,     87.8,     -178
95,     02.01.2015 15:51:17,     2.1,     10.05,     317,     3.6,     8.7,     14.5,     6.8,     66.3,     1006.9,     381.86,     75.8,     87.6,     -2.1
96,     02.01.2015 16:01:17,     0,     8.04,     326,     4.8,     8.7,     15.3,     6.6,     68.9,     1007.2,     381.86,     75.2,     88.1,     -1.6
97,     02.01.2015 16:11:16,     -1.05,     6.03,     316,     3.2,     7.3,     12.9,     6.3,     69.6,     1007.3,     381.86,     75.4,     87.2,     -2.5,     12.825,     7.17,     88.5
98,     02.01.2015 16:21:16,     -2.1,     2.01,     315,     2.1,     6.5,     12.6,     6.3,     68.5,     1007.4,     381.86,     73.5,     87.4,     -2.2
99,     02.01.2015 16:31:16,     -4.2,     -2.01,     310,     2.2,     6.3,     12.1,     6.3,     68.2,     1007.6,     381.86,     75.1,     87.6,     -2.2
100,     02.01.2015 16:41:16,     -4.2,     -2.01,     323,     3.8,     7.5,     12.3,     6.4,     65,     1007.6,     381.86,     75.5,     88.3,     -1.5
101,     02.01.2015 16:51:16,     -4.2,     0,     317,     3.5,     6.7,     11.4,     6.3,     66,     1008,     381.86,     75.2,     88.1,     -1.6
102,     02.01.2015 17:01:16,     -4.2,     0,     318,     3.3,     6.9,     12.6,     6.2,     66.1,     1008,     381.86,     75.9,     88.4,     -1.5
103,     02.01.2015 17:11:16,     -5.25,     -2.01,     311,     2.6,     6.5,     11.5,     6.1,     66.9,     1007.8,     381.86,     74.6,     88,     -1.9,     12.717,     6.19,     88.9
104,     02.01.2015 17:21:16,     -3.15,     -2.01,     305,     3,     7.3,     11.6,     6.2,     67.7,     1007.8,     381.86,     255,     88.1,     -178.2
105,     02.01.2015 17:31:16,     -2.1,     0,     303,     3.3,     7.4,     13.6,     6,     69.6,     1007.9,     381.86,     75.8,     87.6,     -2.3
106,     02.01.2015 17:41:16,     -3.15,     -2.01,     304,     4,     7.3,     12.6,     5.9,     70,     1007.9,     381.86,     256,     87.8,     -177.8
107,     02.01.2015 17:51:16,     -2.1,     -2.01,     310,     2.6,     6.9,     11.8,     6,     70.1,     1008.1,     381.86,     73.9,     88.2,     -1.6
108,     02.01.2015 18:01:16,     -2.1,     -2.01,     307,     1.9,     6.9,     13.3,     6,     70,     1008.1,     381.86,     75.3,     88.5,     -1.4
109,     02.01.2015 18:11:16,     -2.1,     -2.01,     312,     3.3,     7.4,     13.3,     6.1,     69.3,     1008.6,     381.86,     254.3,     87.7,     -177.7,     12.677,     6.08,     89.0
110,     02.01.2015 18:21:16,     -2.1,     0,     319,     2.7,     7.5,     11.7,     6.1,     68.8,     1008.7,     381.86,     74.8,     87.4,     -2.5
111,     02.01.2015 18:31:16,     -4.2,     -4.02,     312,     2.7,     6.8,     14.7,     5.8,     71.7,     1008.9,     381.86,     254.8,     87.7,     -177.7
112,     02.01.2015 18:41:16,     -3.15,     -2.01,     320,     2.9,     6.2,     11.6,     5.5,     76,     1008.9,     381.9,     74.1,     87.7,     -2.2
113,     02.01.2015 18:51:16,     -3.15,     0,     330,     2.8,     5.3,     9.6,     5.3,     77.9,     1009,     381.9,     73.6,     87.7,     -2.3
114,     02.01.2015 19:01:16,     -3.15,     0,     313,     2.3,     4.6,     8.6,     5.3,     77.1,     1009,     381.91,     74,     88.3,     -1.6
115,     02.01.2015 19:11:16,     -4.2,     0,     308,     2.4,     5.2,     8.9,     5.5,     74.9,     1008.9,     381.91,     75.8,     88.3,     -1.6,     12.637,     5.67,     89.1
116,     02.01.2015 19:21:16,     -4.2,     -4.02,     307,     1.7,     6.2,     10.4,     5.7,     72.5,     1008.9,     381.93,     75.4,     88.1,     -1.8
117,     02.01.2015 19:31:16,     -5.25,     -2.01,     302,     2.6,     7.3,     15.2,     5.9,     70.8,     1009,     381.94,     256.3,     89,     -178.9
118,     02.01.2015 19:41:16,     -4.2,     -2.01,     311,     2.6,     7.1,     13.6,     6,     70,     1009.4,     381.94,     74.2,     87.6,     -2.2
119,     02.01.2015 19:51:16,     -2.1,     -2.01,     313,     2.8,     6.2,     12.5,     5.8,     70.9,     1009.4,     381.94,     74.8,     88.4,     -1.5
120,     02.01.2015 20:01:16,     -2.1,     0,     306,     3.2,     6.7,     13.4,     5.7,     71.7,     1009.3,     381.94,     76.1,     88,     -1.9
121,     02.01.2015 20:11:17,     -2.1,     -2.01,     309,     3.8,     7.3,     12.2,     5.7,     71.5,     1009.4,     381.94,     73.7,     87.8,     -1.9,     12.635,     5.73,     89.1
122,     02.01.2015 20:21:17,     -1.05,     -2.01,     308,     2.1,     6.6,     12.3,     5.7,     71.5,     1009.5,     381.94,     76.4,     87.6,     -2
123,     02.01.2015 20:31:17,     -5.25,     0,     308,     2.3,     7.3,     13.8,     5.6,     72.7,     1009.5,     382.05,     76.1,     87.7,     -2.1
124,     02.01.2015 20:41:17,     -3.15,     -2.01,     312,     2.6,     6.9,     11.8,     5.3,     76.2,     1009.8,     382.05,     254.9,     87.8,     -177.8
125,     02.01.2015 20:51:17,     -3.15,     -2.01,     312,     2.7,     6.3,     11.1,     4.6,     80.3,     1010,     382.06,     75.6,     87.9,     -2
126,     02.01.2015 21:01:17,     -5.25,     -2.01,     326,     1.4,     4.5,     9,     4.3,     81.9,     1010.1,     382.06,     73.8,     87.5,     -2.3
127,     02.01.2015 21:11:16,     -4.2,     -2.01,     313,     1.1,     5,     8.3,     4.6,     79.8,     1010.1,     382.06,     255,     87.7,     -177.7,     12.613,     5.15,     89.0
128,     02.01.2015 21:21:16,     -3.15,     -2.01,     304,     2.5,     6.2,     10.1,     4.8,     79.8,     1010,     382.1,     254.1,     87.5,     -177.5
129,     02.01.2015 21:31:16,     -4.2,     0,     300,     3.3,     7.2,     15.1,     4.9,     78.9,     1010.2,     382.1,     75.7,     87.6,     -2.2
130,     02.01.2015 21:41:16,     -4.2,     0,     312,     2.7,     7.4,     14,     4.9,     76,     1010.1,     382.13,     255.5,     88,     -178
131,     02.01.2015 21:51:16,     -3.15,     0,     326,     3.4,     7.3,     12.9,     4.8,     74,     1010.4,     382.13,     254.7,     87.5,     -177.4
132,     02.01.2015 22:01:16,     -2.1,     0,     314,     2.1,     4.9,     9,     4.5,     78.6,     1010.5,     382.13,     73.9,     87.8,     -2.1
133,     02.01.2015 22:11:16,     -2.1,     0,     298,     2,     5.5,     8.7,     4.2,     81.3,     1010.5,     382.13,     75.1,     87.9,     -2,     12.575,     4.73,     89.4
134,     02.01.2015 22:21:16,     -3.15,     -2.01,     296,     2.4,     5.6,     8.8,     4.2,     81.9,     1010.4,     382.13,     75.4,     88.2,     -1.7
135,     02.01.2015 22:31:16,     -2.1,     -2.01,     299,     2.5,     5.3,     8.9,     4.3,     81.9,     1010.5,     382.13,     74.8,     87.8,     -2
136,     02.01.2015 22:41:16,     -2.1,     -2.01,     296,     3.2,     6.4,     10.2,     4.5,     81.1,     1010.4,     382.13,     75.6,     88.2,     -1.7
137,     02.01.2015 22:51:16,     -4.2,     -4.02,     291,     3.6,     6.9,     11,     4.5,     80.7,     1010.5,     382.13,     254.6,     87.7,     -177.8
138,     02.01.2015 23:01:16,     -4.2,     -4.02,     292,     3.5,     7.1,     11.1,     4.5,     80.6,     1010.6,     382.13,     254.8,     88.1,     -178.1
139,     02.01.2015 23:11:17,     -4.2,     -4.02,     300,     3.5,     7.3,     11.1,     4.5,     80,     1010.7,     382.13,     75.8,     87.7,     -2.2,     12.558,     4.48,     89.4
140,     02.01.2015 23:21:17,     -3.15,     -2.01,     295,     3.4,     7.1,     11.4,     4.5,     79.9,     1010.9,     382.13,     75.1,     88.3,     -1.6
141,     02.01.2015 23:31:17,     -3.15,     -2.01,     294,     3.4,     7.2,     11.5,     4.5,     79.3,     1010.6,     382.13,     76.4,     88.4,     -1.5
142,     02.01.2015 23:41:17,     -3.15,     -2.01,     298,     3.4,     7.2,     12.3,     4.5,     79.6,     1010.7,     382.13,     77.2,     87.8,     -1.8
143,     02.01.2015 23:51:17,     -2.1,     -2.01,     295,     2.9,     7.8,     12.8,     4.5,     79.1,     1010.7,     382.13,     74.8,     88.2,     -1.6
144,     03.01.2015 00:01:17,     -3.15,     -2.01,     299,     3.4,     7.7,     12.1,     4.5,     78.1,     1010.9,     382.13,     255.6,     87.6,     -177.6,     12.548,     4.47,     89.5
(GSM ERROR Server Transfer: Timeout 166 / Signal:11 / 03.01.2015 00:06:10)