Logger: #D10248 'TSK_Meteo' - USP_EXP2 (V2.10, Jan 24 2012)
No,     Time,     #1:W/m²:0,     #2:ÂµMol:(do.),     #5:deg:2,     #6:m/sMIN:(do.),     #7:m/sMIT:(do.),     #8:m/sMAX:(do.),     #9:Â°C:(do.),     #10:%:(do.),     #11:hPa:(do.),     #12:mm:(do.),     #14:AZ:3,     #15:EL:(do.),     #16:Roll:(do.),     #HK-Bat:V,     #HK-Temp:oC,     #HK-rH:%
(GSM Transfer OK / Signal:14)
1,     29.08.2014 00:11:22,     -4.2,     0,     177,     0.2,     0.8,     1.4,     12.2,     78,     1008.3,     224.66,     255.1,     87.9,     -177.9,     12.503,     12.05,     68.6
2,     29.08.2014 00:21:22,     -6.3,     -2.01,     180,     0.4,     0.8,     1.2,     12,     81.9,     1008.2,     224.66,     255.1,     87.9,     -177.8
3,     29.08.2014 00:31:22,     -4.2,     -4.02,     172,     0,     0.5,     1,     12.1,     82.2,     1008.2,     224.66,     255.1,     87.9,     -177.9
4,     29.08.2014 00:41:22,     -3.15,     -4.02,     200,     0.3,     0.6,     1.2,     12.1,     83.2,     1008.2,     224.66,     255.1,     87.9,     -177.9
5,     29.08.2014 00:51:22,     -4.2,     0,     188,     0.5,     1,     1.5,     12.2,     81.1,     1008.1,     224.66,     255.1,     87.8,     -177.8
6,     29.08.2014 01:01:22,     -4.2,     0,     186,     0.2,     1,     1.5,     12,     82.2,     1008,     224.66,     255.1,     87.9,     -177.9
7,     29.08.2014 01:11:16,     -3.15,     -2.01,     191,     0.1,     0.6,     1.1,     12.1,     81.9,     1007.9,     224.66,     255.2,     87.9,     -177.9,     12.493,     11.37,     69.9
8,     29.08.2014 01:21:16,     -3.15,     -2.01,     216,     0.3,     0.8,     1.4,     12.3,     77.6,     1007.9,     224.66,     255.2,     87.7,     -177.7
9,     29.08.2014 01:31:16,     -4.2,     -4.02,     214,     0.4,     0.9,     1.5,     12.5,     75.1,     1007.8,     224.66,     255.2,     88,     -178
10,     29.08.2014 01:41:16,     -3.15,     -2.01,     209,     0.4,     0.9,     1.6,     12.6,     74.5,     1007.8,     224.66,     255.1,     87.9,     -177.9
11,     29.08.2014 01:51:16,     -3.15,     -2.01,     190,     0,     1,     2.1,     12.6,     74.4,     1007.7,     224.66,     255.2,     87.9,     -177.9
12,     29.08.2014 02:01:16,     -4.2,     -2.01,     192,     0.3,     1.1,     2.4,     12.8,     73.9,     1007.5,     224.66,     255.1,     87.9,     -177.9
13,     29.08.2014 02:11:23,     -4.2,     -2.01,     188,     0.6,     1.4,     2.3,     12.9,     71.6,     1007.5,     224.66,     255.2,     87.9,     -177.9,     12.474,     11.45,     69.9
14,     29.08.2014 02:21:23,     -2.1,     0,     194,     0.4,     1.3,     2.2,     12.8,     72.5,     1007.4,     224.66,     255.2,     87.8,     -177.9
15,     29.08.2014 02:31:23,     -3.15,     -2.01,     199,     0.5,     1.2,     2.2,     12.8,     73.4,     1007.3,     224.66,     255.2,     87.9,     -177.9
16,     29.08.2014 02:41:23,     -2.1,     -2.01,     199,     0.6,     1.1,     1.8,     12.9,     73.6,     1007.3,     224.66,     255.2,     87.9,     -177.9
17,     29.08.2014 02:51:23,     -3.15,     -2.01,     204,     0.5,     1.2,     1.8,     13,     73.3,     1007.3,     224.66,     255.2,     87.9,     -177.9
18,     29.08.2014 03:01:23,     -3.15,     -4.02,     188,     0.4,     1.2,     2.2,     13,     71.3,     1007.3,     224.66,     255.2,     87.9,     -177.9
19,     29.08.2014 03:11:17,     -3.15,     -2.01,     186,     0.3,     1.1,     1.7,     13,     72.3,     1007.2,     224.66,     255.2,     88,     -177.9,     12.440,     12.17,     69.7
20,     29.08.2014 03:21:17,     -2.1,     -2.01,     186,     0.2,     1.1,     2.3,     13,     73.3,     1007.2,     224.66,     255.2,     87.9,     -177.9
21,     29.08.2014 03:31:17,     -3.15,     -2.01,     184,     0.1,     0.9,     1.5,     13,     72.5,     1007.1,     224.66,     255.2,     87.9,     -177.9
22,     29.08.2014 03:41:17,     -2.1,     0,     178,     0.2,     1.2,     2.2,     13.2,     73.3,     1007,     224.66,     255.2,     87.9,     -177.9
23,     29.08.2014 03:51:17,     -3.15,     -4.02,     194,     0.5,     1.1,     1.8,     13.1,     73.7,     1007,     224.66,     255.2,     87.7,     -177.7
24,     29.08.2014 04:01:17,     -3.15,     -2.01,     196,     0.5,     1,     1.7,     13,     74.7,     1006.9,     224.66,     255.3,     87.9,     -177.9
25,     29.08.2014 04:11:22,     -3.15,     -2.01,     194,     0.2,     0.8,     1.4,     13,     76,     1006.9,     224.66,     255.2,     87.8,     -177.9,     12.391,     12.51,     69.5
26,     29.08.2014 04:21:22,     -3.15,     -2.01,     188,     0.4,     1,     1.5,     12.9,     75.6,     1006.9,     224.66,     255.2,     88,     -178
27,     29.08.2014 04:31:22,     -4.2,     -2.01,     194,     0.3,     0.9,     1.6,     12.9,     76.7,     1006.9,     224.66,     255.1,     87.9,     -177.9
28,     29.08.2014 04:41:22,     -3.15,     0,     186,     0.1,     1,     1.5,     12.9,     76.7,     1006.8,     224.66,     255.2,     87.9,     -177.9
29,     29.08.2014 04:51:22,     -4.2,     -2.01,     152,     0.1,     0.8,     1.4,     13,     76.9,     1006.8,     224.66,     255.2,     87.8,     -177.9
30,     29.08.2014 05:01:22,     -3.15,     0,     177,     0.1,     0.9,     1.6,     13,     76.9,     1006.7,     224.66,     255.2,     88,     -178
31,     29.08.2014 05:11:21,     0,     4.02,     188,     0.5,     1,     1.8,     12.9,     76.2,     1006.6,     224.66,     255.1,     87.9,     -177.9,     12.368,     12.18,     69.7
32,     29.08.2014 05:21:21,     2.1,     8.04,     167,     0.4,     1,     1.8,     13,     76.2,     1006.6,     224.66,     255.1,     88,     -178
33,     29.08.2014 05:31:21,     11.55,     26.13,     151,     0.6,     1.3,     2.3,     13,     75,     1006.5,     224.66,     255.1,     87.9,     -177.9
34,     29.08.2014 05:41:21,     22.05,     46.23,     169,     0.4,     1.2,     2.3,     13.1,     75,     1006.4,     224.66,     255.2,     87.9,     -177.9
35,     29.08.2014 05:51:21,     39.9,     80.4,     158,     0,     1.1,     1.9,     13.2,     73.8,     1006.5,     224.66,     255.2,     87.9,     -177.9
36,     29.08.2014 06:01:21,     53.55,     100.5,     165,     0.7,     1.6,     2.7,     13.2,     72.6,     1006.4,     224.66,     255.2,     88,     -178
37,     29.08.2014 06:11:16,     86.1,     146.73,     182,     0.5,     1.3,     1.9,     13.3,     73.3,     1006.4,     224.66,     255.4,     87.9,     -178,     12.889,     12.73,     69.8
38,     29.08.2014 06:21:16,     81.9,     146.73,     198,     0.2,     0.8,     1.4,     13.7,     72.9,     1006.5,     224.66,     255.4,     87.8,     -177.9
39,     29.08.2014 06:31:16,     71.4,     146.73,     155,     0,     0.6,     1.1,     14.1,     72.3,     1006.4,     224.66,     255.4,     87.9,     -177.9
40,     29.08.2014 06:41:16,     88.2,     180.9,     176,     0,     0.7,     1.3,     14.3,     72.8,     1006.4,     224.66,     255.3,     88,     -178
41,     29.08.2014 06:51:16,     128.1,     249.24,     164,     0.2,     0.9,     1.8,     14.7,     72.4,     1006.3,     224.66,     255.5,     87.9,     -177.9
42,     29.08.2014 07:01:16,     105,     215.07,     147,     0,     1.2,     2.1,     15,     72.3,     1006.3,     224.66,     255.4,     88,     -178
43,     29.08.2014 07:11:16,     90.3,     186.93,     154,     0,     0.9,     1.9,     15.3,     71.8,     1006.4,     224.66,     255.4,     87.8,     -177.8,     13.233,     16.46,     68.8
44,     29.08.2014 07:21:16,     94.5,     198.99,     164,     0.4,     1.6,     2.9,     15.6,     69.6,     1006.3,     224.66,     255.4,     87.9,     -177.9
45,     29.08.2014 07:31:16,     86.1,     180.9,     179,     0.8,     1.9,     2.9,     15.8,     68.3,     1006.2,     224.66,     255.5,     87.9,     -177.9
46,     29.08.2014 07:41:16,     99.75,     211.05,     197,     1.2,     2.4,     3.9,     15.9,     64.2,     1006.2,     224.66,     255.2,     88,     -178
47,     29.08.2014 07:51:16,     97.65,     209.04,     205,     1.5,     2.6,     4.1,     15.9,     64.2,     1006.2,     224.66,     255,     87.9,     -177.9
48,     29.08.2014 08:01:16,     79.8,     172.86,     204,     0.9,     2.1,     4.3,     15.9,     64.8,     1006.1,     224.66,     255.6,     87.9,     -177.9
49,     29.08.2014 08:11:16,     88.2,     192.96,     189,     0.6,     1.8,     3.6,     15.9,     66.1,     1006,     224.66,     255.4,     87.8,     -177.9,     13.587,     17.43,     68.2
50,     29.08.2014 08:21:16,     111.3,     245.22,     172,     1.2,     2.1,     3,     15.9,     67.7,     1005.9,     224.66,     255.4,     88,     -178
51,     29.08.2014 08:31:16,     121.8,     263.31,     186,     1,     2.4,     3.9,     16,     64.7,     1005.8,     224.66,     255.5,     87.9,     -177.9
52,     29.08.2014 08:41:16,     134.4,     291.45,     202,     1.2,     2.3,     3.4,     16.1,     66.4,     1005.8,     224.66,     255.3,     87.9,     -177.9
53,     29.08.2014 08:51:16,     135.45,     291.45,     193,     1,     2.2,     3.9,     16.1,     65.8,     1005.9,     224.66,     255.2,     87.9,     -177.9
54,     29.08.2014 09:01:16,     153.3,     329.64,     189,     1.2,     2.2,     3.5,     16.2,     65.4,     1005.8,     224.66,     255.3,     87.9,     -177.9
55,     29.08.2014 09:11:16,     141.75,     299.49,     177,     1.1,     2.4,     4,     16.3,     65.5,     1005.8,     224.66,     255.4,     87.9,     -177.9,     13.474,     17.83,     68.2
56,     29.08.2014 09:21:16,     140.7,     297.48,     199,     1.3,     2.3,     3.6,     16.5,     65.4,     1005.8,     224.66,     255.4,     87.9,     -177.8
57,     29.08.2014 09:31:16,     140.7,     295.47,     192,     1.3,     2.3,     3.7,     16.6,     64.9,     1005.9,     224.66,     255.4,     87.9,     -177.9
58,     29.08.2014 09:41:16,     127.05,     269.34,     189,     1.2,     2.4,     4.1,     16.6,     66,     1005.9,     224.66,     255.2,     87.9,     -177.9
59,     29.08.2014 09:51:16,     130.2,     279.39,     195,     0.7,     2.3,     3.9,     16.6,     66.5,     1006,     224.66,     255.4,     87.9,     -177.9
60,     29.08.2014 10:01:16,     165.9,     353.76,     207,     1.1,     2.2,     3.6,     16.7,     67.5,     1006,     224.66,     255.4,     87.9,     -177.9
61,     29.08.2014 10:11:22,     189,     402,     211,     0.8,     2,     3.5,     16.9,     66.7,     1006.1,     224.66,     255.4,     88,     -178,     13.485,     18.63,     68.0
62,     29.08.2014 10:21:22,     259.35,     552.75,     220,     0.2,     1.6,     3.3,     17.1,     65.7,     1006,     224.66,     255.5,     88,     -178
63,     29.08.2014 10:31:22,     300.3,     631.14,     204,     0.9,     2,     3,     17.3,     64.1,     1005.9,     224.66,     255.5,     87.9,     -177.9
64,     29.08.2014 10:41:22,     315,     665.31,     234,     0.7,     1.6,     2.6,     17.7,     64.2,     1005.9,     224.66,     255.6,     87.9,     -177.9
65,     29.08.2014 10:51:22,     294,     625.11,     216,     0.2,     1.7,     3.5,     17.9,     62.6,     1005.8,     224.66,     255.6,     88,     -178
66,     29.08.2014 11:01:22,     215.25,     466.32,     215,     1,     1.9,     3.1,     18.1,     63.8,     1005.8,     224.66,     255.4,     88,     -178
67,     29.08.2014 11:11:16,     243.6,     530.64,     202,     1,     2.2,     3.5,     18.3,     64,     1005.8,     224.66,     255.7,     88,     -178,     13.406,     20.91,     67.4
68,     29.08.2014 11:21:16,     217.35,     472.35,     222,     0.5,     2.7,     4.2,     18.4,     63.9,     1005.8,     224.66,     255.5,     87.9,     -177.9
69,     29.08.2014 11:31:16,     207.9,     458.28,     215,     1.3,     2.4,     4.1,     18.5,     64.1,     1005.8,     224.66,     255.7,     87.9,     -177.9
70,     29.08.2014 11:41:16,     151.2,     361.8,     201,     1.2,     2.4,     3.8,     18.4,     66.6,     1005.8,     224.69,     255.6,     88,     -178
71,     29.08.2014 11:51:16,     119.7,     285.42,     200,     1.4,     2.4,     3.5,     18.3,     66.7,     1005.8,     224.7,     255.5,     88,     -178
72,     29.08.2014 12:01:16,     153.3,     353.76,     196,     1.8,     2.7,     4.1,     18.1,     69.2,     1005.8,     224.7,     255.6,     88,     -177.9
73,     29.08.2014 12:11:17,     172.2,     402,     200,     1,     2.4,     4.1,     18.1,     71.4,     1005.8,     224.7,     255.5,     87.9,     -177.9,     13.678,     20.42,     67.9
74,     29.08.2014 12:21:17,     145.95,     339.69,     199,     1.6,     2.6,     4.2,     18,     71.4,     1005.8,     224.7,     255.7,     88,     -178
75,     29.08.2014 12:31:17,     166.95,     389.94,     217,     0.7,     2.4,     4,     17.9,     74.2,     1005.9,     224.81,     255.6,     88,     -178
76,     29.08.2014 12:41:17,     200.55,     454.26,     195,     1,     2.2,     3.4,     17.6,     77.4,     1005.8,     224.84,     255.6,     88,     -178
77,     29.08.2014 12:51:17,     258.3,     572.85,     210,     1.2,     2.4,     3.8,     17.5,     77.8,     1005.9,     224.85,     255.6,     87.8,     -177.9
78,     29.08.2014 13:01:17,     223.65,     494.46,     226,     1.7,     3.4,     5.6,     17.5,     78,     1005.8,     224.85,     256,     87.8,     -177.8
79,     29.08.2014 13:11:21,     229.95,     510.54,     220,     1.2,     3.4,     6,     17.5,     80.4,     1005.8,     224.85,     255.6,     87.9,     -177.9,     13.440,     19.66,     68.2
80,     29.08.2014 13:21:21,     128.1,     285.42,     216,     1.8,     3.5,     5.3,     17.4,     83.2,     1005.8,     224.85,     255.5,     87.9,     -178
81,     29.08.2014 13:31:21,     110.25,     263.31,     220,     1.2,     3.2,     5.4,     17.2,     85.1,     1005.8,     224.85,     255.7,     88,     -178
82,     29.08.2014 13:41:21,     157.5,     363.81,     217,     1.5,     3.2,     5.6,     17.1,     87,     1005.8,     224.85,     256.1,     88,     -178
83,     29.08.2014 13:51:21,     80.85,     190.95,     202,     0.6,     3.2,     6,     17,     87.8,     1005.9,     224.85,     255.8,     88,     -178
84,     29.08.2014 14:01:21,     78.75,     186.93,     220,     1.5,     2.9,     5.6,     17,     88.2,     1005.8,     224.85,     255.9,     87.9,     -177.9
85,     29.08.2014 14:11:16,     85.05,     201,     238,     1,     3.1,     5,     17,     88.7,     1005.8,     224.85,     255.5,     88,     -178,     13.495,     18.87,     68.4
86,     29.08.2014 14:21:16,     51.45,     120.6,     236,     1.5,     2.8,     4.6,     17,     88.9,     1005.7,     224.86,     255.7,     87.9,     -177.9
87,     29.08.2014 14:31:16,     59.85,     142.71,     232,     1.8,     3.4,     5.3,     17,     89.3,     1005.7,     224.86,     255.8,     88,     -177.9
88,     29.08.2014 14:41:16,     70.35,     164.82,     235,     1.3,     3,     6.7,     17,     89.5,     1005.6,     224.89,     256.6,     88.1,     -178.1
89,     29.08.2014 14:51:16,     56.7,     132.66,     258,     2.4,     3.8,     6.6,     17,     89.2,     1005.6,     224.89,     256.1,     87.9,     -178
90,     29.08.2014 15:01:16,     37.8,     96.48,     271,     1.3,     3.3,     5.5,     17,     89.3,     1005.7,     224.89,     255.8,     87.9,     -177.9
91,     29.08.2014 15:11:17,     72.45,     174.87,     274,     2,     3.7,     6.7,     17,     89.4,     1005.7,     225.39,     256,     87.9,     -177.9,     13.442,     18.31,     68.4
92,     29.08.2014 15:21:17,     87.15,     205.02,     295,     2.5,     5.1,     8.5,     16.9,     89,     1005.8,     225.78,     255.7,     87.9,     -177.9
93,     29.08.2014 15:31:17,     43.05,     100.5,     0,     0,     0,     0,     16.9,     89.1,     1005.8,     225.78,     255.9,     87.9,     -177.9
94,     29.08.2014 15:41:17,     44.1,     104.52,     287,     0.6,     4.2,     7,     16.7,     88.7,     1005.9,     225.78,     256,     87.7,     -177.7
95,     29.08.2014 15:51:17,     48.3,     108.54,     288,     1.5,     4,     7.3,     16.5,     88.3,     1005.9,     225.78,     255.7,     87.9,     -177.9
96,     29.08.2014 16:01:17,     85.05,     190.95,     297,     1.6,     4.5,     8.4,     16.3,     88.5,     1005.9,     225.78,     256,     87.9,     -177.9
97,     29.08.2014 16:11:16,     82.95,     182.91,     306,     0.9,     3.3,     5.9,     16.2,     87.1,     1005.8,     225.78,     255.8,     87.9,     -177.9,     13.593,     17.61,     68.6
98,     29.08.2014 16:21:16,     47.25,     102.51,     292,     1.2,     3.2,     5.2,     16.4,     87.1,     1005.9,     225.78,     256.1,     88.1,     -178.1
99,     29.08.2014 16:31:16,     66.15,     142.71,     305,     1.6,     3.1,     6.3,     16.4,     87.8,     1006,     225.78,     255.7,     88,     -178
100,     29.08.2014 16:41:16,     144.9,     303.51,     304,     1,     3,     5.2,     16.5,     87.8,     1006,     225.78,     255.6,     87.9,     -177.9
101,     29.08.2014 16:51:16,     106.05,     223.11,     297,     1,     3,     5.4,     16.7,     86.3,     1006,     225.78,     256.1,     87.9,     -177.9
102,     29.08.2014 17:01:16,     169.05,     335.67,     300,     0.6,     2.5,     4.7,     16.9,     85.1,     1005.9,     225.78,     255.5,     87.9,     -177.9
103,     29.08.2014 17:11:22,     148.05,     291.45,     297,     0.9,     2.1,     3.9,     17,     84.8,     1006,     225.78,     255.5,     87.9,     -177.9,     13.567,     17.85,     68.5
104,     29.08.2014 17:21:22,     113.4,     227.13,     306,     0.2,     1.4,     3.3,     17.2,     84.9,     1005.9,     225.78,     255.5,     87.9,     -177.9
105,     29.08.2014 17:31:22,     94.5,     188.94,     335,     0.3,     1,     2.1,     17.1,     84.3,     1005.9,     225.78,     255.5,     87.9,     -177.9
106,     29.08.2014 17:41:22,     64.05,     140.7,     325,     0.2,     1.3,     2.5,     17.1,     84.3,     1005.9,     225.78,     255.5,     87.9,     -177.9
107,     29.08.2014 17:51:22,     58.8,     122.61,     352,     0.4,     0.8,     1.3,     17.1,     85.2,     1005.8,     225.78,     255.5,     87.9,     -177.9
108,     29.08.2014 18:01:22,     53.55,     100.5,     9,     0.1,     0.8,     1.4,     17.1,     85.5,     1005.9,     225.78,     255.4,     87.8,     -177.8
109,     29.08.2014 18:11:16,     72.45,     120.6,     45,     0.5,     1,     1.4,     17.1,     86.2,     1005.9,     225.78,     255.5,     87.9,     -177.9,     13.519,     18.38,     68.2
110,     29.08.2014 18:21:16,     50.4,     88.44,     54,     0.5,     1,     1.6,     17,     85.4,     1005.9,     225.78,     255.5,     87.9,     -177.9
111,     29.08.2014 18:31:16,     15.75,     42.21,     90,     0.4,     0.8,     1.3,     17,     86.5,     1005.9,     225.78,     255.4,     87.9,     -177.9
112,     29.08.2014 18:41:16,     12.6,     30.15,     114,     0.1,     0.5,     0.9,     16.9,     87.8,     1005.9,     225.78,     255.5,     88,     -178
113,     29.08.2014 18:51:16,     6.3,     20.1,     140,     0.3,     0.6,     1.1,     16.7,     88.8,     1006,     225.78,     255.4,     87.8,     -177.9
114,     29.08.2014 19:01:16,     1.05,     10.05,     138,     0.3,     0.7,     1,     16.4,     89.5,     1006,     225.78,     255.5,     87.9,     -177.9
115,     29.08.2014 19:11:16,     -3.15,     2.01,     121,     0.3,     0.5,     0.7,     16.1,     89.8,     1006,     225.78,     255.4,     88,     -178,     12.711,     17.25,     68.5
116,     29.08.2014 19:21:16,     -4.2,     0,     139,     0.3,     0.6,     0.9,     15.9,     90.7,     1006,     225.78,     255.4,     87.9,     -177.9
117,     29.08.2014 19:31:16,     -4.2,     2.01,     171,     0.5,     1,     1.4,     15.6,     90.6,     1006.1,     225.78,     255.4,     87.9,     -177.9
118,     29.08.2014 19:41:16,     -4.2,     -2.01,     184,     0.4,     1,     1.4,     15.5,     91,     1006.1,     225.78,     255.4,     87.9,     -178
119,     29.08.2014 19:51:16,     -4.2,     -4.02,     200,     0.8,     1.3,     1.6,     15.3,     91.3,     1006.2,     225.78,     255.4,     87.9,     -177.9
120,     29.08.2014 20:01:16,     -4.2,     -4.02,     199,     0.9,     1.3,     1.6,     15.1,     91.2,     1006.2,     225.78,     255.4,     87.9,     -177.9
121,     29.08.2014 20:11:17,     -4.2,     0,     183,     1,     1.3,     1.7,     14.7,     91.3,     1006.3,     225.78,     255.3,     88,     -178,     12.662,     15.53,     69.0
122,     29.08.2014 20:21:17,     -4.2,     -2.01,     172,     0.5,     0.9,     1.5,     14.6,     91.7,     1006.3,     225.78,     255.2,     88,     -178
123,     29.08.2014 20:31:17,     -4.2,     -4.02,     185,     0.3,     1.1,     2,     14.4,     91.7,     1006.4,     225.78,     255.3,     87.9,     -177.9
124,     29.08.2014 20:41:17,     -2.1,     0,     178,     0,     0.9,     2,     14.3,     92,     1006.5,     225.78,     255.4,     87.9,     -177.9
125,     29.08.2014 20:51:17,     -3.15,     -2.01,     142,     0,     0.7,     1.6,     14.7,     92.7,     1006.5,     225.78,     255.3,     87.9,     -177.9
126,     29.08.2014 21:01:17,     -5.25,     -2.01,     77,     0,     0.9,     1.8,     14.5,     92.4,     1006.6,     225.78,     255.4,     87.9,     -177.9
127,     29.08.2014 21:11:22,     -4.2,     -2.01,     132,     0,     0.4,     1,     14.5,     92.5,     1006.6,     225.78,     255.3,     87.9,     -177.9,     12.611,     14.55,     69.2
128,     29.08.2014 21:21:22,     -4.2,     -4.02,     135,     0.4,     0.7,     1.1,     13.8,     92,     1006.7,     225.78,     255.3,     87.9,     -177.9
129,     29.08.2014 21:31:22,     -3.15,     -2.01,     133,     0.1,     0.5,     1.1,     13.6,     92.3,     1006.7,     225.78,     255.4,     88,     -178
130,     29.08.2014 21:41:22,     -2.1,     -2.01,     182,     0.3,     0.8,     1.4,     14,     92.8,     1006.7,     225.78,     255.3,     87.9,     -177.9
131,     29.08.2014 21:51:22,     -4.2,     -4.02,     186,     0.7,     1.1,     1.6,     13.6,     92.2,     1006.7,     225.78,     255.3,     87.7,     -177.8
132,     29.08.2014 22:01:22,     -4.2,     -2.01,     191,     0.1,     0.6,     1.2,     13.5,     92.5,     1006.8,     225.78,     255.4,     87.9,     -177.9
133,     29.08.2014 22:11:21,     -4.2,     -2.01,     188,     0.1,     0.5,     1,     13.5,     92.7,     1006.9,     225.78,     255.3,     87.9,     -178,     12.588,     13.96,     69.3
134,     29.08.2014 22:21:21,     -4.2,     -2.01,     169,     0.2,     0.7,     1.2,     13.3,     92.5,     1006.9,     225.78,     255.4,     87.8,     -177.9
135,     29.08.2014 22:31:21,     -5.25,     -2.01,     125,     0.1,     0.5,     1.1,     12.8,     92.1,     1006.9,     225.78,     255.3,     88,     -178
136,     29.08.2014 22:41:21,     -4.2,     -2.01,     155,     0.1,     0.6,     1.2,     12.6,     92.4,     1007,     225.78,     255.3,     88,     -178
137,     29.08.2014 22:51:21,     -5.25,     -4.02,     188,     0.7,     1.1,     1.3,     12.5,     92.5,     1007.1,     225.78,     255.3,     88,     -178
138,     29.08.2014 23:01:21,     -4.2,     -4.02,     177,     0.5,     1,     1.4,     12.5,     92.7,     1007.1,     225.78,     255.3,     87.9,     -177.9
139,     29.08.2014 23:11:16,     -4.2,     -2.01,     154,     0.2,     0.7,     1,     12.6,     92.8,     1007.1,     225.78,     255.3,     87.9,     -177.9,     12.567,     12.91,     69.6
140,     29.08.2014 23:21:16,     -4.2,     -2.01,     165,     0.3,     0.7,     1.7,     12.4,     92.7,     1007.1,     225.78,     255.3,     87.9,     -177.9
141,     29.08.2014 23:31:16,     -4.2,     -2.01,     175,     0.4,     0.9,     1.5,     12,     92.4,     1007,     225.78,     255.3,     87.9,     -177.9
142,     29.08.2014 23:41:16,     -3.15,     0,     196,     0.7,     1.2,     2.4,     12.1,     92.7,     1007.1,     225.78,     255.3,     87.9,     -178
143,     29.08.2014 23:51:16,     -5.25,     -4.02,     202,     0.8,     1.2,     2.4,     12.1,     92.8,     1007.1,     225.78,     255.3,     88,     -178
144,     30.08.2014 00:01:17,     -1.05,     0,     184,     0.5,     1.1,     2.3,     12.1,     92.9,     1007.1,     225.78,     255.2,     87.8,     -177.8,     12.463,     12.27,     69.7