Logger: #D10248 'TSK_Meteo' - USP_EXP2 (V2.10, Jan 24 2012)
No,     Time,     #1:W/m²:0,     #2:ÂµMol:(do.),     #5:deg:2,     #6:m/sMIN:(do.),     #7:m/sMIT:(do.),     #8:m/sMAX:(do.),     #9:Â°C:(do.),     #10:%:(do.),     #11:hPa:(do.),     #12:mm:(do.),     #14:AZ:3,     #15:EL:(do.),     #16:Roll:(do.),     #HK-Bat:V,     #HK-Temp:oC,     #HK-rH:%
(GSM Transfer OK / Signal:9)
1,     12.01.2015 00:11:17,     -2.1,     -2.01,     301,     1.6,     3.5,     6,     3.6,     85.1,     1002.4,     412.44,     74.2,     87.9,     -2,     12.363,     3.85,     88.4
2,     12.01.2015 00:21:17,     -3.15,     0,     298,     1.9,     3.9,     6.2,     3.6,     85.1,     1002.4,     412.44,     74.8,     88,     -1.9
3,     12.01.2015 00:31:17,     -2.1,     0,     292,     2.4,     4.2,     6.6,     3.6,     85.3,     1002.5,     412.44,     73.6,     88.1,     -1.8
4,     12.01.2015 00:41:17,     -2.1,     -2.01,     290,     1.2,     3.2,     5.9,     3.6,     85.7,     1002.4,     412.44,     74.1,     88,     -1.9
5,     12.01.2015 00:51:17,     -4.2,     -2.01,     290,     1.8,     3.7,     6,     3.6,     85.8,     1002.5,     412.44,     74.3,     88,     -1.9
6,     12.01.2015 01:01:17,     -3.15,     -2.01,     293,     2,     4.2,     6.7,     3.6,     86,     1002.5,     412.44,     254.7,     87.9,     -177.9
7,     12.01.2015 01:11:17,     -1.05,     -2.01,     290,     1.1,     3.8,     6.1,     3.6,     86.1,     1002.6,     412.44,     73.8,     88,     -1.9,     12.533,     3.60,     90.2
8,     12.01.2015 01:21:17,     -1.05,     -2.01,     290,     1.3,     3.6,     6,     3.8,     86.6,     1002.6,     412.44,     74.6,     87.8,     -2.1
9,     12.01.2015 01:31:17,     -2.1,     0,     285,     2.1,     4,     6,     3.9,     86.6,     1002.6,     412.44,     75.2,     88,     -1.9
10,     12.01.2015 01:41:17,     -3.15,     -4.02,     282,     1.9,     3.9,     6.3,     4,     87.2,     1002.6,     412.44,     75.5,     88,     -1.8
11,     12.01.2015 01:51:17,     -2.1,     0,     287,     1.2,     4.5,     7.4,     4.2,     87,     1002.7,     412.44,     74.8,     87.9,     -2
12,     12.01.2015 02:01:17,     -2.1,     -2.01,     288,     1,     4,     6.8,     4.3,     86.8,     1002.6,     412.44,     74.8,     87.8,     -2.1
13,     12.01.2015 02:11:16,     -2.1,     0,     287,     1.5,     4.1,     6.4,     4.4,     86.7,     1002.8,     412.44,     75.8,     88,     -1.8,     12.507,     4.17,     90.2
14,     12.01.2015 02:21:16,     -2.1,     -2.01,     277,     1.5,     4.6,     7.4,     4.5,     86.7,     1002.7,     412.44,     75.7,     87.7,     -2
15,     12.01.2015 02:31:16,     -1.05,     0,     289,     2.3,     4.7,     8.3,     4.6,     86.7,     1003,     412.44,     75.4,     88.1,     -1.8
16,     12.01.2015 02:41:16,     -1.05,     0,     294,     1.9,     4.8,     8.2,     4.6,     86.6,     1002.9,     412.46,     254.7,     87.8,     -177.9
17,     12.01.2015 02:51:16,     -2.1,     -2.01,     290,     2.6,     5.6,     8.8,     4.7,     86.8,     1002.9,     412.46,     255.3,     88.2,     -178.2
18,     12.01.2015 03:01:16,     -1.05,     0,     290,     2.9,     5.3,     9,     4.7,     87.1,     1003,     412.46,     75.6,     87.8,     -2.1
19,     12.01.2015 03:11:16,     -2.1,     -2.01,     285,     0.7,     4.7,     9.5,     4.7,     87,     1003,     412.46,     74,     88.1,     -1.8,     12.493,     4.78,     90.1
20,     12.01.2015 03:21:16,     -2.1,     -4.02,     288,     1.4,     5.1,     8.6,     4.7,     87,     1003.1,     412.46,     255.1,     87.9,     -178
21,     12.01.2015 03:31:16,     -2.1,     -2.01,     287,     2.3,     4.4,     7.5,     4.8,     87,     1003,     412.46,     75,     88.1,     -1.8
22,     12.01.2015 03:41:16,     -2.1,     -2.01,     290,     2.2,     4.6,     9.3,     4.8,     86.9,     1003,     412.46,     74.9,     87.7,     -2.1
23,     12.01.2015 03:51:16,     -2.1,     -2.01,     284,     2.1,     5.3,     9.4,     4.9,     86.8,     1003,     412.46,     76,     88.2,     -1.7
24,     12.01.2015 04:01:16,     -3.15,     -4.02,     288,     2.3,     6.2,     10,     5,     86.4,     1003,     412.46,     76.2,     87.4,     -2.3
25,     12.01.2015 04:11:17,     -3.15,     -2.01,     292,     3.3,     6.1,     10.8,     5.1,     86,     1002.9,     412.46,     74.6,     87.9,     -1.8,     12.491,     5.11,     90.0
26,     12.01.2015 04:21:17,     -2.1,     -4.02,     290,     2,     5.7,     8.9,     5.2,     85.8,     1002.8,     412.46,     75.8,     88.1,     -1.8
27,     12.01.2015 04:31:17,     -3.15,     -2.01,     293,     2.9,     6.1,     10,     5.2,     85.7,     1002.6,     412.46,     75.2,     88.2,     -1.7
28,     12.01.2015 04:41:17,     -3.15,     0,     291,     2.7,     5.8,     9.8,     5.2,     85.8,     1002.5,     412.46,     74.7,     87.9,     -2.1
29,     12.01.2015 04:51:17,     -3.15,     -2.01,     294,     2.9,     6,     9.8,     5.3,     85.3,     1002.4,     412.46,     75.5,     88,     -1.9
30,     12.01.2015 05:01:17,     -2.1,     -2.01,     292,     3.2,     6.5,     10.2,     5.4,     85.1,     1002.4,     412.46,     255.3,     87.8,     -177.8
31,     12.01.2015 05:11:16,     -2.1,     0,     292,     2.4,     5.8,     9.9,     5.4,     84.9,     1002.2,     412.46,     75.8,     88.2,     -1.7,     12.480,     5.47,     89.9
32,     12.01.2015 05:21:16,     -1.05,     -2.01,     292,     2.6,     6,     9.8,     5.4,     84.5,     1002.1,     412.46,     76,     87.9,     -2.1
33,     12.01.2015 05:31:16,     -2.1,     -2.01,     293,     2.8,     6.5,     10.8,     5.5,     84.1,     1001.9,     412.46,     75.7,     88.3,     -1.4
34,     12.01.2015 05:41:16,     -1.05,     -2.01,     290,     2.3,     5.8,     10.4,     5.5,     84.1,     1001.9,     412.46,     75.6,     88,     -1.9
35,     12.01.2015 05:51:16,     -2.1,     -2.01,     291,     2.6,     6.1,     9.4,     5.5,     83.6,     1001.9,     412.46,     75.9,     88,     -1.9
36,     12.01.2015 06:01:16,     -1.05,     -2.01,     293,     2.4,     6,     10.1,     5.5,     83.4,     1001.7,     412.46,     75.5,     88.2,     -1.6
37,     12.01.2015 06:11:16,     -2.1,     -2.01,     287,     2.7,     6.3,     10,     5.6,     83.3,     1001.7,     412.46,     74.5,     87.8,     -2.1,     12.474,     5.75,     89.8
38,     12.01.2015 06:21:16,     -2.1,     -2.01,     282,     2,     5.9,     10.3,     5.5,     83.4,     1001.6,     412.46,     76.6,     88.2,     -1.5
39,     12.01.2015 06:31:16,     -1.05,     0,     276,     2.4,     5.8,     12.1,     5.5,     83.6,     1001.6,     412.46,     76.1,     87.9,     -2
40,     12.01.2015 06:41:16,     -3.15,     -2.01,     275,     1.8,     6.1,     9.9,     5.5,     84,     1001.5,     412.46,     256.2,     87.8,     -177.8
41,     12.01.2015 06:51:16,     -2.1,     -2.01,     268,     3.4,     6.1,     9.2,     5.5,     84,     1001.4,     412.46,     255.6,     88.1,     -178.2
42,     12.01.2015 07:01:16,     -3.15,     -2.01,     271,     2.1,     5.4,     9.7,     5.4,     84.4,     1001.3,     412.47,     256.5,     87.8,     -177.8
43,     12.01.2015 07:11:17,     -1.05,     0,     265,     2.9,     6.2,     9.7,     5.4,     84.8,     1001.2,     412.5,     76.1,     87.9,     -1.8,     12.448,     5.84,     89.7
44,     12.01.2015 07:21:17,     -1.05,     0,     266,     2.8,     6,     9.3,     5.4,     85.3,     1001.1,     412.62,     255,     88,     -178
45,     12.01.2015 07:31:17,     -1.05,     0,     266,     2.7,     5.8,     10.9,     5.4,     85.9,     1001.2,     412.72,     74.8,     88.1,     -1.7
46,     12.01.2015 07:41:17,     -1.05,     0,     266,     2.4,     6.3,     9.7,     5.4,     86,     1001.1,     412.84,     77.8,     88.1,     -1.7
47,     12.01.2015 07:51:17,     -3.15,     -4.02,     272,     3,     6.5,     11.1,     5.4,     85.9,     1001.1,     412.96,     75.8,     88.1,     -1.7
48,     12.01.2015 08:01:17,     -2.1,     -2.01,     274,     3,     6.6,     11.4,     5.4,     85.9,     1001,     413.07,     255.4,     87.4,     -177.4
49,     12.01.2015 08:11:16,     -1.05,     0,     270,     2.8,     6.3,     10.6,     5.3,     86.2,     1001,     413.19,     255.5,     87.5,     -177.7,     12.463,     5.63,     89.9
50,     12.01.2015 08:21:16,     0,     0,     271,     2.6,     6.2,     9.7,     5.3,     86.2,     1001,     413.23,     75.4,     88.3,     -1.3
51,     12.01.2015 08:31:16,     -2.1,     0,     271,     3.4,     6.2,     9.3,     5.3,     86.1,     1001,     413.29,     256.1,     88.4,     -178.4
52,     12.01.2015 08:41:16,     1.05,     2.01,     269,     3.1,     5.8,     10.7,     5.4,     86,     1000.9,     413.29,     76.1,     87.7,     -2.2
53,     12.01.2015 08:51:16,     2.1,     6.03,     266,     2.5,     5.9,     10.4,     5.4,     85.6,     1000.8,     413.29,     75.3,     88.4,     -1.4
54,     12.01.2015 09:01:16,     4.2,     10.05,     266,     2.9,     6.6,     11.1,     5.5,     85.1,     1000.9,     413.29,     256.7,     87.5,     -177.7
55,     12.01.2015 09:11:16,     8.4,     20.1,     267,     3.5,     6.7,     11.1,     5.6,     84.7,     1000.9,     413.29,     258.4,     88.2,     -178.5,     12.461,     5.61,     90.0
56,     12.01.2015 09:21:16,     11.55,     28.14,     267,     3.6,     7.1,     16.4,     5.6,     84.3,     1000.7,     413.29,     78.8,     88,     -1.5
57,     12.01.2015 09:31:16,     19.95,     40.2,     269,     3.7,     7.1,     11.6,     5.7,     84.1,     1000.9,     413.29,     78.3,     88.4,     -1.5
58,     12.01.2015 09:41:16,     26.25,     52.26,     272,     2.7,     7,     11.3,     5.7,     84.1,     1001,     413.29,     76.9,     87.7,     -2.3
59,     12.01.2015 09:51:16,     19.95,     42.21,     270,     2.6,     6.4,     10.4,     5.7,     84.1,     1000.9,     413.29,     255.4,     88,     -178
60,     12.01.2015 10:01:16,     12.6,     28.14,     275,     3.8,     6.4,     12.1,     5.6,     84.6,     1000.9,     413.31,     76.6,     88.8,     -1.1
61,     12.01.2015 10:11:17,     21,     48.24,     273,     2.8,     5.6,     10.3,     5.6,     84.9,     1000.9,     413.31,     75.6,     88,     -1.9,     12.512,     5.93,     89.9
62,     12.01.2015 10:21:17,     13.65,     32.16,     269,     3.2,     6.5,     10.1,     5.7,     84.7,     1000.8,     413.32,     76.6,     88.2,     -1.7
63,     12.01.2015 10:31:17,     10.5,     28.14,     268,     2.1,     6.3,     11.3,     5.7,     84.8,     1000.7,     413.34,     76.8,     87,     -2.9
64,     12.01.2015 10:41:17,     23.1,     54.27,     264,     2.2,     7,     11.6,     5.8,     84.4,     1000.4,     413.34,     256.3,     87.9,     -178
65,     12.01.2015 10:51:17,     16.8,     40.2,     265,     2.1,     5.7,     9.4,     5.8,     84.3,     1000.5,     413.34,     77.8,     87.8,     -2
66,     12.01.2015 11:01:17,     27.3,     60.3,     261,     2.3,     6.2,     11.1,     6,     83.5,     1000.2,     413.34,     256.8,     88.3,     -178.3
67,     12.01.2015 11:11:16,     34.65,     74.37,     260,     2.7,     6.9,     11.6,     6.1,     82.3,     1000.1,     413.34,     78.1,     88.8,     -0.8,     12.594,     6.10,     89.9
68,     12.01.2015 11:21:16,     25.2,     58.29,     262,     3.5,     6.5,     10.5,     6.2,     81.8,     1000.1,     413.34,     76,     87.7,     -2
69,     12.01.2015 11:31:16,     32.55,     68.34,     262,     2.3,     6.7,     10.6,     6.3,     81,     999.7,     413.34,     77.6,     88,     -1.9
70,     12.01.2015 11:41:16,     26.25,     58.29,     264,     3.2,     7.3,     11.7,     6.4,     80.4,     999.8,     413.34,     77.2,     88.5,     -1.4
71,     12.01.2015 11:51:16,     36.75,     86.43,     266,     3.3,     6.3,     9.7,     6.5,     80.1,     999.7,     413.34,     256.6,     87.6,     -177.6
72,     12.01.2015 12:01:16,     27.3,     64.32,     264,     2.3,     6.3,     11.9,     6.6,     79.6,     999.6,     413.34,     76.9,     88.7,     -1.2
73,     12.01.2015 12:11:16,     17.85,     42.21,     261,     3.6,     7.3,     12.7,     6.5,     80.7,     999.3,     413.36,     257,     88.2,     -178.2,     12.385,     6.73,     89.5
74,     12.01.2015 12:21:16,     25.2,     60.3,     265,     3.5,     6.2,     9.8,     6.4,     81.4,     999.2,     413.36,     75.7,     87.7,     -2.3
75,     12.01.2015 12:31:16,     26.25,     62.31,     259,     2.7,     7.2,     11.4,     6.6,     80.3,     999,     413.36,     256.2,     87.6,     -177.6
76,     12.01.2015 12:41:16,     21,     52.26,     261,     1.6,     7,     11.8,     6.7,     79.5,     998.9,     413.36,     77.6,     88.7,     -1.2
77,     12.01.2015 12:51:16,     18.9,     48.24,     261,     2.9,     6.5,     10.8,     6.7,     79.5,     998.8,     413.36,     258.8,     88.4,     -178.4
78,     12.01.2015 13:01:16,     34.65,     80.4,     265,     3.5,     7.3,     10.7,     6.8,     79.3,     998.9,     413.36,     75.5,     87.9,     -2
79,     12.01.2015 13:11:16,     17.85,     46.23,     268,     3,     7.1,     11.9,     6.7,     80.1,     998.7,     413.36,     256.8,     88.9,     -179.5,     12.476,     6.93,     89.5
80,     12.01.2015 13:21:16,     16.8,     40.2,     264,     2.9,     7.2,     12.1,     6.7,     80.7,     998.4,     413.39,     76.3,     87.2,     -2.6
81,     12.01.2015 13:31:16,     27.3,     64.32,     264,     3.9,     7,     11.3,     6.6,     82,     998.3,     413.43,     77.9,     88.2,     -1.6
82,     12.01.2015 13:41:16,     22.05,     50.25,     262,     2.9,     6.8,     12.6,     6.5,     82.7,     998.1,     413.45,     76.6,     87.1,     -2.7
83,     12.01.2015 13:51:16,     25.2,     58.29,     262,     3.7,     7.4,     12.5,     6.4,     83.6,     998,     413.47,     76.7,     87.6,     -2.2
84,     12.01.2015 14:01:16,     17.85,     44.22,     261,     3.1,     7.1,     11.9,     6.3,     84.6,     997.9,     413.56,     78.1,     88.4,     -1.5
85,     12.01.2015 14:11:16,     17.85,     40.2,     262,     3.3,     7,     11.9,     6.3,     85.1,     998,     413.7,     76.6,     88.9,     -1,     12.514,     6.81,     89.6
86,     12.01.2015 14:21:16,     22.05,     50.25,     263,     3.8,     7,     12.6,     6.3,     85.1,     997.8,     413.82,     76.9,     87.4,     -2.1
87,     12.01.2015 14:31:16,     17.85,     42.21,     260,     4.4,     7.6,     13.3,     6.3,     84.8,     997.7,     413.96,     257.4,     87.9,     -178
88,     12.01.2015 14:41:16,     21,     46.23,     258,     4.2,     7.2,     13.3,     6.3,     85,     997.7,     414.07,     76.6,     88.9,     -0.9
89,     12.01.2015 14:51:16,     13.65,     30.15,     261,     4.2,     7.3,     12.2,     6.3,     85,     997.6,     414.09,     78.7,     88.2,     -1.5
90,     12.01.2015 15:01:16,     3.15,     8.04,     263,     4.4,     7.6,     11.2,     6.4,     84.7,     997.5,     414.09,     257.1,     87.8,     -178
91,     12.01.2015 15:11:16,     5.25,     12.06,     261,     3.8,     6.9,     10.6,     6.3,     85.4,     997.6,     414.19,     76.7,     87.8,     -2.1,     12.418,     6.56,     89.7
92,     12.01.2015 15:21:16,     3.15,     8.04,     263,     3.3,     7.2,     11.1,     6.3,     85.3,     997.6,     414.34,     255.1,     87.7,     -177.7
93,     12.01.2015 15:31:16,     2.1,     6.03,     269,     2,     7,     11.4,     6.4,     85.5,     997.8,     414.38,     76.4,     87.2,     -2.7
94,     12.01.2015 15:41:16,     2.1,     10.05,     264,     4,     7.4,     11.3,     6.4,     85.3,     997.7,     414.41,     75.4,     87.7,     -2.2
95,     12.01.2015 15:51:16,     2.1,     4.02,     274,     2.8,     6.1,     10.9,     6.5,     85.1,     997.9,     414.41,     76.2,     87.5,     -2.2
96,     12.01.2015 16:01:16,     0,     4.02,     271,     3.3,     6.9,     11,     6.5,     84.3,     997.8,     414.41,     76.5,     87.7,     -2.2
97,     12.01.2015 16:11:16,     0,     2.01,     270,     3.7,     6.5,     10.9,     6.5,     84.5,     997.8,     414.41,     74.1,     88,     -1.8,     12.401,     6.53,     89.8
98,     12.01.2015 16:21:16,     -1.05,     0,     269,     1.8,     7.4,     12.1,     6.5,     85.1,     997.9,     414.41,     77.8,     88.4,     -1.3
99,     12.01.2015 16:31:16,     -1.05,     -2.01,     273,     2.8,     7.1,     12.3,     6.4,     85.8,     997.8,     414.41,     76.2,     88.6,     -1.2
100,     12.01.2015 16:41:16,     -1.05,     -2.01,     273,     2.1,     6.4,     11.1,     6.4,     86.1,     998,     414.41,     77.4,     88.2,     -1.7
101,     12.01.2015 16:51:16,     -1.05,     -2.01,     271,     2.6,     6.2,     9.7,     6.4,     86.3,     998,     414.41,     75.4,     87.7,     -2.2
102,     12.01.2015 17:01:16,     -1.05,     0,     271,     3.8,     6.4,     11.2,     6.4,     87,     997.9,     414.41,     76.9,     87.9,     -1.9
103,     12.01.2015 17:11:17,     -2.1,     -2.01,     267,     2.8,     6,     12.1,     6.3,     87.8,     997.9,     414.41,     80,     87.9,     -2,     12.380,     6.54,     89.6
104,     12.01.2015 17:21:17,     -1.05,     -2.01,     262,     3.4,     7,     12.3,     6.3,     87.9,     997.9,     414.41,     255,     88.4,     -178.5
105,     12.01.2015 17:31:17,     0,     0,     260,     3.2,     7.4,     11.3,     6.3,     87.9,     997.8,     414.41,     255.7,     88.3,     -178.2
106,     12.01.2015 17:41:17,     -2.1,     -2.01,     263,     4.3,     7.8,     12.8,     6.3,     87.8,     997.4,     414.41,     77.6,     88.3,     -1.6
107,     12.01.2015 17:51:17,     -1.05,     0,     262,     3.4,     6.5,     10.2,     6.3,     88.1,     997.7,     414.41,     257.7,     87.9,     -177.9
108,     12.01.2015 18:01:17,     -1.05,     -2.01,     263,     4.3,     7.7,     12.1,     6.4,     88,     997.7,     414.41,     77.3,     88.2,     -1.7
109,     12.01.2015 18:11:16,     -1.05,     0,     264,     3.2,     7.1,     10,     6.4,     88.2,     997.7,     414.41,     76.7,     87.4,     -2.4,     12.378,     6.49,     89.7
110,     12.01.2015 18:21:16,     0,     0,     264,     3,     7.2,     12,     6.4,     88.3,     997.7,     414.41,     256,     87.5,     -177.6
111,     12.01.2015 18:31:16,     -1.05,     0,     265,     3.3,     6.8,     10.3,     6.4,     88.5,     997.5,     414.41,     77.7,     87.2,     -2.5
112,     12.01.2015 18:41:16,     -1.05,     0,     264,     4.3,     7.6,     12.7,     6.4,     88.4,     997.6,     414.41,     77.7,     87.9,     -1.9
113,     12.01.2015 18:51:16,     -1.05,     0,     265,     4.2,     8.1,     13.9,     6.5,     88.1,     997.6,     414.41,     257.1,     88.1,     -178.1
114,     12.01.2015 19:01:16,     -2.1,     -2.01,     262,     3.7,     7.6,     13.7,     6.5,     88.2,     997.4,     414.41,     77.5,     86.8,     -1.5
115,     12.01.2015 19:11:16,     0,     -2.01,     267,     2.6,     8.1,     15.5,     6.6,     87.8,     997.7,     414.41,     77.1,     87.8,     -1.5,     12.355,     6.57,     89.7
116,     12.01.2015 19:21:16,     0,     0,     267,     3.3,     7.4,     13,     6.6,     88.2,     997.7,     414.41,     257,     88.5,     -178.5
117,     12.01.2015 19:31:16,     -2.1,     -2.01,     264,     4.5,     8,     12.7,     6.7,     88,     997.7,     414.41,     256.4,     88.3,     -178.3
118,     12.01.2015 19:41:16,     -1.05,     -2.01,     268,     4.3,     8,     14.1,     6.7,     88.1,     997.5,     414.41,     76.2,     88.5,     -1.4
119,     12.01.2015 19:51:16,     -1.05,     0,     267,     3.8,     7.4,     13.4,     6.8,     88,     997.3,     414.41,     77.5,     88.7,     -1.2
120,     12.01.2015 20:01:16,     -1.05,     -2.01,     264,     4.2,     7.7,     11.7,     6.8,     87.9,     997.5,     414.41,     257.1,     88.7,     -178.8
121,     12.01.2015 20:11:16,     -1.05,     -2.01,     268,     3.7,     8.1,     14,     6.9,     87.4,     997.6,     414.41,     77.4,     89.4,     -0.3,     12.348,     6.79,     89.6
122,     12.01.2015 20:21:16,     -1.05,     0,     266,     4.5,     8.1,     13.6,     6.9,     87.6,     997.3,     414.41,     258.2,     86.7,     -177.2
123,     12.01.2015 20:31:16,     -1.05,     -2.01,     265,     4.4,     7.9,     13.3,     6.9,     87.8,     997.4,     414.41,     77.3,     88.7,     -1.1
124,     12.01.2015 20:41:16,     -1.05,     -2.01,     267,     3.5,     7.7,     11.9,     6.9,     87.7,     997.3,     414.41,     78.3,     87.2,     -1.7
125,     12.01.2015 20:51:16,     -1.05,     -2.01,     264,     3,     7.6,     13.3,     7,     87.5,     997.3,     414.41,     78.4,     87.1,     -2.8
126,     12.01.2015 21:01:16,     -1.05,     -2.01,     267,     3.9,     7.3,     13.8,     7,     87.1,     997.4,     414.41,     77,     87.2,     -2.6
127,     12.01.2015 21:11:16,     -1.05,     0,     265,     3.5,     7.6,     11.7,     7.1,     87.2,     997.4,     414.41,     255.9,     87.5,     -177.4,     12.340,     6.95,     89.6
128,     12.01.2015 21:21:16,     -1.05,     -2.01,     266,     3.5,     7.7,     11.9,     7.1,     87,     997.5,     414.41,     75.7,     87.1,     -2.5
129,     12.01.2015 21:31:16,     -1.05,     0,     265,     3.2,     7.5,     13.5,     7.2,     86.8,     997.5,     414.41,     256.1,     88,     -179.4
130,     12.01.2015 21:41:16,     0,     -2.01,     266,     3.9,     7.6,     12.2,     7.2,     86.5,     997.5,     414.41,     76.3,     88.4,     -1.4
131,     12.01.2015 21:51:16,     -1.05,     -2.01,     267,     2.7,     6.9,     11.5,     7.2,     86,     997.6,     414.41,     76.5,     89.7,     -0.1
132,     12.01.2015 22:01:16,     0,     0,     267,     4.7,     8.2,     14,     7.4,     85.4,     997.7,     414.41,     254.8,     87.9,     -178.9
133,     12.01.2015 22:11:16,     -2.1,     -2.01,     267,     4.1,     7.4,     12.2,     7.4,     85.5,     997.8,     414.41,     258.2,     88.2,     -178.2,     12.334,     7.22,     89.6
134,     12.01.2015 22:21:16,     -1.05,     0,     266,     2.8,     7.8,     11.2,     7.4,     85.9,     997.7,     414.41,     255.9,     87.2,     -177.5
135,     12.01.2015 22:31:16,     -2.1,     -2.01,     267,     3.3,     7.2,     11.8,     7.4,     85.9,     997.6,     414.41,     78.7,     87.2,     -2.3
136,     12.01.2015 22:41:16,     -3.15,     -2.01,     264,     3.4,     8.2,     12,     7.5,     85.3,     997.6,     414.41,     77.4,     86.7,     -3.2
137,     12.01.2015 22:51:16,     -2.1,     -2.01,     266,     4.3,     7.9,     13.7,     7.5,     85.5,     997.7,     414.41,     79,     87.8,     -2.1
138,     12.01.2015 23:01:16,     -2.1,     -2.01,     268,     3.1,     7.2,     11.4,     7.5,     85.2,     997.8,     414.41,     253.8,     87.5,     -177.6
139,     12.01.2015 23:11:16,     -2.1,     -4.02,     265,     3.9,     7.5,     12.5,     7.7,     84.8,     997.8,     414.41,     76.1,     86.7,     -3,     12.327,     7.47,     89.5
140,     12.01.2015 23:21:16,     -2.1,     -2.01,     265,     3.6,     7.3,     12.3,     7.7,     84.5,     997.8,     414.41,     76.7,     88.4,     -1.5
141,     12.01.2015 23:31:16,     -3.15,     -2.01,     267,     4.1,     6.9,     11.6,     7.7,     84.7,     997.8,     414.41,     76.7,     88.4,     -1.3
142,     12.01.2015 23:41:16,     -2.1,     0,     265,     1.8,     7.1,     12,     7.8,     84.3,     997.8,     414.41,     76.4,     88,     -1.8
143,     12.01.2015 23:51:16,     -2.1,     -2.01,     264,     3.3,     6.8,     11.6,     7.8,     84.9,     997.8,     414.41,     78.7,     87.3,     -2.6
144,     13.01.2015 00:01:17,     0,     0,     268,     3.5,     7.3,     11.1,     7.6,     86.1,     998,     414.41,     78.6,     87.4,     -2.3,     12.090,     7.71,     89.4