Logger: #D10248 'TSK_Meteo' - USP_EXP2 (V2.10, Jan 24 2012)
No,     Time,     #1:W/m²:0,     #2:ÂµMol:(do.),     #5:deg:2,     #6:m/sMIN:(do.),     #7:m/sMIT:(do.),     #8:m/sMAX:(do.),     #9:Â°C:(do.),     #10:%:(do.),     #11:hPa:(do.),     #12:mm:(do.),     #14:AZ:3,     #15:EL:(do.),     #16:Roll:(do.),     #HK-Bat:V,     #HK-Temp:oC,     #HK-rH:%
(GSM Transfer OK / Signal:17)
1,     23.09.2014 00:11:16,     -1.05,     -2.01,     33,     3.1,     5.6,     8,     10.9,     74.6,     1007.5,     287.14,     252.4,     87.9,     -178,     12.465,     12.36,     71.6
2,     23.09.2014 00:21:16,     -2.1,     -2.01,     36,     3.4,     6,     10.8,     11.1,     74,     1007.6,     287.14,     251.4,     88.6,     -179.6
3,     23.09.2014 00:31:16,     -3.15,     -2.01,     33,     3.1,     5.5,     7.9,     10.8,     73.8,     1007.7,     287.14,     252.4,     86.7,     -176.7
4,     23.09.2014 00:41:16,     -2.1,     -2.01,     23,     2.6,     5,     7,     10.9,     75.9,     1007.7,     287.14,     253.2,     87.3,     -177.4
5,     23.09.2014 00:51:16,     -2.1,     -4.02,     20,     2.1,     4.8,     7.4,     10.9,     75.4,     1007.9,     287.14,     73.1,     87.7,     -2.2
6,     23.09.2014 01:01:16,     -1.05,     2.01,     17,     2.5,     4.2,     6.6,     10.9,     74,     1008,     287.14,     253.3,     87.7,     -177.7
7,     23.09.2014 01:11:16,     -1.05,     0,     15,     2.3,     3.9,     6.2,     10.9,     73.9,     1007.9,     287.14,     253.2,     87.8,     -177.8,     12.516,     11.75,     73.1
8,     23.09.2014 01:21:16,     -1.05,     -2.01,     3,     1.8,     3.2,     5,     10.6,     73.7,     1008,     287.14,     253.2,     88,     -178
9,     23.09.2014 01:31:16,     -1.05,     -2.01,     356,     1.4,     3,     4.7,     10.5,     74.3,     1008,     287.14,     254,     88,     -178
10,     23.09.2014 01:41:16,     -3.15,     -2.01,     6,     1.8,     3.3,     4.9,     10.7,     73.6,     1008.1,     287.14,     253.2,     88.1,     -178.1
11,     23.09.2014 01:51:16,     -3.15,     -2.01,     7,     1.9,     3.7,     5,     10.7,     71.7,     1008.1,     287.14,     253.2,     87.9,     -177.9
12,     23.09.2014 02:01:16,     -4.2,     0,     4,     1.8,     3.5,     5.5,     10.5,     71.9,     1008.1,     287.14,     253.6,     87.7,     -177.7
13,     23.09.2014 02:11:22,     -4.2,     -2.01,     351,     1.6,     2.8,     4.8,     10.1,     74.3,     1008.3,     287.14,     253.5,     88.1,     -178.1,     12.467,     11.14,     73.2
14,     23.09.2014 02:21:22,     -4.2,     -2.01,     338,     1.4,     2.3,     3.9,     9.6,     76.7,     1008.3,     287.14,     253.6,     87.8,     -177.9
15,     23.09.2014 02:31:22,     -5.25,     -4.02,     339,     1.3,     2.2,     3.7,     9.2,     78.8,     1008.3,     287.14,     253.6,     88,     -178
16,     23.09.2014 02:41:22,     -4.2,     -2.01,     342,     1.4,     2.3,     3.8,     9,     78,     1008.4,     287.14,     253.5,     88,     -178
17,     23.09.2014 02:51:22,     -5.25,     -2.01,     343,     1.4,     2.4,     4,     8.8,     79.7,     1008.5,     287.14,     253.8,     88,     -177.9
18,     23.09.2014 03:01:22,     -4.2,     -2.01,     351,     1.6,     2.5,     3.9,     8.7,     79.7,     1008.5,     287.14,     253.5,     87.9,     -177.9
19,     23.09.2014 03:11:16,     -4.2,     -4.02,     347,     1.6,     2.5,     4.3,     8.7,     80.5,     1008.6,     287.14,     253,     87.9,     -177.9,     12.429,     9.34,     73.8
20,     23.09.2014 03:21:16,     -4.2,     -2.01,     346,     1.4,     2.9,     4.3,     8.7,     79.7,     1008.7,     287.14,     253.4,     88,     -178
21,     23.09.2014 03:31:16,     -3.15,     2.01,     352,     1.6,     2.9,     4.6,     8.7,     79.7,     1008.7,     287.14,     253.4,     87.9,     -177.9
22,     23.09.2014 03:41:16,     -5.25,     -2.01,     355,     1.9,     3.1,     4.6,     8.7,     79.5,     1008.7,     287.14,     253.7,     87.9,     -177.9
23,     23.09.2014 03:51:16,     -5.25,     -4.02,     356,     2,     3.1,     4.7,     8.8,     77.7,     1008.7,     287.14,     253.5,     87.7,     -177.7
24,     23.09.2014 04:01:16,     -5.25,     -2.01,     351,     2,     2.9,     4.5,     8.7,     76.5,     1008.6,     287.14,     253.2,     87.9,     -177.9
25,     23.09.2014 04:11:16,     -4.2,     -2.01,     346,     1.3,     2.7,     4.3,     8.6,     75.5,     1008.7,     287.14,     253.3,     88,     -177.9,     12.406,     8.42,     74.0
26,     23.09.2014 04:21:16,     -5.25,     -4.02,     347,     1.6,     2.7,     3.9,     8.6,     76.2,     1008.7,     287.14,     253.1,     87.8,     -177.9
27,     23.09.2014 04:31:16,     -4.2,     -2.01,     359,     2.2,     3.4,     4.9,     8.9,     73.1,     1008.7,     287.14,     252.9,     87.9,     -177.9
28,     23.09.2014 04:41:16,     -4.2,     -2.01,     352,     1.8,     3,     4.3,     8.8,     71.6,     1008.8,     287.14,     253.3,     88.2,     -178.3
29,     23.09.2014 04:51:16,     -4.2,     -2.01,     346,     1.6,     2.7,     4.1,     8.4,     74.6,     1008.9,     287.14,     253.1,     87.9,     -177.9
30,     23.09.2014 05:01:16,     -6.3,     0,     342,     1.3,     2.6,     4.3,     8.4,     73.9,     1009,     287.14,     253.4,     87.8,     -177.8
31,     23.09.2014 05:11:16,     -5.25,     -2.01,     341,     1.3,     2.1,     3,     8.2,     76.3,     1009,     287.14,     253.4,     87.8,     -177.9,     12.359,     7.91,     74.0
32,     23.09.2014 05:21:16,     -6.3,     -2.01,     341,     0.7,     1.9,     2.9,     8.1,     76.3,     1009.2,     287.14,     253.5,     87.9,     -177.9
33,     23.09.2014 05:31:16,     -5.25,     0,     340,     0.9,     1.9,     3.4,     8.2,     75.4,     1009.3,     287.14,     253.5,     87.9,     -177.9
34,     23.09.2014 05:41:16,     -5.25,     -2.01,     337,     1.1,     1.9,     2.6,     8.1,     74.9,     1009.4,     287.14,     253.4,     88,     -178
35,     23.09.2014 05:51:16,     0,     4.02,     332,     1.6,     2.2,     3.3,     7.7,     75.6,     1009.5,     287.14,     253.5,     87.8,     -177.9
36,     23.09.2014 06:01:16,     1.05,     12.06,     335,     1.2,     2.1,     2.9,     7.5,     76.3,     1009.5,     287.14,     253.4,     87.9,     -178
37,     23.09.2014 06:11:16,     6.3,     26.13,     344,     1.3,     2.2,     3.3,     7.7,     77.4,     1009.6,     287.14,     253.4,     88,     -178,     12.385,     7.05,     74.3
38,     23.09.2014 06:21:16,     11.55,     40.2,     349,     1.2,     1.9,     2.6,     7.5,     75,     1009.7,     287.14,     253.3,     87.9,     -177.9
39,     23.09.2014 06:31:16,     17.85,     56.28,     350,     1,     1.9,     2.6,     7.6,     76.5,     1009.8,     287.14,     253.2,     88,     -178
40,     23.09.2014 06:41:16,     61.95,     112.56,     339,     0.9,     1.7,     2.3,     7.8,     76.5,     1010,     287.14,     253.6,     87.9,     -177.8
41,     23.09.2014 06:51:16,     87.15,     158.79,     346,     1,     1.8,     2.5,     7.9,     74.8,     1010.1,     287.14,     253.7,     87.9,     -177.9
42,     23.09.2014 07:01:16,     112.35,     209.04,     349,     1.1,     1.9,     2.7,     8.2,     72.6,     1010.2,     287.14,     253.6,     87.8,     -177.8
43,     23.09.2014 07:11:16,     158.55,     285.42,     354,     1,     2,     2.9,     8.5,     73.8,     1010.2,     287.14,     253.7,     88,     -177.9,     14.498,     9.51,     76.1
44,     23.09.2014 07:21:16,     195.3,     365.82,     6,     0.6,     2.5,     4,     9,     70.7,     1010.4,     287.14,     253.9,     87.9,     -177.9
45,     23.09.2014 07:31:16,     118.65,     235.17,     7,     1.6,     3,     4.4,     9.2,     68,     1010.5,     287.14,     253.3,     88,     -178
46,     23.09.2014 07:41:16,     291.9,     532.65,     8,     2,     3.2,     4.5,     9.3,     67.5,     1010.5,     287.14,     253.6,     87.4,     -177.4
47,     23.09.2014 07:51:16,     113.4,     239.19,     6,     1.4,     2.7,     4.7,     9.4,     70.2,     1010.6,     287.14,     253.9,     87.7,     -177.7
48,     23.09.2014 08:01:16,     295.05,     500.49,     356,     1.1,     2.3,     3.4,     9.4,     67.5,     1010.7,     287.14,     253.6,     87.9,     -177.9
49,     23.09.2014 08:11:16,     312.9,     504.51,     8,     1.1,     2.4,     3.9,     9.5,     67.6,     1010.8,     287.14,     253.9,     88,     -178.1,     13.595,     13.79,     73.8
50,     23.09.2014 08:21:16,     300.3,     590.94,     354,     0.8,     2.3,     3.5,     9.6,     68.4,     1010.9,     287.14,     253.7,     87.9,     -177.9
51,     23.09.2014 08:31:16,     279.3,     490.44,     8,     0.9,     2.3,     3.7,     9.8,     66.9,     1010.9,     287.14,     253.8,     88,     -178
52,     23.09.2014 08:41:16,     214.2,     426.12,     344,     1.1,     2.3,     3.6,     9.8,     67.7,     1011,     287.14,     254.3,     87.8,     -177.9
53,     23.09.2014 08:51:16,     547.05,     1007.01,     357,     0.3,     2,     3.3,     10,     65.1,     1010.9,     287.14,     253.9,     88.1,     -178.1
54,     23.09.2014 09:01:16,     210,     422.1,     345,     0.7,     1.8,     3.4,     10.3,     66.7,     1011,     287.14,     253.7,     87.9,     -177.9
55,     23.09.2014 09:11:22,     364.35,     876.36,     357,     1.1,     2.4,     3.4,     10.3,     66,     1011.1,     287.14,     253.6,     88,     -178,     13.404,     15.05,     72.8
56,     23.09.2014 09:21:22,     476.7,     882.39,     9,     1.4,     2.7,     5.3,     10.6,     63.4,     1011.3,     287.14,     253.8,     87.9,     -177.9
57,     23.09.2014 09:31:22,     195.3,     395.97,     15,     1.5,     3.3,     5.6,     11,     61.5,     1011.3,     287.14,     73.7,     87.9,     -2
58,     23.09.2014 09:41:22,     513.45,     956.76,     20,     2.2,     4.1,     6.5,     11.2,     61.3,     1011.3,     287.14,     73.9,     87.2,     -2.7
59,     23.09.2014 09:51:22,     480.9,     894.45,     36,     2.4,     4.5,     6.6,     11.2,     61,     1011.3,     287.14,     73.1,     87.8,     -2.1
60,     23.09.2014 10:01:22,     517.65,     972.84,     42,     1.7,     3.4,     5.4,     11.3,     59.2,     1011.1,     287.14,     253.2,     88.1,     -178.1
61,     23.09.2014 10:11:16,     559.65,     1067.31,     14,     1.4,     4.2,     7,     11.3,     62.6,     1011.2,     287.14,     252.6,     88.6,     -178.7,     13.546,     15.66,     72.0
62,     23.09.2014 10:21:16,     614.25,     1153.74,     29,     1.8,     4.3,     6.3,     11.4,     59.5,     1011.2,     287.14,     253.1,     87.9,     -178
63,     23.09.2014 10:31:16,     259.35,     522.6,     6,     2,     4.5,     7.3,     11.5,     59.7,     1011.2,     287.14,     253.7,     87.5,     -177.5
64,     23.09.2014 10:41:16,     701.4,     1294.44,     30,     1.1,     4,     6.3,     11.7,     59.4,     1011.5,     287.14,     73.5,     88.1,     -1.8
65,     23.09.2014 10:51:16,     197.4,     397.98,     23,     1.1,     3.5,     6.1,     11.6,     58.6,     1011.6,     287.14,     253.4,     88.7,     -178.7
66,     23.09.2014 11:01:16,     212.1,     428.13,     25,     2,     3.7,     6.2,     11.7,     59.4,     1011.6,     287.14,     253.1,     88,     -178
67,     23.09.2014 11:11:16,     218.4,     442.2,     28,     1.9,     4.5,     7.3,     11.9,     60.5,     1011.7,     287.14,     253.4,     88.1,     -178.2,     13.491,     15.73,     71.9
68,     23.09.2014 11:21:16,     663.6,     1248.21,     6,     2.4,     4.6,     7.2,     12,     57.2,     1011.6,     287.14,     253.3,     88,     -177.9
69,     23.09.2014 11:31:16,     217.35,     440.19,     24,     2.5,     4.4,     8,     12.1,     57.3,     1011.6,     287.14,     73.9,     88.2,     -1.5
70,     23.09.2014 11:41:16,     267.75,     552.75,     19,     2.4,     4.8,     8,     12.1,     58.7,     1011.8,     287.14,     252.5,     88.8,     -178.8
71,     23.09.2014 11:51:16,     182.7,     377.88,     22,     1.5,     4,     7.3,     12,     57.9,     1011.6,     287.14,     253.5,     88.6,     -178.6
72,     23.09.2014 12:01:16,     290.85,     596.97,     9,     1.6,     3,     4.5,     12.2,     55.2,     1011.6,     287.14,     253.5,     87.9,     -178
73,     23.09.2014 12:11:16,     199.5,     399.99,     6,     1,     3.1,     5.4,     12.3,     55.3,     1011.5,     287.14,     253.2,     88.1,     -178.1,     13.428,     15.59,     72.1
74,     23.09.2014 12:21:16,     196.35,     408.03,     354,     1.4,     3.1,     4.9,     12.4,     60.9,     1011.5,     287.14,     253.8,     87.8,     -177.8
75,     23.09.2014 12:31:16,     283.5,     488.43,     19,     1.1,     2.6,     4.2,     12.3,     57,     1011.4,     287.14,     253.3,     87.7,     -177.7
76,     23.09.2014 12:41:16,     183.75,     381.9,     13,     1.5,     2.9,     4.5,     12.5,     56.5,     1011.4,     287.14,     253.7,     87.8,     -177.9
77,     23.09.2014 12:51:16,     215.25,     450.24,     6,     1.2,     3.1,     5.5,     12.8,     56.2,     1011.3,     287.14,     253.9,     87.8,     -177.7
78,     23.09.2014 13:01:16,     145.95,     303.51,     11,     1.9,     3.5,     5.4,     12.7,     54.9,     1011.4,     287.14,     253.5,     87.8,     -177.8
79,     23.09.2014 13:11:16,     633.15,     1185.9,     11,     0.5,     2.2,     4.2,     12.7,     55.8,     1011.3,     287.14,     253.8,     88.2,     -178.1,     13.275,     15.82,     71.9
80,     23.09.2014 13:21:16,     366.45,     1015.05,     8,     0.5,     2.7,     6,     12.8,     54.9,     1011.3,     287.14,     253.5,     87.9,     -177.9
81,     23.09.2014 13:31:16,     132.3,     289.44,     8,     0.9,     2.7,     4.6,     12.9,     52.6,     1011.3,     287.14,     253.7,     88.1,     -178.1
82,     23.09.2014 13:41:16,     360.15,     715.56,     13,     0.6,     2.1,     4.1,     13,     52.7,     1011.2,     287.14,     253.3,     87.9,     -177.8
83,     23.09.2014 13:51:16,     529.2,     808.02,     26,     2.2,     3.5,     5.6,     13.1,     53.4,     1011.1,     287.14,     253.6,     87.6,     -177.6
84,     23.09.2014 14:01:16,     186.9,     383.91,     43,     0.8,     2.3,     4.6,     13.1,     58,     1011.1,     287.14,     253.3,     87.8,     -177.8
85,     23.09.2014 14:11:16,     320.25,     659.28,     24,     1.2,     3.1,     5.3,     13.4,     55.2,     1011,     287.14,     73.9,     88,     -1.9,     13.461,     15.95,     71.9
86,     23.09.2014 14:21:16,     126,     261.3,     33,     1.9,     3.4,     5.1,     13.3,     55.6,     1011,     287.14,     253.3,     88.1,     -178
87,     23.09.2014 14:31:16,     122.85,     257.28,     29,     1.5,     2.9,     4.4,     13.4,     53.5,     1010.9,     287.14,     252.8,     87.7,     -177.7
88,     23.09.2014 14:41:16,     121.8,     259.29,     20,     2,     3.1,     4.7,     13.4,     58.1,     1010.9,     287.14,     253.6,     87.8,     -177.8
89,     23.09.2014 14:51:16,     426.3,     785.91,     21,     1.3,     2.4,     3.6,     13.4,     54.6,     1010.8,     287.14,     253.5,     88,     -178
90,     23.09.2014 15:01:16,     427.35,     799.98,     355,     0.7,     1.6,     2.7,     13.9,     52.5,     1010.7,     287.14,     73.9,     87.9,     -2
91,     23.09.2014 15:11:16,     433.65,     806.01,     332,     0.2,     2,     4.2,     14.3,     49.9,     1010.6,     287.14,     253.3,     87.9,     -177.9,     13.557,     16.63,     71.7
92,     23.09.2014 15:21:16,     362.25,     667.32,     31,     0.5,     2.3,     3.9,     14,     52.3,     1010.5,     287.14,     73.7,     87.9,     -2
93,     23.09.2014 15:31:16,     312.9,     556.77,     14,     0.5,     2.8,     4.4,     13.9,     52.7,     1010.5,     287.14,     73.8,     87.9,     -2
94,     23.09.2014 15:41:16,     290.85,     518.58,     6,     0.7,     2,     3.6,     14,     52.2,     1010.4,     287.14,     73.9,     88.1,     -1.8
95,     23.09.2014 15:51:16,     282.45,     516.57,     351,     0.4,     1.8,     3.5,     14.3,     51,     1010.3,     287.14,     73.8,     88,     -1.9
96,     23.09.2014 16:01:16,     260.4,     468.33,     357,     1.3,     2.3,     3.8,     14.3,     49.8,     1010.2,     287.14,     74,     88,     -1.9
97,     23.09.2014 16:11:16,     231,     408.03,     334,     1.2,     2.7,     4.6,     14.4,     50.8,     1010.2,     287.14,     74.5,     87.9,     -2,     13.478,     17.95,     71.0
98,     23.09.2014 16:21:16,     69.3,     166.83,     338,     0.9,     2.3,     3.7,     14.1,     56,     1010.2,     287.14,     73.8,     87.9,     -2
99,     23.09.2014 16:31:16,     71.4,     158.79,     10,     1.3,     2.2,     3.6,     13.9,     55.8,     1010.3,     287.14,     73.6,     87.9,     -1.9
100,     23.09.2014 16:41:16,     61.95,     146.73,     352,     1.1,     1.7,     2.6,     13.7,     56.9,     1010.3,     287.14,     73.8,     88,     -1.9
101,     23.09.2014 16:51:16,     130.2,     219.09,     350,     0.4,     1.2,     2.3,     13.7,     60.2,     1010.2,     287.14,     73.8,     88,     -1.9
102,     23.09.2014 17:01:16,     102.9,     176.88,     327,     0.1,     0.7,     1.2,     14.1,     56.6,     1010.2,     287.14,     73.9,     88,     -1.9
103,     23.09.2014 17:11:17,     81.9,     136.68,     312,     0.2,     1.1,     1.7,     14.1,     56.9,     1010.1,     287.14,     253.6,     87.9,     -177.9,     13.618,     16.31,     71.8
104,     23.09.2014 17:21:17,     60.9,     102.51,     351,     0.4,     1.3,     2,     13.8,     58.1,     1010.1,     287.14,     253.6,     88,     -178
105,     23.09.2014 17:31:17,     36.75,     68.34,     349,     0.3,     1,     1.5,     13.7,     60.4,     1010.1,     287.14,     73.8,     88,     -1.9
106,     23.09.2014 17:41:17,     9.45,     42.21,     314,     0.3,     0.7,     1.2,     13.7,     61,     1010.1,     287.14,     253.5,     87.9,     -177.9
107,     23.09.2014 17:51:17,     4.2,     26.13,     255,     0.1,     0.7,     1.2,     13.4,     65.6,     1010,     287.14,     253.5,     88,     -178
108,     23.09.2014 18:01:17,     -1.05,     12.06,     167,     0.1,     0.8,     1.3,     12.8,     68.6,     1010,     287.14,     253.5,     88,     -178
109,     23.09.2014 18:11:16,     -4.2,     2.01,     186,     0.6,     1,     1.4,     12.3,     71,     1010,     287.14,     253.5,     88,     -178,     12.736,     14.27,     72.5
110,     23.09.2014 18:21:16,     -5.25,     0,     181,     0.4,     1.1,     1.4,     11.9,     74.3,     1010.1,     287.14,     253.4,     88,     -178
111,     23.09.2014 18:31:16,     -6.3,     -2.01,     149,     0.6,     1,     1.5,     11.4,     75.2,     1010.1,     287.14,     253.3,     88,     -178
112,     23.09.2014 18:41:16,     -6.3,     -2.01,     120,     0.3,     0.8,     1.2,     11,     77.3,     1010.1,     287.14,     253.4,     87.9,     -177.9
113,     23.09.2014 18:51:16,     -5.25,     -2.01,     146,     0.1,     0.7,     1.4,     10.9,     79.2,     1010.1,     287.14,     253.3,     87.9,     -177.9
114,     23.09.2014 19:01:16,     -6.3,     -2.01,     188,     0.7,     1.2,     1.7,     10.7,     81.8,     1010.1,     287.14,     253.4,     88,     -178
115,     23.09.2014 19:11:21,     -5.25,     -2.01,     192,     0.6,     1.1,     1.5,     10.5,     80.8,     1010,     287.14,     253.5,     88,     -178,     12.660,     11.01,     73.8
116,     23.09.2014 19:21:21,     -4.2,     -2.01,     212,     0.6,     1,     1.5,     10.5,     80.1,     1010.1,     287.14,     253.4,     87.9,     -177.9
117,     23.09.2014 19:31:21,     -4.2,     0,     196,     0.6,     1.2,     1.7,     10.2,     82.1,     1010.2,     287.14,     253.4,     88,     -178
118,     23.09.2014 19:41:21,     -2.1,     -2.01,     211,     0,     0.9,     1.6,     9.9,     83.6,     1010.2,     287.14,     253.4,     87.9,     -177.9
119,     23.09.2014 19:51:21,     -1.05,     -2.01,     203,     0,     1.1,     1.6,     9.8,     81.7,     1010.2,     287.14,     253.3,     87.9,     -177.9
120,     23.09.2014 20:01:21,     -2.1,     -2.01,     212,     0.9,     1.3,     1.8,     9.8,     81.9,     1010,     287.14,     253.3,     88,     -178
121,     23.09.2014 20:11:16,     -3.15,     -2.01,     189,     0.7,     1.4,     2,     9.9,     82.1,     1010,     287.14,     253.4,     88,     -178,     12.630,     9.97,     74.1
122,     23.09.2014 20:21:16,     -1.05,     0,     207,     1.3,     1.7,     2.2,     9.9,     82.6,     1009.8,     287.14,     253.4,     87.9,     -177.9
123,     23.09.2014 20:31:16,     -1.05,     0,     197,     0.8,     1.6,     2.3,     9.9,     84.3,     1009.8,     287.14,     253.3,     87.9,     -177.9
124,     23.09.2014 20:41:16,     -1.05,     0,     168,     0.1,     0.9,     1.6,     10.2,     84.2,     1009.8,     287.14,     253.4,     88,     -178
125,     23.09.2014 20:51:16,     -1.05,     -2.01,     182,     0.1,     1.6,     2.5,     10.4,     83,     1009.6,     287.14,     253.6,     87.9,     -177.9
126,     23.09.2014 21:01:16,     -3.15,     -2.01,     193,     0.5,     1.4,     2.4,     10.5,     82,     1009.6,     287.14,     253.4,     88,     -178
127,     23.09.2014 21:11:16,     -4.2,     -2.01,     184,     0.6,     1.2,     1.8,     10.4,     82.3,     1009.6,     287.14,     253.4,     87.9,     -177.9,     12.586,     10.43,     73.8
128,     23.09.2014 21:21:16,     -3.15,     -2.01,     192,     0.6,     1.3,     1.9,     10.5,     82.1,     1009.5,     287.14,     253.4,     88,     -178
129,     23.09.2014 21:31:16,     -3.15,     -2.01,     187,     1,     1.5,     2.1,     10.6,     81.7,     1009.5,     287.14,     253.4,     88,     -178
130,     23.09.2014 21:41:16,     -2.1,     0,     192,     1,     1.7,     2.3,     10.7,     80.9,     1009.5,     287.14,     253.4,     88,     -178
131,     23.09.2014 21:51:16,     -2.1,     -2.01,     194,     1,     1.6,     2.1,     10.7,     79.9,     1009.5,     287.14,     253.5,     88,     -178
132,     23.09.2014 22:01:16,     -2.1,     -2.01,     210,     0.9,     1.6,     2.4,     10.7,     80.5,     1009.4,     287.14,     253.5,     88,     -178
133,     23.09.2014 22:11:21,     -3.15,     -2.01,     217,     0.1,     1.1,     2.1,     10.8,     76.3,     1009.4,     287.14,     253.4,     87.9,     -177.9,     12.577,     10.70,     73.6
134,     23.09.2014 22:21:21,     -3.15,     -2.01,     232,     0.4,     1.3,     2.4,     11.2,     76,     1009.3,     287.14,     253.5,     88,     -178
135,     23.09.2014 22:31:21,     -2.1,     0,     211,     1.3,     2.2,     3.3,     11.2,     74,     1009.1,     287.14,     253.5,     88,     -177.9
136,     23.09.2014 22:41:21,     -3.15,     -2.01,     212,     1.3,     2.3,     3.7,     11.3,     73.5,     1009,     287.14,     253.8,     87.9,     -177.9
137,     23.09.2014 22:51:21,     -5.25,     -2.01,     231,     1,     2.1,     3.3,     11.3,     71,     1008.9,     287.14,     253.7,     88,     -178
138,     23.09.2014 23:01:21,     -6.3,     -2.01,     215,     1,     1.8,     2.9,     11.1,     74.5,     1008.8,     287.14,     253.6,     88,     -178
139,     23.09.2014 23:11:17,     -5.25,     -2.01,     203,     0.9,     1.6,     2.5,     10.9,     73.8,     1008.7,     287.14,     253.5,     88,     -178,     12.556,     10.72,     73.6
140,     23.09.2014 23:21:17,     -6.3,     -2.01,     208,     0.5,     1.4,     2.3,     10.7,     75,     1008.7,     287.14,     253.3,     88,     -178
141,     23.09.2014 23:31:17,     -4.2,     -2.01,     200,     0.7,     1.5,     2.2,     10.5,     74.3,     1008.7,     287.14,     253.6,     87.9,     -177.9
142,     23.09.2014 23:41:17,     -5.25,     -2.01,     199,     1.1,     1.7,     2.3,     10.5,     75.4,     1008.6,     287.14,     253.4,     88,     -178
143,     23.09.2014 23:51:17,     -4.2,     0,     198,     0.7,     1.7,     2.9,     10.3,     75.5,     1008.6,     287.14,     253.4,     88,     -178
144,     24.09.2014 00:01:27,     -2.1,     -2.01,     228,     0.1,     1,     1.8,     10.4,     77.5,     1008.6,     287.14,     253.4,     88,     -178,     12.471,     10.10,     73.8
(GSM ERROR Connect GPRS: No APN / Signal:17 / 24.09.2014 00:01:28)