Logger: #D10248 'TSK_Meteo' - USP_EXP2 (V2.10, Jan 24 2012)
No,     Time,     #1:W/m²:0,     #2:ÂµMol:(do.),     #5:deg:2,     #6:m/sMIN:(do.),     #7:m/sMIT:(do.),     #8:m/sMAX:(do.),     #9:Â°C:(do.),     #10:%:(do.),     #11:hPa:(do.),     #12:mm:(do.),     #14:AZ:3,     #15:EL:(do.),     #16:Roll:(do.),     #HK-Bat:V,     #HK-Temp:oC,     #HK-rH:%
(GSM Transfer OK / Signal:14)
1,     07.07.2014 00:11:16,     -4.2,     -4.02,     162,     0.2,     1.6,     3.3,     21.5,     71.9,     1002.9,     108.67,     255.1,     87.8,     -177.8,     12.544,     21.19,     67.1
2,     07.07.2014 00:21:16,     -3.15,     -2.01,     176,     1.1,     2.2,     3.5,     21.5,     71.7,     1002.9,     108.67,     255.1,     88,     -178
3,     07.07.2014 00:31:16,     -4.2,     -2.01,     194,     0.1,     1,     2.7,     21.2,     75.1,     1003,     108.67,     255.2,     87.9,     -177.9
4,     07.07.2014 00:41:16,     -4.2,     -2.01,     214,     0.1,     0.8,     1.5,     21,     74.6,     1003.1,     108.67,     255.1,     87.9,     -177.9
5,     07.07.2014 00:51:16,     -3.15,     0,     195,     0.1,     0.8,     1.5,     20.9,     75.9,     1003.1,     108.67,     255.2,     88,     -178
6,     07.07.2014 01:01:16,     -3.15,     -2.01,     207,     0.3,     0.6,     1.1,     20.8,     75.5,     1003.1,     108.67,     255.2,     88,     -178
7,     07.07.2014 01:11:22,     -3.15,     -2.01,     186,     0,     0.6,     1.1,     20.7,     77.2,     1003.1,     108.67,     255.3,     87.9,     -177.9,     12.569,     20.57,     68.2
8,     07.07.2014 01:21:22,     -3.15,     0,     206,     0,     0.4,     1.3,     20.8,     75.2,     1003.1,     108.67,     255.1,     87.9,     -177.9
9,     07.07.2014 01:31:22,     -3.15,     -2.01,     203,     0.3,     0.7,     1.4,     21.1,     74.4,     1003.1,     108.67,     255.2,     87.9,     -177.9
10,     07.07.2014 01:41:22,     -4.2,     -2.01,     187,     0.2,     0.9,     2,     21.1,     73.2,     1002.9,     108.67,     255.1,     88,     -178
11,     07.07.2014 01:51:22,     -4.2,     -2.01,     184,     0.3,     1.1,     2.4,     21.5,     71.2,     1002.9,     108.67,     255.2,     87.9,     -177.9
12,     07.07.2014 02:01:22,     -4.2,     -2.01,     183,     0.2,     1,     2.1,     21.6,     70.9,     1002.9,     108.67,     255.1,     88,     -178
13,     07.07.2014 02:11:16,     -4.2,     -2.01,     187,     0.5,     1.2,     2,     21.6,     71.6,     1002.9,     108.67,     255.2,     87.9,     -177.9,     12.531,     20.33,     68.3
14,     07.07.2014 02:21:16,     -4.2,     -2.01,     185,     0.5,     1.4,     2.6,     21.6,     69.6,     1002.9,     108.67,     255.2,     87.9,     -177.9
15,     07.07.2014 02:31:16,     -4.2,     -2.01,     171,     0.4,     1.5,     3.1,     21.5,     70.1,     1002.8,     108.67,     255.1,     87.9,     -177.8
16,     07.07.2014 02:41:16,     -4.2,     0,     173,     0.6,     1.6,     2.8,     21.5,     69.9,     1002.8,     108.67,     255.1,     88,     -178
17,     07.07.2014 02:51:16,     -4.2,     -2.01,     171,     0.8,     1.7,     3.3,     21.4,     69.4,     1002.8,     108.67,     255.2,     88,     -178
18,     07.07.2014 03:01:16,     -4.2,     -2.01,     182,     0.6,     1.3,     2.3,     21.1,     72.3,     1002.9,     108.67,     255.1,     87.8,     -177.8
19,     07.07.2014 03:11:16,     -3.15,     -2.01,     169,     0.6,     2.1,     3.4,     20.9,     72.5,     1002.8,     108.67,     255.1,     88,     -178,     12.518,     20.47,     68.2
20,     07.07.2014 03:21:16,     -3.15,     -2.01,     170,     0.6,     1.5,     2.4,     20.8,     74.4,     1002.8,     108.67,     255.2,     87.9,     -177.9
21,     07.07.2014 03:31:16,     -2.1,     2.01,     185,     0.5,     1.1,     1.9,     20.4,     74.1,     1002.8,     108.67,     255.2,     87.9,     -177.9
22,     07.07.2014 03:41:16,     -1.05,     2.01,     183,     0.6,     1.3,     2.2,     20.4,     74.3,     1002.8,     108.67,     255.2,     87.9,     -177.9
23,     07.07.2014 03:51:16,     0,     4.02,     169,     0.8,     1.5,     2.8,     20.6,     74.2,     1002.8,     108.67,     255.2,     87.9,     -177.9
24,     07.07.2014 04:01:16,     2.1,     6.03,     204,     0.5,     1.6,     6.9,     20.7,     74.4,     1003.3,     108.67,     256.1,     88,     -178
25,     07.07.2014 04:11:16,     2.1,     6.03,     222,     1,     4,     9.2,     22.1,     69.6,     1003.2,     108.67,     255.3,     87.8,     -177.8,     12.482,     20.37,     68.3
26,     07.07.2014 04:21:16,     5.25,     18.09,     207,     0.3,     1.7,     3.5,     21.9,     69.5,     1003.4,     108.67,     255.2,     88,     -178
27,     07.07.2014 04:31:16,     10.5,     30.15,     220,     0.4,     1.3,     2.1,     21.7,     70.8,     1003.5,     108.67,     255.2,     88,     -178
28,     07.07.2014 04:41:16,     36.75,     78.39,     182,     0.3,     1.4,     2.2,     21.5,     70.9,     1003.7,     108.67,     255.3,     88,     -178
29,     07.07.2014 04:51:16,     32.55,     78.39,     194,     0.4,     0.9,     1.5,     21.3,     71.9,     1003.7,     108.67,     255.3,     87.9,     -177.9
30,     07.07.2014 05:01:16,     79.8,     124.62,     241,     0.1,     1.1,     2.2,     21.3,     71.4,     1003.9,     108.67,     255.3,     87.9,     -177.9
31,     07.07.2014 05:11:16,     46.2,     110.55,     208,     0.8,     1.6,     2.7,     21.3,     72.4,     1004,     108.67,     255.3,     87.9,     -177.9,     12.696,     21.52,     68.3
32,     07.07.2014 05:21:16,     95.55,     186.93,     235,     0.5,     1.5,     2.7,     21.3,     72,     1004.1,     108.67,     255.3,     87.9,     -177.9
33,     07.07.2014 05:31:16,     153.3,     279.39,     226,     0.8,     1.4,     2,     21.5,     71.3,     1004.4,     108.67,     255.6,     87.9,     -177.9
34,     07.07.2014 05:41:16,     166.95,     311.55,     236,     1,     1.8,     2.6,     21.6,     71.4,     1004.4,     108.67,     255.8,     87.9,     -177.9
35,     07.07.2014 05:51:16,     190.05,     361.8,     257,     1,     2.5,     4.6,     22,     69.2,     1004.4,     108.67,     255.9,     88,     -178
36,     07.07.2014 06:01:16,     208.95,     397.98,     284,     1,     2.8,     5.2,     22.2,     68.2,     1004.6,     108.67,     256.2,     87.9,     -177.9
37,     07.07.2014 06:11:17,     228.9,     436.17,     310,     0,     2.6,     5.5,     22.2,     67.5,     1004.8,     108.67,     255.8,     87.9,     -177.8,     14.254,     26.83,     68.0
38,     07.07.2014 06:21:17,     258.3,     494.46,     319,     0.7,     2.5,     4.9,     22.2,     66.5,     1005,     108.67,     255.8,     88,     -178
39,     07.07.2014 06:31:17,     278.25,     536.67,     334,     0.6,     2.4,     5.3,     22.3,     66.4,     1005,     108.67,     255.7,     88,     -178
40,     07.07.2014 06:41:17,     291.9,     560.79,     341,     1,     2.6,     5,     22.3,     67.1,     1005.2,     108.67,     255.5,     87.9,     -177.8
41,     07.07.2014 06:51:17,     322.35,     613.05,     345,     2,     3.7,     6.4,     22.3,     66.6,     1005.4,     108.67,     255.5,     88.2,     -178.3
42,     07.07.2014 07:01:17,     350.7,     677.37,     353,     1.7,     3.5,     6.1,     22.3,     67.6,     1005.5,     108.67,     75.9,     88.6,     -1.3
43,     07.07.2014 07:11:17,     385.35,     745.71,     343,     2.1,     4.2,     7,     22.2,     67.2,     1005.6,     108.67,     76.1,     87.6,     -2.3,     13.218,     30.51,     67.3
44,     07.07.2014 07:21:17,     416.85,     808.02,     347,     2.4,     4.7,     7.3,     22.2,     67.8,     1005.8,     108.67,     255.6,     88,     -178
45,     07.07.2014 07:31:17,     492.45,     950.73,     350,     3.1,     5.1,     8.4,     22.2,     67.6,     1005.7,     108.67,     75.7,     88.3,     -1.6
46,     07.07.2014 07:41:17,     160.65,     359.79,     345,     2.7,     5,     8,     22.1,     69.6,     1005.9,     108.67,     76.2,     88,     -1.9
47,     07.07.2014 07:51:17,     486.15,     930.63,     339,     1.9,     4.3,     7.1,     22.1,     69.4,     1006.3,     108.67,     255.7,     87.5,     -177.5
48,     07.07.2014 08:01:17,     508.2,     984.9,     333,     2.5,     4.7,     7.4,     21.9,     69.9,     1006.5,     108.67,     256,     87.9,     -177.9
49,     07.07.2014 08:11:22,     410.55,     812.04,     338,     2.3,     4.4,     7.4,     22,     70.8,     1006.8,     108.67,     255.9,     87.8,     -177.8,     13.184,     30.03,     67.4
50,     07.07.2014 08:21:22,     280.35,     588.93,     334,     1.4,     4.3,     7.1,     21.8,     72.6,     1007,     108.67,     255.9,     87.9,     -177.9
51,     07.07.2014 08:31:22,     160.65,     347.73,     326,     1.5,     4.1,     6.4,     21.4,     73.1,     1007.2,     108.67,     255.7,     87.9,     -177.8
52,     07.07.2014 08:41:22,     341.25,     689.43,     329,     1.4,     3.6,     6.9,     21.3,     73.2,     1007.2,     108.67,     255.6,     87.5,     -177.5
53,     07.07.2014 08:51:22,     239.4,     504.51,     338,     1.7,     3.5,     5.8,     21.3,     72,     1007.3,     108.67,     255.5,     88.1,     -178
54,     07.07.2014 09:01:22,     181.65,     373.86,     316,     0.5,     3.3,     6.4,     21.4,     73,     1007.6,     108.67,     255.6,     87.8,     -177.8
55,     07.07.2014 09:11:21,     241.5,     520.59,     321,     1.1,     3.6,     6.3,     21.1,     73.8,     1007.6,     108.67,     255.8,     88,     -178,     13.322,     26.69,     67.4
56,     07.07.2014 09:21:21,     378,     808.02,     325,     1.6,     3.4,     5.4,     21.2,     73,     1007.8,     108.67,     255.7,     88.1,     -178.1
57,     07.07.2014 09:31:21,     171.15,     357.78,     323,     1.6,     3.3,     5.7,     21.3,     72.4,     1008,     108.67,     255.6,     87.9,     -177.9
58,     07.07.2014 09:41:21,     159.6,     353.76,     316,     1.5,     3.3,     6,     21.2,     73.2,     1008.1,     108.67,     255.6,     87.9,     -177.9
59,     07.07.2014 09:51:21,     243.6,     528.63,     325,     0.6,     3.4,     6.2,     21.1,     73.1,     1008.2,     108.67,     255.5,     87.7,     -177.7
60,     07.07.2014 10:01:21,     182.7,     381.9,     329,     1.5,     3.4,     5.7,     21.2,     73.8,     1008.4,     108.67,     255.3,     87.8,     -177.8
61,     07.07.2014 10:11:16,     144.9,     307.53,     326,     1.2,     3,     5.6,     21,     74.4,     1008.5,     108.67,     255.5,     88,     -178,     13.408,     24.88,     67.7
62,     07.07.2014 10:21:16,     194.25,     412.05,     329,     0.6,     2.5,     4.6,     20.9,     73.4,     1008.6,     108.67,     255.5,     88,     -177.9
63,     07.07.2014 10:31:16,     322.35,     661.29,     342,     1.8,     3.7,     7.3,     20.9,     74.2,     1008.7,     108.67,     255.5,     88,     -177.9
64,     07.07.2014 10:41:16,     187.95,     418.08,     357,     3.6,     5.7,     8.7,     20.3,     76.2,     1008.9,     108.67,     76,     86,     -3.9
65,     07.07.2014 10:51:16,     243.6,     530.64,     3,     2.9,     5.4,     8,     20,     75,     1009,     108.67,     76.1,     87.8,     -2
66,     07.07.2014 11:01:16,     287.7,     598.98,     343,     2.7,     5.1,     8.5,     19.9,     73.3,     1009,     108.67,     255.7,     87.8,     -177.9
67,     07.07.2014 11:11:17,     411.6,     852.24,     343,     2.1,     4.4,     7.7,     19.9,     71.4,     1009.1,     108.67,     255.5,     87.7,     -177.7,     13.209,     23.84,     67.9
68,     07.07.2014 11:21:17,     438.9,     896.46,     3,     2.7,     5.5,     8.4,     19.8,     73.1,     1009.2,     108.67,     75.8,     87.7,     -2.2
69,     07.07.2014 11:31:17,     411.6,     846.21,     0,     2.8,     5.3,     7.9,     19.8,     73.7,     1009.2,     108.67,     255.3,     88.7,     -178.7
70,     07.07.2014 11:41:17,     446.25,     914.55,     1,     3.1,     5.5,     8.7,     19.7,     70,     1009.3,     108.67,     76,     87.9,     -2
71,     07.07.2014 11:51:17,     352.8,     725.61,     351,     2.8,     5,     8.2,     19.8,     68.6,     1009.3,     108.67,     255.5,     87.6,     -177.6
72,     07.07.2014 12:01:17,     614.25,     1254.24,     3,     3.6,     5.8,     8.7,     19.8,     67.9,     1009.3,     108.67,     75.6,     87.5,     -2.4
73,     07.07.2014 12:11:16,     463.05,     952.74,     8,     2.4,     5.6,     8.4,     20,     69.4,     1009.3,     108.67,     75.9,     87.6,     -2.3,     13.173,     24.11,     67.7
74,     07.07.2014 12:21:16,     455.7,     934.65,     15,     2.5,     4.6,     7.9,     20.2,     67.1,     1009.4,     108.67,     255.5,     88.3,     -178.2
75,     07.07.2014 12:31:16,     483,     990.93,     0,     1.7,     4.1,     7.1,     20.5,     64.6,     1009.5,     108.67,     75.6,     88,     -1.9
76,     07.07.2014 12:41:16,     542.85,     1111.53,     8,     2.3,     4.1,     6.7,     20.7,     63.7,     1009.5,     108.67,     75.4,     89,     -0.9
77,     07.07.2014 12:51:16,     307.65,     633.15,     0,     1.5,     3.7,     6.3,     20.8,     64,     1009.6,     108.67,     75.5,     88.2,     -1.7
78,     07.07.2014 13:01:16,     214.2,     452.25,     353,     1.9,     3.7,     5.7,     20.8,     63.6,     1009.7,     108.67,     255.5,     88.1,     -178.1
79,     07.07.2014 13:11:16,     200.55,     428.13,     355,     2.5,     3.8,     6.3,     20.6,     66.2,     1009.8,     108.67,     255.7,     87.4,     -177.4,     13.311,     24.94,     67.3
80,     07.07.2014 13:21:16,     217.35,     466.32,     344,     1.9,     3.3,     5.7,     20.5,     66.3,     1009.9,     108.67,     255.6,     88.1,     -178.1
81,     07.07.2014 13:31:16,     233.1,     494.46,     343,     2,     3.7,     6.1,     20.4,     65.2,     1010.1,     108.67,     76,     88,     -1.9
82,     07.07.2014 13:41:16,     151.2,     323.61,     332,     1.3,     3.9,     7.5,     20.3,     64.7,     1010.1,     108.67,     76.2,     87.8,     -2.2
83,     07.07.2014 13:51:16,     163.8,     349.74,     341,     2.2,     3.7,     5.6,     20.3,     65.4,     1010.1,     108.67,     255.4,     88,     -178
84,     07.07.2014 14:01:16,     142.8,     307.53,     344,     1.8,     3.3,     5.1,     20.3,     66.9,     1010.1,     108.67,     255.6,     87.8,     -177.9
85,     07.07.2014 14:11:16,     138.6,     313.56,     344,     2,     3.5,     5.2,     20.2,     66.5,     1010,     108.67,     255.2,     87.9,     -177.9,     13.447,     23.69,     67.8
86,     07.07.2014 14:21:16,     150.15,     349.74,     347,     2.3,     3.8,     5.7,     20.2,     68.2,     1010,     108.67,     255.6,     88.2,     -178.2
87,     07.07.2014 14:31:16,     123.9,     305.52,     345,     1.6,     3.3,     5,     20,     68.2,     1010.1,     108.71,     255.4,     87.6,     -177.6
88,     07.07.2014 14:41:16,     108.15,     265.32,     351,     1.3,     3.1,     4.8,     19.7,     70.3,     1010,     108.72,     255.5,     87.6,     -177.6
89,     07.07.2014 14:51:16,     305.55,     681.39,     1,     1.5,     2.8,     4.4,     19.6,     73,     1009.9,     108.93,     255.3,     87.7,     -177.7
90,     07.07.2014 15:01:16,     283.5,     598.98,     2,     1.5,     2.5,     3.6,     19.6,     72.1,     1009.9,     109.01,     255.2,     87.9,     -177.9
91,     07.07.2014 15:11:16,     347.55,     723.6,     7,     1.1,     2.4,     4.7,     19.8,     69.3,     1009.9,     109.01,     255.3,     87.9,     -177.9,     13.381,     21.73,     68.6
92,     07.07.2014 15:21:16,     161.7,     339.69,     6,     1.4,     2.9,     5.1,     20,     66.7,     1009.9,     109.01,     255.3,     87.8,     -177.9
93,     07.07.2014 15:31:16,     270.9,     562.8,     29,     2.1,     3.6,     5.5,     20.1,     67.9,     1009.9,     109.01,     254.9,     87.7,     -177.7
94,     07.07.2014 15:41:16,     486.15,     986.91,     34,     2.7,     3.8,     5.3,     20.2,     65.2,     1009.7,     109.01,     255.2,     87.9,     -177.9
95,     07.07.2014 15:51:16,     393.75,     793.95,     28,     2.4,     3.7,     5.8,     20.4,     64.4,     1009.5,     109.01,     75.4,     87.9,     -2
96,     07.07.2014 16:01:16,     569.1,     1139.67,     31,     1.6,     3.6,     5.7,     20.6,     61.3,     1009.5,     109.01,     255.4,     88,     -178
97,     07.07.2014 16:11:17,     474.6,     940.68,     36,     1.9,     3.7,     7,     20.8,     61.9,     1009.4,     109.01,     75.3,     88.6,     -1.3,     13.305,     23.67,     67.2
98,     07.07.2014 16:21:17,     334.95,     683.4,     39,     1.6,     4,     6.9,     20.7,     62.8,     1009.4,     109.01,     255.2,     87.9,     -177.9
99,     07.07.2014 16:31:17,     277.2,     568.83,     49,     1.7,     3.8,     6.9,     20.7,     62.1,     1009.3,     109.01,     75.3,     87.4,     -2.5
100,     07.07.2014 16:41:17,     227.85,     482.4,     42,     1.9,     4.2,     7.5,     20.8,     61.5,     1009.3,     109.01,     75.3,     87.9,     -2
101,     07.07.2014 16:51:17,     478.8,     900.48,     43,     1.4,     3.3,     6.1,     20.8,     62.9,     1009.4,     109.01,     75.3,     88.2,     -1.6
102,     07.07.2014 17:01:17,     500.85,     942.69,     33,     2,     4.2,     6.3,     20.7,     63.7,     1009.3,     109.01,     75.4,     88.3,     -1.6
103,     07.07.2014 17:11:17,     439.95,     830.13,     24,     2.7,     4.7,     7.3,     20.6,     61.6,     1009.4,     109.01,     255.3,     87.3,     -177.3,     13.402,     24.76,     66.5
104,     07.07.2014 17:21:17,     400.05,     765.81,     41,     1.2,     4.1,     6.6,     20.7,     59.5,     1009.4,     109.01,     255.1,     88.3,     -178.3
105,     07.07.2014 17:31:17,     385.35,     723.6,     45,     1.4,     4,     6.6,     20.8,     57.4,     1009.4,     109.01,     75.6,     87.5,     -2.4
106,     07.07.2014 17:41:17,     396.9,     745.71,     18,     3.3,     5.1,     7.1,     20.9,     55,     1009.4,     109.01,     75.5,     88.3,     -1.6
107,     07.07.2014 17:51:17,     362.25,     675.36,     11,     3,     4.6,     6.4,     20.9,     57,     1009.5,     109.01,     75.8,     87.4,     -2.4
108,     07.07.2014 18:01:17,     313.95,     582.9,     23,     3,     4.9,     6.9,     20.9,     54.4,     1009.5,     109.01,     76,     86.6,     -3.3
109,     07.07.2014 18:11:16,     303.45,     552.75,     29,     2.7,     4.8,     6.9,     20.9,     53.7,     1009.5,     109.01,     75.6,     87.6,     -2.3,     13.472,     25.45,     66.2
110,     07.07.2014 18:21:16,     310.8,     560.79,     29,     2.5,     4,     6.1,     21,     58.4,     1009.5,     109.01,     75.5,     88.3,     -1.6
111,     07.07.2014 18:31:16,     275.1,     466.32,     30,     2.2,     4.1,     6.4,     21,     57.6,     1009.7,     109.01,     255.1,     88,     -178
112,     07.07.2014 18:41:16,     182.7,     323.61,     36,     3.4,     4.8,     6.3,     20.9,     55.7,     1009.5,     109.01,     75.6,     88,     -1.9
113,     07.07.2014 18:51:16,     79.8,     164.82,     41,     1.9,     3.4,     6,     20.7,     56.7,     1009.6,     109.01,     75.5,     87.7,     -2.3
114,     07.07.2014 19:01:16,     65.1,     128.64,     44,     1.3,     2.7,     4.4,     20.6,     59.5,     1009.5,     109.01,     255.1,     88.1,     -178.1
115,     07.07.2014 19:11:16,     42,     104.52,     44,     2.1,     3.1,     4.7,     20.4,     59.2,     1009.4,     109.01,     75.6,     87.7,     -2.1,     13.468,     24.48,     67.1
116,     07.07.2014 19:21:16,     87.15,     96.48,     47,     1.1,     2.8,     5,     20.2,     60.1,     1009.4,     109.01,     75.6,     87.7,     -2.2
117,     07.07.2014 19:31:16,     71.4,     86.43,     40,     1.8,     3.1,     4.7,     20.3,     60.3,     1009.5,     109.01,     75.4,     87.9,     -2
118,     07.07.2014 19:41:16,     58.8,     74.37,     40,     1.5,     2.6,     3.7,     20.2,     61.8,     1009.4,     109.01,     255.1,     88,     -178
119,     07.07.2014 19:51:16,     42,     64.32,     33,     2,     3.2,     4.6,     20.1,     62,     1009.4,     109.01,     255,     87.9,     -177.9
120,     07.07.2014 20:01:16,     16.8,     46.23,     42,     1.2,     2.8,     4,     19.8,     63,     1009.4,     109.01,     255.1,     87.9,     -177.9
121,     07.07.2014 20:11:16,     10.5,     30.15,     39,     1.3,     2.6,     3.8,     19.5,     64,     1009.3,     109.01,     255.2,     88.1,     -178.1,     12.845,     22.41,     67.8
122,     07.07.2014 20:21:16,     4.2,     20.1,     41,     0.9,     2.4,     3.7,     19.2,     66,     1009.3,     109.01,     255.1,     88,     -178
123,     07.07.2014 20:31:16,     0,     10.05,     24,     1.9,     2.7,     3.6,     19.2,     64,     1009.2,     109.01,     255.2,     88,     -178
124,     07.07.2014 20:41:16,     -1.05,     4.02,     24,     1.6,     2.7,     3.9,     19,     66.9,     1009.2,     109.01,     255.2,     88,     -178
125,     07.07.2014 20:51:16,     -3.15,     0,     5,     0.7,     1.7,     2.7,     18.7,     66.3,     1009.3,     109.01,     255.2,     87.9,     -177.9
126,     07.07.2014 21:01:16,     -5.25,     0,     56,     0.5,     2,     3.4,     18.3,     65.2,     1009.2,     109.01,     255,     88,     -178
127,     07.07.2014 21:11:16,     -5.25,     -2.01,     64,     0.8,     1.7,     2.5,     18,     67.5,     1009.2,     109.01,     255,     87.8,     -177.9,     12.681,     19.51,     68.8
128,     07.07.2014 21:21:16,     -5.25,     -2.01,     45,     1.1,     2.4,     3.9,     18,     72.4,     1009,     109.01,     254.9,     87.9,     -177.9
129,     07.07.2014 21:31:16,     -5.25,     0,     53,     0.9,     2.4,     3.8,     18,     69.7,     1009,     109.01,     255.1,     87.9,     -177.9
130,     07.07.2014 21:41:16,     -5.25,     0,     58,     0.8,     2.1,     3.5,     17.7,     70.5,     1008.8,     109.01,     255.1,     87.8,     -177.8
131,     07.07.2014 21:51:16,     -6.3,     -4.02,     78,     0.6,     1.3,     2.3,     17.3,     73.8,     1008.9,     109.01,     254.9,     87.8,     -177.9
132,     07.07.2014 22:01:16,     -4.2,     2.01,     82,     0.5,     1.2,     2.5,     16.9,     74.2,     1008.8,     109.01,     255.1,     87.9,     -177.9
133,     07.07.2014 22:11:16,     -4.2,     0,     72,     0.3,     1.1,     2,     16.8,     75.8,     1008.8,     109.01,     255.1,     88,     -178,     12.626,     17.57,     69.2
134,     07.07.2014 22:21:16,     -5.25,     0,     62,     0,     0.9,     1.9,     16.5,     77.2,     1008.7,     109.01,     255.1,     88,     -178
135,     07.07.2014 22:31:16,     -5.25,     -2.01,     61,     0.5,     1.3,     2.7,     16.6,     79,     1008.6,     109.01,     255.1,     88,     -178
136,     07.07.2014 22:41:16,     -4.2,     -2.01,     49,     1,     1.9,     3,     16.8,     79.7,     1008.5,     109.01,     255.1,     88,     -178
137,     07.07.2014 22:51:16,     -4.2,     -2.01,     68,     0.1,     1.2,     2.7,     16.6,     79.4,     1008.7,     109.01,     255.1,     87.8,     -177.9
138,     07.07.2014 23:01:16,     -4.2,     -2.01,     55,     0.2,     1.2,     2.1,     16.7,     79.6,     1008.4,     109.01,     255.1,     88,     -178
139,     07.07.2014 23:11:16,     -4.2,     -2.01,     47,     0.6,     1.7,     2.7,     16.5,     80.3,     1008.2,     109.01,     255,     88,     -178,     12.599,     16.33,     69.4
140,     07.07.2014 23:21:16,     -3.15,     -2.01,     49,     0.9,     1.7,     2.6,     16.4,     80.2,     1008.1,     109.01,     254.9,     87.9,     -177.8
141,     07.07.2014 23:31:16,     -4.2,     -4.02,     49,     0.3,     1.6,     3.3,     16.4,     80.7,     1008.2,     109.01,     255.1,     87.9,     -177.9
142,     07.07.2014 23:41:16,     -2.1,     -4.02,     46,     0.2,     1.1,     1.9,     16.5,     81.1,     1008.2,     109.01,     255,     87.9,     -177.9
143,     07.07.2014 23:51:16,     -3.15,     -2.01,     23,     0.4,     1.4,     2.1,     16.6,     81,     1008.2,     109.01,     255.1,     88,     -177.9
144,     08.07.2014 00:01:16,     -2.1,     0,     3,     0.9,     1.5,     2.1,     16.6,     81.5,     1007.9,     109.01,     255,     87.8,     -177.8,     12.399,     16.43,     69.3