Logger: #D10248 'TSK_Meteo' - USP_EXP2 (V2.10, Jan 24 2012)
No,     Time,     #1:W/m²:0,     #2:ÂµMol:(do.),     #5:deg:2,     #6:m/sMIN:(do.),     #7:m/sMIT:(do.),     #8:m/sMAX:(do.),     #9:Â°C:(do.),     #10:%:(do.),     #11:hPa:(do.),     #12:mm:(do.),     #14:AZ:3,     #15:EL:(do.),     #16:Roll:(do.),     #HK-Bat:V,     #HK-Temp:oC,     #HK-rH:%
(GSM Transfer OK / Signal:16)
1,     11.10.2014 00:11:17,     -2.1,     0,     204,     0.8,     1.2,     1.5,     11.4,     91.2,     1009.2,     305.86,     253.6,     88,     -178,     12.474,     11.97,     74.9
2,     11.10.2014 00:21:17,     -3.15,     -2.01,     211,     0.4,     1,     1.6,     11.7,     91.8,     1009.1,     305.86,     253.5,     88,     -178
3,     11.10.2014 00:31:17,     -4.2,     0,     206,     0.3,     0.8,     1.2,     11.5,     91.5,     1008.9,     305.86,     253.3,     88.1,     -178.1
4,     11.10.2014 00:41:17,     -5.25,     -2.01,     187,     0.5,     0.9,     1.3,     11.3,     91.4,     1008.9,     305.86,     253.4,     88.1,     -178.1
5,     11.10.2014 00:51:17,     -2.1,     -2.01,     218,     0.2,     0.6,     1,     11.3,     91.9,     1009.1,     305.86,     253.5,     88,     -178
6,     11.10.2014 01:01:17,     -2.1,     -2.01,     231,     0.1,     0.8,     1.3,     11.8,     92.4,     1009,     305.86,     253.4,     88,     -178
7,     11.10.2014 01:11:23,     -2.1,     -2.01,     157,     0,     0.5,     1,     11.8,     92.1,     1009,     305.86,     253.4,     87.9,     -178,     12.514,     11.43,     76.4
8,     11.10.2014 01:21:23,     -3.15,     -2.01,     206,     0.5,     0.8,     1.2,     11.6,     91.7,     1008.9,     305.86,     253.4,     88.1,     -178.1
9,     11.10.2014 01:31:23,     -3.15,     0,     200,     0.2,     0.5,     0.9,     11.7,     92,     1008.9,     305.86,     253.5,     88,     -178
10,     11.10.2014 01:41:23,     -2.1,     -2.01,     185,     0,     0.4,     0.7,     11.7,     92,     1008.8,     305.86,     253.5,     88,     -178
11,     11.10.2014 01:51:23,     -3.15,     0,     143,     0,     0.3,     0.7,     11.7,     92.2,     1008.8,     305.86,     253.5,     88,     -178
12,     11.10.2014 02:01:23,     -3.15,     2.01,     97,     0,     0.3,     0.5,     11.9,     92.5,     1008.7,     305.86,     253.4,     88,     -178
13,     11.10.2014 02:11:22,     -3.15,     -2.01,     218,     0,     0.6,     1.3,     12.1,     92.5,     1008.8,     305.86,     253.5,     88.1,     -178.1,     12.461,     11.52,     76.4
14,     11.10.2014 02:21:22,     -3.15,     -2.01,     231,     0.2,     0.9,     1.3,     11.8,     91.9,     1008.6,     305.86,     253.4,     88,     -178
15,     11.10.2014 02:31:22,     -3.15,     0,     156,     0.1,     0.6,     1.1,     11.7,     91.9,     1008.5,     305.86,     253.4,     88,     -178
16,     11.10.2014 02:41:22,     -2.1,     -2.01,     113,     0,     0.3,     0.6,     11.7,     92.2,     1008.6,     305.86,     253.5,     88,     -178
17,     11.10.2014 02:51:22,     -2.1,     0,     204,     0,     0.6,     1.3,     11.9,     92.4,     1008.8,     305.86,     253.5,     88,     -178
18,     11.10.2014 03:01:22,     -1.05,     2.01,     179,     0.3,     0.9,     1.4,     11.6,     92,     1008.6,     305.86,     253.5,     88,     -178
19,     11.10.2014 03:11:22,     -2.1,     0,     149,     0.1,     0.5,     0.9,     11.5,     92,     1008.4,     305.86,     253.5,     88,     -178,     12.438,     11.64,     76.4
20,     11.10.2014 03:21:22,     -3.15,     0,     127,     0.2,     0.5,     0.9,     11.4,     92,     1008.4,     305.86,     253.4,     87.9,     -178
21,     11.10.2014 03:31:22,     -2.1,     -2.01,     153,     0,     0.3,     0.7,     11.5,     92.3,     1008.3,     305.86,     253.4,     88,     -178
22,     11.10.2014 03:41:22,     -2.1,     -2.01,     288,     0,     0.3,     0.8,     11.9,     92.7,     1008.4,     305.86,     253.5,     88.1,     -178.1
23,     11.10.2014 03:51:22,     -1.05,     0,     327,     0.2,     1,     1.4,     12,     92.5,     1008.5,     305.86,     253.5,     88,     -178
24,     11.10.2014 04:01:22,     -3.15,     -2.01,     345,     0.3,     0.8,     1.1,     11.8,     92.1,     1008.5,     305.86,     253.5,     88.1,     -178.1
25,     11.10.2014 04:11:16,     -1.05,     -2.01,     45,     0,     0.4,     1.3,     11.8,     92.2,     1008.4,     305.86,     253.4,     88,     -178,     12.425,     11.73,     76.3
26,     11.10.2014 04:21:16,     -1.05,     -2.01,     121,     0.4,     0.7,     1.1,     11.8,     92.3,     1008.4,     305.86,     253.4,     88.2,     -178.2
27,     11.10.2014 04:31:16,     -2.1,     0,     36,     0.2,     0.6,     0.9,     12.1,     92.7,     1008.5,     305.86,     253.5,     88,     -178
28,     11.10.2014 04:41:16,     -2.1,     -2.01,     39,     0,     0.4,     1.1,     12.2,     92.6,     1008.4,     305.86,     253.4,     88.1,     -178.1
29,     11.10.2014 04:51:16,     -3.15,     -2.01,     175,     0.7,     1,     1.4,     11.9,     92,     1008.5,     305.86,     253.5,     88,     -178
30,     11.10.2014 05:01:16,     -1.05,     -2.01,     166,     0.2,     1.1,     1.8,     11.8,     92.3,     1008,     305.86,     253.3,     88,     -178.1
31,     11.10.2014 05:11:22,     -2.1,     -4.02,     128,     0,     0.5,     1.1,     11.9,     92.3,     1007.7,     305.86,     253.3,     88,     -178,     12.395,     12.01,     76.2
32,     11.10.2014 05:21:22,     -1.05,     0,     355,     0,     1.4,     2.8,     12.3,     92.7,     1007.9,     305.86,     253.3,     88,     -178
33,     11.10.2014 05:31:22,     -2.1,     -2.01,     137,     0,     0.8,     1.4,     12.5,     92.3,     1007.7,     305.86,     253.5,     88,     -178
34,     11.10.2014 05:41:22,     -2.1,     0,     193,     0,     0.5,     1.4,     12.5,     91.8,     1007.6,     305.86,     253.5,     88.1,     -178.1
35,     11.10.2014 05:51:22,     -3.15,     -2.01,     257,     0,     0.6,     1.3,     12.6,     91.6,     1007.7,     305.86,     253.5,     88,     -178
36,     11.10.2014 06:01:22,     -3.15,     -2.01,     204,     0.2,     0.9,     1.6,     12.5,     91.2,     1007.7,     305.86,     253.5,     88,     -178
37,     11.10.2014 06:11:22,     -2.1,     -2.01,     108,     0,     0.6,     1.4,     12.5,     90.5,     1007.8,     305.86,     253.4,     87.9,     -177.9,     12.378,     12.35,     76.1
38,     11.10.2014 06:21:22,     -3.15,     0,     43,     0.7,     1.2,     1.9,     12.5,     90.2,     1008,     305.86,     253.3,     88.1,     -178.1
39,     11.10.2014 06:31:22,     -3.15,     0,     93,     0.8,     1.2,     1.8,     12.1,     90.2,     1008,     305.86,     253.4,     88.1,     -178.1
40,     11.10.2014 06:41:22,     -2.1,     2.01,     114,     0.6,     1,     1.3,     12,     90.7,     1007.8,     305.86,     253.5,     88,     -178
41,     11.10.2014 06:51:22,     0,     6.03,     123,     0.3,     0.8,     1.2,     11.9,     90.9,     1008,     305.86,     253.5,     88,     -178
42,     11.10.2014 07:01:22,     3.15,     12.06,     161,     0,     0.5,     1.1,     11.8,     91,     1008,     305.86,     253.5,     88.1,     -178.1
43,     11.10.2014 07:11:17,     8.4,     24.12,     22,     0,     0.3,     0.7,     12,     91.6,     1008.1,     305.86,     253.5,     88,     -178,     12.365,     12.21,     76.3
44,     11.10.2014 07:21:17,     11.55,     28.14,     27,     0.2,     0.8,     1.3,     12.1,     91.1,     1008.2,     305.86,     253.5,     88.1,     -178.1
45,     11.10.2014 07:31:17,     19.95,     46.23,     357,     0,     0.5,     1.1,     12.1,     91.1,     1008.1,     305.86,     253.5,     88.1,     -178.1
46,     11.10.2014 07:41:17,     33.6,     80.4,     57,     0,     0.5,     1,     12.2,     91.4,     1007.9,     305.86,     253.5,     88.1,     -178.1
47,     11.10.2014 07:51:17,     38.85,     90.45,     95,     0.2,     0.5,     0.9,     12.2,     91.1,     1008,     305.86,     253.6,     88.1,     -178.1
48,     11.10.2014 08:01:17,     50.4,     114.57,     90,     0.2,     0.6,     1,     12.2,     91.1,     1008,     305.86,     253.5,     88,     -178
49,     11.10.2014 08:11:16,     63,     144.72,     55,     0.3,     0.7,     1.1,     12.4,     90.9,     1008,     305.86,     253.6,     88.1,     -178.1,     12.779,     12.42,     76.3
50,     11.10.2014 08:21:16,     79.8,     182.91,     61,     0.5,     0.9,     1.3,     12.4,     90.5,     1008,     305.86,     253.6,     88.1,     -178.1
51,     11.10.2014 08:31:16,     105,     239.19,     51,     0.3,     0.8,     1.3,     12.6,     90.5,     1008.1,     305.86,     253.6,     88,     -178
52,     11.10.2014 08:41:16,     99.75,     227.13,     103,     0.2,     0.7,     1.2,     12.7,     90,     1007.9,     305.86,     253.7,     88,     -178
53,     11.10.2014 08:51:16,     96.6,     221.1,     120,     0,     0.5,     1.1,     12.9,     90.1,     1007.8,     305.86,     253.6,     88,     -178.1
54,     11.10.2014 09:01:16,     100.8,     231.15,     113,     0,     0.3,     1.5,     13.2,     90,     1007.7,     305.86,     253.7,     88,     -178
55,     11.10.2014 09:11:16,     109.2,     249.24,     89,     0,     0.7,     1.8,     13.4,     88.9,     1007.7,     305.86,     253.7,     88.1,     -178.1,     13.230,     13.62,     75.8
56,     11.10.2014 09:21:16,     113.4,     257.28,     121,     0,     0.7,     2.1,     13.7,     88.2,     1007.6,     305.86,     253.7,     88.1,     -178.1
57,     11.10.2014 09:31:16,     121.8,     271.35,     155,     0,     1.1,     2.4,     13.9,     87.4,     1007.5,     305.86,     253.7,     88.1,     -178.1
58,     11.10.2014 09:41:16,     143.85,     315.57,     158,     0,     0.8,     2.1,     14,     86.9,     1007.6,     305.86,     253.8,     87.9,     -178
59,     11.10.2014 09:51:16,     154.35,     337.68,     175,     0.2,     1.7,     3,     14,     85.8,     1007.6,     305.86,     253.7,     88,     -178
60,     11.10.2014 10:01:16,     163.8,     351.75,     163,     0.3,     1.3,     2.2,     14.1,     85.9,     1007.5,     305.86,     253.8,     88.1,     -178.1
61,     11.10.2014 10:11:17,     159.6,     341.7,     158,     0.2,     1.3,     2.2,     14.3,     85.5,     1007.5,     305.86,     253.6,     88.1,     -178.1,     14.443,     14.95,     75.4
62,     11.10.2014 10:21:17,     165.9,     357.78,     188,     0.2,     1.1,     2,     14.4,     85.6,     1007.5,     305.86,     253.6,     88,     -178
63,     11.10.2014 10:31:17,     179.55,     385.92,     134,     0.1,     1,     1.8,     14.5,     84.7,     1007.6,     305.86,     253.7,     88,     -178
64,     11.10.2014 10:41:17,     148.05,     321.6,     165,     0.2,     0.9,     1.8,     14.6,     83.8,     1007.6,     305.86,     253.6,     88,     -178
65,     11.10.2014 10:51:17,     142.8,     311.55,     150,     0.1,     1.1,     2.1,     14.7,     83.2,     1007.5,     305.86,     253.6,     88,     -178
66,     11.10.2014 11:01:17,     131.25,     287.43,     115,     0,     0.8,     1.5,     14.8,     83.4,     1007.6,     305.86,     253.7,     88,     -178
67,     11.10.2014 11:11:23,     143.85,     311.55,     125,     0.1,     1.1,     1.9,     14.8,     83.8,     1007.4,     305.86,     253.6,     88,     -178,     13.514,     16.57,     74.9
68,     11.10.2014 11:21:23,     141.75,     307.53,     124,     0.1,     1.3,     2.8,     14.8,     82.9,     1007.4,     305.86,     253.7,     88,     -178
69,     11.10.2014 11:31:23,     123.9,     269.34,     129,     0,     1,     2.1,     14.9,     83.2,     1007.4,     305.86,     253.6,     88.1,     -178
70,     11.10.2014 11:41:23,     130.2,     283.41,     114,     0.3,     1.2,     2.1,     15,     83.3,     1007.3,     305.86,     253.7,     88,     -178
71,     11.10.2014 11:51:23,     147,     315.57,     133,     0.1,     1,     2,     15,     83.2,     1007.2,     305.86,     253.8,     88,     -178
72,     11.10.2014 12:01:23,     157.5,     339.69,     119,     0.3,     1.3,     2.3,     15.1,     82.6,     1007.1,     305.86,     253.7,     88,     -178
73,     11.10.2014 12:11:16,     164.85,     355.77,     126,     0.5,     1.3,     2.6,     15.1,     81,     1006.9,     305.86,     253.7,     88,     -178,     13.782,     17.41,     74.7
74,     11.10.2014 12:21:16,     134.4,     293.46,     136,     0.1,     1.2,     2.6,     15.2,     81.4,     1006.9,     305.86,     253.8,     88,     -178
75,     11.10.2014 12:31:16,     126,     273.36,     138,     0.1,     1.1,     2.4,     15.3,     81.1,     1006.8,     305.86,     253.7,     88.1,     -178.1
76,     11.10.2014 12:41:16,     123.9,     269.34,     140,     0.1,     1.2,     2.4,     15.3,     80.9,     1006.8,     305.86,     253.7,     88.1,     -178.1
77,     11.10.2014 12:51:16,     123.9,     269.34,     134,     0.1,     1,     2.2,     15.3,     81.8,     1006.7,     305.86,     253.7,     88.1,     -178
78,     11.10.2014 13:01:16,     90.3,     196.98,     105,     0,     0.9,     1.9,     15.4,     82.8,     1006.7,     305.86,     253.6,     88,     -178
79,     11.10.2014 13:11:16,     80.85,     174.87,     91,     0.1,     1.2,     2.2,     15.2,     82.9,     1006.6,     305.86,     253.7,     87.9,     -177.9,     13.534,     17.80,     74.7
80,     11.10.2014 13:21:16,     96.6,     217.08,     103,     0.2,     1,     2.1,     15.2,     83.1,     1006.6,     305.86,     253.7,     88,     -178.1
81,     11.10.2014 13:31:16,     75.6,     170.85,     102,     0.2,     1.3,     2.3,     15.2,     82.7,     1006.5,     305.86,     253.6,     88,     -178
82,     11.10.2014 13:41:16,     75.6,     170.85,     90,     0.3,     1.4,     2.4,     15.2,     83.7,     1006.5,     305.86,     253.7,     88.1,     -178.1
83,     11.10.2014 13:51:16,     69.3,     156.78,     60,     0.1,     1.1,     2.5,     15.2,     83.9,     1006.5,     305.86,     253.7,     88,     -178
84,     11.10.2014 14:01:16,     71.4,     158.79,     61,     0,     1,     1.9,     15.1,     84.4,     1006.5,     305.86,     253.7,     88.1,     -178.1
85,     11.10.2014 14:11:16,     76.65,     168.84,     97,     0,     1,     2.5,     15.2,     84.2,     1006.4,     305.86,     253.6,     87.9,     -177.9,     13.565,     17.25,     75.0
86,     11.10.2014 14:21:16,     56.7,     128.64,     121,     0,     0.9,     2,     15.2,     83.7,     1006.4,     305.86,     253.7,     88,     -178
87,     11.10.2014 14:31:16,     52.5,     120.6,     116,     0,     0.7,     1.7,     15.2,     83.6,     1006.3,     305.86,     253.7,     88,     -178.1
88,     11.10.2014 14:41:16,     60.9,     138.69,     127,     0.1,     0.9,     2.1,     15.2,     83.7,     1006.2,     305.86,     253.7,     88.1,     -178.1
89,     11.10.2014 14:51:16,     68.25,     152.76,     136,     0.1,     1.2,     2.4,     15.2,     83.8,     1006.1,     305.86,     253.4,     88,     -178
90,     11.10.2014 15:01:16,     77.7,     174.87,     139,     0.1,     1.2,     3,     15.2,     83.7,     1006.1,     305.86,     253.7,     88,     -178
91,     11.10.2014 15:11:16,     61.95,     136.68,     148,     0.1,     1.5,     3,     15,     84,     1006.1,     305.86,     253.6,     87.9,     -178,     13.627,     16.94,     75.1
92,     11.10.2014 15:21:16,     46.2,     106.53,     157,     0.1,     1.5,     2.7,     15,     84.8,     1006.1,     305.86,     253.6,     88,     -178
93,     11.10.2014 15:31:16,     44.1,     98.49,     144,     0.2,     1.2,     3.1,     14.9,     85.4,     1006,     305.86,     253.7,     88,     -178
94,     11.10.2014 15:41:16,     34.65,     80.4,     139,     0.4,     1.2,     2.2,     14.8,     84.9,     1006,     305.86,     253.6,     87.9,     -177.9
95,     11.10.2014 15:51:16,     29.4,     72.36,     147,     0.1,     1.4,     3,     14.8,     84.9,     1006,     305.86,     253.5,     88,     -178
96,     11.10.2014 16:01:16,     33.6,     80.4,     142,     0,     1.5,     2.8,     14.7,     85.4,     1006,     305.86,     253.5,     88.1,     -178.1
97,     11.10.2014 16:11:16,     22.05,     52.26,     148,     0.1,     1.7,     3.2,     14.5,     85.8,     1005.9,     305.86,     253.6,     88.1,     -178.1,     12.940,     16.13,     75.4
98,     11.10.2014 16:21:16,     10.5,     32.16,     148,     0.2,     1.3,     2.9,     14.3,     86.6,     1005.8,     305.86,     253.6,     88,     -178
99,     11.10.2014 16:31:16,     12.6,     32.16,     148,     0.1,     1.3,     2.8,     14.1,     87.7,     1005.8,     305.86,     253.6,     88,     -178
100,     11.10.2014 16:41:16,     13.65,     34.17,     157,     0,     1.1,     2.6,     14,     88.7,     1005.8,     305.86,     253.6,     88,     -178
101,     11.10.2014 16:51:16,     14.7,     32.16,     122,     0,     0.6,     1.4,     14,     89.4,     1005.7,     305.86,     253.7,     88,     -178
102,     11.10.2014 17:01:16,     14.7,     30.15,     98,     0.3,     1,     2,     14,     89.8,     1005.7,     305.86,     253.7,     88.1,     -178.1
103,     11.10.2014 17:11:16,     4.2,     10.05,     85,     0.2,     1,     2.6,     14,     90,     1005.6,     305.86,     253.6,     88,     -178,     12.728,     14.99,     75.8
104,     11.10.2014 17:21:16,     2.1,     6.03,     85,     0.1,     0.9,     2,     13.9,     90,     1005.6,     305.86,     253.6,     88.1,     -178
105,     11.10.2014 17:31:16,     -1.05,     -2.01,     73,     0.1,     0.7,     1.4,     13.9,     90.2,     1005.7,     305.87,     253.6,     88,     -178
106,     11.10.2014 17:41:16,     -2.1,     -2.01,     50,     0.1,     1,     1.8,     13.9,     90.2,     1005.6,     305.87,     253.4,     88.1,     -178.1
107,     11.10.2014 17:51:16,     -3.15,     -2.01,     51,     0.4,     1.1,     1.8,     13.9,     90.2,     1005.6,     305.87,     253.4,     88.1,     -178.1
108,     11.10.2014 18:01:16,     -3.15,     0,     83,     0.6,     1.3,     2.4,     13.9,     90.3,     1005.3,     305.87,     253.5,     88,     -178
109,     11.10.2014 18:11:22,     -3.15,     -4.02,     100,     0.5,     1.2,     2.4,     13.8,     90.5,     1005.1,     305.87,     253.5,     87.9,     -177.9,     12.675,     14.41,     75.9
110,     11.10.2014 18:21:22,     -3.15,     -2.01,     105,     0.1,     1.2,     2.7,     13.7,     90.8,     1005,     305.87,     253.6,     88,     -178
111,     11.10.2014 18:31:22,     -2.1,     0,     69,     0.1,     1,     2.1,     13.7,     90.9,     1005.1,     305.87,     253.6,     87.9,     -177.9
112,     11.10.2014 18:41:22,     -3.15,     -2.01,     76,     0.1,     1.1,     1.8,     13.6,     90.6,     1005.1,     305.87,     253.6,     87.9,     -178
113,     11.10.2014 18:51:22,     -2.1,     -2.01,     43,     0,     0.7,     1.4,     13.7,     90.8,     1005.2,     305.87,     253.5,     88.1,     -178.1
114,     11.10.2014 19:01:22,     -3.15,     -4.02,     44,     0.3,     1.3,     2.1,     13.7,     90.7,     1005.1,     305.87,     253.5,     88.1,     -178.1
115,     11.10.2014 19:11:22,     -2.1,     0,     60,     0.2,     1.1,     2.1,     13.7,     90.6,     1005.1,     305.87,     253.5,     88.1,     -178.1,     12.626,     14.01,     76.0
116,     11.10.2014 19:21:22,     -2.1,     -2.01,     12,     0.9,     1.5,     2.2,     13.7,     90.8,     1005.2,     305.87,     253.5,     88,     -178
117,     11.10.2014 19:31:22,     -2.1,     0,     48,     0.5,     1.1,     1.8,     13.7,     90.6,     1005,     305.87,     253.5,     88,     -178
118,     11.10.2014 19:41:22,     -3.15,     -2.01,     33,     0.5,     1.3,     2.4,     13.7,     90.6,     1005,     305.87,     253.6,     88,     -178
119,     11.10.2014 19:51:22,     -2.1,     0,     25,     0.9,     1.6,     2.2,     13.7,     90.7,     1005,     305.87,     253.5,     88,     -178
120,     11.10.2014 20:01:22,     -2.1,     -2.01,     54,     0.6,     1.2,     2.2,     13.7,     90.7,     1004.9,     305.87,     253.6,     88.1,     -178.1
121,     11.10.2014 20:11:16,     -2.1,     -2.01,     39,     0.3,     1.1,     1.8,     13.7,     90.8,     1005,     305.87,     253.6,     88,     -178,     12.605,     14.09,     76.0
122,     11.10.2014 20:21:16,     -1.05,     0,     36,     0.6,     1.1,     1.7,     13.8,     90.8,     1005,     305.87,     253.5,     87.9,     -178
123,     11.10.2014 20:31:16,     -3.15,     -2.01,     42,     0.4,     1.2,     1.9,     13.8,     90.6,     1005.1,     305.87,     253.4,     88.1,     -178.1
124,     11.10.2014 20:41:16,     -2.1,     -2.01,     34,     0.4,     1,     1.7,     13.8,     90.7,     1005.3,     305.87,     253.6,     88,     -178
125,     11.10.2014 20:51:16,     -2.1,     -2.01,     359,     0.3,     0.9,     1.4,     13.8,     90.5,     1005.2,     305.87,     253.6,     88,     -178
126,     11.10.2014 21:01:16,     -3.15,     -2.01,     351,     0.1,     0.5,     0.9,     13.9,     90.3,     1005.1,     305.87,     253.5,     88,     -178
127,     11.10.2014 21:11:21,     -3.15,     -2.01,     47,     0.3,     0.7,     1,     13.9,     90.1,     1005.1,     305.87,     253.5,     88,     -178,     12.599,     14.20,     75.9
128,     11.10.2014 21:21:21,     -4.2,     -4.02,     110,     0.5,     0.9,     1.6,     13.9,     90.2,     1004.9,     305.87,     253.5,     88.1,     -178.1
129,     11.10.2014 21:31:21,     -3.15,     -2.01,     110,     0.2,     0.7,     1.2,     13.8,     90.3,     1004.8,     305.87,     253.6,     88,     -178
130,     11.10.2014 21:41:21,     -2.1,     0,     144,     0.1,     0.7,     1.2,     13.7,     90.6,     1004.8,     305.87,     253.5,     87.9,     -177.9
131,     11.10.2014 21:51:21,     -3.15,     -2.01,     154,     0,     0.2,     0.5,     13.6,     90.8,     1004.9,     305.87,     253.5,     88.1,     -178.1
132,     11.10.2014 22:01:21,     -2.1,     0,     162,     0,     0.3,     0.6,     13.7,     91,     1004.8,     305.87,     253.6,     88.1,     -178.1
133,     11.10.2014 22:11:23,     -3.15,     0,     191,     0.1,     0.5,     0.9,     13.7,     91.1,     1004.9,     305.87,     253.5,     88,     -178,     12.569,     14.00,     76.0
134,     11.10.2014 22:21:23,     -2.1,     0,     270,     0.1,     0.6,     1.3,     13.7,     91.1,     1004.8,     305.87,     253.6,     88,     -178
135,     11.10.2014 22:31:23,     -3.15,     -2.01,     307,     0.2,     0.9,     1.3,     13.5,     91.1,     1004.8,     305.87,     253.5,     88.1,     -178.1
136,     11.10.2014 22:41:23,     -1.05,     -2.01,     289,     0.4,     0.8,     1.2,     13.5,     91.4,     1004.8,     305.87,     253.6,     88.1,     -178.1
137,     11.10.2014 22:51:23,     -3.15,     -4.02,     247,     0,     0.9,     1.7,     13.6,     91.4,     1004.7,     305.87,     253.6,     88.1,     -178.1
138,     11.10.2014 23:01:23,     -2.1,     -2.01,     277,     0.7,     1.3,     2.2,     13.6,     91.1,     1004.8,     305.87,     253.8,     88.1,     -178.1
139,     11.10.2014 23:11:17,     -2.1,     -2.01,     275,     1,     2.1,     3.6,     13.5,     90.5,     1004.8,     305.87,     253.8,     88,     -178,     12.550,     13.71,     76.1
140,     11.10.2014 23:21:17,     -3.15,     -2.01,     300,     0.9,     1.8,     2.8,     13.4,     90.3,     1004.8,     305.87,     253.6,     88.1,     -178.1
141,     11.10.2014 23:31:17,     -1.05,     -2.01,     307,     0.2,     1.2,     2,     13.5,     90.3,     1004.8,     305.87,     253.6,     88.1,     -178.1
142,     11.10.2014 23:41:17,     -2.1,     0,     307,     0.4,     0.9,     1.5,     13.5,     90.2,     1004.9,     305.87,     253.5,     88,     -178
143,     11.10.2014 23:51:17,     -2.1,     -4.02,     297,     0.5,     1.4,     2,     13.5,     90,     1004.9,     305.87,     253.6,     88,     -178
144,     12.10.2014 00:01:22,     -1.05,     0,     301,     0.6,     1.2,     1.9,     13.6,     89.8,     1004.7,     305.87,     253.7,     88.1,     -178.1,     12.463,     13.90,     76.0