Logger: #D10248 'TSK_Meteo' - USP_EXP2 (V2.10, Jan 24 2012)
No,     Time,     #1:W/m²:0,     #2:ÂµMol:(do.),     #5:deg:2,     #6:m/sMIN:(do.),     #7:m/sMIT:(do.),     #8:m/sMAX:(do.),     #9:Â°C:(do.),     #10:%:(do.),     #11:hPa:(do.),     #12:mm:(do.),     #14:AZ:3,     #15:EL:(do.),     #16:Roll:(do.),     #HK-Bat:V,     #HK-Temp:oC,     #HK-rH:%
(GSM Transfer OK / Signal:15)
1,     14.08.2014 00:11:22,     0,     2.01,     304,     0.6,     1.7,     2.5,     15.5,     85.9,     996.7,     209.5,     255.4,     88,     -178,     12.433,     16.34,     67.7
2,     14.08.2014 00:21:22,     -2.1,     0,     306,     0.7,     1.6,     2.4,     15.2,     86.5,     996.7,     209.59,     255.4,     88,     -178
3,     14.08.2014 00:31:22,     -2.1,     -2.01,     281,     0.2,     1.8,     2.7,     15.3,     86.3,     996.8,     209.68,     255.3,     87.9,     -177.9
4,     14.08.2014 00:41:22,     -2.1,     0,     251,     0.5,     1.8,     3,     15.4,     85.9,     996.8,     209.76,     255.2,     87.8,     -177.8
5,     14.08.2014 00:51:22,     -1.05,     -2.01,     249,     1.2,     2.2,     3.3,     15.5,     86.6,     996.8,     209.76,     255.4,     87.9,     -177.9
6,     14.08.2014 01:01:22,     -2.1,     -2.01,     262,     1.2,     2.3,     3.6,     15.5,     85.9,     996.7,     209.76,     255.5,     87.8,     -177.9
7,     14.08.2014 01:11:22,     -4.2,     -4.02,     258,     0.3,     1.9,     3,     15.7,     87,     996.8,     209.78,     255.4,     87.9,     -178,     12.518,     15.73,     68.9
8,     14.08.2014 01:21:22,     -3.15,     0,     269,     0.3,     1.6,     3.1,     15.8,     88.8,     996.8,     209.78,     255.4,     87.9,     -177.9
9,     14.08.2014 01:31:22,     -3.15,     -2.01,     285,     0.1,     1.8,     3.5,     15.6,     88.1,     996.9,     209.78,     255.4,     87.9,     -177.9
10,     14.08.2014 01:41:22,     -3.15,     -2.01,     287,     0.1,     1.6,     3.4,     15.5,     87.8,     996.8,     209.78,     255.3,     87.9,     -177.9
11,     14.08.2014 01:51:22,     -4.2,     -2.01,     299,     0.3,     1.8,     2.9,     15.3,     88.2,     996.7,     209.78,     255.4,     88,     -178
12,     14.08.2014 02:01:22,     -3.15,     -2.01,     285,     0.2,     1.6,     3,     15.3,     88.5,     996.8,     209.78,     255.5,     87.9,     -177.9
13,     14.08.2014 02:11:21,     -4.2,     -2.01,     266,     0.2,     1.9,     3.5,     15.3,     88,     996.8,     209.78,     255.4,     87.9,     -177.9,     12.482,     15.48,     68.9
14,     14.08.2014 02:21:21,     -2.1,     0,     288,     0.1,     1.8,     3.1,     15.4,     87.3,     996.9,     209.78,     255.3,     87.9,     -177.8
15,     14.08.2014 02:31:21,     -4.2,     -2.01,     265,     0.3,     1.5,     2.4,     15.3,     86.7,     997,     209.78,     255.4,     88,     -178
16,     14.08.2014 02:41:21,     -4.2,     -2.01,     236,     0.2,     1.7,     2.9,     15.3,     87.2,     997,     209.78,     255.4,     87.9,     -177.9
17,     14.08.2014 02:51:21,     -3.15,     -2.01,     256,     0.6,     1.7,     3.3,     15.2,     88.1,     997,     209.78,     255.4,     87.9,     -177.9
18,     14.08.2014 03:01:21,     -4.2,     -4.02,     285,     0.9,     1.9,     3.1,     14.9,     87.8,     997,     209.78,     255.5,     87.9,     -177.9
19,     14.08.2014 03:11:22,     -4.2,     -2.01,     286,     0.9,     2.3,     3.8,     14.8,     88.5,     997,     209.78,     255.5,     87.9,     -178,     12.444,     14.93,     69.0
20,     14.08.2014 03:21:22,     -5.25,     -4.02,     298,     1,     2.7,     4.1,     14.5,     88.5,     997,     209.78,     255.7,     87.9,     -177.9
21,     14.08.2014 03:31:22,     -4.2,     -2.01,     297,     0.9,     2.7,     5,     14.4,     89.7,     997.1,     209.78,     255.4,     87.9,     -177.9
22,     14.08.2014 03:41:22,     -3.15,     -2.01,     325,     0.1,     1.5,     2.6,     14.3,     90.1,     997.1,     209.78,     255.3,     87.9,     -177.9
23,     14.08.2014 03:51:22,     -3.15,     -2.01,     301,     0.3,     2.2,     3.8,     14.2,     90.1,     997.2,     209.78,     255.2,     87.7,     -177.8
24,     14.08.2014 04:01:22,     -2.1,     -2.01,     311,     0.4,     1.8,     3.7,     14.4,     90.5,     997.3,     209.78,     255.3,     88,     -177.9
25,     14.08.2014 04:11:17,     -4.2,     -2.01,     293,     1,     2.3,     4.2,     14.2,     90.2,     997.4,     209.78,     255.6,     87.9,     -177.9,     12.389,     14.37,     69.2
26,     14.08.2014 04:21:17,     -3.15,     0,     299,     0.6,     1.8,     3.4,     14.2,     90.5,     997.4,     209.78,     255.5,     88,     -178
27,     14.08.2014 04:31:17,     -3.15,     0,     292,     1.1,     2.5,     4.7,     14,     89.7,     997.5,     209.78,     255.6,     87.8,     -177.8
28,     14.08.2014 04:41:17,     -2.1,     2.01,     295,     1,     2.4,     4.1,     13.9,     89.4,     997.6,     209.78,     255.3,     87.9,     -177.9
29,     14.08.2014 04:51:17,     0,     6.03,     298,     0.4,     2.2,     4.1,     14,     88.7,     997.7,     209.78,     255.5,     88,     -178
30,     14.08.2014 05:01:17,     2.1,     16.08,     297,     1.4,     2.4,     3.8,     13.9,     88,     997.8,     209.78,     255.4,     87.9,     -177.9
31,     14.08.2014 05:11:22,     7.35,     28.14,     299,     1,     2.2,     3.6,     13.9,     87.4,     997.9,     209.78,     255.5,     87.9,     -177.9,     12.397,     13.79,     69.3
32,     14.08.2014 05:21:22,     13.65,     44.22,     297,     1.1,     2.2,     3.5,     13.9,     86.7,     998,     209.78,     255.4,     87.9,     -177.9
33,     14.08.2014 05:31:22,     23.1,     66.33,     296,     0.7,     2.1,     3.8,     14,     86.6,     998.1,     209.78,     255.3,     88,     -177.9
34,     14.08.2014 05:41:22,     70.35,     124.62,     299,     1,     2.1,     3.2,     13.9,     87.2,     998.2,     209.78,     255.4,     87.9,     -177.9
35,     14.08.2014 05:51:22,     89.25,     160.8,     299,     0.4,     1.9,     3.2,     14,     86.9,     998.3,     209.78,     255.6,     87.9,     -177.9
36,     14.08.2014 06:01:22,     117.6,     211.05,     301,     0.4,     1.9,     2.9,     14.2,     86.3,     998.4,     209.78,     255.7,     87.9,     -177.9
37,     14.08.2014 06:11:16,     137.55,     255.27,     304,     0.6,     2,     3.3,     14.3,     85.4,     998.5,     209.78,     255.6,     87.9,     -177.9,     13.510,     15.93,     70.7
38,     14.08.2014 06:21:16,     166.95,     309.54,     299,     0.7,     2.1,     4.2,     14.5,     84.9,     998.5,     209.78,     255.9,     87.9,     -177.9
39,     14.08.2014 06:31:16,     190.05,     351.75,     291,     0.3,     2.5,     4.5,     14.8,     83.3,     998.6,     209.78,     256,     87.9,     -177.9
40,     14.08.2014 06:41:16,     218.4,     402,     293,     0.4,     2.8,     4.4,     14.9,     83,     998.6,     209.78,     256.1,     87.8,     -177.9
41,     14.08.2014 06:51:16,     244.65,     456.27,     292,     1.1,     2.9,     4.9,     15,     82.6,     998.7,     209.78,     255.8,     88,     -178
42,     14.08.2014 07:01:16,     270.9,     504.51,     292,     1.3,     3.1,     5,     15.2,     80.6,     998.7,     209.78,     256,     88,     -178
43,     14.08.2014 07:11:16,     295.05,     548.73,     292,     0.3,     3.2,     5.6,     15.4,     80.3,     998.8,     209.78,     256.3,     87.9,     -178,     13.328,     22.40,     68.9
44,     14.08.2014 07:21:16,     321.3,     607.02,     293,     1.2,     3.7,     7.3,     15.5,     80.4,     998.8,     209.78,     256.1,     87.9,     -177.9
45,     14.08.2014 07:31:16,     347.55,     657.27,     295,     0.8,     3.3,     6,     15.7,     77.7,     998.8,     209.78,     256,     87.9,     -177.9
46,     14.08.2014 07:41:16,     372.75,     707.52,     289,     1.6,     4.1,     6.4,     15.9,     78.6,     999,     209.78,     256.1,     88,     -178
47,     14.08.2014 07:51:16,     397.95,     755.76,     295,     0.9,     4,     7.1,     16,     77.1,     999,     209.78,     256.3,     87.8,     -177.9
48,     14.08.2014 08:01:16,     421.05,     804,     294,     1.9,     4,     6.4,     16.1,     76.1,     999.1,     209.78,     256.2,     87.6,     -177.6
49,     14.08.2014 08:11:17,     442.05,     850.23,     286,     1.8,     3.7,     6.6,     16.3,     76.4,     999,     209.78,     256.2,     88,     -178,     13.256,     24.57,     67.9
50,     14.08.2014 08:21:17,     465.15,     898.47,     283,     1.3,     4,     9.1,     16.4,     76.4,     999.1,     209.78,     256.1,     87.8,     -177.9
51,     14.08.2014 08:31:17,     486.15,     930.63,     269,     2.1,     4.2,     7.4,     16.4,     74.2,     999.1,     209.78,     256.5,     88,     -178.1
52,     14.08.2014 08:41:17,     505.05,     974.85,     269,     0.8,     4.1,     6.2,     16.8,     75.6,     999.2,     209.78,     256,     87.9,     -177.9
53,     14.08.2014 08:51:17,     540.75,     1035.15,     278,     1.1,     3.8,     7.1,     17,     74.1,     999.3,     209.78,     256,     88,     -178
54,     14.08.2014 09:01:17,     641.55,     1228.11,     271,     1.3,     5.2,     8.7,     17.1,     73.5,     999.3,     209.78,     256.5,     88,     -178
55,     14.08.2014 09:11:22,     153.3,     325.62,     275,     1.8,     5.2,     10.4,     17.2,     71.6,     999.3,     209.78,     77.4,     87.6,     -2.3,     13.188,     24.92,     67.3
56,     14.08.2014 09:21:22,     686.7,     1292.43,     282,     2,     4.3,     7.4,     17.3,     72.1,     999.4,     209.78,     76.5,     87.9,     -2
57,     14.08.2014 09:31:22,     301.35,     804,     295,     1.7,     3.7,     6.1,     17.5,     71.4,     999.4,     209.78,     256.1,     87.7,     -177.8
58,     14.08.2014 09:41:22,     555.45,     820.08,     301,     2,     4.8,     7.9,     17.8,     70.9,     999.4,     209.78,     77.1,     88,     -2
59,     14.08.2014 09:51:22,     485.1,     1433.13,     293,     1.2,     5,     9.1,     17.9,     71.3,     999.5,     209.78,     256.9,     87.8,     -177.9
60,     14.08.2014 10:01:22,     819,     1573.83,     297,     0.8,     4.5,     9.1,     18.1,     69.1,     999.5,     209.78,     256.4,     87.9,     -177.9
61,     14.08.2014 10:11:16,     773.85,     1503.48,     288,     1.9,     5.4,     8.9,     18,     69.4,     999.6,     209.78,     77.3,     87.8,     -2.1,     13.292,     23.95,     66.8
62,     14.08.2014 10:21:16,     286.65,     556.77,     280,     2.3,     4.7,     7.9,     18.3,     68.3,     999.7,     209.78,     256.3,     87.9,     -177.9
63,     14.08.2014 10:31:16,     295.05,     560.79,     282,     3,     5.2,     9.5,     18.2,     67.7,     999.7,     209.78,     76.2,     88,     -2
64,     14.08.2014 10:41:16,     644.7,     1394.94,     275,     2.2,     5.1,     8.1,     18.5,     63.8,     999.6,     209.78,     255.5,     88,     -177.9
65,     14.08.2014 10:51:16,     226.8,     456.27,     291,     1.1,     4,     6.6,     18.8,     66.6,     999.8,     209.78,     256.1,     87.9,     -177.9
66,     14.08.2014 11:01:16,     307.65,     619.08,     285,     2.4,     5.5,     9.7,     18.6,     64.1,     999.9,     209.78,     78.3,     87.8,     -1.9
67,     14.08.2014 11:11:16,     882,     1782.87,     273,     3.2,     5.9,     9.7,     18.6,     63.7,     999.9,     209.78,     256.8,     87.7,     -177.7,     13.201,     23.51,     66.7
68,     14.08.2014 11:21:16,     117.6,     235.17,     278,     2.2,     4.7,     7.5,     18.8,     66.9,     1000,     209.78,     77.2,     88,     -1.9
69,     14.08.2014 11:31:16,     338.1,     693.45,     277,     1.3,     4.3,     6.5,     18.8,     62.9,     1000,     209.78,     76.4,     87.9,     -2.1
70,     14.08.2014 11:41:16,     874.65,     1736.64,     271,     1.3,     5.1,     8.8,     18.7,     66.7,     1000.1,     209.78,     76.7,     87.9,     -2
71,     14.08.2014 11:51:16,     206.85,     426.12,     268,     2.7,     5,     7.9,     18.9,     63.8,     1000.1,     209.78,     257.1,     87.9,     -177.9
72,     14.08.2014 12:01:16,     421.05,     731.64,     284,     2.1,     4.5,     8.1,     19.1,     62.1,     1000.1,     209.78,     255.9,     87.7,     -177.7
73,     14.08.2014 12:11:16,     878.85,     1734.63,     276,     2.5,     4.7,     8.3,     19.1,     62.5,     1000.2,     209.78,     255.9,     87.7,     -177.7,     12.900,     23.47,     66.6
74,     14.08.2014 12:21:16,     730.8,     1017.06,     261,     2.9,     5.1,     8,     19.2,     61.9,     1000.2,     209.78,     256.3,     88,     -178
75,     14.08.2014 12:31:16,     113.4,     237.18,     297,     1.7,     3.5,     6.6,     19.3,     61.5,     1000.3,     209.78,     255.8,     88,     -177.9
76,     14.08.2014 12:41:16,     270.9,     564.81,     266,     2,     4.5,     7.7,     19.2,     63.2,     1000.2,     209.78,     76.6,     87.7,     -2.2
77,     14.08.2014 12:51:16,     172.2,     355.77,     274,     2.3,     4.6,     9,     19.2,     63.3,     1000.3,     209.78,     256.5,     88,     -178
78,     14.08.2014 13:01:16,     215.25,     444.21,     262,     2.6,     4.3,     6.7,     19.1,     64.5,     1000.3,     209.78,     256.4,     88,     -178
79,     14.08.2014 13:11:22,     564.9,     1455.24,     249,     1.4,     3.5,     5.9,     19.1,     66,     1000.2,     209.78,     255.9,     87.9,     -177.9,     13.184,     22.37,     67.3
80,     14.08.2014 13:21:22,     165.9,     355.77,     249,     1.3,     3.2,     5.4,     19.4,     62,     1000.1,     209.78,     256,     87.7,     -177.7
81,     14.08.2014 13:31:22,     148.05,     303.51,     283,     1.1,     3.6,     6.7,     19.6,     60.5,     1000.2,     209.79,     255.9,     87.9,     -177.9
82,     14.08.2014 13:41:22,     412.65,     852.24,     278,     1,     4.1,     6.7,     19.3,     64.8,     1000.2,     209.79,     256,     87.8,     -177.8
83,     14.08.2014 13:51:22,     172.2,     363.81,     285,     1.2,     4,     7.8,     19.3,     60.9,     1000.2,     209.79,     76.6,     88,     -1.9
84,     14.08.2014 14:01:22,     137.55,     299.49,     272,     2.7,     5.5,     9.6,     18.9,     65.7,     1000.5,     209.79,     77.4,     88.1,     -1.8
85,     14.08.2014 14:11:17,     112.35,     259.29,     261,     3,     5.6,     8.6,     17.6,     71.8,     1000.6,     209.83,     76.5,     87.7,     -2.2,     13.459,     22.10,     67.3
86,     14.08.2014 14:21:17,     153.3,     345.72,     247,     2.2,     4.4,     7,     16.9,     73.1,     1000.6,     209.83,     256.5,     88,     -178
87,     14.08.2014 14:31:17,     200.55,     436.17,     234,     1.9,     3.7,     6.2,     16.9,     73.3,     1000.5,     209.84,     255.8,     87.9,     -177.8
88,     14.08.2014 14:41:17,     217.35,     456.27,     240,     1.2,     2.6,     4.2,     17.2,     76.7,     1000.6,     209.84,     255.7,     87.8,     -177.8
89,     14.08.2014 14:51:17,     247.8,     506.52,     248,     1.5,     2.7,     4.4,     17.6,     76.7,     1000.6,     209.84,     256.1,     88,     -178
90,     14.08.2014 15:01:17,     342.3,     699.48,     245,     1.6,     3.4,     5.9,     18,     73.5,     1000.4,     209.84,     255.6,     88,     -178
91,     14.08.2014 15:11:16,     185.85,     383.91,     240,     1.1,     2.7,     4.6,     18.4,     71.7,     1000.3,     209.84,     255.6,     88,     -178,     13.478,     20.45,     68.0
92,     14.08.2014 15:21:16,     222.6,     442.2,     250,     1.3,     2.4,     3.8,     18.5,     71.4,     1000.3,     209.84,     255.7,     87.9,     -177.9
93,     14.08.2014 15:31:16,     246.75,     504.51,     255,     0.5,     2.5,     5,     18.6,     72.1,     1000.4,     209.84,     256,     87.9,     -177.9
94,     14.08.2014 15:41:16,     144.9,     299.49,     253,     0.9,     2.4,     4.7,     18.8,     69.5,     1000.3,     209.84,     255.7,     87.9,     -177.9
95,     14.08.2014 15:51:16,     212.1,     432.15,     259,     0.8,     2.8,     4.7,     18.9,     70.6,     1000.2,     209.84,     256.1,     87.8,     -177.8
96,     14.08.2014 16:01:16,     512.4,     934.65,     260,     1.3,     3.2,     5.2,     18.7,     67.5,     1000.2,     209.87,     255.8,     88,     -178
97,     14.08.2014 16:11:16,     549.15,     1019.07,     272,     0.8,     3.5,     5.6,     19.3,     59.7,     1000.2,     209.87,     255.8,     88,     -178,     13.302,     21.29,     67.5
98,     14.08.2014 16:21:16,     452.55,     822.09,     250,     2,     3.2,     5,     19.8,     62.2,     1000.2,     209.87,     255.7,     87.9,     -177.9
99,     14.08.2014 16:31:16,     131.25,     289.44,     254,     1.9,     3.4,     5.4,     19.7,     64,     1000.3,     209.87,     255.7,     88.1,     -178.1
100,     14.08.2014 16:41:16,     159.6,     333.66,     246,     1.3,     2.9,     4.6,     19.4,     68,     1000.4,     209.87,     255.8,     87.9,     -177.9
101,     14.08.2014 16:51:16,     115.5,     239.19,     259,     1.2,     2.8,     5.7,     19.3,     68,     1000.3,     209.87,     255.7,     88,     -177.9
102,     14.08.2014 17:01:16,     128.1,     265.32,     260,     1.4,     3.5,     6.5,     19.2,     64.6,     1000.3,     209.87,     76.5,     87.9,     -2.1
103,     14.08.2014 17:11:16,     156.45,     315.57,     255,     1.7,     3.2,     5.7,     18.9,     61.6,     1000.2,     209.87,     255.9,     88,     -178,     13.453,     21.77,     67.4
104,     14.08.2014 17:21:16,     362.25,     627.12,     254,     1.2,     2.5,     3.9,     18.8,     61.3,     1000.1,     209.87,     255.8,     87.8,     -177.8
105,     14.08.2014 17:31:16,     319.2,     552.75,     253,     1.4,     2.6,     3.9,     19.1,     57.5,     1000.1,     209.87,     255.7,     87.9,     -177.9
106,     14.08.2014 17:41:16,     88.2,     198.99,     266,     1.1,     2.4,     4.3,     19.3,     58.3,     1000,     209.87,     255.7,     88,     -178
107,     14.08.2014 17:51:16,     190.05,     333.66,     252,     1.1,     2.4,     4.8,     19.3,     60.8,     999.9,     209.87,     255.8,     88,     -178
108,     14.08.2014 18:01:16,     163.8,     293.46,     257,     0.8,     2.6,     4.6,     19.3,     63.7,     1000,     209.87,     75.9,     88,     -1.9
109,     14.08.2014 18:11:16,     133.35,     233.16,     256,     1.2,     2.7,     4.2,     19.4,     64.2,     1000,     209.87,     76.1,     87.9,     -2,     13.504,     22.18,     66.9
110,     14.08.2014 18:21:16,     106.05,     184.92,     252,     2,     3.2,     5.4,     19.5,     61.8,     1000,     209.87,     76.2,     87.9,     -1.9
111,     14.08.2014 18:31:16,     86.1,     148.74,     248,     1.1,     3.1,     5.3,     19.5,     61.5,     1000,     209.87,     255.7,     88.1,     -178.1
112,     14.08.2014 18:41:16,     30.45,     90.45,     248,     0.7,     2.7,     4.8,     19.4,     60.5,     999.9,     209.87,     255.7,     87.9,     -177.9
113,     14.08.2014 18:51:16,     19.95,     62.31,     239,     0.4,     2.4,     3.8,     19.1,     62.7,     999.9,     209.87,     255.7,     87.9,     -177.8
114,     14.08.2014 19:01:16,     11.55,     46.23,     253,     0.8,     1.9,     3.3,     18.9,     65.2,     1000.1,     209.87,     255.6,     88,     -178
115,     14.08.2014 19:11:17,     7.35,     32.16,     253,     1,     2,     3.6,     18.7,     66.4,     1000.2,     209.87,     255.6,     88,     -178,     12.819,     20.61,     68.0
116,     14.08.2014 19:21:17,     4.2,     22.11,     245,     0.5,     1.5,     2.5,     18.5,     67.5,     1000.3,     209.87,     255.5,     87.9,     -177.9
117,     14.08.2014 19:31:17,     0,     12.06,     243,     0.7,     1.8,     2.8,     18.2,     68.3,     1000.4,     209.87,     255.5,     87.9,     -177.9
118,     14.08.2014 19:41:17,     -1.05,     2.01,     279,     0.1,     1.8,     3.4,     18.2,     71.2,     1000.7,     209.87,     255.6,     88,     -178
119,     14.08.2014 19:51:17,     -2.1,     0,     348,     1.1,     2.2,     4.3,     17.2,     72.5,     1000.8,     209.87,     255.5,     87.8,     -177.8
120,     14.08.2014 20:01:17,     -3.15,     -2.01,     352,     1.1,     1.9,     2.9,     17.5,     71.1,     1000.9,     209.87,     255.5,     88,     -178
121,     14.08.2014 20:11:16,     -5.25,     -2.01,     348,     0.9,     1.8,     2.9,     17.5,     70.1,     1001,     209.87,     255.4,     88,     -178,     12.683,     18.33,     68.6
122,     14.08.2014 20:21:16,     -4.2,     -2.01,     350,     0.8,     1.8,     3.3,     17.1,     68.7,     1001.2,     209.87,     255.4,     87.9,     -177.9
123,     14.08.2014 20:31:16,     -4.2,     -2.01,     344,     0.6,     1.4,     3,     16.9,     70.6,     1001.3,     209.87,     255.6,     87.9,     -177.9
124,     14.08.2014 20:41:16,     -3.15,     -2.01,     350,     0.6,     1.5,     2.5,     16.7,     72.7,     1001.2,     209.87,     255.5,     87.9,     -177.9
125,     14.08.2014 20:51:16,     -5.25,     -2.01,     330,     0.3,     1.4,     2.5,     16.5,     75.4,     1001.2,     209.87,     255.4,     88,     -178
126,     14.08.2014 21:01:16,     -5.25,     -4.02,     292,     0,     0.8,     2,     16.3,     75.2,     1001.1,     209.87,     255.5,     87.9,     -177.9
127,     14.08.2014 21:11:21,     -5.25,     -2.01,     270,     0,     1,     2.2,     16.4,     76,     1001.2,     209.87,     255.4,     87.9,     -177.9,     12.645,     16.78,     68.9
128,     14.08.2014 21:21:21,     -2.1,     0,     263,     0,     1.2,     2.4,     16.5,     75.4,     1001.2,     209.87,     255.4,     88,     -178
129,     14.08.2014 21:31:21,     -4.2,     0,     243,     0.4,     1.7,     2.4,     16.4,     74.6,     1001.1,     209.87,     255.4,     87.9,     -177.9
130,     14.08.2014 21:41:21,     -5.25,     0,     231,     1,     2,     2.8,     16.1,     77.5,     1001.2,     209.87,     255.5,     87.9,     -177.9
131,     14.08.2014 21:51:21,     -4.2,     -2.01,     243,     0.3,     1.3,     2.3,     16,     78.6,     1001.2,     209.87,     255.5,     87.8,     -177.8
132,     14.08.2014 22:01:21,     -5.25,     -4.02,     282,     0.1,     1.3,     2.9,     15.9,     78.7,     1001.1,     209.87,     255.5,     87.9,     -177.9
133,     14.08.2014 22:11:16,     -3.15,     -2.01,     277,     0.1,     1.6,     2.7,     15.9,     79,     1001,     209.87,     255.5,     87.9,     -177.9,     12.611,     15.44,     69.2
134,     14.08.2014 22:21:16,     -3.15,     -4.02,     270,     0.5,     1.8,     3,     15.8,     77.8,     1000.9,     209.87,     255.5,     87.9,     -177.9
135,     14.08.2014 22:31:16,     -3.15,     -2.01,     257,     0.3,     1.6,     3,     15.7,     79.7,     1000.8,     209.87,     255.4,     88,     -178
136,     14.08.2014 22:41:16,     -2.1,     0,     224,     0.1,     1.2,     2.1,     15.8,     79.3,     1000.8,     209.87,     255.4,     88,     -178
137,     14.08.2014 22:51:16,     -2.1,     -4.02,     228,     0.5,     2,     3,     15.7,     79.1,     1000.9,     209.87,     255.6,     87.9,     -177.9
138,     14.08.2014 23:01:16,     -3.15,     -2.01,     228,     0.9,     1.9,     2.9,     15.7,     79.1,     1001,     209.87,     255.4,     87.9,     -177.9
139,     14.08.2014 23:11:16,     -3.15,     -2.01,     205,     0.5,     1.8,     2.8,     15.5,     79.8,     1000.9,     209.87,     255.3,     87.9,     -177.9,     12.590,     15.53,     69.0
140,     14.08.2014 23:21:16,     -3.15,     0,     157,     0.4,     1.1,     1.9,     15.4,     80.2,     1000.9,     209.87,     255.3,     87.9,     -178
141,     14.08.2014 23:31:16,     -4.2,     -2.01,     133,     0.5,     1.1,     1.7,     15.3,     81.8,     1001,     209.87,     255.4,     88,     -178
142,     14.08.2014 23:41:16,     -2.1,     0,     203,     0.2,     1.5,     2.5,     15.5,     81.5,     1001.1,     209.87,     255.4,     87.9,     -177.9
143,     14.08.2014 23:51:16,     -4.2,     -4.02,     203,     0.4,     1.5,     2.5,     15.4,     80.3,     1001.1,     209.87,     255.4,     88,     -178
144,     15.08.2014 00:01:22,     -5.25,     -2.01,     226,     0.3,     1.2,     2.3,     15.4,     82.3,     1001.2,     209.87,     255.3,     87.9,     -178,     12.414,     15.49,     69.0