Logger: #D10248 'TSK_Meteo' - USP_EXP2 (V2.10, Jan 24 2012)
No,     Time,     #1:W/m²:0,     #2:ÂµMol:(do.),     #5:deg:2,     #6:m/sMIN:(do.),     #7:m/sMIT:(do.),     #8:m/sMAX:(do.),     #9:Â°C:(do.),     #10:%:(do.),     #11:hPa:(do.),     #12:mm:(do.),     #14:AZ:3,     #15:EL:(do.),     #16:Roll:(do.),     #HK-Bat:V,     #HK-Temp:oC,     #HK-rH:%
(GSM Transfer OK / Signal:15)
1,     27.06.2014 00:21:16,     -5.25,     0,     152,     0,     0.9,     1.9,     12.8,     77.3,     1009.2,     79.06,     254.7,     87.9,     -177.9,     12.401,     11.59,     69.4
2,     27.06.2014 00:31:16,     -5.25,     0,     211,     0.3,     1.5,     2.1,     12.3,     75.4,     1009.1,     79.06,     254.8,     87.9,     -177.9
3,     27.06.2014 00:41:16,     -6.3,     -4.02,     195,     0.5,     1.2,     2,     12.3,     78.8,     1009.1,     79.06,     254.6,     87.9,     -177.9
4,     27.06.2014 00:51:16,     -5.25,     0,     193,     0.7,     1.2,     1.6,     11.9,     78.1,     1009,     79.06,     254.8,     87.9,     -177.9
5,     27.06.2014 01:01:16,     -4.2,     0,     194,     0.5,     1.2,     1.6,     11.6,     81.2,     1009,     79.06,     254.8,     88,     -178
6,     27.06.2014 01:11:16,     -4.2,     2.01,     207,     0.3,     0.8,     1.2,     11.4,     81.9,     1009,     79.06,     254.8,     87.9,     -177.9
7,     27.06.2014 01:21:17,     -5.25,     -2.01,     211,     0.5,     1,     1.6,     11.6,     82.3,     1008.9,     79.06,     254.8,     87.9,     -177.9,     12.495,     10.62,     71.0
8,     27.06.2014 01:31:17,     -5.25,     -2.01,     194,     0.6,     0.9,     1.3,     11.3,     83,     1008.9,     79.06,     254.8,     88,     -178
9,     27.06.2014 01:41:17,     -4.2,     2.01,     189,     0.6,     1,     1.4,     11.2,     83.9,     1008.8,     79.06,     254.8,     87.9,     -177.9
10,     27.06.2014 01:51:17,     -6.3,     -2.01,     183,     0.6,     1.1,     1.5,     10.9,     85.7,     1008.8,     79.06,     254.8,     87.9,     -177.9
11,     27.06.2014 02:01:17,     -5.25,     -2.01,     179,     0.2,     0.8,     1.2,     10.9,     85.5,     1008.7,     79.06,     254.8,     87.8,     -177.8
12,     27.06.2014 02:11:17,     -4.2,     2.01,     133,     0.1,     0.7,     1.2,     11,     85,     1008.7,     79.06,     254.8,     87.9,     -177.9
13,     27.06.2014 02:21:22,     -5.25,     2.01,     121,     0.1,     0.6,     1.1,     10.8,     86.3,     1008.7,     79.06,     254.8,     88,     -178,     12.459,     9.97,     71.0
14,     27.06.2014 02:31:22,     -6.3,     -4.02,     122,     0.1,     0.5,     1,     10.8,     86.9,     1008.6,     79.06,     254.7,     87.9,     -177.9
15,     27.06.2014 02:41:22,     -5.25,     0,     158,     0,     0.5,     1,     10.8,     88.1,     1008.6,     79.06,     254.6,     87.8,     -177.8
16,     27.06.2014 02:51:22,     -4.2,     0,     175,     0.1,     0.7,     1.2,     10.6,     87.5,     1008.6,     79.06,     254.7,     87.9,     -177.9
17,     27.06.2014 03:01:22,     -5.25,     -2.01,     175,     0.4,     0.8,     1.2,     10.3,     88.1,     1008.5,     79.06,     254.8,     88,     -178
18,     27.06.2014 03:11:22,     -5.25,     0,     188,     0.2,     0.8,     1.2,     10.3,     88,     1008.6,     79.06,     254.7,     87.9,     -177.9
19,     27.06.2014 03:21:16,     -4.2,     0,     164,     0.2,     0.9,     1.5,     10.4,     88.8,     1008.6,     79.06,     254.7,     87.8,     -177.8,     12.408,     9.45,     71.2
20,     27.06.2014 03:31:16,     -2.1,     2.01,     138,     0.1,     0.7,     1.3,     9.9,     88.3,     1008.6,     79.06,     254.8,     87.9,     -177.9
21,     27.06.2014 03:41:16,     -1.05,     6.03,     144,     0.3,     0.8,     1.3,     9.7,     89.5,     1008.7,     79.06,     254.7,     87.8,     -177.8
22,     27.06.2014 03:51:16,     2.1,     12.06,     173,     0.1,     0.6,     1.1,     9.8,     90.2,     1008.8,     79.06,     254.7,     88,     -178
23,     27.06.2014 04:01:16,     6.3,     24.12,     181,     0.2,     0.9,     1.4,     9.8,     89.6,     1008.8,     79.06,     254.8,     87.9,     -177.9
24,     27.06.2014 04:11:16,     12.6,     36.18,     181,     0.1,     0.8,     1.4,     9.5,     89.7,     1008.8,     79.06,     254.8,     87.9,     -177.9
25,     27.06.2014 04:21:16,     15.75,     46.23,     190,     0.1,     0.7,     1.1,     9.8,     89.7,     1008.8,     79.06,     254.7,     87.9,     -177.8,     12.454,     9.19,     71.4
26,     27.06.2014 04:31:16,     21,     60.3,     190,     0.4,     0.9,     1.5,     9.9,     89.6,     1008.8,     79.06,     254.8,     88,     -178
27,     27.06.2014 04:41:16,     34.65,     82.41,     178,     0.8,     1.4,     1.8,     9.4,     89.1,     1008.9,     79.06,     254.7,     87.9,     -177.9
28,     27.06.2014 04:51:16,     85.05,     156.78,     189,     0.4,     1.1,     1.8,     9.8,     89.4,     1008.9,     79.06,     254.9,     87.9,     -177.9
29,     27.06.2014 05:01:16,     107.1,     203.01,     204,     0.4,     0.8,     1.5,     10.1,     88.6,     1008.9,     79.06,     255,     88,     -178
30,     27.06.2014 05:11:16,     126,     247.23,     200,     0.4,     0.9,     1.3,     10.6,     87,     1009,     79.06,     255.1,     87.9,     -178
31,     27.06.2014 05:21:17,     147,     285.42,     199,     0.6,     1.1,     1.6,     10.8,     86,     1009,     79.06,     255.2,     88,     -178,     13.084,     13.15,     73.2
32,     27.06.2014 05:31:17,     170.1,     321.6,     190,     0.2,     1,     1.8,     11.4,     85.5,     1009,     79.06,     255.3,     87.9,     -177.9
33,     27.06.2014 05:41:17,     191.1,     361.8,     194,     0.6,     1.4,     1.9,     11.6,     82.9,     1009.1,     79.06,     255.3,     88,     -178
34,     27.06.2014 05:51:17,     213.15,     404.01,     187,     0.6,     1.2,     2,     12,     81.8,     1009.1,     79.06,     255.4,     88,     -178
35,     27.06.2014 06:01:17,     238.35,     448.23,     176,     1,     1.8,     2.6,     12.3,     81.5,     1009.1,     79.06,     255.2,     88,     -178
36,     27.06.2014 06:11:17,     262.5,     494.46,     182,     0.9,     1.7,     2.7,     12.6,     81.8,     1009.2,     79.06,     255.3,     88.1,     -178.1
37,     27.06.2014 06:21:16,     285.6,     542.7,     196,     0.6,     1.6,     2.4,     13.1,     82.6,     1009.2,     79.06,     255.4,     87.9,     -177.9,     13.510,     19.67,     71.4
38,     27.06.2014 06:31:16,     312.9,     596.97,     201,     0.9,     1.7,     2.5,     13.5,     79.6,     1009.2,     79.06,     255.5,     88.1,     -178.1
39,     27.06.2014 06:41:16,     339.15,     649.23,     211,     0.3,     1.2,     2,     14.1,     78.4,     1009.2,     79.06,     255.3,     87.9,     -177.9
40,     27.06.2014 06:51:16,     367.5,     705.51,     222,     0.7,     1.5,     2.5,     14.6,     76.1,     1009.1,     79.06,     255.5,     87.9,     -177.9
41,     27.06.2014 07:01:16,     402.15,     763.8,     216,     0.8,     1.8,     2.9,     15,     71,     1009.2,     79.06,     255.4,     87.9,     -178
42,     27.06.2014 07:11:16,     431.55,     822.09,     229,     1,     1.9,     3,     15.5,     68.5,     1009.2,     79.06,     255.6,     88.1,     -178.1
43,     27.06.2014 07:21:21,     427.35,     818.07,     225,     0.8,     1.9,     3.2,     15.8,     66.4,     1009.2,     79.06,     255.6,     87.9,     -177.9,     13.387,     24.65,     69.4
44,     27.06.2014 07:31:21,     470.4,     900.48,     212,     0.5,     2.1,     2.9,     16.2,     64,     1009.2,     79.06,     255.5,     88,     -178
45,     27.06.2014 07:41:21,     490.35,     940.68,     189,     0.7,     2.1,     3.1,     16.6,     66.8,     1009.2,     79.06,     255.6,     87.9,     -177.9
46,     27.06.2014 07:51:21,     508.2,     976.86,     201,     0.4,     1.6,     3.2,     16.9,     66,     1009.2,     79.06,     255.5,     88,     -178
47,     27.06.2014 08:01:21,     533.4,     1033.14,     226,     0.1,     1.5,     3.1,     17.2,     59.6,     1009.2,     79.06,     255.8,     87.8,     -177.9
48,     27.06.2014 08:11:21,     484.05,     950.73,     226,     0.8,     2.1,     3.4,     17.4,     56,     1009.2,     79.06,     255.6,     88,     -178
49,     27.06.2014 08:21:16,     577.5,     1119.57,     207,     1.3,     2.2,     3.3,     17.6,     51.3,     1009.3,     79.06,     255.5,     88,     -178,     13.211,     26.85,     67.8
50,     27.06.2014 08:31:16,     515.55,     1013.04,     220,     1,     2.4,     4,     17.7,     52.4,     1009.2,     79.06,     255.3,     88,     -178
51,     27.06.2014 08:41:16,     601.65,     1175.85,     224,     0.5,     2.1,     3,     18,     42.7,     1009.2,     79.06,     255.6,     88,     -178
52,     27.06.2014 08:51:16,     451.5,     898.47,     220,     0.5,     2.5,     3.8,     18,     41.7,     1009.1,     79.06,     255.5,     88,     -178.1
53,     27.06.2014 09:01:16,     537.6,     1055.25,     207,     1.1,     2.3,     3.6,     18.1,     44.9,     1009.2,     79.06,     255.4,     88,     -178
54,     27.06.2014 09:11:16,     620.55,     1214.04,     219,     1,     2.9,     4.5,     18.2,     46.8,     1009.1,     79.06,     76,     87.9,     -2
55,     27.06.2014 09:21:16,     529.2,     1049.22,     195,     1.8,     3,     4.2,     18.1,     47.5,     1009.1,     79.06,     255.3,     88,     -178,     13.415,     26.19,     67.6
56,     27.06.2014 09:31:16,     591.15,     1165.8,     208,     1.2,     2.7,     4.4,     18.2,     49.8,     1009,     79.06,     255.6,     87.9,     -177.9
57,     27.06.2014 09:41:16,     523.95,     1039.17,     189,     1.4,     3,     4.8,     18.3,     45.8,     1009,     79.06,     255.2,     88,     -178
58,     27.06.2014 09:51:16,     668.85,     1338.66,     191,     1.5,     2.9,     6.2,     18.3,     47.2,     1009,     79.06,     255.3,     87.9,     -177.9
59,     27.06.2014 10:01:16,     678.3,     1356.75,     213,     1.2,     2.9,     5.6,     18.4,     49.8,     1009,     79.06,     255.5,     87.9,     -177.9
60,     27.06.2014 10:11:16,     737.1,     1479.36,     216,     0.7,     2.6,     4.9,     18.4,     49.4,     1009,     79.06,     255.3,     88,     -178
61,     27.06.2014 10:21:17,     829.5,     1656.24,     197,     1.4,     2.8,     5.2,     18.6,     49.5,     1009,     79.06,     75.7,     88.1,     -1.8,     13.135,     25.51,     67.6
62,     27.06.2014 10:31:17,     824.25,     1642.17,     212,     1.2,     2.6,     5.3,     18.6,     49.9,     1009.1,     79.06,     75.8,     87.9,     -2
63,     27.06.2014 10:41:17,     746.55,     1481.37,     219,     0.8,     3.2,     5.8,     18.8,     47.7,     1009,     79.06,     75.7,     88,     -1.9
64,     27.06.2014 10:51:17,     849.45,     1730.61,     195,     0.5,     3,     5.7,     18.8,     48.8,     1009,     79.06,     75.9,     87.8,     -2
65,     27.06.2014 11:01:17,     844.2,     1692.42,     233,     0.3,     3,     5.8,     18.9,     46.3,     1009,     79.06,     76.1,     88,     -2
66,     27.06.2014 11:11:17,     726.6,     1449.21,     206,     0.3,     3.5,     6.9,     18.9,     44.7,     1009,     79.06,     255.3,     87.8,     -177.8
67,     27.06.2014 11:21:17,     643.65,     1278.36,     226,     0.1,     2.6,     4.8,     19.2,     45.4,     1008.9,     79.06,     75.4,     88,     -1.9,     13.271,     25.45,     67.2
68,     27.06.2014 11:31:17,     879.9,     1756.74,     231,     1.1,     3,     6,     19.2,     47.9,     1008.9,     79.06,     255.3,     87.9,     -178
69,     27.06.2014 11:41:17,     890.4,     1786.89,     241,     1.2,     3.5,     6.3,     19.2,     47.6,     1008.8,     79.06,     255.5,     87.9,     -177.8
70,     27.06.2014 11:51:17,     871.5,     1744.68,     204,     0.6,     3.5,     6.6,     19.2,     45.8,     1008.9,     79.06,     255.3,     88.1,     -178.1
71,     27.06.2014 12:01:17,     808.5,     1636.14,     208,     0.2,     3,     5.9,     19.3,     47.3,     1008.8,     79.06,     75.7,     88,     -1.9
72,     27.06.2014 12:11:17,     646.8,     1326.6,     205,     2.1,     4,     7.1,     19.3,     48.2,     1008.7,     79.06,     75.5,     87.9,     -2
73,     27.06.2014 12:21:17,     949.2,     1897.44,     195,     1.5,     3.6,     6.1,     19.4,     47.8,     1008.6,     79.06,     75.6,     88,     -1.9,     12.995,     24.93,     67.6
74,     27.06.2014 12:31:17,     748.65,     1531.62,     194,     1.8,     4.3,     7.5,     19.3,     45.9,     1008.5,     79.06,     75.5,     87.8,     -2.1
75,     27.06.2014 12:41:17,     978.6,     1951.71,     206,     1.7,     3.4,     5.7,     19.6,     44.8,     1008.4,     79.06,     75.8,     88,     -1.8
76,     27.06.2014 12:51:17,     289.8,     611.04,     207,     0.4,     3.3,     6.3,     19.7,     45.3,     1008.3,     79.06,     75.6,     87.9,     -2
77,     27.06.2014 13:01:17,     400.05,     932.64,     194,     1.8,     3.7,     6.6,     19.7,     45.6,     1008.3,     79.06,     75.6,     87.6,     -2.3
78,     27.06.2014 13:11:17,     845.25,     1690.41,     184,     1.1,     2.8,     5.6,     19.8,     42.9,     1008.2,     79.06,     75.4,     87.8,     -2
79,     27.06.2014 13:21:16,     798,     1672.32,     194,     0.4,     3.4,     6.8,     19.8,     43.6,     1008.1,     79.06,     75.2,     87.9,     -2,     13.398,     24.67,     67.5
80,     27.06.2014 13:31:16,     936.6,     1865.28,     205,     1.7,     3.4,     5.6,     19.8,     43.4,     1008.1,     79.06,     75.4,     88,     -1.9
81,     27.06.2014 13:41:16,     992.25,     1957.74,     205,     1.4,     3.8,     6.4,     19.9,     43,     1008,     79.06,     75.5,     88,     -1.9
82,     27.06.2014 13:51:16,     370.65,     532.65,     193,     1.4,     2.5,     4.3,     20.1,     43.6,     1008.1,     79.06,     75.4,     87.9,     -1.9
83,     27.06.2014 14:01:16,     990.15,     1945.68,     203,     1.3,     3.8,     7.1,     20,     41.2,     1008,     79.06,     75.6,     88,     -1.9
84,     27.06.2014 14:11:16,     242.55,     516.57,     185,     0.6,     1.9,     4.2,     20.3,     43.7,     1007.9,     79.06,     75.3,     87.9,     -2
85,     27.06.2014 14:21:16,     871.5,     1706.49,     196,     1.8,     3.8,     5.8,     20.4,     42.8,     1007.8,     79.06,     75.5,     87.8,     -2.1,     13.023,     24.28,     67.6
86,     27.06.2014 14:31:16,     766.5,     1479.36,     199,     1.8,     3.5,     5.9,     20.5,     41.2,     1007.8,     79.06,     75.5,     88,     -1.8
87,     27.06.2014 14:41:16,     691.95,     1370.82,     200,     0.3,     4,     7.1,     20.5,     42.8,     1007.7,     79.06,     76,     88,     -1.9
88,     27.06.2014 14:51:16,     228.9,     466.32,     202,     2.5,     4.2,     6.6,     20.3,     42.3,     1007.7,     79.06,     75.4,     87.9,     -2
89,     27.06.2014 15:01:16,     158.55,     347.73,     206,     0.9,     2.4,     4.2,     20.2,     44.7,     1007.7,     79.06,     75.4,     88,     -1.9
90,     27.06.2014 15:11:16,     790.65,     1517.55,     207,     1,     2,     3.5,     20.4,     46,     1007.6,     79.06,     75.7,     87.9,     -2
91,     27.06.2014 15:21:17,     747.6,     1407,     185,     1.3,     3.1,     5,     20.6,     44.5,     1007.5,     79.06,     75.3,     87.9,     -2,     13.322,     23.97,     67.7
92,     27.06.2014 15:31:17,     149.1,     317.58,     180,     1.2,     3,     4.8,     20.5,     45.4,     1007.4,     79.06,     75.4,     88,     -1.9
93,     27.06.2014 15:41:17,     185.85,     389.94,     184,     1.8,     3.4,     5.6,     20.4,     45.3,     1007.3,     79.06,     75.6,     88,     -1.9
94,     27.06.2014 15:51:17,     243.6,     448.23,     182,     1.8,     2.9,     4.4,     20.6,     45.1,     1007.2,     79.06,     75.1,     88,     -1.9
95,     27.06.2014 16:01:17,     203.7,     426.12,     195,     1.8,     3.8,     7.3,     20.8,     41.9,     1007.1,     79.06,     75.6,     88.1,     -1.8
96,     27.06.2014 16:11:17,     480.9,     914.55,     206,     1.3,     2.8,     4.7,     20.9,     41.6,     1007.1,     79.06,     74.9,     88.1,     -1.8
97,     27.06.2014 16:21:16,     458.85,     866.31,     199,     1.1,     3.6,     5.9,     20.9,     41.6,     1007.1,     79.06,     75.6,     87.9,     -2,     13.315,     23.55,     67.7
98,     27.06.2014 16:31:16,     454.65,     864.3,     205,     1.5,     3.1,     5.3,     21,     42.2,     1007,     79.06,     75.2,     87.9,     -2
99,     27.06.2014 16:41:16,     395.85,     749.73,     195,     1.2,     3.2,     4.9,     21,     41.8,     1006.9,     79.06,     75.4,     88.1,     -1.9
100,     27.06.2014 16:51:16,     189,     397.98,     194,     0.4,     2.5,     5.3,     21,     41.1,     1006.8,     79.06,     75.4,     88,     -1.9
101,     27.06.2014 17:01:16,     371.7,     705.51,     210,     1.6,     3.1,     4.7,     21,     42.2,     1006.7,     79.06,     75.5,     87.9,     -2
102,     27.06.2014 17:11:16,     284.55,     552.75,     217,     0.6,     2.4,     4.3,     21.1,     43.7,     1006.6,     79.06,     75.5,     88,     -1.9
103,     27.06.2014 17:21:16,     244.65,     480.39,     244,     1.3,     3.1,     5.7,     21.1,     41.4,     1006.6,     79.06,     76,     88,     -1.9,     13.383,     23.99,     67.6
104,     27.06.2014 17:31:16,     286.65,     542.7,     230,     1.9,     3.3,     5,     21.1,     41.2,     1006.6,     79.06,     75.6,     88.1,     -1.8
105,     27.06.2014 17:41:16,     179.55,     365.82,     239,     1.2,     2.5,     4.4,     21.1,     42.8,     1006.5,     79.06,     75.8,     88,     -1.9
106,     27.06.2014 17:51:16,     154.35,     313.56,     226,     1,     2.5,     4.6,     21,     42.8,     1006.5,     79.06,     75.6,     88.1,     -1.9
107,     27.06.2014 18:01:16,     168,     337.68,     219,     0.6,     1.9,     3.5,     20.9,     45.1,     1006.5,     79.06,     75.4,     87.9,     -2
108,     27.06.2014 18:11:16,     158.55,     315.57,     210,     0.9,     1.8,     3,     20.7,     47.5,     1006.4,     79.06,     75.4,     88,     -1.9
109,     27.06.2014 18:21:16,     120.75,     249.24,     206,     1,     1.8,     2.7,     20.6,     48.9,     1006.4,     79.06,     75.5,     87.9,     -2,     13.417,     23.13,     68.1
110,     27.06.2014 18:31:16,     97.65,     203.01,     201,     1,     1.6,     2.4,     20.5,     48.2,     1006.4,     79.06,     75.5,     88,     -2
111,     27.06.2014 18:41:16,     82.95,     174.87,     194,     0.9,     1.7,     2.5,     20.4,     51.5,     1006.4,     79.06,     75.4,     88,     -1.9
112,     27.06.2014 18:51:16,     74.55,     156.78,     196,     0.7,     1.4,     2.1,     20.2,     51.5,     1006.4,     79.06,     75.4,     87.9,     -2
113,     27.06.2014 19:01:16,     68.25,     142.71,     196,     0.5,     1,     1.6,     20,     53.8,     1006.4,     79.06,     255.1,     88,     -177.9
114,     27.06.2014 19:11:16,     50.4,     110.55,     176,     0.4,     0.9,     1.3,     19.8,     55.1,     1006.4,     79.06,     255.1,     88,     -178
115,     27.06.2014 19:21:16,     39.9,     86.43,     166,     0.2,     1,     1.6,     19.8,     55.2,     1006.3,     79.06,     75.3,     88,     -1.9,     13.468,     21.55,     68.7
116,     27.06.2014 19:31:16,     31.5,     72.36,     152,     0,     0.4,     0.7,     19.6,     58.2,     1006.2,     79.06,     75.4,     87.9,     -2
117,     27.06.2014 19:41:16,     26.25,     60.3,     175,     0.2,     0.5,     0.8,     19.2,     67.9,     1006.1,     79.06,     75.3,     88,     -2
118,     27.06.2014 19:51:16,     21,     50.25,     154,     0.1,     0.6,     1.1,     19.1,     59.7,     1006.1,     79.06,     255,     88,     -177.9
119,     27.06.2014 20:01:16,     14.7,     36.18,     176,     0.3,     0.7,     1.4,     18.8,     63.7,     1006.1,     79.06,     255.1,     87.9,     -177.9
120,     27.06.2014 20:11:16,     11.55,     26.13,     171,     0.4,     0.8,     1.5,     18.5,     62.9,     1006.1,     79.06,     255,     88,     -178
121,     27.06.2014 20:21:16,     4.2,     14.07,     179,     0.4,     0.7,     1.3,     18.3,     74.4,     1006.2,     79.06,     255,     87.9,     -177.9,     12.806,     19.45,     69.2
122,     27.06.2014 20:31:16,     1.05,     8.04,     192,     0.4,     0.7,     1,     17.9,     76.6,     1006.2,     79.06,     255,     87.9,     -177.9
123,     27.06.2014 20:41:16,     -2.1,     2.01,     200,     0.5,     0.7,     1.1,     17.5,     73,     1006.2,     79.06,     254.9,     87.8,     -177.9
124,     27.06.2014 20:51:16,     -7.35,     -6.03,     197,     0.3,     0.7,     1.1,     17.3,     76.1,     1006.3,     79.06,     255,     87.9,     -177.9
125,     27.06.2014 21:01:16,     -3.15,     0,     192,     0.4,     0.6,     1,     17.2,     78.1,     1006.3,     79.06,     255,     88,     -178
126,     27.06.2014 21:11:16,     -3.15,     -2.01,     192,     0.2,     0.6,     1,     17.2,     78.3,     1006.2,     79.06,     255,     87.9,     -178
127,     27.06.2014 21:21:16,     -3.15,     0,     192,     0.5,     0.8,     1.1,     16.9,     79.5,     1006.2,     79.06,     255,     88,     -178,     12.681,     17.51,     69.7
128,     27.06.2014 21:31:16,     -3.15,     -2.01,     200,     0.4,     0.8,     1.1,     16.9,     78.3,     1006.1,     79.06,     255,     87.8,     -177.8
129,     27.06.2014 21:41:16,     -3.15,     -2.01,     207,     0.4,     0.7,     1,     16.6,     77.4,     1006,     79.06,     255,     87.9,     -177.9
130,     27.06.2014 21:51:16,     -3.15,     -2.01,     211,     0.5,     0.7,     1.1,     16.6,     75.2,     1006,     79.06,     254.9,     87.9,     -177.9
131,     27.06.2014 22:01:16,     -4.2,     -2.01,     211,     0.5,     0.9,     1.3,     16.7,     73,     1006,     79.06,     255,     87.8,     -177.8
132,     27.06.2014 22:11:16,     -3.15,     -4.02,     195,     0.6,     1,     1.4,     16.7,     71.2,     1005.9,     79.06,     254.9,     88,     -177.9
133,     27.06.2014 22:21:16,     -3.15,     -2.01,     216,     0.5,     1.4,     2.5,     16.8,     71.4,     1006.1,     79.06,     255.1,     87.9,     -177.9,     12.652,     16.73,     69.7
134,     27.06.2014 22:31:16,     -3.15,     -2.01,     207,     0,     1.3,     2.7,     17.2,     71.7,     1006.1,     79.06,     255.1,     87.9,     -177.9
135,     27.06.2014 22:41:16,     -3.15,     -2.01,     243,     0.6,     1.5,     2.7,     17.3,     70.3,     1006.2,     79.06,     255,     87.8,     -177.9
136,     27.06.2014 22:51:16,     -4.2,     0,     230,     0.6,     1.2,     2.1,     17.5,     70.5,     1006.3,     79.08,     255.1,     88,     -177.9
137,     27.06.2014 23:01:16,     -11.55,     -2.01,     279,     0,     1.2,     2.2,     17.5,     64.7,     1006.2,     79.15,     255,     88,     -178
138,     27.06.2014 23:11:16,     -9.45,     0,     221,     0.3,     1.3,     2.4,     17,     70.2,     1006.2,     79.16,     254.9,     87.9,     -177.9
139,     27.06.2014 23:21:16,     -6.3,     -2.01,     119,     0.4,     0.9,     1.5,     16.8,     75.8,     1005.9,     79.16,     255,     88,     -178,     12.626,     16.72,     69.8
140,     27.06.2014 23:31:16,     -4.2,     -2.01,     108,     0.9,     1.4,     2,     16.3,     78.5,     1005.8,     79.16,     255,     88,     -178
141,     27.06.2014 23:41:16,     -4.2,     -2.01,     116,     0.8,     1.6,     2.4,     16.3,     74.1,     1005.6,     79.16,     254.8,     87.9,     -177.9
142,     27.06.2014 23:51:16,     -2.1,     -2.01,     125,     0.7,     1.4,     2.3,     16.2,     74.7,     1005.5,     79.16,     254.9,     87.9,     -177.9
143,     28.06.2014 00:01:16,     -2.1,     -4.02,     129,     0.3,     1.3,     1.9,     16,     75.4,     1005.5,     79.16,     255,     87.9,     -177.9,     12.493,     16.21,     69.8