Logger: #D10248 'TSK_Meteo' - USP_EXP2 (V2.10, Jan 24 2012)
No,     Time,     #1:W/m²:0,     #2:ÂµMol:(do.),     #5:deg:2,     #6:m/sMIN:(do.),     #7:m/sMIT:(do.),     #8:m/sMAX:(do.),     #9:Â°C:(do.),     #10:%:(do.),     #11:hPa:(do.),     #12:mm:(do.),     #14:AZ:3,     #15:EL:(do.),     #16:Roll:(do.),     #HK-Bat:V,     #HK-Temp:oC,     #HK-rH:%
(GSM Transfer OK / Signal:15)
1,     26.06.2014 00:11:23,     -5.25,     -2.01,     96,     0,     0.6,     1.3,     12,     86.1,     1008.3,     79,     254.8,     87.8,     -177.8,     12.471,     10.82,     69.9
2,     26.06.2014 00:21:23,     -6.3,     -2.01,     138,     0.3,     0.7,     1.2,     11.1,     86.8,     1008.4,     79,     254.7,     87.9,     -177.9
3,     26.06.2014 00:31:23,     -5.25,     -2.01,     120,     0.3,     0.7,     1.2,     11.1,     88.9,     1008.3,     79,     254.7,     88,     -178
4,     26.06.2014 00:41:23,     -5.25,     -2.01,     36,     0.1,     0.7,     1.5,     11.6,     89.4,     1008.3,     79,     254.7,     87.9,     -177.9
5,     26.06.2014 00:51:23,     -3.15,     0,     348,     0.4,     1,     1.6,     11.4,     89,     1008.3,     79,     254.8,     87.9,     -177.9
6,     26.06.2014 01:01:23,     -4.2,     -2.01,     1,     0.4,     1,     1.5,     11.4,     89.6,     1008.3,     79,     254.8,     88.1,     -178
7,     26.06.2014 01:11:22,     -5.25,     -2.01,     53,     0.5,     1.1,     1.6,     11.4,     89.4,     1008.3,     79,     254.8,     87.9,     -177.9,     12.520,     10.17,     71.1
8,     26.06.2014 01:21:22,     -4.2,     0,     90,     0.4,     1,     1.6,     11,     89,     1008.2,     79,     254.9,     87.8,     -177.8
9,     26.06.2014 01:31:22,     -5.25,     -2.01,     119,     0.5,     1,     1.4,     10.2,     89.3,     1008.2,     79,     254.8,     87.9,     -177.9
10,     26.06.2014 01:41:22,     -5.25,     -2.01,     129,     0.7,     1,     1.4,     9.9,     90.4,     1008.2,     79,     254.9,     87.9,     -177.9
11,     26.06.2014 01:51:22,     -4.2,     -2.01,     121,     0.2,     0.7,     1.2,     9.8,     91.1,     1008.2,     79,     254.7,     87.9,     -177.9
12,     26.06.2014 02:01:22,     -5.25,     -2.01,     112,     0,     0.5,     1,     10,     91.8,     1008.2,     79,     254.7,     88,     -178
13,     26.06.2014 02:11:21,     -5.25,     0,     139,     0,     0.4,     1,     10.3,     92.2,     1008.2,     79,     254.8,     88,     -177.9,     12.471,     9.39,     71.2
14,     26.06.2014 02:21:21,     -5.25,     -2.01,     15,     0,     1,     1.6,     10.6,     92.4,     1008.3,     79,     254.8,     87.9,     -177.9
15,     26.06.2014 02:31:21,     -5.25,     -2.01,     299,     0.3,     1,     1.8,     10.3,     91.2,     1008.3,     79,     254.7,     87.8,     -177.9
16,     26.06.2014 02:41:21,     -5.25,     -2.01,     317,     0.5,     1.1,     2,     10,     91.6,     1008.3,     79,     254.8,     87.8,     -177.8
17,     26.06.2014 02:51:21,     -4.2,     0,     339,     0.5,     1.5,     2.6,     9.6,     91.5,     1008.3,     79,     254.8,     87.9,     -177.9
18,     26.06.2014 03:01:21,     -5.25,     -2.01,     66,     0.4,     0.8,     1.4,     9.7,     91.4,     1008.2,     79,     254.8,     87.9,     -177.9
19,     26.06.2014 03:11:17,     -4.2,     -2.01,     190,     0,     0.4,     1,     9.6,     91.9,     1008.3,     79,     254.7,     88,     -178,     12.438,     9.07,     71.2
20,     26.06.2014 03:21:17,     -4.2,     -2.01,     248,     0,     0.6,     1.2,     9.7,     91.9,     1008.4,     79,     254.8,     87.9,     -177.9
21,     26.06.2014 03:31:17,     -4.2,     0,     127,     0.4,     0.9,     1.6,     9,     91.2,     1008.4,     79,     254.8,     87.9,     -177.9
22,     26.06.2014 03:41:17,     -1.05,     6.03,     128,     0.1,     0.9,     1.8,     9,     92.2,     1008.4,     79,     254.8,     88,     -177.9
23,     26.06.2014 03:51:17,     2.1,     12.06,     117,     0,     0.4,     1.2,     9.2,     92.6,     1008.4,     79,     254.7,     87.9,     -177.9
24,     26.06.2014 04:01:17,     6.3,     22.11,     111,     0.3,     0.9,     1.3,     9.5,     92.7,     1008.3,     79,     254.8,     87.8,     -177.8
25,     26.06.2014 04:11:22,     26.25,     46.23,     95,     0.5,     1,     1.7,     9,     92,     1008.4,     79,     254.9,     88,     -177.9,     12.457,     8.71,     71.4
26,     26.06.2014 04:21:22,     21,     48.24,     138,     0.1,     0.7,     1.4,     9.4,     92.7,     1008.5,     79,     254.8,     87.9,     -177.9
27,     26.06.2014 04:31:22,     33.6,     70.35,     125,     0.1,     0.8,     1.3,     9.3,     92.3,     1008.5,     79,     254.7,     87.9,     -177.9
28,     26.06.2014 04:41:22,     38.85,     84.42,     104,     0.5,     1.1,     1.5,     9.4,     92.5,     1008.7,     79,     254.9,     87.8,     -177.9
29,     26.06.2014 04:51:22,     54.6,     114.57,     128,     0.3,     0.8,     1.2,     9.3,     92.4,     1008.7,     79,     254.8,     87.9,     -177.9
30,     26.06.2014 05:01:22,     70.35,     142.71,     101,     0.2,     0.7,     1.1,     9.5,     92.8,     1008.8,     79,     254.9,     87.9,     -177.9
31,     26.06.2014 05:11:16,     77.7,     160.8,     162,     0,     0.5,     1.4,     9.9,     92.9,     1008.8,     79,     254.9,     87.9,     -177.9,     12.938,     10.00,     71.5
32,     26.06.2014 05:21:16,     112.35,     221.1,     165,     0.2,     0.7,     1.3,     9.8,     92.6,     1008.8,     79,     255,     87.8,     -177.9
33,     26.06.2014 05:31:16,     134.4,     263.31,     143,     0,     0.3,     0.9,     10.3,     93,     1008.9,     79,     255.1,     87.9,     -177.9
34,     26.06.2014 05:41:16,     133.35,     265.32,     46,     0,     0.5,     1.4,     10.5,     92.4,     1009,     79,     255.1,     87.9,     -177.9
35,     26.06.2014 05:51:16,     196.35,     357.78,     16,     0.1,     0.8,     1.6,     10.7,     92.6,     1009,     79,     255.2,     88,     -178
36,     26.06.2014 06:01:16,     275.1,     484.41,     65,     0.2,     0.8,     1.6,     11.4,     93,     1009,     79,     255.2,     87.8,     -177.9
37,     26.06.2014 06:11:16,     275.1,     524.61,     90,     0,     0.5,     1.1,     12.1,     93,     1009.1,     79,     255.2,     87.9,     -177.9,     14.269,     14.45,     71.8
38,     26.06.2014 06:21:16,     315,     623.1,     49,     0,     0.8,     2.1,     12.2,     91.6,     1009.2,     79,     255.3,     88,     -178
39,     26.06.2014 06:31:16,     329.7,     669.33,     71,     0.1,     0.9,     1.9,     12.6,     90.7,     1009.3,     79,     255.3,     87.8,     -177.8
40,     26.06.2014 06:41:16,     337.05,     667.32,     92,     0,     0.9,     1.9,     12.8,     88.1,     1009.2,     79,     255.4,     88,     -178
41,     26.06.2014 06:51:16,     429.45,     888.42,     150,     0,     0.6,     1.5,     13.3,     86,     1009.2,     79,     (NO REPLY),     (NO REPLY),     (NO REPLY)
42,     26.06.2014 07:01:16,     352.8,     711.54,     174,     0,     0.6,     2,     13.9,     81.2,     1009.1,     79,     255.3,     87.9,     -178
43,     26.06.2014 07:11:21,     454.65,     890.43,     162,     0.1,     1.6,     3.8,     13.8,     79.6,     1009.1,     79,     255.3,     87.9,     -177.9,     13.307,     22.80,     69.2
44,     26.06.2014 07:21:21,     402.15,     775.86,     146,     0.2,     1.6,     3.3,     14.2,     74.7,     1009.1,     79,     255.3,     88,     -178
45,     26.06.2014 07:31:21,     378,     741.69,     158,     0.2,     1.6,     3.7,     14.4,     75.6,     1009.1,     79,     255.4,     87.9,     -177.9
46,     26.06.2014 07:41:21,     302.4,     623.1,     160,     0.2,     1.7,     2.7,     14.3,     74.6,     1009.1,     79,     255.3,     87.9,     -177.9
47,     26.06.2014 07:51:21,     395.85,     783.9,     143,     0,     1.4,     3.3,     14.5,     74.5,     1009,     79,     255.2,     88,     -178
48,     26.06.2014 08:01:21,     312.9,     629.13,     150,     0.3,     1.4,     3.5,     14.4,     73.2,     1009,     79,     255.3,     87.9,     -177.9
49,     26.06.2014 08:11:16,     327.6,     657.27,     136,     0,     1.3,     2.8,     14.5,     70.9,     1009.1,     79,     255.3,     87.9,     -177.8,     13.326,     22.57,     68.6
50,     26.06.2014 08:21:16,     333.9,     669.33,     147,     0.2,     1.3,     2.9,     14.6,     72.4,     1009.2,     79,     255.3,     88,     -178
51,     26.06.2014 08:31:16,     400.05,     793.95,     173,     0.6,     2,     4.1,     14.6,     70.5,     1009.2,     79,     255.3,     87.9,     -178
52,     26.06.2014 08:41:16,     403.2,     810.03,     156,     0,     1.5,     3.8,     14.7,     70.6,     1009.2,     79,     255.2,     87.9,     -177.9
53,     26.06.2014 08:51:16,     532.35,     1053.24,     172,     0,     1.8,     3.2,     14.8,     66.5,     1009.2,     79,     255.3,     87.9,     -177.9
54,     26.06.2014 09:01:16,     610.05,     1199.97,     180,     0.3,     1.8,     3.6,     14.9,     66,     1009.2,     79,     255.3,     88,     -178
55,     26.06.2014 09:11:17,     520.8,     1053.24,     184,     0.2,     1.6,     3.6,     15,     63,     1009.2,     79,     255.2,     88,     -178,     13.264,     21.95,     68.9
56,     26.06.2014 09:21:17,     479.85,     954.75,     155,     0,     0.9,     2.3,     15.3,     63.4,     1009.3,     79,     255.2,     88,     -178
57,     26.06.2014 09:31:17,     452.55,     918.57,     189,     0.1,     1.8,     4,     15.3,     62.5,     1009.3,     79,     255.2,     88,     -178
58,     26.06.2014 09:41:17,     375.9,     765.81,     161,     0,     1,     3,     15.5,     61.4,     1009.3,     79,     255.2,     87.9,     -178
59,     26.06.2014 09:51:17,     479.85,     974.85,     209,     0.3,     1.8,     3.3,     15.4,     63.8,     1009.3,     79,     255.3,     87.9,     -177.9
60,     26.06.2014 10:01:17,     525,     1057.26,     176,     0,     1.4,     3.5,     15.6,     60,     1009.3,     79,     255.2,     87.9,     -177.9
61,     26.06.2014 10:11:17,     580.65,     1177.86,     107,     0,     0.9,     3.3,     16,     59.1,     1009.3,     79,     255.2,     88,     -177.9,     13.228,     22.79,     68.3
62,     26.06.2014 10:21:17,     562.8,     1141.68,     167,     0,     1.5,     3.1,     15.9,     60,     1009.4,     79,     255.3,     88,     -178
63,     26.06.2014 10:31:17,     853.65,     1710.51,     152,     0.1,     1,     3.1,     16.4,     59,     1009.4,     79,     255.3,     88,     -178
64,     26.06.2014 10:41:17,     570.15,     1029.12,     235,     0,     1.1,     2.3,     16.6,     55.6,     1009.4,     79,     255.3,     88,     -178
65,     26.06.2014 10:51:17,     696.15,     1404.99,     157,     0,     1.6,     3.5,     16.4,     48.5,     1009.4,     79,     75.5,     88,     -2
66,     26.06.2014 11:01:17,     572.25,     1161.78,     207,     0,     1.1,     2.2,     16.9,     48.5,     1009.5,     79,     255.4,     88,     -178
67,     26.06.2014 11:11:16,     793.8,     1608,     212,     0,     1.1,     2.4,     17.1,     48.5,     1009.5,     79,     75.7,     88,     -2,     13.050,     25.22,     67.1
68,     26.06.2014 11:21:16,     801.15,     1618.05,     162,     0,     0.8,     2.6,     17.1,     45,     1009.6,     79,     75.7,     88,     -2
69,     26.06.2014 11:31:16,     806.4,     1636.14,     329,     0,     1.1,     3.3,     17,     45.1,     1009.5,     79,     75.6,     88,     -1.9
70,     26.06.2014 11:41:16,     865.2,     1758.75,     207,     0,     0.8,     2.1,     17.4,     46.3,     1009.4,     79,     75.7,     88,     -1.9
71,     26.06.2014 11:51:16,     746.55,     1531.62,     240,     0,     0.7,     1.9,     17.9,     40.2,     1009.3,     79,     75.5,     87.9,     -2
72,     26.06.2014 12:01:16,     906.15,     1857.24,     99,     0,     1,     2.4,     17.6,     42.1,     1009.2,     79,     75.6,     87.8,     -2.1
73,     26.06.2014 12:11:16,     278.25,     598.98,     8,     0,     1,     2.8,     17.6,     39.6,     1009.2,     79,     75.6,     87.9,     -2,     13.330,     26.60,     66.8
74,     26.06.2014 12:21:16,     919.8,     1869.3,     328,     0,     1.2,     2.5,     17.8,     40.5,     1009.2,     79,     75.5,     88,     -2
75,     26.06.2014 12:31:16,     970.2,     1961.76,     337,     0.1,     1,     2.3,     17.9,     41.6,     1009.1,     79,     75.6,     87.9,     -2
76,     26.06.2014 12:41:16,     667.8,     1364.79,     303,     0.1,     1,     2.3,     18.3,     36.1,     1009,     79,     75.5,     88,     -1.9
77,     26.06.2014 12:51:16,     284.55,     600.99,     258,     0,     0.6,     2.1,     18.6,     38.6,     1009,     79,     75.5,     87.8,     -2.1
78,     26.06.2014 13:01:16,     406.35,     870.33,     147,     0,     0.9,     2.4,     18.6,     38.7,     1008.9,     79,     75.3,     87.8,     -2.1
79,     26.06.2014 13:11:16,     562.8,     1141.68,     119,     0.4,     1.5,     3,     18,     41.1,     1008.8,     79,     75.6,     87.8,     -2,     13.086,     27.40,     66.5
80,     26.06.2014 13:21:16,     825.3,     1662.27,     185,     0,     0.4,     1.1,     19,     37.7,     1008.7,     79,     75.6,     87.8,     -2
81,     26.06.2014 13:31:16,     409.5,     846.21,     258,     0,     1.4,     2.9,     18.5,     38.9,     1008.6,     79,     75.6,     87.8,     -2
82,     26.06.2014 13:41:16,     948.15,     1885.38,     20,     0.3,     1.7,     4.2,     18.4,     43.9,     1008.6,     79,     75.5,     87.8,     -2
83,     26.06.2014 13:51:16,     588,     1141.68,     68,     0.3,     1.7,     3.1,     18.3,     42,     1008.6,     79,     75.6,     87.9,     -2
84,     26.06.2014 14:01:16,     301.35,     598.98,     71,     0.3,     1.4,     2.9,     18.4,     45.5,     1008.6,     79,     75.4,     87.9,     -2
85,     26.06.2014 14:11:17,     331.8,     681.39,     131,     0,     0.6,     1.8,     18.6,     44.4,     1008.6,     79,     75.6,     88,     -1.9,     13.226,     26.80,     66.9
86,     26.06.2014 14:21:17,     420,     860.28,     121,     0,     0.6,     1.4,     18.9,     43.9,     1008.5,     79,     75.5,     88,     -1.9
87,     26.06.2014 14:31:17,     390.6,     793.95,     153,     0,     0.8,     1.8,     18.6,     42.2,     1008.5,     79,     75.6,     87.9,     -2
88,     26.06.2014 14:41:17,     488.25,     986.91,     64,     0,     0.5,     1.2,     18.9,     41.8,     1008.6,     79,     75.5,     87.9,     -2
89,     26.06.2014 14:51:17,     682.5,     1346.7,     3,     0,     0.8,     1.7,     19.3,     40.5,     1008.6,     79,     75.6,     87.8,     -2
90,     26.06.2014 15:01:17,     799.05,     1549.71,     321,     0.2,     0.9,     1.7,     19.3,     40.5,     1008.6,     79,     75.5,     87.8,     -2.1
91,     26.06.2014 15:11:17,     809.55,     1559.76,     278,     0.2,     1,     2.3,     19.2,     40.9,     1008.5,     79,     75.5,     87.9,     -2,     13.364,     26.59,     66.8
92,     26.06.2014 15:21:17,     724.5,     1413.03,     202,     0,     1.2,     3,     19,     42.2,     1008.5,     79,     75.5,     87.9,     -2
93,     26.06.2014 15:31:17,     741.3,     1425.09,     216,     0.1,     1.8,     4.2,     19,     46.8,     1008.4,     79,     75.7,     87.9,     -2
94,     26.06.2014 15:41:17,     689.85,     1320.57,     223,     0.1,     2.1,     4.5,     18.9,     42.1,     1008.4,     79,     75.6,     88,     -1.9
95,     26.06.2014 15:51:17,     659.4,     1262.28,     254,     0,     0.8,     1.9,     19.6,     40.5,     1008.4,     79,     75.5,     87.8,     -1.9
96,     26.06.2014 16:01:17,     649.95,     1238.16,     315,     0,     0.9,     3,     19.5,     39.3,     1008.4,     79,     75.6,     88,     -1.9
97,     26.06.2014 16:11:16,     603.75,     1149.72,     324,     0,     0.7,     2.2,     19.9,     39.4,     1008.4,     79,     75.5,     87.9,     -2,     13.279,     28.00,     66.0
98,     26.06.2014 16:21:16,     102.9,     243.21,     247,     0.1,     0.9,     2.8,     19.5,     39.2,     1008.3,     79,     75.9,     87.9,     -1.9
99,     26.06.2014 16:31:16,     143.85,     353.76,     341,     0.1,     1.1,     4.1,     19.2,     40.9,     1008.2,     79,     75.4,     87.9,     -2
100,     26.06.2014 16:41:16,     518.7,     976.86,     104,     0,     0.7,     2.8,     18.9,     44.7,     1008.1,     79,     75.4,     87.9,     -2
101,     26.06.2014 16:51:16,     494.55,     928.62,     99,     0,     0.9,     2.1,     19.1,     42.2,     1008.1,     79,     75.4,     88,     -1.9
102,     26.06.2014 17:01:16,     466.2,     874.35,     102,     0,     0.8,     2.4,     19.2,     40.1,     1008.1,     79,     75.4,     88,     -1.9
103,     26.06.2014 17:11:16,     431.55,     799.98,     184,     0,     1.7,     3.5,     19.3,     40.3,     1008,     79,     75.2,     87.9,     -1.9,     13.442,     26.80,     66.1
104,     26.06.2014 17:21:16,     407.4,     759.78,     207,     0.1,     1,     3.1,     19.7,     38.5,     1008,     79,     75.5,     88,     -1.9
105,     26.06.2014 17:31:16,     380.1,     707.52,     308,     0,     0.6,     1.5,     20.2,     38.8,     1008,     79,     75.5,     88,     -1.9
106,     26.06.2014 17:41:16,     324.45,     603,     346,     0,     0.4,     1.5,     20.3,     36.3,     1008,     79,     75.3,     88,     -1.8
107,     26.06.2014 17:51:16,     53.55,     134.67,     238,     0.1,     1.5,     3.3,     19.7,     43.4,     1008.1,     79,     75.3,     88.1,     -1.8
108,     26.06.2014 18:01:16,     55.65,     132.66,     209,     0.7,     1.6,     3.3,     19,     47.6,     1008.2,     79,     75.5,     88,     -1.9
109,     26.06.2014 18:11:16,     35.7,     92.46,     225,     0.7,     1.6,     2.5,     18.4,     50.5,     1008.1,     79,     75.5,     88,     -1.9,     13.421,     25.97,     66.9
110,     26.06.2014 18:21:16,     29.4,     84.42,     199,     0.9,     1.5,     2.3,     17.9,     53,     1008.1,     79,     75.5,     87.9,     -2
111,     26.06.2014 18:31:16,     26.25,     78.39,     200,     0.5,     1.2,     1.8,     17.6,     56.4,     1008.1,     79,     75.4,     88,     -1.9
112,     26.06.2014 18:41:16,     19.95,     62.31,     192,     0.7,     1.2,     1.8,     17.4,     56,     1008.1,     79,     75.4,     88,     -1.9
113,     26.06.2014 18:51:16,     24.15,     68.34,     165,     0.3,     1.1,     1.5,     17.1,     57,     1008.2,     79,     75.2,     87.9,     -2
114,     26.06.2014 19:01:16,     19.95,     58.29,     177,     0,     0.5,     1.8,     17.1,     55.5,     1008.2,     79,     75.3,     88,     -1.9
115,     26.06.2014 19:11:16,     14.7,     40.2,     324,     0,     0.5,     1.4,     17.2,     62.9,     1008.3,     79,     75.3,     87.9,     -2,     13.054,     19.78,     69.7
116,     26.06.2014 19:21:16,     11.55,     34.17,     335,     0.8,     1.7,     3.2,     17.1,     56.9,     1008.3,     79,     75.3,     87.9,     -1.9
117,     26.06.2014 19:31:16,     10.5,     28.14,     359,     1.5,     3.1,     7,     16.8,     58.4,     1008.5,     79,     255.1,     88,     -178.1
118,     26.06.2014 19:41:16,     10.5,     28.14,     24,     2.8,     5.5,     8.6,     16.5,     59.1,     1008.5,     79,     74.7,     87.5,     -2.4
119,     26.06.2014 19:51:16,     15.75,     26.13,     37,     2.6,     6.4,     9.3,     16.4,     58,     1008.5,     79,     74.9,     88,     -1.9
120,     26.06.2014 20:01:16,     9.45,     22.11,     50,     2.1,     5.1,     8.8,     15.7,     62.4,     1008.6,     79.01,     74.6,     88.7,     -1.2
121,     26.06.2014 20:11:16,     14.7,     16.08,     49,     2.9,     5.3,     8.6,     15.3,     66.5,     1008.7,     79.01,     254.3,     88.9,     -178.9,     12.764,     17.47,     69.9
122,     26.06.2014 20:21:16,     3.15,     12.06,     50,     1.8,     4.4,     7.8,     14.9,     68,     1008.7,     79.03,     75.5,     88.6,     -1.2
123,     26.06.2014 20:31:16,     -2.1,     12.06,     42,     0.7,     4.5,     10.3,     15,     67.2,     1008.8,     79.06,     254.1,     87.8,     -177.8
124,     26.06.2014 20:41:16,     0,     6.03,     50,     0.9,     4,     7.7,     14.8,     65.2,     1008.8,     79.06,     254.5,     88.1,     -178.1
125,     26.06.2014 20:51:16,     -2.1,     2.01,     45,     1.3,     3,     5.1,     14.5,     68.5,     1008.9,     79.06,     75,     87.6,     -2.4
126,     26.06.2014 21:01:16,     -3.15,     0,     72,     0.3,     1.7,     3.6,     14.3,     69.7,     1008.9,     79.06,     254.9,     88.1,     -178.1
127,     26.06.2014 21:11:16,     -4.2,     -2.01,     82,     0.4,     1.7,     3.7,     14,     70.8,     1008.9,     79.06,     255,     87.9,     -177.9,     12.671,     15.11,     70.4
128,     26.06.2014 21:21:16,     -5.25,     -2.01,     68,     0.2,     1.4,     3.7,     13.9,     71.5,     1009,     79.06,     254.9,     87.8,     -177.8
129,     26.06.2014 21:31:16,     -4.2,     -2.01,     81,     0.1,     1.3,     2.6,     13.8,     72.5,     1008.9,     79.06,     254.8,     87.9,     -177.9
130,     26.06.2014 21:41:16,     -4.2,     0,     89,     0.3,     1.4,     2.4,     13.5,     71.4,     1009,     79.06,     254.8,     87.9,     -177.9
131,     26.06.2014 21:51:16,     -4.2,     0,     86,     0.4,     1.3,     2.7,     13.4,     74.3,     1008.9,     79.06,     254.8,     87.9,     -177.9
132,     26.06.2014 22:01:16,     -5.25,     -2.01,     86,     0.2,     1,     1.9,     13.4,     72.6,     1008.9,     79.06,     254.9,     87.9,     -177.9
133,     26.06.2014 22:11:16,     -3.15,     -2.01,     81,     0,     0.6,     1.5,     13.4,     70.1,     1009,     79.06,     254.8,     88,     -178,     12.633,     13.33,     70.8
134,     26.06.2014 22:21:16,     -5.25,     -2.01,     98,     0,     0.5,     1.2,     13.7,     69,     1009,     79.06,     254.8,     87.9,     -177.9
135,     26.06.2014 22:31:16,     -6.3,     -4.02,     57,     0.1,     0.8,     1.4,     13.9,     66.1,     1009,     79.06,     254.7,     87.9,     -177.9
136,     26.06.2014 22:41:16,     -6.3,     -4.02,     74,     0.3,     0.9,     1.8,     13.8,     67.6,     1009,     79.06,     254.7,     88,     -178
137,     26.06.2014 22:51:16,     -6.3,     0,     103,     0,     0.7,     1.6,     13.3,     71.3,     1009,     79.06,     254.8,     87.9,     -177.9
138,     26.06.2014 23:01:16,     -5.25,     -4.02,     94,     0,     0.4,     1.1,     13.2,     73.3,     1009.1,     79.06,     254.8,     87.8,     -177.9
139,     26.06.2014 23:11:16,     -5.25,     0,     54,     0.1,     0.9,     1.8,     13.2,     70.3,     1009.2,     79.06,     254.8,     87.8,     -177.8,     12.592,     12.02,     71.1
140,     26.06.2014 23:21:16,     -5.25,     -4.02,     62,     0,     0.5,     1.2,     13,     74.6,     1009.2,     79.06,     254.9,     87.8,     -177.9
141,     26.06.2014 23:31:16,     -5.25,     -2.01,     80,     0,     0.5,     1.4,     12.9,     73.1,     1009.2,     79.06,     254.8,     87.8,     -177.8
142,     26.06.2014 23:41:16,     -4.2,     -2.01,     92,     0,     0.5,     1.4,     12.7,     73.5,     1009.2,     79.06,     254.8,     87.9,     -177.9
143,     26.06.2014 23:51:16,     -5.25,     -2.01,     67,     0,     0.6,     1.3,     12.7,     74.1,     1009.2,     79.06,     254.8,     87.8,     -177.8
144,     27.06.2014 00:01:17,     -5.25,     -2.01,     60,     0.1,     0.7,     1.1,     12.6,     77.2,     1009.3,     79.06,     254.8,     87.9,     -177.9,     12.467,     11.13,     71.2
(GSM ERROR Login: No Net / Signal:Unknown / 27.06.2014 00:01:17)
145,     27.06.2014 00:11:27,     -5.25,     -2.01,     52,     0,     0.5,     1.1,     12.5,     75.6,     1009.2,     79.06,     254.8,     87.9,     -177.9,     12.478,     11.30,     70.4