Logger: #D10248 'TSK_Meteo' - USP_EXP2 (V2.10, Jan 24 2012)
No,     Time,     #1:W/m²:0,     #2:ÂµMol:(do.),     #5:deg:2,     #6:m/sMIN:(do.),     #7:m/sMIT:(do.),     #8:m/sMAX:(do.),     #9:Â°C:(do.),     #10:%:(do.),     #11:hPa:(do.),     #12:mm:(do.),     #14:AZ:3,     #15:EL:(do.),     #16:Roll:(do.),     #HK-Bat:V,     #HK-Temp:oC,     #HK-rH:%
(GSM Transfer OK / Signal:8)
1,     25.01.2015 00:11:16,     -4.2,     -2.01,     346,     0.7,     1.7,     2.8,     0.8,     89.5,     1011.6,     423.29,     73.6,     88,     -1.9,     12.259,     1.61,     89.6
2,     25.01.2015 00:21:16,     -4.2,     -2.01,     347,     0.8,     1.6,     3.6,     0.8,     89.5,     1011.6,     423.29,     73,     88,     -1.9
3,     25.01.2015 00:31:16,     -4.2,     -2.01,     357,     0.7,     1.6,     2.8,     0.7,     89.5,     1011.7,     423.29,     73.2,     87.9,     -1.9
4,     25.01.2015 00:41:16,     -4.2,     -2.01,     3,     0.7,     1.7,     2.8,     0.6,     89.6,     1011.8,     423.29,     73.1,     88,     -1.9
5,     25.01.2015 00:51:16,     -4.2,     -4.02,     4,     0.5,     1.4,     2.8,     0.5,     89.6,     1011.8,     423.29,     73.1,     87.9,     -2
6,     25.01.2015 01:01:16,     -4.2,     -2.01,     350,     0.4,     1.3,     2.2,     0.4,     89.8,     1011.9,     423.29,     73.1,     87.9,     -1.9
7,     25.01.2015 01:11:16,     -5.25,     -2.01,     350,     0.2,     1,     2,     0.2,     89.8,     1012,     423.29,     73,     87.9,     -1.9,     13.832,     0.27,     91.8
8,     25.01.2015 01:21:16,     -4.2,     -2.01,     339,     0.1,     1.1,     2.6,     0.2,     90,     1012,     423.29,     73.1,     87.8,     -2.1
9,     25.01.2015 01:31:16,     -4.2,     0,     341,     0.1,     1.1,     2.4,     0.1,     90.2,     1012.1,     423.29,     72.9,     88,     -1.9
10,     25.01.2015 01:41:16,     -4.2,     -2.01,     351,     0.1,     1,     2.3,     0,     90.2,     1012.1,     423.29,     73.1,     88,     -1.9
11,     25.01.2015 01:51:16,     -6.3,     -4.02,     339,     0.2,     1.1,     3.3,     0,     90.3,     1012.1,     423.29,     73.1,     87.9,     -2
12,     25.01.2015 02:01:16,     -5.25,     -2.01,     329,     0.7,     2,     4,     0.1,     90.7,     1012.1,     423.29,     73.2,     87.9,     -2
13,     25.01.2015 02:11:17,     -4.2,     0,     332,     1,     2.3,     4,     0.1,     90.3,     1012.2,     423.29,     73,     88,     -1.9,     12.730,     -0.58,     92.2
14,     25.01.2015 02:21:17,     -5.25,     -4.02,     334,     0.9,     2.2,     4,     0.1,     90,     1012.3,     423.29,     73.1,     87.9,     -2
15,     25.01.2015 02:31:17,     -4.2,     -2.01,     330,     0.9,     1.9,     3.8,     0,     89.9,     1012.4,     423.29,     72.9,     87.9,     -2
16,     25.01.2015 02:41:17,     -3.15,     0,     333,     0.6,     1.7,     3.3,     0,     90.1,     1012.4,     423.29,     73.1,     88,     -1.9
17,     25.01.2015 02:51:17,     -5.25,     -2.01,     331,     0.7,     1.6,     3.3,     -0.1,     90,     1012.5,     423.29,     73.1,     88,     -1.9
18,     25.01.2015 03:01:17,     -6.3,     0,     328,     0.4,     1.6,     3.4,     -0.3,     90.1,     1012.6,     423.29,     73.1,     88,     -2
19,     25.01.2015 03:11:16,     -5.25,     -2.01,     326,     0.2,     1.6,     3.2,     -0.3,     90.4,     1012.6,     423.29,     73.2,     88,     -1.9,     12.546,     -0.88,     92.1
20,     25.01.2015 03:21:16,     -5.25,     -2.01,     326,     0.1,     0.9,     2.3,     -0.4,     90.3,     1012.7,     423.29,     252.9,     87.9,     -178
21,     25.01.2015 03:31:16,     -6.3,     0,     340,     0.1,     0.9,     2.8,     -0.6,     90.4,     1012.8,     423.29,     72.9,     88,     -1.9
22,     25.01.2015 03:41:16,     -5.25,     -2.01,     3,     0.1,     0.9,     2.5,     -0.6,     90.7,     1012.9,     423.29,     73,     87.9,     -2
23,     25.01.2015 03:51:16,     -6.3,     -4.02,     341,     0.1,     0.8,     2.8,     -0.8,     90.7,     1012.9,     423.29,     73,     87.9,     -2
24,     25.01.2015 04:01:16,     -4.2,     -2.01,     337,     0.1,     1.1,     3.3,     -0.7,     91,     1013,     423.29,     252.8,     87.9,     -177.9
25,     25.01.2015 04:11:16,     -4.2,     -2.01,     325,     0.2,     1.6,     3.6,     -0.5,     91.2,     1013,     423.29,     252.9,     87.9,     -177.9,     12.446,     -1.58,     92.5
26,     25.01.2015 04:21:16,     -5.25,     -2.01,     316,     0.5,     1.7,     3.2,     -0.4,     90.9,     1013,     423.29,     73.1,     88,     -2
27,     25.01.2015 04:31:16,     -5.25,     -2.01,     319,     0.3,     1.6,     3.1,     -0.6,     90.7,     1013,     423.29,     73.2,     88,     -1.9
28,     25.01.2015 04:41:16,     -5.25,     0,     312,     0.7,     1.9,     4.3,     -0.6,     90.7,     1013.1,     423.29,     253.1,     88,     -178
29,     25.01.2015 04:51:16,     -5.25,     -2.01,     310,     0.6,     1.9,     3.3,     -0.7,     90.7,     1013.1,     423.29,     73.1,     87.9,     -1.9
30,     25.01.2015 05:01:16,     -5.25,     0,     303,     0.6,     2.4,     3.8,     -0.6,     90.7,     1013.1,     423.29,     73.1,     88,     -1.9
31,     25.01.2015 05:11:17,     -4.2,     0,     302,     0.9,     2.6,     4.3,     -0.6,     90.8,     1013.2,     423.29,     73.5,     88,     -1.9,     12.425,     -1.57,     92.5
32,     25.01.2015 05:21:17,     -4.2,     -2.01,     302,     1.7,     3,     3.9,     -0.6,     90.7,     1013.3,     423.29,     73.5,     87.9,     -2
33,     25.01.2015 05:31:17,     -4.2,     0,     305,     1.7,     3,     4.4,     -0.6,     90.7,     1013.3,     423.29,     253.4,     88,     -178
34,     25.01.2015 05:41:17,     -3.15,     0,     303,     1.5,     3.1,     4.5,     -0.6,     90.3,     1013.5,     423.29,     73.3,     87.9,     -2
35,     25.01.2015 05:51:17,     -6.3,     -2.01,     321,     0.5,     1.9,     3.6,     -0.9,     90.1,     1013.5,     423.29,     253,     88,     -177.9
36,     25.01.2015 06:01:17,     -5.25,     -2.01,     341,     0.2,     1.2,     3.2,     -1,     90.4,     1013.7,     423.29,     72.9,     87.9,     -2
37,     25.01.2015 06:11:16,     -4.2,     0,     328,     0.4,     2.1,     4.2,     -1.1,     90.6,     1013.8,     423.29,     73.1,     88,     -1.9,     13.826,     -1.53,     92.3
38,     25.01.2015 06:21:16,     -6.3,     -2.01,     319,     0.4,     2.1,     3.9,     -1,     90.8,     1013.7,     423.29,     73.2,     87.9,     -2
39,     25.01.2015 06:31:16,     -5.25,     -2.01,     318,     0.4,     1.9,     3.4,     -1.1,     90.7,     1013.8,     423.29,     73.1,     88.1,     -1.8
40,     25.01.2015 06:41:16,     -4.2,     -2.01,     311,     0.5,     2.1,     3.4,     -1.1,     90.8,     1013.8,     423.29,     73,     88,     -1.9
41,     25.01.2015 06:51:16,     -5.25,     0,     322,     0.1,     1.7,     3.5,     -1.1,     90.9,     1013.9,     423.29,     72.9,     88,     -1.9
42,     25.01.2015 07:01:16,     -5.25,     -2.01,     335,     0.4,     1.5,     3,     -1.2,     90.7,     1014,     423.29,     253.1,     87.9,     -177.9
43,     25.01.2015 07:11:16,     -5.25,     -2.01,     344,     0.3,     1.3,     3.1,     -1.3,     90.9,     1014.1,     423.29,     73,     88,     -1.9,     12.802,     -1.97,     92.4
44,     25.01.2015 07:21:16,     -4.2,     0,     329,     0.4,     1.7,     3.9,     -1.3,     91,     1014.2,     423.29,     73.1,     87.9,     -2
45,     25.01.2015 07:31:16,     -5.25,     -2.01,     324,     0.3,     1.8,     3.7,     -1.3,     90.9,     1014.3,     423.29,     73,     87.9,     -2
46,     25.01.2015 07:41:16,     -4.2,     -2.01,     325,     0.5,     2.1,     3.4,     -1.4,     91,     1014.4,     423.29,     73,     88,     -1.9
47,     25.01.2015 07:51:16,     -2.1,     0,     315,     0.3,     1.8,     3.7,     -1.3,     91.2,     1014.5,     423.29,     252.9,     88,     -177.9
48,     25.01.2015 08:01:16,     -1.05,     2.01,     308,     1.2,     2.8,     4.6,     -1,     91.4,     1014.7,     423.29,     252.9,     87.9,     -177.9
49,     25.01.2015 08:11:16,     2.1,     10.05,     312,     1.2,     3.1,     4.8,     -0.6,     91.4,     1014.8,     423.29,     72.9,     87.9,     -2,     12.533,     -1.99,     92.8
50,     25.01.2015 08:21:16,     6.3,     14.07,     318,     1.3,     2.8,     4.3,     -0.7,     90.9,     1015,     423.29,     253.2,     88.1,     -178
51,     25.01.2015 08:31:16,     10.5,     26.13,     322,     1,     2.5,     4.5,     -0.5,     91.1,     1015.1,     423.29,     72.9,     88,     -1.9
52,     25.01.2015 08:41:16,     12.6,     28.14,     321,     0.5,     2.4,     4.5,     -0.3,     91.2,     1015.1,     423.29,     73,     87.9,     -2
53,     25.01.2015 08:51:16,     15.75,     32.16,     325,     0.8,     2.6,     5.2,     -0.2,     90.9,     1015.4,     423.29,     73.2,     88,     -2
54,     25.01.2015 09:01:16,     25.2,     48.24,     327,     0.8,     2.3,     4.5,     -0.2,     90.8,     1015.4,     423.29,     73.1,     88,     -1.9
55,     25.01.2015 09:11:16,     23.1,     48.24,     337,     0.9,     2,     4.2,     -0.1,     90.9,     1015.5,     423.29,     73.2,     87.9,     -2,     12.571,     -0.41,     92.4
56,     25.01.2015 09:21:16,     31.5,     64.32,     318,     0.6,     2,     3.9,     0,     90.9,     1015.6,     423.29,     73.1,     88,     -1.9
57,     25.01.2015 09:31:16,     34.65,     68.34,     312,     0.6,     1.8,     3.4,     0,     90.8,     1015.7,     423.29,     73.3,     88,     -1.9
58,     25.01.2015 09:41:16,     38.85,     78.39,     301,     0.7,     2.2,     3.5,     0.1,     90.9,     1015.7,     423.29,     73.2,     87.9,     -2
59,     25.01.2015 09:51:16,     44.1,     92.46,     299,     0.5,     2.3,     4.3,     0.2,     90.9,     1015.6,     423.29,     73.2,     87.9,     -2
60,     25.01.2015 10:01:16,     51.45,     108.54,     312,     0.5,     2,     4,     0.3,     90.9,     1015.6,     423.29,     73.1,     88,     -1.9
61,     25.01.2015 10:11:17,     57.75,     122.61,     316,     0.1,     1.5,     3.2,     0.4,     90.9,     1015.6,     423.29,     73.4,     88,     -1.9,     13.014,     0.65,     92.0
62,     25.01.2015 10:21:17,     63,     132.66,     310,     0.1,     2,     4.4,     0.5,     90.8,     1015.7,     423.29,     73.3,     88,     -1.9
63,     25.01.2015 10:31:17,     89.25,     180.9,     313,     0.1,     2.1,     4.7,     0.5,     90.7,     1015.6,     423.29,     73.9,     88,     -1.9
64,     25.01.2015 10:41:17,     103.95,     211.05,     321,     0.7,     3,     6.2,     0.7,     90.7,     1015.8,     423.29,     73.1,     88,     -2
65,     25.01.2015 10:51:17,     163.8,     319.59,     318,     1.3,     3.1,     6.7,     0.8,     90.5,     1015.9,     423.29,     73.5,     88,     -1.9
66,     25.01.2015 11:01:17,     211.05,     410.04,     313,     1.3,     3,     5.4,     0.9,     90.1,     1015.8,     423.29,     73.3,     87.8,     -2
67,     25.01.2015 11:11:17,     318.15,     570.84,     310,     1.1,     3.3,     5.8,     1,     89.6,     1015.9,     423.29,     252.9,     88,     -178,     13.629,     1.95,     91.9
68,     25.01.2015 11:21:17,     237.3,     440.19,     310,     1.1,     2.9,     5.9,     1,     89.1,     1015.8,     423.29,     73.7,     87.9,     -2
69,     25.01.2015 11:31:17,     220.5,     452.25,     305,     1.4,     3.3,     6.2,     1.1,     88.6,     1015.7,     423.29,     73.5,     87.9,     -2
70,     25.01.2015 11:41:17,     250.95,     476.37,     299,     1.5,     3.4,     5.8,     1.3,     88.2,     1015.7,     423.29,     74.4,     88,     -1.9
71,     25.01.2015 11:51:17,     255.15,     474.36,     303,     0.9,     3,     5.2,     1.5,     87.5,     1015.6,     423.29,     73.2,     87.9,     -1.9
72,     25.01.2015 12:01:17,     262.5,     488.43,     305,     0.9,     3,     5.9,     1.7,     86.4,     1015.7,     423.29,     73.9,     88,     -1.9
73,     25.01.2015 12:11:16,     267.75,     480.39,     302,     1,     2.9,     5.2,     1.8,     86.1,     1015.6,     423.29,     73.4,     87.9,     -2,     13.495,     4.43,     90.9
74,     25.01.2015 12:21:16,     260.4,     474.36,     301,     0.1,     2.5,     4.5,     1.9,     86.5,     1015.7,     423.29,     73.9,     88,     -1.9
75,     25.01.2015 12:31:16,     279.3,     496.47,     299,     1.3,     3,     4.9,     2,     86.2,     1015.7,     423.29,     73.5,     87.9,     -1.9
76,     25.01.2015 12:41:16,     280.35,     490.44,     294,     1.4,     3.3,     5.5,     2.1,     85.8,     1015.6,     423.29,     74.7,     88,     -1.9
77,     25.01.2015 12:51:16,     135.45,     269.34,     288,     1,     3.5,     5.9,     2,     86.1,     1015.6,     423.29,     73.5,     87.9,     -1.9
78,     25.01.2015 13:01:16,     152.25,     295.47,     282,     1.3,     2.9,     4.3,     2,     86.4,     1015.6,     423.29,     74,     88,     -1.9
79,     25.01.2015 13:11:16,     121.8,     245.22,     289,     1.5,     2.7,     4.4,     2.1,     86.7,     1015.6,     423.29,     73.7,     87.9,     -2,     13.729,     5.45,     90.4
80,     25.01.2015 13:21:16,     144.9,     279.39,     280,     0.5,     2.5,     4.1,     2.1,     87,     1015.5,     423.29,     73.9,     88,     -1.9
81,     25.01.2015 13:31:16,     72.45,     150.75,     283,     1.1,     2.2,     4.2,     2.1,     87.2,     1015.6,     423.29,     74.4,     88,     -2
82,     25.01.2015 13:41:16,     123.9,     237.18,     277,     1.6,     3.3,     5.4,     1.9,     87.4,     1015.6,     423.29,     74.5,     87.9,     -2
83,     25.01.2015 13:51:16,     121.8,     237.18,     290,     1.9,     3.1,     4.4,     1.7,     87.9,     1015.5,     423.29,     73.9,     87.9,     -2
84,     25.01.2015 14:01:16,     94.5,     186.93,     297,     1.5,     3.3,     5.2,     1.6,     88.3,     1015.5,     423.29,     73.8,     87.9,     -2
85,     25.01.2015 14:11:17,     90.3,     178.89,     305,     1.3,     3.3,     5.7,     1.5,     88.8,     1015.5,     423.29,     73.6,     88,     -1.9,     13.782,     4.47,     90.9
86,     25.01.2015 14:21:17,     101.85,     196.98,     310,     1,     2.8,     5.1,     1.6,     89,     1015.5,     423.29,     73.4,     88,     -1.9
87,     25.01.2015 14:31:17,     92.4,     178.89,     316,     1,     2.4,     4.3,     1.6,     89,     1015.6,     423.29,     73.7,     88,     -1.9
88,     25.01.2015 14:41:17,     85.05,     160.8,     311,     1.1,     2.6,     4.5,     1.6,     88.9,     1015.7,     423.29,     73.6,     88,     -1.9
89,     25.01.2015 14:51:17,     60.9,     118.59,     311,     1.4,     2.9,     5,     1.6,     88.7,     1015.8,     423.29,     73.6,     88,     -1.9
90,     25.01.2015 15:01:17,     69.3,     136.68,     309,     0.7,     2.1,     3.5,     1.6,     88.5,     1015.8,     423.29,     73.8,     87.9,     -2
91,     25.01.2015 15:11:17,     73.5,     138.69,     301,     0.9,     2.2,     4,     1.6,     88.5,     1015.9,     423.29,     253.4,     88.1,     -178.1,     13.830,     3.67,     91.2
92,     25.01.2015 15:21:17,     53.55,     108.54,     307,     0.6,     2,     4.4,     1.6,     88.3,     1016,     423.29,     253.6,     88.1,     -178
93,     25.01.2015 15:31:17,     39.9,     80.4,     312,     0.2,     1.5,     3.1,     1.5,     88.3,     1016.1,     423.29,     253.4,     88.1,     -178.1
94,     25.01.2015 15:41:17,     24.15,     48.24,     304,     0.4,     2,     3.8,     1.5,     88.5,     1016.1,     423.29,     73.6,     88,     -1.9
95,     25.01.2015 15:51:17,     17.85,     38.19,     304,     1.1,     2.6,     4,     1.5,     88.7,     1016.2,     423.29,     73.6,     87.9,     -2
96,     25.01.2015 16:01:17,     14.7,     32.16,     308,     0.6,     2.1,     4.3,     1.6,     88.8,     1016.2,     423.29,     73.5,     88,     -1.9
97,     25.01.2015 16:11:16,     5.25,     18.09,     294,     1.5,     2.6,     4.4,     1.6,     88.9,     1016.3,     423.29,     73.7,     87.8,     -2,     12.832,     2.99,     91.4
98,     25.01.2015 16:21:16,     7.35,     18.09,     293,     1.1,     2.6,     3.8,     1.7,     89.1,     1016.4,     423.29,     73.6,     88,     -1.9
99,     25.01.2015 16:31:16,     2.1,     8.04,     286,     1.2,     2.6,     4.2,     1.7,     89.1,     1016.4,     423.29,     73.9,     88,     -1.9
100,     25.01.2015 16:41:16,     1.05,     4.02,     291,     1.5,     2.6,     4.2,     1.6,     89.2,     1016.5,     423.29,     74.3,     88,     -1.9
101,     25.01.2015 16:51:16,     0,     0,     302,     1.2,     2.6,     4,     1.6,     89.3,     1016.4,     423.29,     73.3,     88,     -1.9
102,     25.01.2015 17:01:16,     -1.05,     -2.01,     300,     0.8,     2.7,     4.9,     1.6,     89.6,     1016.5,     423.29,     73.2,     88,     -1.9
103,     25.01.2015 17:11:16,     0,     0,     304,     0.7,     2.2,     3.8,     1.6,     89.8,     1016.6,     423.29,     73.4,     87.9,     -1.9,     12.635,     2.49,     91.6
104,     25.01.2015 17:21:16,     0,     0,     308,     0.2,     1.5,     3.2,     1.5,     90,     1016.7,     423.29,     73.8,     88,     -1.9
105,     25.01.2015 17:31:16,     -4.2,     -4.02,     298,     0.7,     1.9,     3.3,     1.6,     90.1,     1016.7,     423.29,     73.3,     88.1,     -1.8
106,     25.01.2015 17:41:16,     -2.1,     -2.01,     294,     0.7,     2.5,     4.5,     1.6,     90.4,     1016.8,     423.29,     73.4,     88,     -1.9
107,     25.01.2015 17:51:16,     -1.05,     0,     296,     1.1,     2.1,     3.5,     1.6,     90.4,     1016.9,     423.29,     73.5,     88,     -1.9
108,     25.01.2015 18:01:16,     0,     0,     290,     1.3,     2.4,     4,     1.6,     90.6,     1016.9,     423.29,     73.4,     87.9,     -2
109,     25.01.2015 18:11:16,     -1.05,     0,     281,     0.7,     2.1,     3,     1.7,     90.7,     1017,     423.29,     73.5,     88,     -1.9,     12.577,     2.37,     91.6
110,     25.01.2015 18:21:16,     -1.05,     -2.01,     287,     0.7,     2.1,     3.3,     1.7,     90.8,     1017,     423.29,     73.3,     88,     -1.9
111,     25.01.2015 18:31:16,     0,     0,     297,     1.1,     1.8,     2.8,     1.7,     91,     1017,     423.29,     73.3,     88,     -1.9
112,     25.01.2015 18:41:16,     -1.05,     0,     289,     1.1,     2.1,     3.2,     1.7,     91,     1017,     423.29,     73.5,     87.9,     -2
113,     25.01.2015 18:51:16,     -1.05,     -2.01,     286,     1.6,     2.3,     3,     1.7,     91,     1016.9,     423.29,     73.6,     88,     -1.9
114,     25.01.2015 19:01:16,     -2.1,     -2.01,     287,     1.4,     2.2,     3.4,     1.7,     91.1,     1016.9,     423.29,     73.4,     87.9,     -2
115,     25.01.2015 19:11:16,     -1.05,     0,     292,     1.5,     2.3,     3.4,     1.7,     91.2,     1016.9,     423.29,     73.4,     88,     -1.9,     12.548,     2.45,     91.6
116,     25.01.2015 19:21:16,     -2.1,     -2.01,     287,     0.8,     2.2,     3.8,     1.8,     91.2,     1017,     423.29,     73.4,     88,     -1.9
117,     25.01.2015 19:31:16,     -1.05,     -2.01,     288,     0.8,     2.1,     3.3,     1.8,     91.2,     1017,     423.29,     73.5,     88,     -1.9
118,     25.01.2015 19:41:16,     -1.05,     0,     278,     0.5,     1.9,     3.5,     1.8,     91.3,     1016.9,     423.29,     73.3,     87.9,     -1.9
119,     25.01.2015 19:51:16,     -1.05,     -2.01,     287,     0.5,     1.9,     3.2,     1.8,     91.2,     1017,     423.29,     73.8,     88,     -1.9
120,     25.01.2015 20:01:16,     -1.05,     0,     286,     0.9,     2.1,     3.6,     1.9,     91.2,     1017,     423.29,     73.8,     87.9,     -2
121,     25.01.2015 20:11:16,     -1.05,     -2.01,     295,     1,     2,     3.4,     1.9,     91.2,     1017,     423.29,     73.6,     87.9,     -2,     12.499,     2.54,     91.6
122,     25.01.2015 20:21:16,     -2.1,     -4.02,     303,     1.1,     2.1,     3.3,     1.8,     91.2,     1017.1,     423.29,     73.7,     88,     -1.9
123,     25.01.2015 20:31:16,     -1.05,     -2.01,     296,     0.9,     1.8,     2.9,     1.9,     91.2,     1017.2,     423.29,     73.3,     88,     -1.9
124,     25.01.2015 20:41:16,     -2.1,     -2.01,     300,     0.6,     1.7,     3.1,     1.8,     91.1,     1017.2,     423.29,     73.3,     87.9,     -1.9
125,     25.01.2015 20:51:16,     -1.05,     -2.01,     301,     0.9,     1.9,     3.3,     1.9,     91.1,     1017.2,     423.29,     73.4,     87.9,     -2
126,     25.01.2015 21:01:16,     -1.05,     -2.01,     304,     0.8,     1.6,     2.6,     1.8,     91,     1017.2,     423.29,     73.4,     88,     -2
127,     25.01.2015 21:11:17,     -2.1,     -2.01,     301,     0.6,     1.7,     2.6,     1.9,     91,     1017.1,     423.29,     73.4,     88,     -1.9,     12.476,     2.58,     91.6
128,     25.01.2015 21:21:17,     -1.05,     -2.01,     296,     0.6,     1.5,     2.7,     1.9,     91.1,     1017.1,     423.29,     73.4,     87.9,     -2
129,     25.01.2015 21:31:17,     -1.05,     -4.02,     290,     0.6,     1.8,     3,     1.9,     91,     1017,     423.29,     73.4,     88,     -1.9
130,     25.01.2015 21:41:17,     -1.05,     0,     277,     0.6,     2,     3,     2,     91.1,     1017.1,     423.29,     73.7,     88.1,     -1.8
131,     25.01.2015 21:51:17,     -2.1,     -4.02,     275,     1.6,     2.4,     3.3,     2,     91.1,     1017.1,     423.29,     73.7,     88,     -1.9
132,     25.01.2015 22:01:17,     -1.05,     0,     294,     1.1,     2.2,     3.1,     1.9,     91.1,     1017.1,     423.29,     73.4,     88,     -1.9
133,     25.01.2015 22:11:16,     -1.05,     0,     298,     0.7,     1.9,     3.2,     1.9,     91.3,     1017.1,     423.29,     73.4,     87.9,     -2,     12.444,     2.65,     91.5
134,     25.01.2015 22:21:16,     -2.1,     -2.01,     289,     0.8,     1.7,     2.9,     2,     91.4,     1017.1,     423.29,     73.5,     88,     -1.9
135,     25.01.2015 22:31:16,     -1.05,     0,     291,     0.8,     2,     3.4,     2,     91.4,     1017,     423.29,     73.4,     88,     -1.9
136,     25.01.2015 22:41:16,     1.05,     6.03,     284,     0.8,     1.9,     3,     1.9,     91.5,     1017,     423.29,     73.8,     88,     -1.9
137,     25.01.2015 22:51:16,     -4.2,     -8.04,     263,     0.3,     1.5,     2.5,     2,     91.6,     1017,     423.29,     73.5,     88,     -1.9
138,     25.01.2015 23:01:16,     -2.1,     -4.02,     247,     1.2,     1.9,     2.8,     1.9,     91.6,     1017,     423.29,     73.5,     88,     -1.9
139,     25.01.2015 23:11:17,     -1.05,     -2.01,     233,     1,     1.7,     2.5,     1.9,     91.7,     1017,     423.29,     73.5,     88,     -1.9,     13.792,     2.67,     91.5
140,     25.01.2015 23:21:17,     0,     0,     240,     0.8,     1.7,     2.9,     1.9,     91.8,     1016.9,     423.29,     253.4,     88,     -178
141,     25.01.2015 23:31:17,     -1.05,     -2.01,     260,     0.9,     1.7,     2.9,     1.9,     91.9,     1016.9,     423.29,     73.5,     88,     -1.9
142,     25.01.2015 23:41:17,     -2.1,     0,     285,     0.8,     1.9,     3.1,     1.8,     91.9,     1016.9,     423.29,     253.2,     88,     -178
143,     25.01.2015 23:51:17,     -1.05,     -2.01,     254,     0.3,     1.5,     2.2,     1.8,     91.9,     1016.8,     423.29,     73.6,     87.9,     -2
144,     26.01.2015 00:01:17,     -2.1,     -2.01,     231,     0.7,     1.4,     2.2,     1.8,     91.9,     1016.7,     423.29,     73.3,     88.1,     -1.8,     12.594,     2.67,     91.5