Logger: #D10248 'TSK_Meteo' - USP_EXP2 (V2.10, Jan 24 2012)
No,     Time,     #1:W/m²:0,     #2:ÂµMol:(do.),     #5:deg:2,     #6:m/sMIN:(do.),     #7:m/sMIT:(do.),     #8:m/sMAX:(do.),     #9:Â°C:(do.),     #10:%:(do.),     #11:hPa:(do.),     #12:mm:(do.),     #14:AZ:3,     #15:EL:(do.),     #16:Roll:(do.),     #HK-Bat:V,     #HK-Temp:oC,     #HK-rH:%
(GSM Transfer OK / Signal:17)
1,     15.09.2014 00:11:16,     -3.15,     -2.01,     111,     0,     1.6,     4.5,     16.6,     86.5,     1012.8,     276.78,     253.4,     88,     -178,     12.467,     16.77,     70.1
2,     15.09.2014 00:21:16,     -3.15,     0,     86,     0.2,     1.7,     3.5,     16.6,     86.8,     1012.8,     276.78,     253.6,     87.9,     -177.9
3,     15.09.2014 00:31:16,     -3.15,     -2.01,     93,     0.2,     1.9,     4.1,     16.5,     86.9,     1012.9,     276.78,     253.3,     88.1,     -178
4,     15.09.2014 00:41:16,     -3.15,     -2.01,     91,     0.2,     2.6,     6.8,     16.4,     87.7,     1012.9,     276.78,     254,     88.1,     -178.1
5,     15.09.2014 00:51:16,     -4.2,     -4.02,     85,     0.2,     2.2,     4.3,     16.3,     87.9,     1012.9,     276.78,     253,     87.9,     -178
6,     15.09.2014 01:01:16,     -3.15,     -2.01,     82,     0.1,     1.9,     3.9,     16.3,     88.4,     1012.9,     276.78,     253.6,     88.1,     -178.1
7,     15.09.2014 01:11:16,     -3.15,     -2.01,     86,     0.1,     1.8,     4.1,     16.2,     88.6,     1012.9,     276.78,     253.8,     88,     -178,     12.582,     16.13,     71.4
8,     15.09.2014 01:21:16,     -4.2,     -2.01,     85,     0.1,     1.4,     3.6,     16.2,     89.1,     1012.9,     276.78,     (NO REPLY),     (NO REPLY),     (NO REPLY)
9,     15.09.2014 01:31:16,     -3.15,     -2.01,     74,     0.3,     1.5,     3.7,     16.1,     89.3,     1012.8,     276.78,     253.4,     87.9,     -177.9
10,     15.09.2014 01:41:16,     -4.2,     -2.01,     72,     0.3,     1.4,     2.7,     16,     89.6,     1012.8,     276.78,     253.6,     88,     -178
11,     15.09.2014 01:51:16,     -4.2,     -2.01,     64,     0,     1.1,     2.5,     16,     89.5,     1012.8,     276.78,     253.8,     88.1,     -178.1
12,     15.09.2014 02:01:16,     -3.15,     -4.02,     63,     0.1,     1.2,     2.5,     16,     89.7,     1012.8,     276.78,     253.8,     87.9,     -177.9
13,     15.09.2014 02:11:27,     -2.1,     0,     76,     0.1,     1,     2.5,     16,     89.6,     1012.8,     276.78,     253.6,     88,     -178,     12.560,     15.79,     71.4
14,     15.09.2014 02:21:27,     -3.15,     -2.01,     76,     0.1,     1.3,     3,     16,     89.7,     1012.7,     276.78,     (NO REPLY),     (NO REPLY),     (NO REPLY)
15,     15.09.2014 02:31:27,     -4.2,     -4.02,     73,     0,     1.3,     2.9,     15.9,     89.8,     1012.6,     276.78,     253.7,     87.9,     -177.9
16,     15.09.2014 02:41:27,     -3.15,     0,     77,     0,     1.1,     2.4,     15.7,     90,     1012.6,     276.78,     253.7,     88,     -177.9
17,     15.09.2014 02:51:27,     -4.2,     0,     69,     0.1,     1.1,     2.6,     15.7,     90.3,     1012.6,     276.78,     253.7,     88,     -178
18,     15.09.2014 03:01:27,     -3.15,     0,     84,     0.1,     0.9,     2,     15.7,     90.5,     1012.6,     276.78,     253.6,     88,     -178
19,     15.09.2014 03:11:31,     -2.1,     0,     59,     0.1,     1,     2.4,     15.7,     90.4,     1012.6,     276.78,     (NO REPLY),     (NO REPLY),     (NO REPLY),     12.556,     15.54,     71.6
20,     15.09.2014 03:21:31,     -4.2,     -4.02,     63,     0.1,     1,     2,     15.7,     90.2,     1012.6,     276.78,     253.6,     87.9,     -177.9
21,     15.09.2014 03:31:31,     -3.15,     -4.02,     55,     0.1,     1.1,     2.7,     15.8,     89.8,     1012.6,     276.78,     253.6,     87.9,     -177.9
22,     15.09.2014 03:41:31,     -2.1,     -4.02,     73,     0.1,     1.2,     3,     15.8,     89.4,     1012.6,     276.78,     253.5,     88.1,     -178.1
23,     15.09.2014 03:51:31,     -3.15,     -2.01,     61,     0.1,     1.2,     2.2,     15.8,     89.7,     1012.7,     276.78,     253.6,     87.9,     -177.9
24,     15.09.2014 04:01:31,     -4.2,     0,     52,     0.1,     1.3,     2.3,     15.8,     89.8,     1012.6,     276.78,     (NO REPLY),     (NO REPLY),     (NO REPLY)
25,     15.09.2014 04:11:16,     -2.1,     0,     50,     0.1,     0.9,     2.3,     15.8,     89.8,     1012.7,     276.78,     253.6,     87.9,     -178,     12.537,     15.58,     71.5
26,     15.09.2014 04:21:16,     -3.15,     -2.01,     47,     0.1,     1.1,     2.2,     15.7,     90,     1012.7,     276.78,     253.6,     88,     -178
27,     15.09.2014 04:31:16,     -3.15,     -4.02,     50,     0,     1.2,     2.6,     15.7,     89.9,     1012.6,     276.78,     253.4,     87.9,     -177.9
28,     15.09.2014 04:41:16,     -3.15,     -2.01,     55,     0.4,     1.3,     2.4,     15.7,     90,     1012.5,     276.78,     253.6,     88,     -178
29,     15.09.2014 04:51:16,     -3.15,     0,     70,     0,     1.1,     2.2,     15.6,     89.8,     1012.5,     276.78,     253.6,     88,     -178
30,     15.09.2014 05:01:16,     -3.15,     -2.01,     76,     0.2,     1.2,     2.8,     15.6,     89.4,     1012.5,     276.78,     253.6,     87.9,     -177.9
31,     15.09.2014 05:11:16,     -3.15,     0,     89,     0.1,     1.1,     2.7,     15.8,     88.4,     1012.5,     276.78,     253.5,     88.1,     -178.1,     12.531,     15.42,     71.6
32,     15.09.2014 05:21:16,     -3.15,     -2.01,     66,     0,     1,     2.3,     15.8,     87.9,     1012.6,     276.78,     253.6,     88,     -178
33,     15.09.2014 05:31:16,     -2.1,     0,     84,     0.1,     0.9,     2.2,     15.7,     88,     1012.6,     276.78,     253.6,     88,     -178
34,     15.09.2014 05:41:16,     -1.05,     4.02,     101,     0.1,     1.1,     2.5,     15.6,     87.9,     1012.6,     276.78,     253.6,     88,     -177.9
35,     15.09.2014 05:51:16,     2.1,     12.06,     78,     0,     0.8,     2.2,     15.5,     88.2,     1012.6,     276.78,     253.7,     87.9,     -178
36,     15.09.2014 06:01:16,     5.25,     20.1,     70,     0.1,     0.9,     2,     15.5,     88.1,     1012.7,     276.78,     253.7,     88,     -178
37,     15.09.2014 06:11:16,     18.9,     44.22,     55,     0.2,     1.3,     2.3,     15.4,     88.2,     1012.8,     276.78,     253.5,     88.1,     -178.1,     12.586,     15.02,     71.8
38,     15.09.2014 06:21:16,     40.95,     82.41,     65,     0.3,     1.2,     2.6,     15.5,     88,     1012.8,     276.78,     253.7,     88,     -178
39,     15.09.2014 06:31:16,     52.5,     106.53,     78,     0,     0.9,     1.8,     15.6,     87.3,     1012.9,     276.78,     253.8,     88,     -178
40,     15.09.2014 06:41:16,     85.05,     152.76,     65,     0.3,     1.3,     2.4,     15.6,     87,     1012.9,     276.78,     253.8,     88,     -178
41,     15.09.2014 06:51:16,     106.05,     196.98,     58,     0.4,     1.3,     2.3,     15.6,     87.1,     1012.9,     276.78,     253.9,     88,     -178
42,     15.09.2014 07:01:16,     129.15,     245.22,     57,     0.1,     0.9,     1.8,     15.7,     86.7,     1012.9,     276.78,     254,     88,     -178
43,     15.09.2014 07:11:16,     126,     255.27,     60,     0,     1.2,     2.3,     15.8,     86.2,     1013,     276.78,     254.1,     87.9,     -178,     14.447,     17.81,     72.7
44,     15.09.2014 07:21:16,     172.2,     331.65,     53,     0,     0.6,     1.5,     16.2,     85.4,     1013,     276.78,     254.1,     88,     -178
45,     15.09.2014 07:31:16,     189,     367.83,     22,     0,     0.7,     1.5,     16.3,     84.6,     1013,     276.78,     254,     88,     -178
46,     15.09.2014 07:41:16,     217.35,     418.08,     51,     0,     1.1,     2.6,     16.4,     83.2,     1013.1,     276.78,     254,     88,     -178
47,     15.09.2014 07:51:16,     243.6,     470.34,     48,     0,     1.1,     2.9,     16.7,     82.4,     1013.1,     276.78,     254.1,     88,     -178
48,     15.09.2014 08:01:16,     271.95,     524.61,     71,     0,     1.1,     2.3,     17,     80.1,     1013,     276.78,     253.7,     88.1,     -178.1
49,     15.09.2014 08:11:18,     291.9,     562.8,     112,     0,     1.1,     3.3,     17.5,     77.5,     1013.1,     276.78,     253.7,     88,     -178,     13.213,     21.62,     71.0
50,     15.09.2014 08:21:18,     323.4,     621.09,     122,     0,     1.5,     4.2,     17.8,     74.8,     1013.2,     276.78,     253.6,     88,     -178
51,     15.09.2014 08:31:18,     343.35,     663.3,     137,     0,     1.3,     4.1,     18.1,     74.1,     1013.3,     276.78,     253.6,     87.9,     -177.9
52,     15.09.2014 08:41:18,     361.2,     693.45,     123,     0.1,     1.8,     4.1,     18.3,     73,     1013.3,     276.78,     253.6,     87.9,     -178
53,     15.09.2014 08:51:18,     365.4,     703.5,     146,     0.1,     1.9,     3.8,     18.6,     70,     1013.4,     276.78,     253.9,     88,     -178
54,     15.09.2014 09:01:18,     388.5,     743.7,     138,     0.1,     2.1,     4.3,     18.7,     69.3,     1013.5,     276.78,     253.7,     88.1,     -178.1
55,     15.09.2014 09:11:16,     408.45,     785.91,     146,     0.2,     2.1,     4.4,     19,     68.7,     1013.6,     276.78,     254,     88.1,     -178.1,     13.226,     24.11,     69.7
56,     15.09.2014 09:21:16,     404.25,     781.89,     136,     0.2,     1.9,     4,     19.2,     68.3,     1013.6,     276.78,     253.9,     87.9,     -177.9
57,     15.09.2014 09:31:16,     432.6,     840.18,     137,     0.3,     1.8,     4.6,     19.4,     66.7,     1013.6,     276.78,     254.1,     87.9,     -177.9
58,     15.09.2014 09:41:16,     460.95,     892.44,     156,     0.1,     2,     4.7,     19.6,     65.7,     1013.6,     276.78,     253.7,     87.9,     -177.9
59,     15.09.2014 09:51:16,     526.05,     1009.02,     147,     0.1,     2,     5.1,     20,     63.7,     1013.5,     276.78,     254.1,     88,     -178
60,     15.09.2014 10:01:16,     538.65,     1035.15,     140,     0.1,     1.8,     5,     20.2,     61,     1013.5,     276.78,     253.3,     88,     -178
61,     15.09.2014 10:11:16,     443.1,     884.4,     149,     0.2,     2.4,     4.5,     20.5,     60.2,     1013.5,     276.78,     254.1,     87.8,     -177.9,     13.396,     24.99,     68.9
62,     15.09.2014 10:21:16,     555.45,     1089.42,     128,     0.1,     1.8,     4.6,     20.6,     61.7,     1013.6,     276.78,     254.3,     87.9,     -177.9
63,     15.09.2014 10:31:16,     420,     850.23,     135,     0.4,     2.3,     4.5,     20.7,     60.4,     1013.6,     276.78,     253.3,     88,     -178
64,     15.09.2014 10:41:16,     576.45,     1145.7,     131,     0.2,     1.8,     4.5,     20.9,     59.4,     1013.6,     276.78,     254.2,     88,     -178
65,     15.09.2014 10:51:16,     449.4,     900.48,     139,     0.2,     2.4,     5.9,     21.1,     59,     1013.6,     276.78,     254.1,     88,     -178
66,     15.09.2014 11:01:16,     557.55,     1093.44,     135,     0.2,     2.2,     5.4,     21.2,     58.9,     1013.6,     276.78,     253.6,     88,     -177.9
67,     15.09.2014 11:11:16,     636.3,     1238.16,     132,     0,     2.1,     5.1,     21.4,     58.4,     1013.6,     276.78,     73.9,     88,     -1.9,     12.974,     25.41,     68.7
68,     15.09.2014 11:21:16,     609,     1181.88,     121,     0.1,     2.5,     6.3,     21.6,     58.4,     1013.5,     276.78,     73.8,     88,     -1.9
69,     15.09.2014 11:31:16,     577.5,     1123.59,     116,     0.1,     2.5,     4.7,     21.7,     56.8,     1013.5,     276.78,     74.1,     87.9,     -2
70,     15.09.2014 11:41:16,     610.05,     1181.88,     129,     0.1,     1.9,     5.1,     21.9,     55.6,     1013.5,     276.78,     73.8,     88,     -1.8
71,     15.09.2014 11:51:16,     641.55,     1244.19,     129,     0.2,     2.3,     5.2,     22.1,     54.2,     1013.4,     276.78,     74,     87.9,     -2
72,     15.09.2014 12:01:16,     631.05,     1226.1,     117,     0.4,     2.4,     4.4,     22.2,     58.2,     1013.3,     276.78,     73.7,     88,     -1.9
73,     15.09.2014 12:11:16,     624.75,     1214.04,     123,     0.2,     2.5,     5.7,     22.5,     53.8,     1013.3,     276.78,     73.7,     87.9,     -1.9,     13.269,     26.85,     68.1
74,     15.09.2014 12:21:16,     499.8,     994.95,     122,     0.3,     2.7,     6.4,     22.5,     53.6,     1013.2,     276.78,     73.6,     88,     -1.9
75,     15.09.2014 12:31:16,     491.4,     966.81,     133,     0.4,     3.1,     6.5,     22.4,     53.7,     1013.1,     276.78,     73.6,     88,     -1.9
76,     15.09.2014 12:41:16,     615.3,     1185.9,     136,     0.1,     2.2,     6.6,     22.6,     52.8,     1013.1,     276.78,     73.9,     88,     -1.9
77,     15.09.2014 12:51:16,     578.55,     1135.65,     139,     0.2,     2.6,     6.6,     22.7,     54.9,     1013.1,     276.78,     74.1,     88,     -1.9
78,     15.09.2014 13:01:16,     621.6,     1208.01,     140,     0.3,     3.1,     6.6,     22.7,     53.1,     1013,     276.78,     74.1,     87.9,     -2
79,     15.09.2014 13:11:17,     539.7,     1049.22,     134,     0.2,     2.9,     6.5,     22.5,     54.6,     1012.9,     276.78,     73.9,     88,     -1.9,     13.061,     27.17,     68.2
80,     15.09.2014 13:21:17,     507.15,     1009.02,     130,     0.4,     2.7,     6.5,     22.7,     55.8,     1012.9,     276.78,     73.5,     87.8,     -2.1
81,     15.09.2014 13:31:17,     521.85,     1017.06,     135,     0.1,     2.7,     6.5,     22.7,     57.1,     1012.9,     276.78,     74.1,     87.9,     -2
82,     15.09.2014 13:41:17,     518.7,     1000.98,     134,     0.2,     2.6,     7.1,     23,     55.4,     1012.8,     276.78,     73,     87.9,     -2
83,     15.09.2014 13:51:17,     462,     902.49,     126,     0.1,     3.1,     5.9,     22.9,     56.9,     1012.8,     276.78,     74.2,     88,     -1.8
84,     15.09.2014 14:01:17,     487.2,     952.74,     126,     0.2,     2.1,     4.9,     23,     59,     1012.8,     276.78,     73.4,     87.8,     -2.1
85,     15.09.2014 14:11:17,     495.6,     958.77,     117,     0.2,     2.7,     6.6,     23,     58.7,     1012.7,     276.78,     73.5,     88,     -1.9,     13.078,     27.19,     68.2
86,     15.09.2014 14:21:17,     442.05,     860.28,     119,     0.2,     2.3,     5.9,     23.2,     58.9,     1012.6,     276.78,     74.2,     87.9,     -2
87,     15.09.2014 14:31:17,     443.1,     848.22,     132,     0.1,     2.2,     6.4,     23.3,     58.1,     1012.6,     276.78,     73.7,     88,     -2
88,     15.09.2014 14:41:17,     384.3,     741.69,     118,     0.2,     2.6,     5.5,     23.3,     56.9,     1012.6,     276.78,     74.1,     88,     -1.9
89,     15.09.2014 14:51:17,     430.5,     808.02,     118,     0.1,     2.1,     4.4,     23.3,     56.4,     1012.5,     276.78,     73.9,     87.9,     -2
90,     15.09.2014 15:01:17,     374.85,     711.54,     124,     0.1,     2.2,     4.7,     23.5,     51.5,     1012.4,     276.78,     74,     88.1,     -1.8
91,     15.09.2014 15:11:16,     317.1,     609.03,     120,     0.1,     2.1,     5.8,     23.3,     58.6,     1012.4,     276.78,     73.7,     88,     -1.9,     13.216,     27.58,     68.1
92,     15.09.2014 15:21:16,     295.05,     572.85,     118,     0.4,     2.1,     4.7,     23.1,     59.1,     1012.4,     276.78,     73.8,     87.9,     -2
93,     15.09.2014 15:31:16,     274.05,     526.62,     102,     0.3,     2.4,     6.2,     23,     59.5,     1012.4,     276.78,     73.5,     88,     -1.9
94,     15.09.2014 15:41:16,     295.05,     548.73,     111,     0.3,     2.4,     4.9,     23,     61.7,     1012.4,     276.78,     73.8,     88.1,     -1.8
95,     15.09.2014 15:51:16,     280.35,     516.57,     111,     0.4,     2.3,     4.1,     22.9,     62.3,     1012.4,     276.78,     74.1,     88,     -1.9
96,     15.09.2014 16:01:16,     257.25,     478.38,     113,     0.1,     1.6,     4.1,     22.8,     63.1,     1012.4,     276.78,     73.9,     88.2,     -1.8
97,     15.09.2014 16:11:16,     231,     428.13,     106,     0.2,     2,     4.6,     22.7,     64.1,     1012.4,     276.78,     73.4,     88,     -1.9,     13.358,     27.13,     68.1
98,     15.09.2014 16:21:16,     211.05,     387.93,     109,     0.3,     2.3,     5,     22.5,     64.4,     1012.4,     276.78,     73.8,     88.1,     -1.8
99,     15.09.2014 16:31:16,     183.75,     337.68,     105,     0.1,     2,     4.7,     22.4,     64.3,     1012.3,     276.78,     72.8,     88.1,     -1.8
100,     15.09.2014 16:41:16,     173.25,     313.56,     103,     0.3,     2,     4.3,     22.3,     64,     1012.3,     276.78,     73.8,     88.1,     -1.8
101,     15.09.2014 16:51:16,     157.5,     281.4,     100,     0.6,     2.1,     4.2,     22.3,     65.4,     1012.2,     276.78,     73.1,     88,     -1.8
102,     15.09.2014 17:01:16,     133.35,     239.19,     93,     0.3,     2.3,     5.5,     22,     67.2,     1012.2,     276.78,     74,     88.1,     -1.8
103,     15.09.2014 17:11:16,     115.5,     203.01,     101,     0.3,     2.3,     4.6,     21.7,     67.3,     1012.2,     276.78,     73.8,     88,     -1.9,     13.349,     26.31,     68.3
104,     15.09.2014 17:21:16,     91.35,     160.8,     102,     0.4,     2.2,     5.2,     21.6,     68.5,     1012.3,     276.78,     73.9,     88.1,     -1.8
105,     15.09.2014 17:31:16,     68.25,     116.58,     98,     0.4,     2.2,     4.7,     21.2,     70.1,     1012.3,     276.78,     73.3,     88,     -1.9
106,     15.09.2014 17:41:16,     51.45,     96.48,     93,     0.2,     2.2,     4.8,     20.9,     71.3,     1012.3,     276.78,     73.9,     88,     -1.9
107,     15.09.2014 17:51:16,     23.1,     56.28,     93,     0.4,     2.1,     4.8,     20.5,     72.5,     1012.4,     276.78,     73.7,     87.9,     -2
108,     15.09.2014 18:01:16,     14.7,     40.2,     87,     0.1,     1.8,     3.5,     20.1,     74.1,     1012.4,     276.78,     73.8,     88,     -1.9
109,     15.09.2014 18:11:17,     6.3,     24.12,     92,     0.2,     2.2,     5.4,     19.8,     74.4,     1012.4,     276.78,     253.4,     88,     -178,     12.794,     23.23,     69.7
110,     15.09.2014 18:21:17,     3.15,     12.06,     88,     0.6,     2.1,     4.1,     19.6,     75.6,     1012.5,     276.78,     73.7,     87.9,     -2
111,     15.09.2014 18:31:17,     -2.1,     4.02,     93,     0.4,     2.3,     4.9,     19.4,     76.2,     1012.5,     276.78,     253.5,     88.1,     -178
112,     15.09.2014 18:41:17,     -3.15,     2.01,     88,     0.4,     1.9,     3.9,     19.1,     77.4,     1012.6,     276.78,     253,     88,     -178
113,     15.09.2014 18:51:17,     -5.25,     -2.01,     87,     0.1,     1.7,     3.5,     18.8,     79.1,     1012.6,     276.78,     253.2,     88,     -178
114,     15.09.2014 19:01:17,     -5.25,     0,     90,     0.4,     1.6,     3.6,     18.6,     79.8,     1012.6,     276.78,     253.4,     88,     -178
115,     15.09.2014 19:11:17,     -4.2,     -2.01,     90,     0.2,     1.5,     3.4,     18.4,     80.2,     1012.7,     276.78,     253.6,     88,     -178.1,     12.692,     19.50,     71.3
116,     15.09.2014 19:21:17,     -5.25,     -4.02,     86,     0.3,     1.5,     2.8,     18.3,     80.6,     1012.7,     276.78,     253.5,     88,     -178
117,     15.09.2014 19:31:17,     -5.25,     -2.01,     77,     0,     1.6,     3.5,     18.2,     80.8,     1012.7,     276.78,     253.3,     87.9,     -177.9
118,     15.09.2014 19:41:17,     -5.25,     -2.01,     93,     0.3,     1.8,     4.4,     18.1,     81,     1012.8,     276.78,     253.6,     88,     -177.9
119,     15.09.2014 19:51:17,     -5.25,     0,     98,     0.3,     1.5,     3.6,     18,     81.1,     1012.9,     276.78,     253.5,     88,     -178
120,     15.09.2014 20:01:17,     -5.25,     -2.01,     95,     0.3,     1.7,     3.7,     18,     81,     1012.9,     276.78,     253.7,     88,     -178
121,     15.09.2014 20:11:16,     -5.25,     -2.01,     88,     0.2,     1.7,     3.9,     17.9,     81.1,     1012.9,     276.78,     253.6,     88.1,     -178.1,     12.660,     17.66,     71.7
122,     15.09.2014 20:21:16,     -4.2,     0,     83,     0.2,     1.7,     3.8,     17.9,     81,     1012.9,     276.78,     253.5,     88,     -178
123,     15.09.2014 20:31:16,     -6.3,     -4.02,     80,     0.2,     1.5,     3.9,     17.8,     81.2,     1013,     276.78,     253.6,     88.1,     -178.1
124,     15.09.2014 20:41:16,     -5.25,     -2.01,     81,     0.2,     1.8,     3.4,     17.7,     81,     1013,     276.78,     253.7,     88,     -178
125,     15.09.2014 20:51:16,     -4.2,     0,     84,     0.1,     1.5,     3.3,     17.6,     81.2,     1013,     276.78,     253.5,     87.9,     -177.9
126,     15.09.2014 21:01:16,     -5.25,     -2.01,     90,     0.1,     1.4,     3,     17.5,     81.7,     1013,     276.78,     253.7,     88,     -178
127,     15.09.2014 21:11:16,     -4.2,     0,     91,     0.2,     1.6,     3.7,     17.5,     81.2,     1013.1,     276.78,     253.7,     88,     -178,     12.633,     16.90,     71.8
128,     15.09.2014 21:21:16,     -6.3,     -4.02,     94,     0.1,     1.5,     3.2,     17.4,     81.3,     1013,     276.78,     253.4,     88,     -178
129,     15.09.2014 21:31:16,     -4.2,     -2.01,     98,     0.2,     1.8,     3.9,     17.4,     80.8,     1013,     276.78,     (NO REPLY),     (NO REPLY),     (NO REPLY)
130,     15.09.2014 21:41:16,     -4.2,     -2.01,     96,     0,     1.9,     3.6,     17.4,     80.1,     1013.1,     276.78,     253.5,     88,     -178
131,     15.09.2014 21:51:16,     -4.2,     0,     92,     0.1,     2,     3.8,     17.4,     80,     1013.1,     276.78,     253.2,     88,     -178
132,     15.09.2014 22:01:16,     -5.25,     -2.01,     93,     0.4,     1.7,     3.2,     17.2,     81,     1013.1,     276.78,     253.7,     88,     -178
133,     15.09.2014 22:11:22,     -3.15,     -2.01,     94,     0.3,     1.9,     4.1,     17.1,     81,     1013.1,     276.78,     253.8,     88,     -178,     12.607,     16.45,     71.8
134,     15.09.2014 22:21:22,     -5.25,     -2.01,     95,     0.3,     1.5,     2.7,     17,     81.3,     1013.1,     276.78,     253.4,     88,     -178
135,     15.09.2014 22:31:22,     -4.2,     -2.01,     94,     0.3,     1.5,     2.7,     16.9,     81.2,     1013.2,     276.78,     253.6,     88,     -178
136,     15.09.2014 22:41:22,     -5.25,     0,     95,     0.1,     0.8,     2.1,     16.7,     82,     1013.2,     276.78,     253.5,     88,     -178
137,     15.09.2014 22:51:22,     -5.25,     -2.01,     79,     0.1,     0.8,     2.2,     16.6,     82,     1013.1,     276.78,     253.5,     87.9,     -177.9
138,     15.09.2014 23:01:22,     -5.25,     -2.01,     80,     0,     0.7,     1.7,     16.5,     82,     1013.1,     276.78,     253.5,     88,     -178.1
139,     15.09.2014 23:11:27,     -5.25,     0,     68,     0,     0.6,     1.3,     16.4,     82.6,     1013.1,     276.78,     253.6,     88.1,     -178.1,     12.586,     15.74,     71.8
140,     15.09.2014 23:21:27,     -4.2,     -2.01,     49,     0,     0.8,     1.7,     16.4,     82.5,     1013.1,     276.78,     253.5,     88.1,     -178.1
141,     15.09.2014 23:31:27,     -4.2,     0,     45,     0.4,     1.1,     2,     16.2,     84.6,     1013.2,     276.78,     253.6,     88,     -178
142,     15.09.2014 23:41:27,     -4.2,     0,     64,     0.1,     1.1,     2.6,     15.8,     85.9,     1013.2,     276.78,     253.6,     88.1,     -178.1
143,     15.09.2014 23:51:27,     -4.2,     0,     54,     0.2,     1.7,     3.8,     15.7,     87.5,     1013.1,     276.78,     253.7,     88,     -177.9
144,     16.09.2014 00:01:22,     -4.2,     -2.01,     72,     0.1,     1.2,     3.1,     15.6,     87.4,     1013.2,     276.78,     253.4,     88,     -178,     12.425,     15.17,     71.9