Logger: #D10248 'TSK_Meteo' - USP_EXP2 (V2.10, Jan 24 2012)
No,     Time,     #1:W/m²:0,     #2:ÂµMol:(do.),     #5:deg:2,     #6:m/sMIN:(do.),     #7:m/sMIT:(do.),     #8:m/sMAX:(do.),     #9:Â°C:(do.),     #10:%:(do.),     #11:hPa:(do.),     #12:mm:(do.),     #14:AZ:3,     #15:EL:(do.),     #16:Roll:(do.),     #HK-Bat:V,     #HK-Temp:oC,     #HK-rH:%
(GSM Transfer OK / Signal:15)
1,     08.08.2014 00:11:16,     -3.15,     -2.01,     269,     0.6,     1.3,     1.9,     17.1,     92.7,     1007.6,     202.9,     255.3,     87.9,     -178,     12.499,     17.39,     67.4
2,     08.08.2014 00:21:16,     -3.15,     -2.01,     316,     0.3,     0.9,     1.7,     16.9,     92.5,     1007.6,     202.9,     255.2,     87.8,     -177.8
3,     08.08.2014 00:31:16,     -2.1,     2.01,     207,     0,     0.7,     1.5,     16.8,     92.3,     1007.7,     202.9,     255.3,     87.9,     -177.9
4,     08.08.2014 00:41:16,     -3.15,     0,     107,     0.4,     0.8,     1.3,     16.6,     92.2,     1007.6,     202.9,     255.2,     87.9,     -177.9
5,     08.08.2014 00:51:16,     -3.15,     -2.01,     90,     0.1,     0.7,     1.6,     16.5,     92.3,     1007.7,     202.9,     255.3,     87.9,     -177.9
6,     08.08.2014 01:01:16,     -2.1,     0,     123,     0.7,     1.1,     1.5,     16.3,     92.5,     1007.7,     202.9,     255.3,     87.9,     -177.9
7,     08.08.2014 01:11:16,     -2.1,     -4.02,     166,     0.1,     0.7,     1.4,     16.5,     92.8,     1007.7,     202.9,     255.3,     87.9,     -177.9,     12.524,     16.87,     68.6
8,     08.08.2014 01:21:16,     -3.15,     -2.01,     188,     0.1,     0.8,     1.4,     16.4,     92.7,     1007.7,     202.9,     255.3,     88,     -178
9,     08.08.2014 01:31:16,     -3.15,     -2.01,     194,     0.2,     1,     1.4,     16.5,     92.8,     1007.7,     202.9,     255.3,     88,     -178
10,     08.08.2014 01:41:16,     -3.15,     0,     184,     0.5,     1.1,     1.9,     16.6,     92.7,     1007.6,     202.9,     255.3,     87.9,     -177.9
11,     08.08.2014 01:51:16,     -4.2,     -2.01,     179,     0.9,     1.4,     1.8,     16.5,     92.6,     1007.6,     202.9,     255.3,     87.9,     -177.9
12,     08.08.2014 02:01:16,     -3.15,     -2.01,     200,     0.5,     1.2,     1.7,     16.5,     92.6,     1007.6,     202.9,     255.3,     88,     -178
13,     08.08.2014 02:11:23,     -4.2,     -2.01,     195,     0.5,     1.1,     1.5,     16.4,     92.4,     1007.6,     202.9,     255.4,     87.9,     -177.9,     12.501,     16.73,     68.6
14,     08.08.2014 02:21:23,     -4.2,     -2.01,     195,     0.9,     1.4,     2,     16.2,     92,     1007.5,     202.9,     255.3,     88,     -178
15,     08.08.2014 02:31:23,     -5.25,     -4.02,     195,     0.8,     1.3,     1.9,     16.2,     92.4,     1007.5,     202.9,     255.2,     87.9,     -177.9
16,     08.08.2014 02:41:23,     -5.25,     -4.02,     193,     0.5,     1.1,     1.6,     16.2,     92.4,     1007.5,     202.9,     255.2,     87.9,     -177.9
17,     08.08.2014 02:51:23,     -4.2,     -2.01,     180,     0.1,     0.8,     1.3,     16.3,     92.8,     1007.5,     202.9,     255.3,     87.8,     -177.9
18,     08.08.2014 03:01:23,     -3.15,     0,     200,     0.1,     0.8,     1.4,     16.4,     92.7,     1007.5,     202.9,     255.3,     87.8,     -177.9
19,     08.08.2014 03:11:23,     -3.15,     -2.01,     200,     0,     0.6,     1.4,     16.2,     92.7,     1007.4,     202.9,     255.3,     87.9,     -177.9,     12.454,     16.35,     68.7
20,     08.08.2014 03:21:23,     -4.2,     -2.01,     164,     0.1,     0.7,     1.3,     16,     92.4,     1007.4,     202.9,     255.2,     87.8,     -177.9
21,     08.08.2014 03:31:23,     -3.15,     -4.02,     183,     0.1,     0.7,     1.6,     16.2,     93.1,     1007.4,     202.9,     255.3,     87.8,     -177.9
22,     08.08.2014 03:41:23,     -5.25,     -2.01,     233,     0,     0.5,     1.2,     16.2,     93,     1007.4,     202.9,     255.4,     87.9,     -178
23,     08.08.2014 03:51:23,     -4.2,     -2.01,     301,     0,     0.8,     1.6,     16.2,     92.8,     1007.4,     202.9,     255.3,     87.9,     -177.9
24,     08.08.2014 04:01:23,     -4.2,     -2.01,     299,     0.2,     0.9,     1.6,     16,     92.6,     1007.4,     202.9,     255.4,     87.9,     -177.9
25,     08.08.2014 04:11:22,     -5.25,     -4.02,     291,     0.1,     0.9,     1.6,     16,     92.6,     1007.4,     202.9,     255.3,     88,     -178.1,     12.418,     15.95,     68.9
26,     08.08.2014 04:21:22,     -4.2,     -2.01,     313,     0.1,     0.8,     1.5,     15.7,     92.4,     1007.4,     202.9,     255.3,     87.9,     -177.9
27,     08.08.2014 04:31:22,     -4.2,     2.01,     320,     0.1,     0.8,     1.7,     15.6,     92.3,     1007.4,     202.9,     255.3,     87.9,     -177.9
28,     08.08.2014 04:41:22,     0,     8.04,     306,     0.1,     0.8,     1.7,     15.6,     92.7,     1007.4,     202.9,     255.3,     87.8,     -177.9
29,     08.08.2014 04:51:22,     4.2,     18.09,     307,     0.1,     0.9,     1.6,     15.4,     92.3,     1007.5,     202.9,     255.3,     88,     -178
30,     08.08.2014 05:01:22,     10.5,     28.14,     314,     0.2,     0.9,     1.6,     15.4,     92.5,     1007.5,     202.9,     255.2,     87.9,     -177.9
31,     08.08.2014 05:11:16,     15.75,     44.22,     309,     0.4,     1.2,     2,     15.4,     92.6,     1007.5,     202.9,     255.3,     87.9,     -177.9,     12.463,     15.41,     69.1
32,     08.08.2014 05:21:16,     27.3,     68.34,     324,     0.1,     0.7,     1.8,     15.4,     92.5,     1007.5,     202.9,     255.3,     88,     -178
33,     08.08.2014 05:31:16,     44.1,     88.44,     315,     0.3,     1.1,     1.8,     15.4,     92.5,     1007.5,     202.9,     255.3,     87.9,     -178
34,     08.08.2014 05:41:16,     52.5,     110.55,     324,     0,     0.9,     2.1,     15.2,     92.2,     1007.4,     202.9,     255.4,     87.8,     -177.9
35,     08.08.2014 05:51:16,     71.4,     140.7,     324,     0.3,     1.2,     2.2,     15.3,     92.3,     1007.5,     202.9,     255.4,     87.9,     -177.9
36,     08.08.2014 06:01:16,     85.05,     166.83,     322,     0,     0.9,     2,     15.4,     92.4,     1007.7,     202.9,     255.4,     87.8,     -177.8
37,     08.08.2014 06:11:16,     109.2,     203.01,     307,     0,     1.2,     2.8,     15.6,     92.5,     1007.8,     202.9,     255.5,     87.9,     -177.9,     13.188,     16.39,     69.3
38,     08.08.2014 06:21:16,     101.85,     217.08,     310,     0.2,     1.3,     2.4,     15.8,     92.1,     1007.8,     202.9,     255.6,     87.8,     -177.9
39,     08.08.2014 06:31:16,     129.15,     263.31,     308,     0.3,     1.3,     2.7,     15.8,     92,     1007.8,     202.9,     255.6,     87.8,     -177.9
40,     08.08.2014 06:41:16,     143.85,     287.43,     301,     0.1,     1.3,     2.8,     16,     92,     1007.9,     202.9,     255.6,     88,     -178
41,     08.08.2014 06:51:16,     197.4,     353.76,     326,     0.1,     0.9,     1.9,     16.2,     91.9,     1007.9,     202.9,     255.6,     87.9,     -177.9
42,     08.08.2014 07:01:16,     136.5,     285.42,     309,     0.3,     1.3,     2.7,     16.5,     91.8,     1008,     202.9,     255.7,     87.9,     -177.9
43,     08.08.2014 07:11:17,     298.2,     504.51,     309,     0.1,     1.1,     2.2,     16.7,     91.4,     1007.9,     202.9,     255.7,     88,     -178,     14.375,     19.28,     68.9
44,     08.08.2014 07:21:17,     208.95,     444.21,     312,     0.3,     1.3,     2.4,     16.9,     91.1,     1008,     202.9,     255.7,     88,     -178
45,     08.08.2014 07:31:17,     346.5,     596.97,     329,     0.3,     1.4,     2.5,     17.1,     90.6,     1007.9,     202.9,     255.4,     88,     -178.1
46,     08.08.2014 07:41:17,     257.25,     524.61,     331,     0.2,     1.5,     2.7,     17.5,     90,     1007.9,     202.9,     255.6,     87.8,     -177.8
47,     08.08.2014 07:51:17,     379.05,     675.36,     326,     0.1,     1.5,     2.6,     17.8,     89.3,     1008,     202.9,     255.6,     87.9,     -177.9
48,     08.08.2014 08:01:17,     292.95,     594.96,     328,     0.3,     1.4,     3.1,     18.1,     88.3,     1008,     202.9,     255.8,     87.8,     -177.9
49,     08.08.2014 08:11:27,     265.65,     556.77,     341,     0.3,     1.7,     3.2,     18.2,     86.6,     1007.9,     202.9,     255.7,     87.8,     -177.9,     13.385,     24.22,     68.1
50,     08.08.2014 08:21:27,     508.2,     926.61,     341,     0.5,     2.1,     3.4,     18.6,     85.9,     1008,     202.9,     255.7,     88,     -177.9
51,     08.08.2014 08:31:27,     485.1,     806.01,     352,     0.7,     2.1,     3.5,     18.7,     85.2,     1008,     202.9,     255.6,     88,     -178
52,     08.08.2014 08:41:27,     260.4,     524.61,     350,     0,     1.5,     3,     19,     84.3,     1008.1,     202.9,     255.7,     87.9,     -177.9
53,     08.08.2014 08:51:27,     599.55,     1121.58,     14,     0.3,     1.9,     3,     19.1,     81.2,     1008,     202.9,     255.9,     88,     -178
54,     08.08.2014 09:01:27,     183.75,     436.17,     3,     0.8,     2,     3.9,     19.4,     78.9,     1008,     202.9,     255.7,     88,     -177.9
55,     08.08.2014 09:11:16,     651,     1252.23,     19,     0.1,     2.3,     5.3,     19.5,     76.3,     1008,     202.9,     255.6,     88,     -178,     13.300,     27.59,     66.5
56,     08.08.2014 09:21:16,     733.95,     1392.93,     29,     1.3,     2.3,     3.7,     19.8,     76.9,     1008,     202.9,     (NO REPLY),     (NO REPLY),     (NO REPLY)
57,     08.08.2014 09:31:16,     233.1,     506.52,     3,     0.9,     2.1,     4.3,     19.8,     73.3,     1008,     202.9,     255.7,     87.8,     -177.8
58,     08.08.2014 09:41:16,     703.5,     1314.54,     358,     0,     1.5,     3.8,     20.1,     74.7,     1008,     202.9,     255.6,     87.8,     -177.9
59,     08.08.2014 09:51:16,     225.75,     524.61,     10,     0.2,     1.9,     3.2,     20.1,     67.8,     1007.9,     202.9,     255.7,     87.8,     -177.8
60,     08.08.2014 10:01:16,     829.5,     1618.05,     11,     0,     0.7,     2.2,     20.6,     67.5,     1008,     202.9,     255.7,     87.9,     -177.9
61,     08.08.2014 10:11:16,     182.7,     420.09,     340,     0.2,     1.9,     3.4,     20.4,     68.3,     1008,     202.9,     255.6,     87.9,     -177.9,     13.277,     28.46,     65.8
62,     08.08.2014 10:21:16,     782.25,     1527.6,     41,     0.3,     1.6,     3.4,     20.4,     68.1,     1008,     202.9,     255.6,     87.9,     -177.9
63,     08.08.2014 10:31:16,     255.15,     570.84,     14,     0.3,     1.2,     2.8,     20.6,     66,     1007.9,     202.9,     255.6,     87.9,     -177.9
64,     08.08.2014 10:41:16,     798,     1547.7,     357,     0,     1.2,     2.3,     20.9,     68.3,     1007.9,     202.9,     255.7,     87.9,     -177.8
65,     08.08.2014 10:51:16,     770.7,     1527.6,     331,     0.3,     1.9,     3.5,     20.9,     60.5,     1007.9,     202.9,     255.5,     87.9,     -177.8
66,     08.08.2014 11:01:16,     855.75,     1700.46,     76,     0,     1.1,     2.8,     21.2,     60.3,     1007.8,     202.9,     255.6,     87.8,     -177.8
67,     08.08.2014 11:11:16,     225.75,     512.55,     108,     0,     0.6,     2.2,     22,     58.5,     1007.8,     202.9,     255.6,     87.9,     -177.8,     13.228,     28.95,     65.2
68,     08.08.2014 11:21:16,     866.25,     1704.48,     22,     0,     0.8,     2.5,     21.7,     59.7,     1007.8,     202.9,     255.6,     87.8,     -177.8
69,     08.08.2014 11:31:16,     165.9,     389.94,     324,     0,     0.7,     1.2,     22,     59.5,     1007.7,     202.9,     255.5,     87.9,     -177.8
70,     08.08.2014 11:41:16,     775.95,     1567.8,     355,     0.1,     1.2,     2.2,     21.5,     63.6,     1007.7,     202.9,     255.6,     87.9,     -177.9
71,     08.08.2014 11:51:16,     780.15,     1581.87,     351,     0,     0.6,     1.9,     22.1,     59.5,     1007.6,     202.9,     75.9,     87.7,     -2.2
72,     08.08.2014 12:01:16,     786.45,     1601.97,     324,     0,     0.6,     1.5,     22.2,     55.4,     1007.5,     202.9,     75.9,     87.7,     -2.2
73,     08.08.2014 12:11:22,     811.65,     1644.18,     179,     0,     1,     2.3,     22,     58.1,     1007.5,     202.9,     76.2,     87.8,     -2.2,     13.237,     30.27,     64.5
74,     08.08.2014 12:21:22,     814.8,     1636.14,     145,     0,     0.5,     1.5,     22.5,     54,     1007.5,     202.9,     75.9,     87.8,     -2
75,     08.08.2014 12:31:22,     863.1,     1740.66,     229,     0,     0.6,     2,     23,     53.4,     1007.4,     202.9,     76,     87.8,     -2.1
76,     08.08.2014 12:41:22,     858.9,     1720.56,     97,     0,     1,     2.3,     22.4,     53.9,     1007.4,     202.9,     75.9,     87.8,     -2.1
77,     08.08.2014 12:51:22,     833.7,     1676.34,     16,     0.3,     1.8,     3.3,     22.2,     55.5,     1007.4,     202.9,     75.8,     87.8,     -2.1
78,     08.08.2014 13:01:22,     822.15,     1662.27,     78,     0,     0.9,     2.1,     22.6,     54.4,     1007.3,     202.9,     76,     87.8,     -2
79,     08.08.2014 13:11:16,     854.7,     1716.54,     108,     0,     1.1,     3.1,     22.5,     51.8,     1007.2,     202.9,     75.9,     87.8,     -2,     12.868,     32.38,     63.7
80,     08.08.2014 13:21:16,     850.5,     1712.52,     158,     0,     1,     2.1,     23,     50.9,     1007.2,     202.9,     76,     87.9,     -2
81,     08.08.2014 13:31:16,     869.4,     1732.62,     241,     0.4,     2,     4,     23.3,     47.6,     1007.1,     202.9,     76.1,     88,     -1.9
82,     08.08.2014 13:41:16,     826.35,     1644.18,     288,     0,     1.3,     2.8,     23.5,     49.5,     1007,     202.9,     76,     87.9,     -2.1
83,     08.08.2014 13:51:16,     816.9,     1632.12,     285,     0,     1.4,     3.2,     23.7,     46.5,     1006.9,     202.9,     76.1,     87.8,     -2.1
84,     08.08.2014 14:01:16,     753.9,     1511.52,     337,     0,     0.7,     2.1,     24,     49.7,     1006.9,     202.9,     76,     87.8,     -2.1
85,     08.08.2014 14:11:16,     711.9,     1427.1,     10,     0.1,     1.4,     3.2,     23.3,     49.5,     1006.7,     202.9,     75.9,     87.8,     -2.1,     12.870,     33.20,     63.9
86,     08.08.2014 14:21:16,     710.85,     1425.09,     17,     0.2,     1,     1.9,     23.3,     51.2,     1006.7,     202.9,     75.9,     87.8,     -2.1
87,     08.08.2014 14:31:16,     685.65,     1358.76,     314,     0.4,     1.4,     3.2,     23.8,     41.5,     1006.6,     202.9,     75.9,     87.8,     -2.1
88,     08.08.2014 14:41:16,     658.35,     1298.46,     314,     0.1,     1.8,     3.4,     23.9,     43.5,     1006.5,     202.9,     76.3,     87.8,     -2
89,     08.08.2014 14:51:16,     641.55,     1262.28,     359,     0.4,     1.8,     3.5,     24,     45.2,     1006.3,     202.9,     75.8,     87.8,     -2
90,     08.08.2014 15:01:16,     618.45,     1212.03,     264,     0.1,     1.2,     4,     24.6,     43.9,     1006.2,     202.9,     75.7,     87.9,     -2
91,     08.08.2014 15:11:16,     602.7,     1179.87,     325,     0.3,     1.6,     3.9,     24.3,     41.1,     1006.1,     202.9,     76,     87.8,     -2,     12.993,     31.88,     64.7
92,     08.08.2014 15:21:16,     586.95,     1135.65,     299,     0.4,     2.5,     4.9,     24.3,     41.9,     1006.1,     202.9,     76,     87.8,     -2.1
93,     08.08.2014 15:31:16,     562.8,     1083.39,     314,     0.2,     2.3,     4.5,     24.3,     43.3,     1006,     202.9,     75.9,     87.8,     -2
94,     08.08.2014 15:41:16,     527.1,     1023.09,     298,     0,     1.6,     4.6,     24.5,     42.6,     1005.9,     202.9,     76,     87.8,     -2.1
95,     08.08.2014 15:51:16,     530.25,     1015.05,     276,     0.4,     2,     3.6,     24.5,     44.3,     1005.8,     202.9,     76,     87.9,     -1.9
96,     08.08.2014 16:01:16,     489.3,     932.64,     267,     0.3,     2,     3.6,     24.5,     43.5,     1005.7,     202.9,     76,     87.8,     -2.1
97,     08.08.2014 16:11:22,     474.6,     898.47,     293,     0.9,     2.2,     3.6,     24.4,     41.4,     1005.7,     202.9,     75.8,     88,     -1.9,     13.180,     30.82,     64.8
98,     08.08.2014 16:21:22,     448.35,     854.25,     308,     0.5,     1.3,     2.1,     24.8,     41.1,     1005.7,     202.9,     76,     87.8,     -2
99,     08.08.2014 16:31:22,     415.8,     787.92,     50,     0.1,     0.8,     1.7,     24.5,     42.5,     1005.6,     202.9,     75.7,     87.9,     -1.9
100,     08.08.2014 16:41:22,     368.55,     679.38,     167,     0,     0.8,     1.7,     24.8,     41.6,     1005.6,     202.9,     75.7,     87.9,     -1.9
101,     08.08.2014 16:51:22,     234.15,     436.17,     232,     0,     1.2,     2.6,     24.9,     41.1,     1005.6,     202.9,     75.8,     87.9,     -2
102,     08.08.2014 17:01:22,     122.85,     289.44,     207,     0.3,     1.4,     2.7,     24.4,     43.8,     1005.6,     202.9,     75.9,     88,     -1.9
103,     08.08.2014 17:11:16,     300.3,     558.78,     272,     0.1,     1.4,     2.6,     24.3,     45.3,     1005.5,     202.9,     75.5,     88,     -1.9,     13.298,     30.39,     64.8
104,     08.08.2014 17:21:16,     269.85,     510.54,     312,     0.1,     1.2,     2.6,     24.5,     44.5,     1005.5,     202.9,     75.8,     87.9,     -2
105,     08.08.2014 17:31:16,     274.05,     496.47,     241,     0.1,     1.8,     2.9,     24.4,     44.5,     1005.5,     202.9,     75.9,     88,     -1.9
106,     08.08.2014 17:41:16,     237.3,     428.13,     235,     0.4,     1.7,     2.5,     24.3,     46.8,     1005.5,     202.9,     75.8,     88,     -1.9
107,     08.08.2014 17:51:16,     192.15,     355.77,     246,     0.5,     1.5,     2.2,     24.4,     48.5,     1005.4,     202.9,     75.8,     88.1,     -1.8
108,     08.08.2014 18:01:16,     151.2,     291.45,     257,     0.2,     1.1,     2,     24.5,     44.9,     1005.3,     202.9,     75.9,     88,     -1.9
109,     08.08.2014 18:11:16,     93.45,     188.94,     242,     0.3,     1.1,     2,     24.4,     45.4,     1005.3,     202.9,     75.8,     87.9,     -2,     13.366,     29.19,     65.2
110,     08.08.2014 18:21:16,     79.8,     164.82,     239,     0.2,     1.1,     1.9,     24.3,     44.1,     1005.3,     202.9,     75.8,     88,     -1.9
111,     08.08.2014 18:31:16,     69.3,     144.72,     232,     0.1,     0.8,     1.6,     24.1,     50.1,     1005.3,     202.9,     75.8,     88,     -1.9
112,     08.08.2014 18:41:16,     55.65,     118.59,     247,     0.1,     0.8,     1.3,     23.9,     53.9,     1005.3,     202.9,     75.8,     88,     -1.9
113,     08.08.2014 18:51:16,     38.85,     90.45,     245,     0,     0.6,     1.3,     23.7,     52.5,     1005.3,     202.9,     75.7,     88,     -1.9
114,     08.08.2014 19:01:16,     28.35,     66.33,     110,     0.1,     0.6,     1.2,     23,     58.8,     1005.2,     202.9,     75.7,     88,     -1.9
115,     08.08.2014 19:11:16,     21,     50.25,     82,     0.1,     1.1,     2.3,     22.4,     59.6,     1005.1,     202.9,     75.7,     88,     -1.9,     12.838,     25.96,     66.8
116,     08.08.2014 19:21:16,     19.95,     42.21,     114,     0.3,     0.8,     1.4,     21.8,     67.3,     1005,     202.9,     75.7,     88,     -1.9
117,     08.08.2014 19:31:16,     8.4,     26.13,     104,     0,     0.5,     1,     21.5,     70.2,     1005,     202.9,     255.3,     88,     -178
118,     08.08.2014 19:41:16,     2.1,     14.07,     82,     0.2,     0.6,     0.9,     21.3,     67.8,     1004.9,     202.9,     255.3,     87.9,     -177.9
119,     08.08.2014 19:51:16,     -2.1,     4.02,     78,     0.1,     0.6,     1.3,     21,     66.5,     1005,     202.9,     75.7,     88,     -2
120,     08.08.2014 20:01:16,     -3.15,     4.02,     71,     0.3,     0.7,     1.1,     20.6,     71.7,     1005.1,     202.9,     255.3,     88,     -177.9
121,     08.08.2014 20:11:16,     -4.2,     -2.01,     72,     0.2,     0.6,     1,     20.6,     68.6,     1005.1,     202.9,     255.3,     87.8,     -177.8,     12.711,     22.01,     68.1
122,     08.08.2014 20:21:16,     -4.2,     0,     73,     0.1,     0.6,     1,     20.6,     71.3,     1005,     202.9,     75.6,     87.9,     -2
123,     08.08.2014 20:31:16,     -5.25,     0,     57,     0.4,     0.9,     1.6,     20.4,     69.3,     1005,     202.9,     255.3,     88,     -178
124,     08.08.2014 20:41:16,     -5.25,     -2.01,     62,     0.4,     0.8,     1.2,     20.1,     73.8,     1005,     202.9,     255.3,     87.9,     -177.9
125,     08.08.2014 20:51:16,     -4.2,     -2.01,     63,     0.5,     0.8,     1.2,     19.9,     75,     1005,     202.9,     255.1,     88,     -178
126,     08.08.2014 21:01:16,     -5.25,     -2.01,     65,     0.1,     0.9,     1.7,     19.7,     73.9,     1005,     202.9,     255.3,     87.9,     -177.9
127,     08.08.2014 21:11:17,     -5.25,     -2.01,     61,     0.1,     1,     1.9,     19.8,     74.2,     1005,     202.9,     255.3,     88,     -178,     12.654,     19.80,     68.6
128,     08.08.2014 21:21:17,     -5.25,     -2.01,     48,     0.1,     0.7,     1.5,     19.6,     76.7,     1005,     202.9,     255.3,     87.9,     -177.9
129,     08.08.2014 21:31:17,     -5.25,     0,     74,     0,     0.8,     2.4,     19.4,     77.2,     1005,     202.9,     255.3,     88,     -178
130,     08.08.2014 21:41:17,     -5.25,     -4.02,     113,     0,     1,     2.7,     19.4,     79,     1005,     202.9,     255.3,     88,     -178
131,     08.08.2014 21:51:17,     -6.3,     -2.01,     126,     0.1,     1,     3.2,     19.3,     79.3,     1004.9,     202.9,     255.1,     88,     -178
132,     08.08.2014 22:01:17,     -5.25,     -2.01,     139,     0.1,     1.2,     2.7,     19.3,     79.9,     1004.9,     202.9,     255.3,     87.9,     -177.9
133,     08.08.2014 22:11:16,     -5.25,     -4.02,     135,     0.1,     1.4,     3.2,     19.2,     79.7,     1004.8,     202.9,     255.3,     87.9,     -177.9,     12.641,     18.65,     68.7
134,     08.08.2014 22:21:16,     -5.25,     -2.01,     157,     0.1,     1.4,     3.1,     19.2,     80.9,     1004.7,     202.9,     255.3,     87.9,     -177.9
135,     08.08.2014 22:31:16,     -4.2,     -2.01,     160,     0.1,     1.8,     4.1,     19,     80.5,     1004.6,     202.9,     255.2,     87.9,     -177.9
136,     08.08.2014 22:41:16,     -5.25,     -4.02,     158,     0.2,     1.4,     2.9,     18.9,     80.7,     1004.6,     202.9,     255.1,     87.9,     -177.9
137,     08.08.2014 22:51:16,     -5.25,     0,     158,     0.1,     1.4,     3,     18.8,     81.4,     1004.6,     202.9,     255.3,     87.9,     -177.9
138,     08.08.2014 23:01:16,     -5.25,     -2.01,     150,     0.5,     1.5,     3.1,     18.6,     81.8,     1004.5,     202.9,     255.2,     87.9,     -177.9
139,     08.08.2014 23:11:16,     -6.3,     -4.02,     152,     0.1,     1.4,     3.3,     18.5,     82.4,     1004.5,     202.9,     255.2,     87.9,     -177.9,     12.613,     18.00,     68.7
140,     08.08.2014 23:21:16,     -5.25,     0,     147,     0,     1.1,     2.5,     18.4,     83.8,     1004.4,     202.9,     255.2,     87.9,     -177.9
141,     08.08.2014 23:31:16,     -4.2,     0,     153,     0,     0.7,     2.2,     18.3,     83.6,     1004.3,     202.9,     255.2,     87.9,     -177.9
142,     08.08.2014 23:41:16,     -5.25,     -4.02,     183,     0,     0.9,     1.7,     18.4,     83.6,     1004.3,     202.9,     255.3,     88,     -178
143,     08.08.2014 23:51:16,     -5.25,     0,     183,     0.6,     1.3,     1.9,     18.2,     83.1,     1004.3,     202.9,     255.2,     87.9,     -177.9
144,     09.08.2014 00:01:16,     -3.15,     0,     188,     0.5,     1.4,     2.2,     18.1,     84,     1004.2,     202.9,     255.2,     87.9,     -178,     12.491,     17.52,     68.7