Logger: #D10248 'TSK_Meteo' - USP_EXP2 (V2.10, Jan 24 2012)
No,     Time,     #1:W/m²:0,     #2:ÂµMol:(do.),     #5:deg:2,     #6:m/sMIN:(do.),     #7:m/sMIT:(do.),     #8:m/sMAX:(do.),     #9:Â°C:(do.),     #10:%:(do.),     #11:hPa:(do.),     #12:mm:(do.),     #14:AZ:3,     #15:EL:(do.),     #16:Roll:(do.),     #HK-Bat:V,     #HK-Temp:oC,     #HK-rH:%
(GSM Transfer OK / Signal:17)
1,     26.11.2014 00:11:17,     -1.05,     0,     233,     0.6,     2.3,     6.1,     4.1,     93.1,     1019.1,     330.94,     253.2,     88,     -178,     12.230,     5.64,     83.5
2,     26.11.2014 00:21:17,     -2.1,     -2.01,     0,     0,     0,     0,     4.1,     93.1,     1019,     330.94,     253.2,     87.9,     -177.9
3,     26.11.2014 00:31:17,     -2.1,     -4.02,     0,     0,     0,     0,     4.1,     93.2,     1019,     330.94,     253.1,     88,     -178
4,     26.11.2014 00:41:17,     -1.05,     -2.01,     226,     0.6,     1.9,     4.6,     4,     93.1,     1019,     330.94,     253.2,     87.9,     -177.9
5,     26.11.2014 00:51:17,     -2.1,     -2.01,     0,     0,     0,     0,     4.1,     93.2,     1018.9,     330.94,     253.2,     88,     -178
6,     26.11.2014 01:01:17,     -1.05,     -2.01,     0,     0,     0,     0,     4.1,     93.1,     1018.8,     330.94,     253.2,     88,     -178
7,     26.11.2014 01:11:17,     -1.05,     0,     0,     0,     0,     0,     4.1,     93.1,     1018.8,     330.94,     253.2,     87.9,     -177.9,     12.361,     4.97,     85.4
8,     26.11.2014 01:21:17,     -2.1,     -2.01,     0,     0,     0,     0,     4.1,     93.1,     1018.8,     330.94,     253.1,     88,     -178
9,     26.11.2014 01:31:17,     -1.05,     0,     0,     0,     0,     0,     4.2,     93.1,     1018.7,     330.94,     253.2,     88,     -178
10,     26.11.2014 01:41:17,     -1.05,     0,     0,     0,     0,     0,     4.2,     93.2,     1018.6,     330.94,     253.2,     88,     -178
11,     26.11.2014 01:51:17,     -1.05,     -2.01,     0,     0,     0,     0,     4.2,     93.1,     1018.6,     330.94,     253.2,     88,     -178
12,     26.11.2014 02:01:17,     -2.1,     -4.02,     0,     0,     0,     0,     4.2,     93.1,     1018.6,     330.94,     253.1,     87.9,     -177.9
13,     26.11.2014 02:11:16,     -1.05,     -2.01,     0,     0,     0,     0,     4.3,     93.1,     1018.5,     330.94,     253.2,     88,     -178.1,     12.351,     5.05,     85.4
14,     26.11.2014 02:21:16,     0,     0,     0,     0,     0,     0,     4.3,     93.1,     1018.4,     330.94,     253.2,     87.9,     -177.9
15,     26.11.2014 02:31:16,     -1.05,     0,     0,     0,     0,     0,     4.3,     93.1,     1018.3,     330.94,     253.2,     87.9,     -177.9
16,     26.11.2014 02:41:16,     -2.1,     -4.02,     0,     0,     0,     0,     4.3,     93.1,     1018.2,     330.94,     253.1,     87.9,     -178
17,     26.11.2014 02:51:16,     -1.05,     0,     0,     0,     0,     0,     4.3,     93.1,     1018.2,     330.94,     253.1,     87.9,     -177.9
18,     26.11.2014 03:01:16,     -1.05,     -2.01,     0,     0,     0,     0,     4.4,     93.1,     1018.1,     330.94,     253.2,     88,     -177.9
19,     26.11.2014 03:11:21,     -2.1,     -2.01,     0,     0,     0,     0,     4.4,     93.1,     1018.1,     330.94,     253.2,     87.9,     -177.9,     12.332,     5.14,     85.3
20,     26.11.2014 03:21:21,     -1.05,     2.01,     0,     0,     0,     0,     4.5,     93.2,     1018,     330.94,     253.1,     88,     -178
21,     26.11.2014 03:31:21,     -1.05,     -2.01,     0,     0,     0,     0,     4.4,     93.1,     1017.9,     330.94,     253.1,     88,     -178
22,     26.11.2014 03:41:21,     -1.05,     -2.01,     0,     0,     0,     0,     4.5,     93.1,     1017.9,     330.94,     253.2,     88,     -178
23,     26.11.2014 03:51:21,     -2.1,     -2.01,     0,     0,     0,     0,     4.5,     93.1,     1017.7,     330.94,     253.2,     88,     -178
24,     26.11.2014 04:01:21,     -1.05,     -2.01,     0,     0,     0,     0,     4.5,     93.1,     1017.7,     330.94,     253.1,     88,     -178
25,     26.11.2014 04:11:17,     -1.05,     -2.01,     0,     0,     0,     0,     4.6,     93.1,     1017.6,     330.94,     253.1,     88,     -178,     12.317,     5.18,     85.4
26,     26.11.2014 04:21:17,     -2.1,     0,     0,     0,     0,     0,     4.6,     93.1,     1017.6,     330.94,     253.2,     88,     -178
27,     26.11.2014 04:31:17,     -1.05,     -2.01,     0,     0,     0,     0,     4.5,     93.1,     1017.5,     330.94,     253.1,     88,     -178
28,     26.11.2014 04:41:17,     -2.1,     -2.01,     0,     0,     0,     0,     4.5,     93,     1017.5,     330.94,     253.1,     88,     -177.9
29,     26.11.2014 04:51:17,     -3.15,     -4.02,     0,     0,     0,     0,     4.5,     93,     1017.4,     330.94,     253.1,     88,     -178
30,     26.11.2014 05:01:17,     -1.05,     0,     0,     0,     0,     0,     4.5,     92.8,     1017.3,     330.94,     253.3,     87.9,     -178
31,     26.11.2014 05:11:16,     -2.1,     0,     0,     0,     0,     0,     4.6,     92.5,     1017.2,     330.94,     253.1,     88,     -178,     12.321,     5.27,     85.4
32,     26.11.2014 05:21:16,     -2.1,     -2.01,     0,     0,     0,     0,     4.6,     92.1,     1017.2,     330.94,     253.1,     88,     -178
33,     26.11.2014 05:31:16,     -1.05,     0,     0,     0,     0,     0,     4.7,     91.9,     1017.2,     330.94,     253.4,     88,     -178
34,     26.11.2014 05:41:16,     -1.05,     0,     0,     0,     0,     0,     4.7,     91.5,     1017.1,     330.94,     252.9,     87.9,     -177.9
35,     26.11.2014 05:51:16,     -3.15,     0,     0,     0,     0,     0,     4.7,     91.1,     1017.1,     330.94,     253.3,     88,     -178
36,     26.11.2014 06:01:16,     -3.15,     0,     0,     0,     0,     0,     4.6,     90.6,     1017.1,     330.94,     253.1,     88.1,     -178.1
37,     26.11.2014 06:11:16,     -4.2,     -2.01,     0,     0,     0,     0,     4.5,     89.8,     1017,     330.94,     253.2,     88,     -178,     12.315,     5.05,     85.3
38,     26.11.2014 06:21:16,     -3.15,     0,     0,     0,     0,     0,     4.4,     89.4,     1017.1,     330.94,     253.2,     87.9,     -177.9
39,     26.11.2014 06:31:16,     -4.2,     -2.01,     0,     0,     0,     0,     4.2,     90.2,     1017,     330.94,     253,     87.9,     -177.9
40,     26.11.2014 06:41:16,     -4.2,     -2.01,     0,     0,     0,     0,     4.1,     90.5,     1017,     330.94,     253,     88,     -178
41,     26.11.2014 06:51:16,     -5.25,     0,     0,     0,     0,     0,     3.9,     90.4,     1017.1,     330.94,     253.1,     87.9,     -177.9
42,     26.11.2014 07:01:16,     -4.2,     0,     0,     0,     0,     0,     3.8,     90.7,     1017.1,     330.94,     253,     87.9,     -177.9
43,     26.11.2014 07:11:16,     -4.2,     -2.01,     0,     0,     0,     0,     3.7,     90.9,     1017.2,     330.94,     253,     87.8,     -177.8,     13.839,     3.72,     85.7
44,     26.11.2014 07:21:16,     -4.2,     -2.01,     0,     0,     0,     0,     3.6,     90.8,     1017.3,     330.94,     253,     88,     -178
45,     26.11.2014 07:31:16,     -6.3,     -6.03,     0,     0,     0,     0,     3.4,     91,     1017.3,     330.94,     253.1,     87.9,     -177.9
46,     26.11.2014 07:41:16,     -3.15,     0,     0,     0,     0,     0,     3.4,     91.3,     1017.3,     330.94,     253,     87.9,     -177.9
47,     26.11.2014 07:51:16,     -2.1,     4.02,     0,     0,     0,     0,     3.3,     91.2,     1017.4,     330.94,     253,     88,     -178
48,     26.11.2014 08:01:16,     2.1,     14.07,     0,     0,     0,     0,     3.2,     91.4,     1017.4,     330.94,     253,     88,     -178
49,     26.11.2014 08:11:16,     9.45,     24.12,     0,     0,     0,     0,     3.2,     91.7,     1017.5,     330.94,     253,     88,     -178,     12.633,     2.84,     86.0
50,     26.11.2014 08:21:16,     19.95,     44.22,     0,     0,     0,     0,     3.1,     91.9,     1017.5,     330.94,     253.1,     87.8,     -177.9
51,     26.11.2014 08:31:16,     38.85,     70.35,     0,     0,     0,     0,     3.2,     92.1,     1017.5,     330.94,     253.2,     87.9,     -177.9
52,     26.11.2014 08:41:16,     45.15,     90.45,     0,     0,     0,     0,     3.2,     91.9,     1017.5,     330.94,     253.2,     88,     -177.9
53,     26.11.2014 08:51:16,     37.8,     84.42,     0,     0,     0,     0,     3,     91.8,     1017.5,     330.94,     253,     87.9,     -177.9
54,     26.11.2014 09:01:16,     64.05,     126.63,     0,     0,     0,     0,     3.1,     92.1,     1017.5,     330.94,     253.1,     87.9,     -177.9
55,     26.11.2014 09:11:16,     53.55,     110.55,     0,     0,     0,     0,     3.6,     92.4,     1017.4,     330.94,     252.7,     87.7,     -177.7,     12.948,     3.42,     86.1
56,     26.11.2014 09:21:16,     106.05,     207.03,     0,     0,     0,     0,     3.9,     90.9,     1017.4,     330.94,     253.3,     87.9,     -177.9
57,     26.11.2014 09:31:16,     108.15,     213.06,     0,     0,     0,     0,     4,     88.1,     1017.4,     330.94,     253.3,     87.9,     -177.9
58,     26.11.2014 09:41:16,     103.95,     213.06,     184,     2.5,     3.9,     6.4,     4.2,     87.2,     1017.4,     330.94,     253.3,     87.9,     -177.9
59,     26.11.2014 09:51:16,     103.95,     217.08,     179,     1.4,     3.9,     5.9,     4.3,     86.2,     1017.4,     330.94,     253.1,     87.9,     -177.9
60,     26.11.2014 10:01:16,     136.5,     273.36,     175,     1.1,     3.1,     5.4,     4.3,     84.9,     1017.4,     330.94,     253.2,     88,     -178
61,     26.11.2014 10:11:17,     112.35,     233.16,     172,     1,     2.9,     4.7,     4.3,     84.9,     1017.3,     330.94,     253.1,     87.9,     -177.9,     13.773,     5.21,     85.6
62,     26.11.2014 10:21:17,     123.9,     259.29,     170,     1,     2.8,     5.8,     4.4,     83.9,     1017.3,     330.94,     253.5,     87.9,     -177.9
63,     26.11.2014 10:31:17,     119.7,     253.26,     171,     1,     2.6,     4.7,     4.5,     84.4,     1017.3,     330.94,     253.2,     87.9,     -177.9
64,     26.11.2014 10:41:17,     170.1,     341.7,     168,     0.7,     2.5,     4.3,     4.6,     83.8,     1017.2,     330.94,     253.4,     88,     -178
65,     26.11.2014 10:51:17,     180.6,     375.87,     173,     1.5,     3.4,     5.8,     4.6,     83.5,     1017.1,     330.94,     253.1,     87.9,     -178
66,     26.11.2014 11:01:17,     130.2,     277.38,     180,     1.2,     3.4,     6.3,     4.7,     82.9,     1017.2,     330.94,     253.4,     88,     -177.9
67,     26.11.2014 11:11:16,     127.05,     265.32,     176,     1.2,     2.9,     5.3,     4.8,     82.6,     1017.1,     330.94,     73.4,     88,     -1.8,     13.389,     6.56,     85.1
68,     26.11.2014 11:21:16,     117.6,     239.19,     172,     0.9,     3,     5.4,     4.8,     82,     1017.1,     330.94,     253.3,     87.9,     -177.9
69,     26.11.2014 11:31:16,     122.85,     247.23,     169,     0.7,     2.8,     4.9,     4.9,     82.9,     1017,     330.94,     253.3,     88,     -177.9
70,     26.11.2014 11:41:16,     112.35,     227.13,     164,     1.1,     3,     5.5,     4.9,     81.4,     1017,     330.94,     253.4,     88,     -178
71,     26.11.2014 11:51:16,     96.6,     201,     168,     1,     2.9,     5.5,     5,     81.3,     1016.9,     330.94,     252.6,     88.1,     -178
72,     26.11.2014 12:01:16,     106.05,     215.07,     162,     1,     3.1,     5,     5,     80,     1016.8,     330.94,     253.4,     88.1,     -178.1
73,     26.11.2014 12:11:16,     68.25,     148.74,     162,     1.4,     3,     5.3,     5.1,     80.1,     1016.7,     330.94,     253,     88.1,     -178.1,     12.878,     6.92,     84.8
74,     26.11.2014 12:21:16,     49.35,     110.55,     167,     0.9,     3,     5.7,     5.1,     80.5,     1016.6,     330.94,     251.9,     88,     -178
75,     26.11.2014 12:31:16,     65.1,     134.67,     165,     0.7,     3,     5,     5,     80.1,     1016.5,     330.94,     253,     88,     -178
76,     26.11.2014 12:41:16,     44.1,     94.47,     157,     0.9,     2.5,     4.1,     5,     81.6,     1016.4,     330.94,     253.2,     88,     -178
77,     26.11.2014 12:51:16,     60.9,     126.63,     153,     0.6,     2.2,     4.5,     5,     82.9,     1016.4,     330.94,     253.6,     88,     -177.9
78,     26.11.2014 13:01:16,     74.55,     146.73,     153,     1,     2.6,     5.3,     5,     82.9,     1016.2,     330.94,     253.1,     88,     -177.9
79,     26.11.2014 13:11:17,     102.9,     205.02,     157,     0.5,     2.3,     5.2,     4.9,     81.7,     1016.1,     330.94,     253.1,     87.9,     -177.9,     13.177,     6.75,     84.9
80,     26.11.2014 13:21:17,     222.6,     410.04,     158,     0.8,     2.9,     5.5,     5,     81,     1016,     330.94,     253.4,     87.8,     -177.8
81,     26.11.2014 13:31:17,     211.05,     395.97,     160,     0.7,     2.6,     4.7,     5.1,     79.4,     1015.8,     330.94,     73.5,     88,     -1.9
82,     26.11.2014 13:41:17,     174.3,     323.61,     149,     1.4,     3,     5.2,     5.2,     77.1,     1015.8,     330.94,     73.8,     88,     -1.9
83,     26.11.2014 13:51:17,     159.6,     297.48,     155,     0.8,     3,     5.1,     5.2,     78.2,     1015.7,     330.94,     73.7,     88,     -1.9
84,     26.11.2014 14:01:17,     86.1,     178.89,     169,     1.3,     3.1,     5.3,     5.2,     78.9,     1015.6,     330.94,     73.3,     88,     -1.8
85,     26.11.2014 14:11:16,     65.1,     140.7,     163,     0.3,     3,     6.3,     5,     78.3,     1015.6,     330.94,     73.8,     87.9,     -2,     13.016,     8.04,     84.1
86,     26.11.2014 14:21:16,     35.7,     84.42,     165,     0.8,     2.6,     5.7,     4.8,     79.8,     1015.5,     330.94,     73.6,     88,     -1.9
87,     26.11.2014 14:31:16,     39.9,     86.43,     152,     0.6,     3,     5.3,     4.7,     80.8,     1015.5,     330.94,     253.3,     87.9,     -177.9
88,     26.11.2014 14:41:16,     32.55,     74.37,     153,     1,     2.7,     5.3,     4.7,     81.7,     1015.4,     330.94,     253.1,     87.9,     -177.9
89,     26.11.2014 14:51:16,     36.75,     78.39,     156,     0.5,     2.4,     3.9,     4.6,     81.1,     1015.4,     330.94,     252.9,     88,     -178
90,     26.11.2014 15:01:16,     26.25,     66.33,     152,     1.3,     3,     5.7,     4.6,     80.8,     1015.2,     330.94,     252.5,     87.9,     -178
91,     26.11.2014 15:11:16,     27.3,     62.31,     154,     0.7,     2.6,     4.9,     4.5,     82.2,     1015.2,     330.94,     252.7,     87.9,     -177.9,     12.834,     6.45,     84.9
92,     26.11.2014 15:21:16,     24.15,     50.25,     154,     0.8,     2.7,     4.8,     4.4,     81.3,     1015.1,     330.94,     252.5,     88,     -178
93,     26.11.2014 15:31:16,     17.85,     40.2,     161,     0.4,     2.9,     5,     4.4,     80.7,     1015.1,     330.94,     253.4,     88,     -178
94,     26.11.2014 15:41:16,     10.5,     24.12,     162,     1.1,     2.7,     4.8,     4.3,     81,     1015.1,     330.94,     252.8,     88,     -178
95,     26.11.2014 15:51:16,     1.05,     6.03,     151,     1.4,     2.7,     4.4,     4.2,     82.5,     1015.1,     330.94,     253,     88.1,     -178.1
96,     26.11.2014 16:01:16,     0,     2.01,     161,     0.6,     2.6,     4.9,     4.2,     82.2,     1015.1,     330.94,     252.9,     88,     -178
97,     26.11.2014 16:11:16,     -1.05,     0,     162,     1,     3,     5.9,     4.1,     81.1,     1015,     330.94,     252.6,     87.9,     -178,     12.703,     5.25,     85.5
98,     26.11.2014 16:21:16,     -2.1,     -2.01,     164,     0.7,     3.2,     5.9,     3.9,     81.1,     1015,     330.94,     72.5,     87.9,     -2
99,     26.11.2014 16:31:16,     -2.1,     -2.01,     175,     1.1,     3.1,     5.6,     3.9,     81.9,     1014.9,     330.94,     252.8,     87.9,     -177.8
100,     26.11.2014 16:41:16,     -2.1,     -2.01,     165,     0.5,     2.6,     5.1,     3.9,     82.8,     1015,     330.94,     252.9,     87.9,     -177.9
101,     26.11.2014 16:51:16,     -1.05,     0,     167,     1.4,     3.1,     5.3,     3.7,     82.5,     1014.9,     330.94,     252.8,     88,     -177.9
102,     26.11.2014 17:01:16,     -2.1,     0,     168,     1.2,     3,     5,     3.8,     82.6,     1015,     330.94,     252.8,     87.9,     -177.9
103,     26.11.2014 17:11:16,     -1.05,     -2.01,     171,     1.1,     3.9,     7.6,     3.7,     81.7,     1014.8,     330.94,     251.5,     87.8,     -177.8,     12.662,     4.83,     85.5
104,     26.11.2014 17:21:16,     -2.1,     0,     176,     1.7,     4.4,     7.2,     3.7,     82.1,     1014.8,     330.94,     252.8,     88,     -178
105,     26.11.2014 17:31:16,     -1.05,     0,     176,     1.7,     3.3,     5.2,     3.7,     82,     1014.8,     330.94,     252.9,     87.7,     -177.7
106,     26.11.2014 17:41:16,     -2.1,     -2.01,     171,     1.6,     3.9,     6.6,     3.7,     82.1,     1014.8,     330.94,     252.7,     88,     -178
107,     26.11.2014 17:51:16,     -2.1,     0,     172,     1.1,     3.2,     6.3,     3.7,     81.9,     1014.7,     330.94,     253.1,     87.7,     -177.8
108,     26.11.2014 18:01:16,     -2.1,     -4.02,     172,     1.5,     3.9,     7,     3.8,     81.3,     1014.7,     330.94,     252.8,     87.6,     -177.6
109,     26.11.2014 18:11:16,     -1.05,     0,     169,     1.2,     3.2,     5.8,     3.8,     81.4,     1014.6,     330.94,     253,     88.1,     -178.1,     12.633,     4.61,     85.6
110,     26.11.2014 18:21:16,     -2.1,     0,     172,     1.6,     3.1,     5.3,     3.8,     80.8,     1014.6,     330.94,     252.4,     88,     -178
111,     26.11.2014 18:31:16,     -4.2,     0,     172,     1.2,     2.7,     6.4,     3.7,     81.5,     1014.7,     330.94,     253.1,     87.9,     -177.9
112,     26.11.2014 18:41:16,     -3.15,     -2.01,     174,     1.3,     2.7,     4.7,     3.7,     81.5,     1014.6,     330.94,     253,     88,     -178
113,     26.11.2014 18:51:16,     -2.1,     0,     178,     0.5,     2.1,     3.3,     3.7,     82.5,     1014.5,     330.94,     252.8,     87.9,     -177.9
114,     26.11.2014 19:01:16,     -2.1,     -2.01,     174,     0.3,     2.4,     4.4,     3.7,     81.9,     1014.4,     330.94,     252.9,     88,     -178
115,     26.11.2014 19:11:16,     -4.2,     -2.01,     172,     0.8,     2.7,     5.9,     3.8,     82.6,     1014.3,     330.94,     252.7,     88,     -178,     12.620,     4.03,     85.8
116,     26.11.2014 19:21:16,     -6.3,     -4.02,     174,     1.4,     2.6,     4.3,     3.6,     81.5,     1014.1,     330.94,     252.9,     87.9,     -177.9
117,     26.11.2014 19:31:16,     -4.2,     -2.01,     175,     0.8,     2.2,     3.3,     3.5,     82.6,     1014.2,     330.94,     253,     87.9,     -177.9
118,     26.11.2014 19:41:16,     -5.25,     -2.01,     179,     0.9,     2.1,     3.2,     3.3,     83.4,     1014.1,     330.94,     253.1,     87.9,     -177.9
119,     26.11.2014 19:51:16,     -5.25,     0,     174,     1,     2.1,     3.2,     3.2,     84.1,     1014.1,     330.94,     253,     87.9,     -177.9
120,     26.11.2014 20:01:16,     -6.3,     -2.01,     173,     0.7,     1.8,     2.9,     3,     84.5,     1014.1,     330.94,     253,     87.9,     -177.9
121,     26.11.2014 20:11:17,     -4.2,     0,     178,     0.7,     1.8,     2.9,     2.9,     85.2,     1014,     330.94,     252.9,     88,     -178,     12.588,     2.96,     86.0
122,     26.11.2014 20:21:17,     -5.25,     -2.01,     190,     0.4,     1.4,     2.5,     2.8,     86.2,     1014,     330.94,     253.1,     88,     -177.9
123,     26.11.2014 20:31:17,     -5.25,     -2.01,     201,     0.6,     1.2,     2,     2.7,     85.9,     1013.9,     330.94,     253.1,     88,     -178
124,     26.11.2014 20:41:17,     -4.2,     -2.01,     192,     0.5,     1.2,     1.9,     2.6,     86.3,     1013.9,     330.94,     253,     87.9,     -177.9
125,     26.11.2014 20:51:17,     -4.2,     0,     186,     0.3,     1.2,     1.9,     2.4,     86.8,     1013.9,     330.94,     253,     87.9,     -177.9
126,     26.11.2014 21:01:17,     -4.2,     -2.01,     187,     0.6,     1.5,     2.3,     2.3,     87.3,     1013.9,     330.94,     252.9,     87.9,     -177.9
127,     26.11.2014 21:11:16,     -4.2,     -2.01,     180,     0.5,     1.6,     2.7,     2.3,     87.8,     1013.9,     330.94,     252.9,     87.9,     -177.9,     12.571,     2.03,     86.3
128,     26.11.2014 21:21:16,     -5.25,     -2.01,     171,     0.7,     1.5,     2.6,     2.3,     87.6,     1013.9,     330.94,     252.9,     88,     -177.9
129,     26.11.2014 21:31:16,     -5.25,     0,     170,     0.2,     1.5,     2.3,     2.2,     88.2,     1013.8,     330.94,     253,     87.9,     -177.9
130,     26.11.2014 21:41:16,     -5.25,     0,     162,     0.1,     0.9,     1.9,     2.1,     88.4,     1013.7,     330.94,     252.9,     87.9,     -177.9
131,     26.11.2014 21:51:16,     -5.25,     -2.01,     146,     0.1,     0.9,     1.7,     2,     88.8,     1013.7,     330.94,     252.8,     87.9,     -177.9
132,     26.11.2014 22:01:16,     -5.25,     0,     130,     0,     0.7,     1.3,     2,     89.3,     1013.6,     330.94,     252.9,     87.9,     -177.9
133,     26.11.2014 22:11:16,     -5.25,     -2.01,     158,     0,     0.9,     2,     1.9,     89.5,     1013.6,     330.94,     252.9,     87.9,     -177.9,     13.775,     1.21,     86.4
134,     26.11.2014 22:21:16,     -4.2,     -2.01,     150,     0.5,     1.1,     1.6,     1.8,     89.2,     1013.6,     330.94,     253,     88,     -178
135,     26.11.2014 22:31:16,     -1.05,     -2.01,     168,     0.4,     1.1,     1.9,     1.9,     89.4,     1013.5,     330.94,     253,     87.9,     -177.9
136,     26.11.2014 22:41:16,     -2.1,     0,     188,     0.1,     1.5,     2.3,     1.9,     89.3,     1013.5,     330.94,     253,     87.9,     -177.9
137,     26.11.2014 22:51:16,     -3.15,     -2.01,     183,     0.2,     1.7,     3.5,     2.1,     89.5,     1013.5,     330.94,     252.7,     88,     -177.9
138,     26.11.2014 23:01:16,     -3.15,     -2.01,     175,     0.8,     2.8,     6.6,     2.3,     89,     1013.4,     330.94,     253,     87.9,     -177.9
139,     26.11.2014 23:11:17,     -2.1,     -4.02,     175,     1.2,     3,     5.6,     2.6,     87.9,     1013.3,     330.94,     252.7,     87.9,     -177.9,     12.679,     1.77,     86.5
140,     26.11.2014 23:21:17,     -2.1,     0,     173,     0.6,     3.2,     5.9,     2.7,     87.3,     1013.2,     330.94,     252.5,     87.9,     -177.9
141,     26.11.2014 23:31:17,     -2.1,     -2.01,     170,     1.7,     3.6,     5.7,     2.8,     87,     1013,     330.94,     252,     87.8,     -177.8
142,     26.11.2014 23:41:17,     -3.15,     -2.01,     176,     1.1,     3.3,     5.9,     2.9,     86.6,     1013,     330.94,     252.7,     87.9,     -177.9
143,     26.11.2014 23:51:17,     -1.05,     -2.01,     172,     0.4,     3,     5.4,     3,     86.5,     1012.9,     330.94,     252.6,     87.9,     -177.9
144,     27.11.2014 00:01:17,     -3.15,     -2.01,     170,     0.7,     3,     4.9,     3,     86,     1012.9,     330.94,     252.7,     87.9,     -177.9,     12.533,     2.75,     86.1