Logger: #D10248 'TSK_Meteo' - USP_EXP2 - (CGI) Expander for GP5W - (V2.51, Oct  6 2010)
No,     Time,     #1:W/m²:0,     #2:µMol:(do.),     #5:deg:2,     #6:m/sMIN:(do.),     #7:m/sMIT:(do.),     #8:m/sMAX:(do.),     #9:°C:(do.),     #10:%:(do.),     #11:hPa:(do.),     #12:mm:(do.),     #14:AZ:3,     #15:EL:(do.),     #16:Roll:(do.),     #HK-Bat:V,     #HK-Temp:oC,     #HK-rH:%
(GSM Transfer OK / Signal:15)
1,     12.07.2014 00:11:28,     -4.2,     -4.02,     43,     0.6,     2.8,     5,     14.8,     81.7,     1006,     129.6,     254.9,     88.1,     -178,     12.512,     15.23,     68.9
2,     12.07.2014 00:21:28,     -5.25,     -4.02,     49,     0.7,     2.9,     4.8,     15,     83.5,     1006,     129.6,     254.9,     87.9,     -177.9
3,     12.07.2014 00:31:28,     -4.2,     -2.01,     42,     1.2,     3.3,     5,     14.9,     83.1,     1006,     129.6,     254.6,     87.6,     -177.7
4,     12.07.2014 00:41:28,     -4.2,     -2.01,     44,     1.8,     3.2,     4.7,     14.8,     83.5,     1006,     129.6,     254.8,     87.7,     -177.7
5,     12.07.2014 00:51:28,     -5.25,     -4.02,     43,     1.2,     2.7,     4.4,     14.8,     84.2,     1005.9,     129.6,     254.9,     88.1,     -178.2
6,     12.07.2014 01:01:28,     -4.2,     -2.01,     34,     1.5,     3.1,     4.4,     14.9,     84.6,     1005.9,     129.6,     255.1,     87.7,     -177.7
7,     12.07.2014 01:11:16,     -5.25,     -2.01,     35,     2.7,     3.5,     4.5,     14.7,     84.5,     1005.8,     129.6,     254.9,     88.1,     -178.1,     12.520,     14.79,     69.9
8,     12.07.2014 01:21:16,     -5.25,     -2.01,     39,     1.7,     3.4,     4.8,     14.6,     84,     1005.8,     129.6,     254.8,     87.9,     -177.9
9,     12.07.2014 01:31:16,     -4.2,     0,     39,     2,     3.1,     4.5,     14.5,     86,     1005.8,     129.6,     255,     88.4,     -178.5
10,     12.07.2014 01:41:16,     -4.2,     -2.01,     37,     2.4,     3.4,     5.1,     14.4,     85.1,     1005.7,     129.6,     254.7,     88.2,     -178.2
11,     12.07.2014 01:51:16,     -3.15,     -2.01,     42,     1.9,     3.2,     4.5,     14.3,     85.2,     1005.7,     129.6,     255,     88.2,     -178.3
12,     12.07.2014 02:01:16,     -4.2,     -2.01,     40,     0.7,     3.2,     4.6,     14.4,     87.2,     1005.6,     129.6,     254.8,     88.2,     -178.2
13,     12.07.2014 02:11:16,     -4.2,     -4.02,     36,     2,     3.7,     4.7,     14.2,     85.3,     1005.6,     129.6,     255,     88.3,     -178.4,     12.488,     14.43,     70.0
14,     12.07.2014 02:21:16,     -5.25,     -2.01,     48,     1.7,     3.1,     4.5,     14,     86.3,     1005.6,     129.6,     254.8,     88,     -178
15,     12.07.2014 02:31:16,     -4.2,     -2.01,     46,     2.1,     3.2,     4.5,     13.8,     85.7,     1005.6,     129.6,     255,     88.2,     -178.2
16,     12.07.2014 02:41:16,     -4.2,     -2.01,     51,     1.6,     2.7,     4.3,     13.7,     86.2,     1005.6,     129.6,     254.6,     87.9,     -177.9
17,     12.07.2014 02:51:16,     -4.2,     -2.01,     46,     1.3,     2.8,     4.9,     14,     86.1,     1005.5,     129.6,     255,     88.1,     -178.1
18,     12.07.2014 03:01:16,     -4.2,     0,     48,     1,     2.7,     4.1,     14.2,     85.4,     1005.3,     129.6,     254.9,     88.1,     -178.1
19,     12.07.2014 03:11:23,     -4.2,     -4.02,     47,     1.1,     2.5,     4.1,     14.2,     86,     1005.3,     129.6,     254.9,     87.8,     -177.8,     12.459,     13.92,     70.0
20,     12.07.2014 03:21:23,     -5.25,     -2.01,     50,     1.1,     2.6,     4.8,     14.3,     85.7,     1005.2,     129.6,     254.9,     87.8,     -177.9
21,     12.07.2014 03:31:23,     -3.15,     -2.01,     49,     1.2,     2.7,     4.4,     14.3,     86.3,     1005.2,     129.6,     254.5,     87.8,     -177.9
22,     12.07.2014 03:41:23,     -3.15,     2.01,     51,     1.7,     3.2,     5.9,     14.5,     86,     1005.2,     129.6,     254.4,     87.9,     -177.9
23,     12.07.2014 03:51:23,     -1.05,     0,     45,     1.6,     3.1,     5,     14.6,     86,     1005.2,     129.6,     254.7,     88.5,     -178.5
24,     12.07.2014 04:01:23,     -1.05,     6.03,     46,     1.2,     3.1,     5.1,     14.6,     83.8,     1005.3,     129.6,     255,     88,     -178
25,     12.07.2014 04:11:16,     1.05,     12.06,     44,     0.8,     2.8,     5.4,     14.5,     84.2,     1005.2,     129.6,     254.9,     87.9,     -177.9,     12.421,     14.29,     69.9
26,     12.07.2014 04:21:16,     5.25,     16.08,     34,     2.2,     3.1,     4.2,     14.5,     84.1,     1005.2,     129.6,     254.9,     88,     -178
27,     12.07.2014 04:31:16,     9.45,     26.13,     29,     1.8,     3.1,     4.2,     14.5,     84.3,     1005.2,     129.6,     254.9,     87.9,     -178
28,     12.07.2014 04:41:16,     13.65,     40.2,     32,     2.1,     3.4,     4.8,     14.4,     84.8,     1005.1,     129.6,     254.9,     88,     -178
29,     12.07.2014 04:51:16,     24.15,     56.28,     29,     2.4,     3.3,     4.6,     14.4,     85,     1005.1,     129.6,     255,     87.6,     -177.6
30,     12.07.2014 05:01:16,     46.2,     94.47,     28,     2.3,     3.3,     4.4,     14.6,     86.6,     1005.1,     129.6,     255,     88,     -178
31,     12.07.2014 05:11:22,     66.15,     134.67,     39,     2,     3.3,     4.6,     14.5,     85.9,     1005.1,     129.6,     255,     87.9,     -178,     12.671,     14.81,     69.9
32,     12.07.2014 05:21:22,     90.3,     176.88,     37,     2,     3.4,     4.7,     14.5,     85.7,     1005.1,     129.6,     254.9,     87.8,     -177.8
33,     12.07.2014 05:31:22,     57.75,     126.63,     40,     2.2,     3.4,     4.9,     14.6,     86.8,     1005,     129.6,     255,     88,     -178
34,     12.07.2014 05:41:22,     169.05,     279.39,     33,     2.3,     3.6,     5,     14.6,     87.1,     1005,     129.6,     255.3,     88,     -178.1
35,     12.07.2014 05:51:22,     219.45,     389.94,     30,     1.9,     3.3,     5,     14.6,     85.9,     1005,     129.6,     255.5,     87.7,     -177.8
36,     12.07.2014 06:01:22,     128.1,     251.25,     27,     1.8,     3.1,     4.7,     14.7,     87.8,     1005.1,     129.6,     255.3,     87.7,     -177.8
37,     12.07.2014 06:11:16,     133.35,     269.34,     32,     1.7,     3.2,     4.4,     14.6,     86.6,     1005.1,     129.6,     255.2,     87.8,     -177.8,     14.309,     16.94,     69.8
38,     12.07.2014 06:21:16,     244.65,     492.45,     31,     1.9,     3.3,     5.3,     14.9,     85.9,     1005.1,     129.6,     255.1,     88,     -178
39,     12.07.2014 06:31:16,     193.2,     397.98,     31,     2,     3.9,     6,     14.9,     85.1,     1005.1,     129.6,     255.4,     88.6,     -178.6
40,     12.07.2014 06:41:16,     231,     462.3,     49,     1.8,     3.5,     6.7,     15.1,     83.2,     1005.2,     129.6,     254.9,     88,     -178
41,     12.07.2014 06:51:16,     454.65,     910.53,     45,     1.4,     3.8,     5.7,     15.4,     84.4,     1005.1,     129.6,     255.1,     88,     -178
42,     12.07.2014 07:01:16,     246.75,     492.45,     42,     1.9,     4.1,     6.9,     15.5,     83.3,     1005.2,     129.6,     255.1,     87.9,     -177.9
43,     12.07.2014 07:11:16,     215.25,     430.14,     35,     3,     4.6,     6.5,     15.7,     83.3,     1005,     129.6,     75.2,     87.5,     -2.4,     13.476,     18.62,     68.9
44,     12.07.2014 07:21:16,     222.6,     472.35,     47,     0.5,     3.4,     6.6,     15.9,     80.1,     1005,     129.61,     255.2,     87.5,     -177.5
45,     12.07.2014 07:31:16,     85.05,     194.97,     50,     1,     3.2,     6.4,     15.8,     82.6,     1005.1,     129.72,     255,     87.4,     -177.4
46,     12.07.2014 07:41:16,     67.2,     144.72,     51,     0.9,     3,     5.8,     15.4,     84.8,     1005.1,     129.79,     254.6,     87.8,     -177.8
47,     12.07.2014 07:51:16,     85.05,     180.9,     55,     0.7,     2.8,     5.1,     15.1,     86.2,     1005.2,     130.17,     255.1,     87.8,     -177.8
48,     12.07.2014 08:01:16,     77.7,     164.82,     62,     0.1,     1.9,     4.5,     15.1,     87.5,     1005.2,     130.2,     255,     87.7,     -177.7
49,     12.07.2014 08:11:16,     113.4,     239.19,     57,     0.2,     1.7,     3.7,     15.1,     87.9,     1005.1,     130.2,     255.1,     88,     -178,     13.504,     17.36,     69.1
50,     12.07.2014 08:21:16,     269.85,     572.85,     52,     0.3,     2,     3.3,     15.4,     88.1,     1005.2,     130.2,     255.1,     87.8,     -177.8
51,     12.07.2014 08:31:16,     457.8,     934.65,     45,     0.8,     2.8,     5.9,     15.7,     85.7,     1005.2,     130.2,     255.1,     88.2,     -178.2
52,     12.07.2014 08:41:16,     224.7,     454.26,     46,     1.2,     3.4,     6.1,     16.1,     82.6,     1005.1,     130.2,     255.1,     88.2,     -178.1
53,     12.07.2014 08:51:16,     385.35,     783.9,     50,     0.8,     2.7,     5.8,     16.4,     84.4,     1005,     130.2,     254.9,     88.1,     -178.1
54,     12.07.2014 09:01:16,     334.95,     681.39,     40,     1.2,     3.4,     6,     16.5,     79.3,     1004.9,     130.2,     254.7,     88.4,     -178.4
55,     12.07.2014 09:11:16,     300.3,     611.04,     45,     0.5,     3.1,     6,     16.5,     82,     1004.8,     130.2,     255.2,     88.2,     -178.2,     13.485,     19.25,     68.5
56,     12.07.2014 09:21:16,     443.1,     886.41,     50,     0.9,     3.1,     6,     16.5,     80.4,     1004.9,     130.21,     254.9,     87.6,     -177.6
57,     12.07.2014 09:31:16,     738.15,     1467.3,     49,     0.5,     2.9,     5.7,     16.7,     78.9,     1004.9,     130.21,     255.2,     88,     -178
58,     12.07.2014 09:41:16,     779.1,     1529.61,     42,     0.3,     3.1,     6.2,     17.2,     77.6,     1004.8,     130.21,     255.5,     88,     -178.1
59,     12.07.2014 09:51:16,     786.45,     1551.72,     52,     0.7,     3.9,     7,     17.5,     69.2,     1004.8,     130.21,     255.5,     87.5,     -177.5
60,     12.07.2014 10:01:16,     831.6,     1636.14,     58,     0.2,     3.1,     7.8,     18,     68.8,     1004.7,     130.21,     254.6,     87.9,     -177.9
61,     12.07.2014 10:11:16,     779.1,     1555.74,     58,     0.2,     3.4,     7.6,     18.2,     71.2,     1004.5,     130.21,     254.7,     87.7,     -177.7,     13.233,     22.85,     67.5
62,     12.07.2014 10:21:16,     846.3,     1650.21,     52,     1,     3.8,     6.9,     18.3,     70.7,     1004.5,     130.21,     75.5,     87.2,     -2.7
63,     12.07.2014 10:31:16,     391.65,     816.06,     49,     1.2,     3.9,     7.2,     17.8,     72.7,     1004.5,     130.21,     75.8,     87.4,     -2.5
64,     12.07.2014 10:41:16,     317.1,     675.36,     45,     0.5,     3.6,     7.2,     17.7,     72.3,     1004.5,     130.21,     254.6,     88.2,     -178.3
65,     12.07.2014 10:51:16,     265.65,     566.82,     48,     1.9,     4.2,     8.3,     17.7,     72.7,     1004.6,     130.21,     76,     87.8,     -2.1
66,     12.07.2014 11:01:16,     189,     422.1,     54,     0.8,     3.1,     6.4,     17.6,     72.6,     1004.7,     130.21,     75.5,     87.2,     -2.6
67,     12.07.2014 11:11:22,     93.45,     221.1,     66,     0.5,     2.9,     6.4,     17.3,     74.2,     1004.8,     130.21,     255.3,     88,     -178,     13.472,     21.96,     67.8
68,     12.07.2014 11:21:22,     46.2,     118.59,     60,     0.1,     2.4,     5.4,     17,     71.5,     1004.8,     130.21,     255.2,     87.8,     -177.8
69,     12.07.2014 11:31:22,     39.9,     106.53,     63,     0.5,     2.8,     6.1,     16.7,     72,     1004.8,     130.21,     255,     87.9,     -177.8
70,     12.07.2014 11:41:22,     68.25,     172.86,     65,     0.3,     2.7,     6,     16.3,     77.8,     1004.9,     130.29,     255.2,     88,     -178
71,     12.07.2014 11:51:22,     138.6,     317.58,     46,     0.5,     2.6,     4.7,     15.8,     82.4,     1005.1,     130.52,     255.2,     88.2,     -178.1
72,     12.07.2014 12:01:22,     163.8,     359.79,     113,     0,     1,     2.6,     15.7,     84.2,     1005,     130.74,     255,     88,     -178
73,     12.07.2014 12:11:17,     401.1,     844.2,     104,     0.2,     1.7,     3.5,     15.7,     84.4,     1004.9,     131.21,     255.2,     87.9,     -177.9,     13.567,     18.36,     69.1
74,     12.07.2014 12:21:17,     505.05,     1055.25,     80,     0.3,     2,     3.8,     16.1,     87.2,     1004.8,     131.33,     255.4,     87.9,     -177.9
75,     12.07.2014 12:31:17,     517.65,     1087.41,     54,     0.2,     2.6,     5.1,     16.3,     84.8,     1004.6,     131.33,     255,     87.9,     -178
76,     12.07.2014 12:41:17,     219.45,     466.32,     52,     0.4,     2.9,     6,     16.5,     83.6,     1004.6,     131.4,     254.9,     88.1,     -178.1
77,     12.07.2014 12:51:17,     131.25,     303.51,     64,     0.4,     2.6,     5.4,     16.4,     83.1,     1004.7,     131.56,     255.4,     87.6,     -177.6
78,     12.07.2014 13:01:17,     60.9,     150.75,     77,     0.3,     1.9,     4.5,     16.1,     84.5,     1004.7,     131.8,     255.2,     87.9,     -177.9
79,     12.07.2014 13:11:23,     47.25,     122.61,     90,     0.1,     2,     3.9,     16,     85.8,     1004.6,     132.41,     255.1,     87.9,     -177.9,     13.555,     18.04,     68.9
80,     12.07.2014 13:21:23,     48.3,     122.61,     77,     0.2,     1.6,     3.6,     15.8,     86.5,     1004.8,     133.01,     255.2,     87.9,     -177.9
81,     12.07.2014 13:31:23,     53.55,     134.67,     68,     0.2,     2.2,     6.4,     15.5,     87.4,     1004.8,     133.41,     255.2,     87.9,     -177.9
82,     12.07.2014 13:41:23,     80.85,     192.96,     67,     0.2,     2.3,     5.8,     15.4,     88.2,     1004.8,     133.76,     255.2,     87.9,     -177.9
83,     12.07.2014 13:51:23,     105,     245.22,     76,     0.3,     1.8,     4.1,     15.4,     88.9,     1004.8,     134.16,     255.3,     87.9,     -177.9
84,     12.07.2014 14:01:23,     109.2,     245.22,     76,     0.2,     2,     4.3,     15.4,     89.4,     1004.9,     134.28,     255.4,     87.9,     -177.9
85,     12.07.2014 14:11:21,     148.05,     331.65,     85,     0.3,     2,     4.4,     15.4,     88.4,     1004.8,     134.28,     254.9,     87.9,     -177.9,     13.540,     16.71,     69.4
86,     12.07.2014 14:21:21,     102.9,     227.13,     110,     0.1,     2.2,     5.4,     15.2,     85.6,     1004.9,     134.28,     255.1,     88.1,     -178.1
87,     12.07.2014 14:31:21,     97.65,     219.09,     115,     0.4,     1.7,     3.7,     14.9,     83.1,     1005,     134.29,     255.1,     88,     -178
88,     12.07.2014 14:41:21,     77.7,     170.85,     103,     0.2,     1.5,     2.9,     14.9,     83.8,     1005,     134.29,     255.2,     87.8,     -177.9
89,     12.07.2014 14:51:21,     197.4,     432.15,     88,     0.1,     1.4,     2.9,     15,     85.3,     1004.9,     134.29,     255,     87.8,     -177.9
90,     12.07.2014 15:01:21,     239.4,     520.59,     85,     0.2,     1.7,     3.2,     15.3,     83.6,     1004.9,     134.29,     255.2,     87.9,     -177.9
91,     12.07.2014 15:11:22,     79.8,     164.82,     82,     0.1,     1.6,     4.1,     15.5,     81.3,     1004.8,     134.29,     255.2,     87.9,     -177.9,     13.582,     16.75,     69.4
92,     12.07.2014 15:21:22,     117.6,     261.3,     87,     0.1,     1.6,     2.8,     15.3,     82.7,     1004.8,     134.29,     255.1,     88,     -178
93,     12.07.2014 15:31:22,     123.9,     269.34,     89,     0.2,     1.5,     2.6,     15.2,     82.7,     1004.7,     134.29,     255.2,     88,     -178
94,     12.07.2014 15:41:22,     159.6,     345.72,     88,     0.2,     1.4,     3,     15.3,     82.6,     1004.7,     134.29,     255.2,     88,     -178
95,     12.07.2014 15:51:22,     128.1,     279.39,     87,     0.2,     1.5,     3.4,     15.4,     82.2,     1004.6,     134.29,     255.4,     88,     -178
96,     12.07.2014 16:01:22,     112.35,     253.26,     89,     0.1,     1.4,     2.9,     15.4,     83.5,     1004.7,     134.4,     255.2,     87.9,     -177.9
97,     12.07.2014 16:11:16,     52.5,     124.62,     83,     0.1,     1.3,     2.7,     15.4,     84.2,     1004.7,     134.41,     255.2,     87.9,     -177.9,     13.531,     17.13,     69.2
98,     12.07.2014 16:21:16,     45.15,     108.54,     75,     0,     1.3,     2.6,     15.4,     85.1,     1004.7,     134.41,     255.2,     88,     -178
99,     12.07.2014 16:31:16,     31.5,     80.4,     59,     0.1,     1.4,     2.9,     15.3,     84.2,     1004.7,     134.41,     255.1,     87.9,     -177.9
100,     12.07.2014 16:41:16,     76.65,     176.88,     55,     0.1,     1.5,     3.3,     15.3,     87,     1004.7,     134.42,     255.1,     88,     -178
101,     12.07.2014 16:51:16,     169.05,     369.84,     44,     0.6,     2.5,     4.2,     15.1,     84.9,     1004.5,     134.52,     255,     87.8,     -177.8
102,     12.07.2014 17:01:16,     99.75,     217.08,     44,     1.3,     2.6,     4,     15.2,     84.5,     1004.5,     134.52,     255.2,     87.8,     -177.8
103,     12.07.2014 17:11:16,     71.4,     154.77,     39,     1.7,     2.9,     4.9,     15.2,     79.8,     1004.4,     134.52,     255,     87.8,     -177.8,     13.593,     16.37,     69.4
104,     12.07.2014 17:21:16,     52.5,     118.59,     49,     1,     2.4,     4.3,     15.2,     83.1,     1004.4,     134.52,     255.1,     88.2,     -178.2
105,     12.07.2014 17:31:16,     56.7,     124.62,     39,     0.9,     2.1,     3.2,     15,     83.8,     1004.3,     134.52,     255.1,     88,     -178.1
106,     12.07.2014 17:41:16,     77.7,     160.8,     45,     1.1,     1.9,     2.9,     15,     84.7,     1004.2,     134.52,     255.1,     88,     -178
107,     12.07.2014 17:51:16,     90.3,     178.89,     40,     0.6,     2,     3.6,     15.2,     83.5,     1004.1,     134.52,     255,     87.9,     -177.9
108,     12.07.2014 18:01:16,     128.1,     255.27,     30,     1.5,     2.5,     3.5,     15.2,     82.2,     1004.1,     134.52,     255.1,     88,     -178
109,     12.07.2014 18:11:21,     112.35,     223.11,     30,     1.3,     2.4,     3.8,     15.2,     82.3,     1004.1,     134.52,     255.2,     87.8,     -177.8,     13.597,     16.23,     69.5
110,     12.07.2014 18:21:21,     86.1,     176.88,     37,     1.4,     2.2,     3.4,     15.2,     80.7,     1004.2,     134.52,     255.1,     88.1,     -178.1
111,     12.07.2014 18:31:21,     96.6,     194.97,     12,     1.2,     2.2,     3.5,     15.2,     81.6,     1004,     134.52,     255.1,     88,     -178
112,     12.07.2014 18:41:21,     80.85,     164.82,     359,     1,     2.2,     3.5,     15.2,     84.3,     1004,     134.52,     255.2,     87.9,     -177.9
113,     12.07.2014 18:51:21,     69.3,     138.69,     30,     1.5,     2.7,     4,     15.4,     82,     1004,     134.52,     255.1,     88.1,     -178.1
114,     12.07.2014 19:01:21,     154.35,     205.02,     28,     1.7,     2.7,     3.6,     15.5,     82.3,     1004,     134.52,     255.2,     87.8,     -177.8
115,     12.07.2014 19:11:17,     143.85,     152.76,     23,     1.7,     2.7,     3.6,     15.6,     82.1,     1004,     134.52,     255.1,     88,     -178,     13.595,     16.79,     69.3
116,     12.07.2014 19:21:17,     73.5,     98.49,     36,     1.5,     2.8,     4.2,     15.6,     79.7,     1004,     134.52,     254.9,     88.1,     -178.1
117,     12.07.2014 19:31:17,     45.15,     68.34,     43,     1.7,     3,     4.2,     15.5,     81.1,     1004,     134.52,     255.1,     88,     -178
118,     12.07.2014 19:41:17,     28.35,     56.28,     35,     1.6,     2.8,     3.8,     15.4,     80.6,     1004,     134.52,     255.2,     87.9,     -177.9
119,     12.07.2014 19:51:17,     23.1,     46.23,     36,     0.7,     2.3,     3.5,     15.5,     83.1,     1004.1,     134.52,     255.2,     88,     -178
120,     12.07.2014 20:01:17,     14.7,     32.16,     42,     0.8,     2.2,     3.5,     15.5,     84.6,     1004,     134.52,     254.9,     87.9,     -178
121,     12.07.2014 20:11:17,     5.25,     18.09,     55,     0.5,     1.8,     2.8,     15.2,     84,     1004,     134.52,     255.1,     88,     -177.9,     12.830,     17.11,     69.2
122,     12.07.2014 20:21:17,     1.05,     8.04,     55,     0.6,     1.5,     2.8,     15.2,     85.1,     1003.9,     134.52,     255.2,     88,     -178
123,     12.07.2014 20:31:17,     0,     4.02,     66,     0.6,     1.5,     2.4,     14.9,     86,     1003.9,     134.52,     255.1,     87.9,     -177.9
124,     12.07.2014 20:41:17,     -2.1,     2.01,     61,     0.4,     1.3,     2.3,     15,     87.8,     1003.9,     134.52,     255.1,     87.8,     -177.8
125,     12.07.2014 20:51:17,     -1.05,     0,     27,     0.2,     1.4,     2.2,     15.2,     87.2,     1003.9,     134.52,     255.2,     87.9,     -177.9
126,     12.07.2014 21:01:17,     -3.15,     0,     317,     0.6,     1.6,     2.5,     14.8,     87,     1003.9,     134.52,     255.2,     87.9,     -177.9
127,     12.07.2014 21:11:16,     -4.2,     -2.01,     317,     0.6,     1.4,     2.1,     14.6,     87.8,     1004,     134.52,     255.2,     87.9,     -177.9,     12.671,     15.55,     69.9
128,     12.07.2014 21:21:16,     -4.2,     -2.01,     322,     0.5,     1.1,     2.2,     14.4,     88.4,     1003.9,     134.52,     255.1,     87.9,     -178
129,     12.07.2014 21:31:16,     -4.2,     -2.01,     321,     0.3,     1.1,     1.7,     14.2,     89,     1003.8,     134.52,     255.1,     87.9,     -177.9
130,     12.07.2014 21:41:16,     -5.25,     -2.01,     341,     0.3,     1.1,     1.9,     14.1,     90,     1003.7,     134.52,     255.1,     88,     -178
131,     12.07.2014 21:51:16,     -5.25,     -2.01,     337,     0.4,     1.4,     2.1,     14,     90.5,     1003.7,     134.52,     255.1,     87.9,     -177.9
132,     12.07.2014 22:01:16,     -4.2,     -2.01,     326,     0.4,     1.4,     2.5,     13.8,     90.4,     1003.7,     134.52,     255.1,     87.9,     -178
133,     12.07.2014 22:11:16,     -4.2,     -2.01,     335,     0.1,     0.8,     1.6,     13.8,     91.1,     1003.6,     134.52,     255,     87.9,     -177.9,     12.616,     14.17,     70.1
134,     12.07.2014 22:21:16,     -4.2,     0,     340,     0,     0.9,     1.6,     13.8,     91.1,     1003.6,     134.52,     255.1,     88,     -178
135,     12.07.2014 22:31:16,     -5.25,     -2.01,     329,     0,     0.8,     1.7,     13.6,     90.6,     1003.6,     134.52,     255.1,     87.9,     -178
136,     12.07.2014 22:41:16,     -3.15,     0,     330,     0,     0.8,     1.5,     13.5,     91.1,     1003.5,     134.52,     255.2,     88,     -178
137,     12.07.2014 22:51:16,     -4.2,     -2.01,     342,     0.5,     1.2,     1.9,     13.5,     90.7,     1003.4,     134.52,     255.1,     87.8,     -177.8
138,     12.07.2014 23:01:16,     -4.2,     -2.01,     321,     0.6,     1.3,     2.4,     13.5,     91,     1003.4,     134.52,     255.2,     87.9,     -177.9
139,     12.07.2014 23:11:22,     -3.15,     -2.01,     306,     0.7,     1.6,     2.7,     13.5,     91.3,     1003.3,     134.52,     255.1,     87.8,     -177.9,     12.594,     13.51,     70.3
140,     12.07.2014 23:21:22,     -3.15,     -2.01,     318,     0.2,     1.3,     2.3,     13.5,     91,     1003.3,     134.52,     255.2,     88,     -178
141,     12.07.2014 23:31:22,     -4.2,     -4.02,     315,     0.6,     1.6,     2.6,     13.6,     90.7,     1003.2,     134.52,     255.1,     87.9,     -178
142,     12.07.2014 23:41:22,     -2.1,     0,     333,     0.4,     1.4,     2.2,     13.6,     91.1,     1003,     134.52,     255,     88,     -178
143,     12.07.2014 23:51:22,     -4.2,     -4.02,     315,     0.6,     1.3,     2,     13.6,     91,     1002.9,     134.52,     255.1,     87.9,     -177.9
144,     13.07.2014 00:01:16,     -3.15,     0,     303,     0.6,     1.6,     2.9,     13.5,     90.4,     1002.8,     134.52,     255,     87.9,     -177.9,     12.471,     13.52,     70.3
