Logger: #D10248 'TSK_Meteo' - USP_EXP2 (V2.10, Jan 24 2012)
No,     Time,     #1:W/m²:0,     #2:ÂµMol:(do.),     #5:deg:2,     #6:m/sMIN:(do.),     #7:m/sMIT:(do.),     #8:m/sMAX:(do.),     #9:Â°C:(do.),     #10:%:(do.),     #11:hPa:(do.),     #12:mm:(do.),     #14:AZ:3,     #15:EL:(do.),     #16:Roll:(do.),     #HK-Bat:V,     #HK-Temp:oC,     #HK-rH:%
(GSM Transfer OK / Signal:16)
1,     01.08.2014 00:21:22,     -4.2,     -2.01,     205,     0.7,     1.3,     2,     15.4,     87.8,     1007.3,     183.35,     255.2,     87.9,     -177.9,     12.527,     16.01,     67.2
2,     01.08.2014 00:31:22,     -4.2,     -2.01,     194,     0.4,     1,     1.6,     15.6,     89.1,     1007.3,     183.35,     255.3,     87.9,     -178
3,     01.08.2014 00:41:22,     -4.2,     -2.01,     163,     0,     0.5,     1.3,     16,     89.6,     1007.3,     183.35,     255.2,     87.9,     -177.9
4,     01.08.2014 00:51:22,     -3.15,     -2.01,     147,     0,     0.6,     1.6,     16,     89.2,     1007.3,     183.35,     255.3,     87.9,     -178
5,     01.08.2014 01:01:22,     -3.15,     0,     176,     0.6,     1.7,     2.2,     15.4,     89,     1007.3,     183.35,     255.3,     87.9,     -177.9
6,     01.08.2014 01:11:22,     -3.15,     -2.01,     197,     0.8,     1.5,     2.1,     15.1,     89.2,     1007.4,     183.35,     255.2,     87.9,     -177.9
7,     01.08.2014 01:21:16,     -3.15,     -2.01,     199,     0.7,     1.1,     1.6,     15.2,     89.6,     1007.4,     183.35,     255.2,     87.9,     -177.9,     12.533,     15.29,     68.6
8,     01.08.2014 01:31:16,     -4.2,     -2.01,     173,     0.2,     1.1,     1.6,     15.5,     89.2,     1007.4,     183.35,     255.3,     87.9,     -177.9
9,     01.08.2014 01:41:16,     -3.15,     0,     132,     0,     0.8,     1.4,     15.6,     87,     1007.5,     183.35,     255.2,     87.8,     -177.8
10,     01.08.2014 01:51:16,     -4.2,     -2.01,     96,     0.2,     0.8,     1.3,     15.8,     85.9,     1007.5,     183.35,     255.2,     87.9,     -177.9
11,     01.08.2014 02:01:16,     -2.1,     2.01,     145,     0.1,     0.7,     1.2,     16.1,     85.8,     1007.5,     183.35,     255.3,     87.9,     -177.9
12,     01.08.2014 02:11:16,     -2.1,     -2.01,     162,     0.2,     1,     1.5,     16.3,     85.3,     1007.5,     183.35,     255.3,     88,     -178
13,     01.08.2014 02:21:16,     -4.2,     -2.01,     154,     0.3,     0.9,     1.5,     16.2,     86.1,     1007.4,     183.35,     255.3,     88,     -178,     12.507,     15.52,     68.6
14,     01.08.2014 02:31:16,     -5.25,     -2.01,     162,     0,     1,     1.6,     15.8,     86,     1007.4,     183.35,     255.1,     87.9,     -177.9
15,     01.08.2014 02:41:16,     -5.25,     -4.02,     210,     0,     0.6,     1.1,     15.9,     86.9,     1007.3,     183.35,     255.3,     87.9,     -177.9
16,     01.08.2014 02:51:16,     -4.2,     -4.02,     192,     0,     0.7,     1.5,     16.1,     86.9,     1007.3,     183.35,     255.3,     87.9,     -177.9
17,     01.08.2014 03:01:16,     -6.3,     -4.02,     199,     0.3,     0.9,     1.4,     15.9,     87.4,     1007.2,     183.35,     255.3,     87.9,     -177.9
18,     01.08.2014 03:11:16,     -4.2,     -4.02,     198,     0.1,     0.7,     1.2,     15.9,     88.1,     1007.2,     183.35,     255.3,     87.9,     -177.9
19,     01.08.2014 03:21:18,     -4.2,     2.01,     222,     0.2,     0.9,     1.4,     15.6,     87.3,     1007.1,     183.35,     255.3,     88,     -178,     12.461,     15.19,     68.6
20,     01.08.2014 03:31:18,     -5.25,     -2.01,     228,     0.2,     1.1,     1.7,     15.9,     87.4,     1007.1,     183.35,     255.3,     87.9,     -177.9
21,     01.08.2014 03:41:18,     -5.25,     -2.01,     194,     0.6,     1.2,     1.9,     15.4,     87.8,     1007,     183.35,     255.3,     87.9,     -177.9
22,     01.08.2014 03:51:18,     -4.2,     -4.02,     195,     0.3,     0.9,     1.5,     15.4,     88.3,     1006.9,     183.35,     255.3,     87.9,     -177.9
23,     01.08.2014 04:01:18,     -5.25,     -2.01,     190,     0.4,     1.3,     2.1,     15.1,     87.6,     1006.9,     183.35,     255.2,     87.9,     -177.9
24,     01.08.2014 04:11:18,     -2.1,     0,     180,     1,     1.9,     3,     15.2,     89.3,     1006.8,     183.35,     255.3,     87.9,     -178
25,     01.08.2014 04:21:22,     -1.05,     6.03,     198,     1.4,     2.2,     3,     15,     89.3,     1006.8,     183.35,     255.2,     87.9,     -177.9,     12.444,     14.96,     68.7
26,     01.08.2014 04:31:22,     1.05,     12.06,     206,     0.6,     1.5,     2.1,     15.3,     90,     1006.8,     183.35,     255.2,     87.9,     -177.9
27,     01.08.2014 04:41:22,     8.4,     24.12,     224,     0.6,     1.2,     1.9,     15.2,     89.7,     1006.9,     183.35,     255.3,     87.7,     -177.7
28,     01.08.2014 04:51:22,     13.65,     40.2,     193,     0.7,     1.2,     1.7,     15.1,     89.5,     1006.9,     183.35,     255.3,     87.9,     -177.9
29,     01.08.2014 05:01:22,     19.95,     56.28,     192,     0.7,     1.4,     1.9,     15,     89.9,     1006.8,     183.35,     255.2,     87.8,     -177.9
30,     01.08.2014 05:11:22,     30.45,     76.38,     190,     1.2,     1.8,     2.3,     15.1,     90.4,     1006.8,     183.35,     255.3,     87.9,     -178
31,     01.08.2014 05:21:16,     38.85,     98.49,     191,     1.2,     2,     2.4,     15.3,     90.3,     1006.8,     183.35,     255.2,     87.9,     -177.9,     12.611,     15.06,     68.7
32,     01.08.2014 05:31:16,     93.45,     174.87,     205,     0.3,     1.4,     2.4,     15.5,     90,     1006.7,     183.35,     255.4,     87.8,     -177.8
33,     01.08.2014 05:41:16,     118.65,     225.12,     212,     0,     0.6,     1.4,     15.9,     89.8,     1006.8,     183.35,     255.5,     87.9,     -177.9
34,     01.08.2014 05:51:16,     140.7,     269.34,     215,     0,     0.4,     1.3,     16.7,     88.9,     1006.9,     183.35,     255.6,     88,     -178
35,     01.08.2014 06:01:16,     150.15,     295.47,     234,     0.1,     0.6,     1.2,     17,     87.9,     1006.9,     183.35,     255.7,     88,     -178
36,     01.08.2014 06:11:16,     181.65,     347.73,     204,     0.1,     0.9,     1.5,     17.2,     86.8,     1007,     183.35,     255.8,     88,     -178
37,     01.08.2014 06:21:22,     150.15,     307.53,     204,     0.5,     1.1,     1.6,     17.1,     86.4,     1007,     183.35,     255.7,     88,     -178,     14.305,     21.58,     69.2
38,     01.08.2014 06:31:22,     202.65,     391.95,     200,     0.4,     0.9,     1.5,     17.4,     86.7,     1006.9,     183.35,     255.7,     87.8,     -177.9
39,     01.08.2014 06:41:22,     224.7,     432.15,     224,     0.1,     0.8,     1.5,     17.9,     85.8,     1007,     183.35,     255.8,     87.9,     -177.9
40,     01.08.2014 06:51:22,     278.25,     534.66,     231,     0,     0.6,     1.3,     18.4,     85.3,     1007,     183.35,     255.7,     88,     -178
41,     01.08.2014 07:01:22,     292.95,     568.83,     211,     0,     0.5,     1.3,     19.1,     84.8,     1007.1,     183.35,     255.8,     87.9,     -177.9
42,     01.08.2014 07:11:22,     323.4,     625.11,     171,     0,     0.9,     1.7,     19.5,     80.8,     1007.1,     183.35,     255.9,     87.9,     -177.9
43,     01.08.2014 07:21:16,     330.75,     641.19,     169,     0.5,     1.5,     3.1,     19.8,     75.5,     1007.1,     183.35,     255.8,     88.1,     -178.1,     13.300,     27.51,     67.7
44,     01.08.2014 07:31:16,     387.45,     743.7,     186,     0.7,     2.4,     4.3,     20.1,     67.8,     1007.1,     183.35,     255.9,     87.8,     -177.8
45,     01.08.2014 07:41:16,     403.2,     773.85,     191,     0.9,     2.4,     3.8,     20.5,     64.7,     1007.2,     183.35,     255.8,     88,     -178
46,     01.08.2014 07:51:16,     422.1,     816.06,     187,     1.3,     2.3,     3.7,     20.9,     64,     1007.2,     183.35,     255.8,     88,     -178
47,     01.08.2014 08:01:16,     449.4,     870.33,     194,     1.7,     3.3,     5,     21,     60,     1007.1,     183.35,     255.4,     87.9,     -177.9
48,     01.08.2014 08:11:16,     492.45,     944.7,     196,     1.5,     3.2,     4.4,     21.1,     60.7,     1007.2,     183.35,     255.7,     87.8,     -177.9
49,     01.08.2014 08:21:16,     427.35,     832.14,     194,     1.5,     3.1,     5.2,     21.3,     61,     1007.3,     183.35,     255.8,     88,     -178,     13.277,     28.39,     66.3
50,     01.08.2014 08:31:16,     416.85,     814.05,     216,     1.1,     2.7,     4.6,     21.4,     60.1,     1007.3,     183.35,     255.9,     88,     -178
51,     01.08.2014 08:41:16,     468.3,     924.6,     211,     1.3,     2.9,     4.8,     21.5,     60.6,     1007.2,     183.35,     255.9,     87.9,     -177.9
52,     01.08.2014 08:51:16,     509.25,     994.95,     202,     1.5,     2.9,     5,     21.7,     60.7,     1007.2,     183.35,     256.2,     87.7,     -177.8
53,     01.08.2014 09:01:16,     596.4,     1161.78,     190,     1.6,     3.2,     5,     21.8,     58.8,     1007.2,     183.35,     255.9,     88,     -178
54,     01.08.2014 09:11:16,     599.55,     1167.81,     193,     1.3,     3.1,     5.2,     21.9,     54.4,     1007.2,     183.35,     255.6,     88,     -178
55,     01.08.2014 09:21:23,     626.85,     1230.12,     196,     1.5,     3.2,     5.7,     22.1,     55.3,     1007.3,     183.35,     256.1,     87.9,     -177.8,     13.158,     28.42,     65.9
56,     01.08.2014 09:31:23,     655.2,     1286.4,     212,     1.5,     3.1,     5.1,     22.3,     51.2,     1007.3,     183.35,     255.9,     88,     -177.9
57,     01.08.2014 09:41:23,     670.95,     1320.57,     201,     1.6,     3.9,     6.6,     22.3,     49.6,     1007.2,     183.35,     255.7,     88.2,     -178.2
58,     01.08.2014 09:51:23,     684.6,     1352.73,     201,     2,     3.6,     6.3,     22.5,     48.8,     1007.2,     183.35,     255.7,     87.8,     -177.8
59,     01.08.2014 10:01:23,     701.4,     1382.88,     211,     1.4,     3.7,     5.9,     22.5,     50.4,     1007.2,     183.35,     255.8,     87.9,     -177.9
60,     01.08.2014 10:11:23,     717.15,     1425.09,     205,     1.1,     3.6,     5.9,     22.6,     52.6,     1007.2,     183.35,     255.7,     87.9,     -177.9
61,     01.08.2014 10:21:16,     726.6,     1441.17,     204,     0.9,     3,     5.8,     22.9,     49.8,     1007,     183.35,     76,     87.8,     -2,     12.957,     28.73,     65.4
62,     01.08.2014 10:31:16,     744.45,     1479.36,     197,     1.5,     3.7,     5.6,     23,     49.4,     1007,     183.35,     255.5,     87.9,     -177.9
63,     01.08.2014 10:41:16,     753.9,     1505.49,     188,     1.2,     3.6,     5.5,     22.9,     48.7,     1006.9,     183.35,     255.9,     88.1,     -178
64,     01.08.2014 10:51:16,     778.05,     1559.76,     206,     0.2,     2.6,     5,     23,     45.8,     1006.9,     183.35,     255.5,     87.9,     -177.9
65,     01.08.2014 11:01:16,     800.1,     1601.97,     188,     1.5,     3.6,     6.3,     23.1,     47.1,     1006.8,     183.35,     75.7,     87.8,     -2.1
66,     01.08.2014 11:11:16,     803.25,     1605.99,     182,     1.4,     3.5,     5.9,     23.2,     42.7,     1006.8,     183.35,     76.3,     87.9,     -2
67,     01.08.2014 11:21:16,     796.95,     1597.95,     201,     1.8,     3.8,     5.9,     23.3,     42.3,     1006.7,     183.35,     76.1,     87.6,     -2.3,     12.955,     28.44,     65.0
68,     01.08.2014 11:31:16,     803.25,     1618.05,     201,     1.9,     4.2,     7.1,     23.3,     44.2,     1006.7,     183.35,     75.9,     87.7,     -2.1
69,     01.08.2014 11:41:16,     810.6,     1630.11,     188,     2.5,     4.4,     6.7,     23.5,     41.8,     1006.6,     183.35,     76,     88,     -1.9
70,     01.08.2014 11:51:16,     811.65,     1648.2,     197,     2.2,     4.4,     7,     23.4,     41.8,     1006.6,     183.35,     75.9,     88.1,     -1.7
71,     01.08.2014 12:01:16,     815.85,     1646.19,     192,     1.1,     4.2,     6.8,     23.5,     44,     1006.5,     183.35,     255.8,     87.8,     -177.9
72,     01.08.2014 12:11:16,     821.1,     1658.25,     197,     1,     4.2,     7.3,     23.5,     43.3,     1006.5,     183.35,     76.2,     88,     -1.9
73,     01.08.2014 12:21:16,     822.15,     1664.28,     194,     0.7,     4.2,     7,     23.5,     41.3,     1006.6,     183.35,     76.1,     87.9,     -2,     12.993,     27.76,     65.4
74,     01.08.2014 12:31:16,     825.3,     1662.27,     182,     1.4,     3.9,     7,     23.8,     41.3,     1006.5,     183.35,     75.8,     87.9,     -2
75,     01.08.2014 12:41:16,     822.15,     1652.22,     191,     1.8,     4.4,     6.7,     23.8,     40.4,     1006.5,     183.35,     75.9,     88.2,     -1.7
76,     01.08.2014 12:51:16,     709.8,     1449.21,     206,     1.4,     3.9,     7.4,     24,     42.8,     1006.3,     183.35,     76.6,     87.9,     -2
77,     01.08.2014 13:01:16,     749.7,     1513.53,     221,     2.5,     4.1,     6.4,     24.1,     40.6,     1006.2,     183.35,     255.8,     88,     -178.1
78,     01.08.2014 13:11:16,     794.85,     1595.94,     197,     0.6,     3.3,     6.8,     24.1,     39.7,     1006.3,     183.35,     75.9,     87.9,     -2
79,     01.08.2014 13:21:17,     762.3,     1529.61,     211,     1.9,     4.4,     7.2,     24.2,     43.5,     1006.3,     183.35,     75.8,     87.9,     -2,     12.944,     28.21,     65.1
80,     01.08.2014 13:31:17,     805.35,     1610.01,     194,     2,     4.5,     7.7,     24.2,     39.5,     1006.2,     183.35,     75.9,     87.7,     -2.2
81,     01.08.2014 13:41:17,     679.35,     1352.73,     198,     1.1,     3.8,     6.6,     24.4,     40.1,     1006.1,     183.35,     76.6,     87.9,     -1.9
82,     01.08.2014 13:51:17,     653.1,     1296.45,     204,     2.9,     4.8,     7.5,     24.4,     40.9,     1006,     183.35,     76,     87.6,     -2.4
83,     01.08.2014 14:01:17,     782.25,     1555.74,     209,     1.3,     4,     7.4,     24.6,     40.5,     1006,     183.35,     76.3,     88,     -1.9
84,     01.08.2014 14:11:17,     678.3,     1354.74,     200,     1.4,     3.9,     6.1,     24.5,     39.1,     1006,     183.35,     75.9,     87.7,     -2.2
85,     01.08.2014 14:21:23,     689.85,     1360.77,     192,     1.9,     3.6,     5.7,     24.6,     41,     1006,     183.35,     75.7,     87.8,     -2,     13.074,     28.32,     65.2
86,     01.08.2014 14:31:23,     571.2,     1121.58,     190,     1.6,     3.9,     6.7,     24.6,     40.7,     1005.9,     183.35,     75.7,     88,     -1.9
87,     01.08.2014 14:41:23,     509.25,     1011.03,     181,     0.9,     3.7,     7.2,     24.7,     42.1,     1005.9,     183.35,     75.3,     88.1,     -1.8
88,     01.08.2014 14:51:23,     430.5,     870.33,     173,     1.1,     3.4,     5.5,     24.6,     42.6,     1005.8,     183.35,     76,     87.9,     -2
89,     01.08.2014 15:01:23,     323.4,     673.35,     207,     1.9,     4,     7.1,     24.6,     41,     1005.8,     183.35,     75.8,     88,     -1.9
90,     01.08.2014 15:11:23,     708.75,     1368.81,     198,     2,     3.5,     6,     24.7,     42.1,     1005.8,     183.35,     75.9,     88,     -1.9
91,     01.08.2014 15:21:16,     615.3,     1185.9,     201,     2.3,     3.8,     5.8,     24.9,     44.1,     1005.6,     183.35,     76.1,     87.7,     -2.1,     13.101,     28.02,     65.4
92,     01.08.2014 15:31:16,     609,     1179.87,     205,     0.9,     3,     5.5,     25,     42.9,     1005.6,     183.35,     75.8,     87.9,     -1.9
93,     01.08.2014 15:41:16,     548.1,     1059.27,     199,     1.8,     4,     6.3,     25,     40.5,     1005.5,     183.35,     76,     87.8,     -2.1
94,     01.08.2014 15:51:16,     544.95,     1051.23,     211,     2.5,     4.3,     6.5,     25,     39.9,     1005.4,     183.35,     76.1,     88.1,     -1.8
95,     01.08.2014 16:01:16,     533.4,     1023.09,     202,     0.4,     2.8,     5.6,     25.2,     41.4,     1005.4,     183.35,     76.2,     88,     -1.9
96,     01.08.2014 16:11:16,     510.3,     972.84,     219,     1.5,     3.2,     5.8,     25.3,     41,     1005.3,     183.35,     75.8,     88,     -2
97,     01.08.2014 16:21:16,     478.8,     904.5,     193,     1.1,     3.3,     5.5,     25.2,     42.4,     1005.2,     183.35,     75.8,     88.1,     -1.8,     13.322,     28.80,     64.9
98,     01.08.2014 16:31:16,     423.15,     789.93,     192,     0.9,     2.7,     6,     25.3,     41.4,     1005.2,     183.35,     76,     88.2,     -1.7
99,     01.08.2014 16:41:16,     417.9,     787.92,     197,     1.2,     3,     5,     25.2,     41.3,     1005.1,     183.35,     75.9,     87.9,     -1.9
100,     01.08.2014 16:51:16,     141.75,     315.57,     212,     1.4,     2.9,     5.2,     25.4,     38.6,     1005.1,     183.35,     75.7,     88.1,     -1.8
101,     01.08.2014 17:01:16,     270.9,     514.56,     197,     1,     2.9,     5.1,     25.3,     40.8,     1005.1,     183.35,     75.4,     88,     -1.9
102,     01.08.2014 17:11:16,     289.8,     546.72,     194,     1.1,     2.6,     4.6,     25.3,     40.4,     1005,     183.35,     76,     88,     -1.9
103,     01.08.2014 17:21:16,     303.45,     558.78,     225,     0.8,     2.5,     4,     25.4,     45.1,     1005,     183.35,     75.8,     88,     -1.9,     13.307,     28.73,     64.8
104,     01.08.2014 17:31:16,     261.45,     490.44,     212,     0.8,     2.6,     3.9,     25.3,     40.8,     1004.9,     183.35,     75.8,     88.1,     -1.8
105,     01.08.2014 17:41:16,     254.1,     468.33,     212,     1,     2.4,     4.5,     25.3,     41.7,     1004.9,     183.35,     75.8,     88,     -1.9
106,     01.08.2014 17:51:16,     186.9,     351.75,     209,     1.2,     2.1,     3.1,     25.3,     39.6,     1004.9,     183.35,     75.8,     88.1,     -1.8
107,     01.08.2014 18:01:16,     175.35,     327.63,     191,     0.7,     1.5,     3,     25.2,     44.8,     1004.9,     183.35,     75.8,     88,     -1.9
108,     01.08.2014 18:11:16,     165.9,     313.56,     201,     0.5,     1.4,     2.3,     25.2,     43.8,     1004.9,     183.35,     75.8,     88,     -1.9
109,     01.08.2014 18:21:16,     154.35,     287.43,     206,     0.6,     1.1,     1.8,     25.2,     46.2,     1004.9,     183.35,     75.7,     87.9,     -1.9,     13.375,     28.55,     65.0
110,     01.08.2014 18:31:16,     120.75,     229.14,     207,     0.5,     1.3,     2.1,     25.2,     40.5,     1004.9,     183.35,     75.8,     88,     -1.9
111,     01.08.2014 18:41:16,     100.8,     190.95,     178,     0.6,     1.1,     1.9,     25,     47.4,     1005,     183.35,     75.6,     88,     -1.9
112,     01.08.2014 18:51:16,     95.55,     168.84,     153,     0.2,     0.7,     1.3,     24.8,     46.7,     1005,     183.35,     75.7,     88,     -2
113,     01.08.2014 19:01:16,     79.8,     134.67,     127,     0.1,     0.5,     0.8,     24.6,     52.4,     1005.1,     183.35,     75.7,     88,     -1.9
114,     01.08.2014 19:11:16,     69.3,     100.5,     87,     0.1,     0.6,     1,     24.5,     52,     1005.1,     183.35,     75.8,     87.9,     -2
115,     01.08.2014 19:21:17,     50.4,     76.38,     85,     0.1,     0.5,     0.8,     24.2,     55.2,     1005.1,     183.35,     75.7,     88,     -1.9,     13.078,     28.45,     65.1
116,     01.08.2014 19:31:17,     29.4,     56.28,     98,     0,     0.6,     0.9,     23.9,     56,     1005.1,     183.35,     75.7,     88,     -1.9
117,     01.08.2014 19:41:17,     15.75,     40.2,     86,     0,     0.3,     0.7,     23.5,     57.5,     1005.1,     183.35,     75.8,     88,     -1.9
118,     01.08.2014 19:51:17,     6.3,     24.12,     89,     0,     0.4,     0.9,     23.2,     55.4,     1005.2,     183.35,     75.7,     87.9,     -2
119,     01.08.2014 20:01:17,     1.05,     10.05,     99,     0.2,     0.5,     0.9,     22.6,     63.3,     1005.2,     183.35,     75.6,     88,     -1.9
120,     01.08.2014 20:11:17,     -3.15,     4.02,     108,     0.1,     0.6,     1,     21.8,     64.5,     1005.2,     183.35,     75.6,     88,     -2
121,     01.08.2014 20:21:16,     -4.2,     0,     87,     0.2,     1,     2,     21.4,     60.9,     1005.3,     183.35,     75.7,     88,     -2,     12.726,     24.61,     66.8
122,     01.08.2014 20:31:16,     -6.3,     -2.01,     77,     0,     0.9,     2.6,     21.1,     64.4,     1005.3,     183.35,     255.4,     88,     -178
123,     01.08.2014 20:41:16,     -5.25,     -2.01,     102,     0,     0.4,     1.9,     20.9,     65.8,     1005.4,     183.35,     75.6,     87.9,     -2
124,     01.08.2014 20:51:16,     -4.2,     -2.01,     108,     0.1,     1.1,     2.8,     20.8,     66.1,     1005.4,     183.35,     255.3,     88,     -177.9
125,     01.08.2014 21:01:16,     -4.2,     0,     116,     0.2,     1.5,     3.6,     20.9,     67.1,     1005.4,     183.35,     255.2,     87.9,     -177.9
126,     01.08.2014 21:11:16,     -5.25,     -4.02,     121,     0.1,     1.4,     3.4,     20.9,     67.5,     1005.4,     183.35,     255.3,     88,     -178
127,     01.08.2014 21:21:16,     -4.2,     0,     126,     0.1,     1.4,     3.4,     20.9,     67,     1005.5,     183.35,     255.3,     88,     -178,     12.662,     21.07,     67.7
128,     01.08.2014 21:31:16,     -4.2,     -4.02,     128,     0.1,     1.2,     2.6,     20.8,     68.4,     1005.4,     183.35,     255.1,     87.9,     -177.9
129,     01.08.2014 21:41:16,     -4.2,     -2.01,     141,     0.1,     1.5,     3.8,     20.7,     68.1,     1005.4,     183.35,     255.3,     87.9,     -177.9
130,     01.08.2014 21:51:16,     -4.2,     0,     146,     0.1,     1.5,     3.4,     20.6,     69.3,     1005.4,     183.35,     255.3,     87.9,     -177.9
131,     01.08.2014 22:01:16,     -4.2,     -2.01,     154,     0.5,     1.9,     4,     20.5,     69.7,     1005.4,     183.35,     255.3,     87.9,     -177.9
132,     01.08.2014 22:11:16,     -4.2,     -4.02,     155,     0,     1.4,     3,     20.4,     69.5,     1005.4,     183.35,     255.3,     88,     -178
133,     01.08.2014 22:21:22,     -4.2,     -2.01,     172,     0.3,     1.6,     3.4,     20.2,     73.3,     1005.5,     183.35,     255.3,     87.9,     -177.9,     12.637,     20.03,     67.7
134,     01.08.2014 22:31:22,     -4.2,     -2.01,     159,     0.2,     1.6,     3.1,     20.1,     71.6,     1005.4,     183.35,     255,     87.9,     -177.9
135,     01.08.2014 22:41:22,     -4.2,     -2.01,     182,     0.2,     1.6,     3.2,     20.2,     71.4,     1005.4,     183.35,     255.5,     87.9,     -177.9
136,     01.08.2014 22:51:22,     -4.2,     -2.01,     197,     0.6,     1.9,     3.7,     20,     72.4,     1005.4,     183.35,     255.4,     88,     -178
137,     01.08.2014 23:01:22,     -4.2,     -2.01,     188,     1.1,     1.9,     2.6,     19.8,     73.3,     1005.4,     183.35,     255.2,     87.8,     -177.8
138,     01.08.2014 23:11:22,     -4.2,     -2.01,     177,     0.3,     1.6,     3.1,     19.7,     72.4,     1005.4,     183.35,     255.2,     87.9,     -177.9
139,     01.08.2014 23:21:16,     -4.2,     -2.01,     167,     0.4,     1.3,     2.3,     19.6,     72.9,     1005.4,     183.35,     255.3,     88,     -177.9,     12.622,     19.55,     67.6
140,     01.08.2014 23:31:16,     -4.2,     0,     192,     0.2,     1.2,     2.2,     19.7,     74.4,     1005.4,     183.35,     255.4,     87.9,     -177.9
141,     01.08.2014 23:41:16,     -4.2,     -2.01,     192,     0.3,     1.4,     2.3,     19.7,     73.7,     1005.4,     183.35,     255.4,     87.9,     -177.9
142,     01.08.2014 23:51:16,     -1.05,     -2.01,     191,     0.3,     1.4,     2.6,     19.6,     74,     1005.4,     183.35,     255.3,     87.9,     -177.9
143,     02.08.2014 00:01:16,     -5.25,     -2.01,     181,     0,     1,     2.4,     19.5,     74.8,     1005.4,     183.35,     255.2,     87.9,     -177.9,     12.527,     19.30,     67.6