Logger: #D10248 'TSK_Meteo' - USP_EXP2 (V2.10, Jan 24 2012)
No,     Time,     #1:W/m²:0,     #2:ÂµMol:(do.),     #5:deg:2,     #6:m/sMIN:(do.),     #7:m/sMIT:(do.),     #8:m/sMAX:(do.),     #9:Â°C:(do.),     #10:%:(do.),     #11:hPa:(do.),     #12:mm:(do.),     #14:AZ:3,     #15:EL:(do.),     #16:Roll:(do.),     #HK-Bat:V,     #HK-Temp:oC,     #HK-rH:%
(GSM Transfer OK / Signal:17)
1,     30.10.2014 00:11:22,     -1.05,     -2.01,     74,     2.2,     2.6,     3.3,     8,     91.6,     1012.7,     322.92,     253.4,     88,     -178,     12.408,     9.18,     79.3
2,     30.10.2014 00:21:22,     -2.1,     -4.02,     73,     2.2,     2.5,     3.2,     8.1,     91.7,     1012.8,     322.92,     253.3,     87.9,     -177.9
3,     30.10.2014 00:31:22,     0,     0,     74,     2.1,     2.5,     3.2,     8,     91.6,     1012.9,     322.92,     253.2,     87.9,     -177.9
4,     30.10.2014 00:41:22,     -1.05,     0,     76,     2,     2.4,     3.2,     8.1,     91.7,     1012.9,     322.92,     253.3,     88.1,     -178.1
5,     30.10.2014 00:51:22,     -2.1,     -2.01,     80,     2.2,     2.6,     3.3,     8.1,     91.6,     1012.9,     322.92,     253.4,     87.9,     -177.9
6,     30.10.2014 01:01:22,     -1.05,     0,     79,     2.2,     2.7,     3.4,     8.1,     91.6,     1012.9,     322.92,     253.3,     88,     -178
7,     30.10.2014 01:11:22,     -2.1,     -6.03,     78,     2.2,     3.1,     4.1,     8.1,     91.7,     1013,     322.92,     253.3,     88,     -178,     12.421,     8.81,     80.9
8,     30.10.2014 01:21:22,     -1.05,     0,     75,     2.2,     2.5,     3.5,     8.2,     91.5,     1013.1,     322.92,     253.3,     88,     -178
9,     30.10.2014 01:31:22,     -1.05,     -2.01,     73,     2.2,     2.6,     3.3,     8.2,     91.5,     1013.2,     322.92,     253.4,     88,     -178
10,     30.10.2014 01:41:22,     -2.1,     -2.01,     78,     2.2,     2.7,     3.7,     8.3,     91.4,     1013.4,     322.92,     253.3,     88,     -178
11,     30.10.2014 01:51:22,     -2.1,     -2.01,     72,     2,     2.9,     4,     8.3,     91.4,     1013.5,     322.92,     253.4,     88,     -178
12,     30.10.2014 02:01:22,     -1.05,     0,     77,     2.1,     2.6,     3.6,     8.3,     91.3,     1013.5,     322.92,     253.4,     88,     -178
13,     30.10.2014 02:11:16,     -2.1,     -2.01,     78,     2.1,     2.6,     3.6,     8.2,     91.3,     1013.5,     322.92,     253.4,     88.1,     -178.1,     12.380,     8.90,     81.0
14,     30.10.2014 02:21:16,     0,     2.01,     79,     1.8,     2.6,     3.3,     8.3,     91.2,     1013.5,     322.92,     253.3,     87.9,     -177.9
15,     30.10.2014 02:31:16,     -1.05,     0,     79,     2.2,     2.8,     3.3,     8.3,     91.4,     1013.5,     322.92,     253.3,     88,     -178
16,     30.10.2014 02:41:16,     -1.05,     -2.01,     81,     0.4,     3.4,     4.5,     8.4,     91.2,     1013.5,     322.92,     253.3,     88,     -178
17,     30.10.2014 02:51:16,     -2.1,     -2.01,     77,     1.8,     3.3,     4.2,     8.5,     91.3,     1013.6,     322.92,     253.4,     88,     -178
18,     30.10.2014 03:01:16,     -1.05,     -2.01,     72,     1.6,     2.3,     2.7,     8.4,     91,     1013.6,     322.92,     253.4,     88,     -178
19,     30.10.2014 03:11:22,     -1.05,     -2.01,     76,     1.4,     2.3,     3.2,     8.3,     91.1,     1013.7,     322.92,     253.4,     87.9,     -178,     12.363,     8.91,     80.9
20,     30.10.2014 03:21:22,     -1.05,     0,     76,     1.5,     2.4,     3.2,     8.4,     91,     1013.6,     322.92,     253.3,     88,     -178
21,     30.10.2014 03:31:22,     -2.1,     -2.01,     74,     1.6,     2.5,     3.7,     8.4,     91.2,     1013.7,     322.92,     253.3,     88,     -178
22,     30.10.2014 03:41:22,     -2.1,     -2.01,     83,     0.7,     3.8,     4.7,     8.5,     91,     1013.7,     322.92,     253.3,     88,     -178
23,     30.10.2014 03:51:22,     -1.05,     0,     78,     3.4,     4,     4.7,     8.5,     90.9,     1013.9,     322.92,     253.1,     88,     -178
24,     30.10.2014 04:01:22,     -2.1,     -2.01,     74,     3.4,     4,     4.7,     8.5,     90.7,     1013.9,     322.92,     253.3,     88,     -178
25,     30.10.2014 04:11:17,     -4.2,     -2.01,     77,     3.2,     4.1,     4.7,     8.5,     90.4,     1013.9,     322.92,     253.3,     88,     -178,     12.355,     8.91,     80.9
26,     30.10.2014 04:21:17,     -4.2,     -2.01,     80,     3.3,     4.1,     4.8,     8.4,     90.2,     1014,     322.92,     253.2,     87.8,     -177.9
27,     30.10.2014 04:31:17,     -3.15,     -2.01,     79,     3.4,     3.9,     4.6,     8.2,     90.4,     1014.1,     322.92,     253.1,     87.9,     -177.9
28,     30.10.2014 04:41:17,     -5.25,     -2.01,     81,     3.3,     3.9,     4.6,     8.1,     90.3,     1014.2,     322.92,     253.2,     88,     -178
29,     30.10.2014 04:51:17,     -5.25,     0,     81,     1.3,     3.9,     4.6,     8,     90.6,     1014.2,     322.92,     253.2,     88,     -178
30,     30.10.2014 05:01:17,     -5.25,     0,     80,     3.2,     3.9,     4.6,     7.8,     90.4,     1014.3,     322.92,     253.1,     88,     -178
31,     30.10.2014 05:11:16,     -5.25,     -4.02,     79,     3.4,     4.2,     5,     7.6,     90.4,     1014.4,     322.92,     253.2,     88,     -178,     12.338,     7.81,     81.3
32,     30.10.2014 05:21:16,     -6.3,     -2.01,     88,     0.3,     3.1,     4.4,     7.6,     90.7,     1014.4,     322.92,     253.2,     88,     -178
33,     30.10.2014 05:31:16,     -5.25,     -2.01,     101,     0.2,     2.3,     4.5,     7.4,     90.6,     1014.5,     322.92,     253.2,     87.9,     -177.9
34,     30.10.2014 05:41:16,     -4.2,     -2.01,     123,     0.1,     1.4,     3.8,     7.1,     91.1,     1014.7,     322.92,     253.2,     88,     -178
35,     30.10.2014 05:51:16,     -5.25,     -2.01,     79,     1,     2.6,     3.6,     6.9,     91,     1014.8,     322.92,     253.1,     87.9,     -177.9
36,     30.10.2014 06:01:16,     -5.25,     0,     88,     0.1,     2.6,     4,     6.9,     91.2,     1014.8,     322.92,     253.2,     88,     -178
37,     30.10.2014 06:11:16,     -4.2,     0,     83,     0.1,     2.2,     3.5,     6.9,     91.3,     1014.9,     322.92,     253.2,     88,     -178,     12.340,     6.51,     81.6
38,     30.10.2014 06:21:16,     -4.2,     0,     71,     1.1,     2.3,     2.8,     6.7,     91.2,     1014.9,     322.92,     253.2,     88,     -178
39,     30.10.2014 06:31:16,     -5.25,     0,     77,     1.1,     2.4,     2.9,     6.5,     91.1,     1015,     322.92,     253.2,     88,     -178
40,     30.10.2014 06:41:16,     -4.2,     0,     75,     1.2,     2.4,     2.9,     6.4,     91.3,     1015.2,     322.92,     253.1,     88,     -178
41,     30.10.2014 06:51:16,     -3.15,     0,     95,     0.1,     2.6,     3.6,     6.2,     91.4,     1015.3,     322.92,     253.1,     88,     -178
42,     30.10.2014 07:01:16,     -3.15,     4.02,     159,     2.4,     3.2,     3.8,     5.8,     91.2,     1015.5,     322.92,     253.2,     88,     -178
43,     30.10.2014 07:11:16,     0,     10.05,     120,     0.2,     2.4,     3.2,     5.7,     91.4,     1015.6,     322.92,     253.2,     87.9,     -177.9,     12.344,     5.49,     81.9
44,     30.10.2014 07:21:16,     7.35,     20.1,     141,     0.2,     2.6,     3.7,     5.4,     91.4,     1015.6,     322.92,     253.2,     87.9,     -177.9
45,     30.10.2014 07:31:16,     12.6,     36.18,     154,     0.5,     3,     3.6,     5.2,     91.5,     1015.7,     322.92,     253.2,     87.9,     -177.9
46,     30.10.2014 07:41:16,     31.5,     66.33,     158,     0.9,     3.2,     3.8,     5,     91.5,     1015.8,     322.92,     253.3,     88,     -178
47,     30.10.2014 07:51:16,     44.1,     88.44,     144,     0.1,     2.4,     3.8,     5.2,     91.9,     1015.9,     322.92,     253.2,     88,     -178
48,     30.10.2014 08:01:16,     50.4,     104.52,     122,     0.2,     1.1,     3.6,     4.9,     91.4,     1016,     322.92,     253.3,     87.9,     -177.9
49,     30.10.2014 08:11:17,     72.45,     140.7,     148,     0.5,     2.6,     3.9,     4.7,     91.5,     1016.1,     322.92,     253.3,     87.9,     -177.9,     13.116,     5.40,     82.2
50,     30.10.2014 08:21:17,     92.4,     174.87,     158,     1.5,     3.3,     3.9,     4.9,     91.8,     1016.2,     322.92,     253.3,     87.9,     -177.9
51,     30.10.2014 08:31:17,     82.95,     168.84,     144,     0.1,     2.4,     3.7,     5.4,     92.3,     1016.3,     322.92,     253.3,     87.8,     -177.9
52,     30.10.2014 08:41:17,     112.35,     227.13,     131,     0,     1.5,     3.4,     5.7,     92.2,     1016.4,     322.92,     253.4,     88,     -178
53,     30.10.2014 08:51:17,     152.25,     289.44,     121,     0,     1.3,     3.3,     6.2,     92.3,     1016.5,     322.92,     253.5,     88,     -177.9
54,     30.10.2014 09:01:17,     201.6,     365.82,     129,     0,     1.9,     3.5,     7.1,     92.5,     1016.5,     322.92,     253.4,     88,     -178
55,     30.10.2014 09:11:23,     205.8,     363.81,     139,     0.1,     2.1,     3.6,     7.6,     92,     1016.6,     322.92,     253.4,     87.9,     -177.9,     14.184,     8.02,     82.1
56,     30.10.2014 09:21:23,     227.85,     402,     153,     0.6,     3,     3.5,     7.8,     91.2,     1016.6,     322.92,     253.3,     87.9,     -178
57,     30.10.2014 09:31:23,     248.85,     444.21,     138,     0.1,     1.9,     3,     8.9,     90.7,     1016.6,     322.92,     253.5,     87.9,     -177.9
58,     30.10.2014 09:41:23,     321.3,     558.78,     113,     0.1,     2.1,     3.1,     9.6,     87.8,     1016.7,     322.92,     253.5,     87.9,     -177.9
59,     30.10.2014 09:51:23,     246.75,     462.3,     99,     0.9,     2.4,     3.1,     9.1,     85.9,     1016.8,     322.92,     253.4,     87.9,     -177.9
60,     30.10.2014 10:01:23,     205.8,     389.94,     105,     0.4,     2.7,     3.5,     10.3,     85.3,     1016.8,     322.92,     253.6,     87.9,     -177.9
61,     30.10.2014 10:11:16,     243.6,     466.32,     0,     0,     0,     0,     10.4,     81.2,     1016.8,     322.92,     253.5,     87.8,     -177.8,     13.517,     12.87,     79.7
62,     30.10.2014 10:21:16,     296.1,     554.76,     0,     0,     0,     0,     11,     79.9,     1016.7,     322.92,     253.5,     87.8,     -177.9
63,     30.10.2014 10:31:16,     257.25,     502.5,     0,     0,     0,     0,     10.3,     77.1,     1016.8,     322.92,     73.8,     87.9,     -2
64,     30.10.2014 10:41:16,     245.7,     478.38,     131,     1.7,     2.4,     4,     10.2,     74.4,     1016.9,     322.92,     73.8,     88,     -1.9
65,     30.10.2014 10:51:16,     258.3,     494.46,     82,     0.5,     2.7,     4.6,     10.3,     75.9,     1016.9,     322.92,     73.8,     87.9,     -2
66,     30.10.2014 11:01:16,     306.6,     578.88,     80,     0.1,     1.3,     3.2,     10.3,     77.1,     1017,     322.92,     73.6,     87.9,     -2
67,     30.10.2014 11:11:17,     326.55,     611.04,     46,     0.5,     1.5,     2.7,     10.3,     74.9,     1017,     322.92,     73.8,     87.8,     -2.1,     13.273,     14.91,     79.0
68,     30.10.2014 11:21:17,     186.9,     379.89,     26,     0.2,     1.2,     2.3,     10.4,     74.6,     1017.1,     322.92,     73.8,     87.9,     -2.1
69,     30.10.2014 11:31:17,     347.55,     659.28,     28,     1,     1.6,     2.4,     10.4,     73.6,     1017.1,     322.92,     73.7,     88,     -2
70,     30.10.2014 11:41:17,     267.75,     520.59,     41,     0,     1.4,     2.6,     10.6,     70.5,     1017.1,     322.92,     73.8,     87.9,     -2
71,     30.10.2014 11:51:17,     259.35,     506.52,     49,     0.6,     1.2,     1.9,     10.7,     69.8,     1017.2,     322.92,     73.8,     88,     -1.9
72,     30.10.2014 12:01:17,     237.3,     466.32,     43,     0.4,     1.1,     1.9,     10.8,     71,     1017.2,     322.92,     73.5,     88,     -1.9
73,     30.10.2014 12:11:16,     227.85,     452.25,     64,     0,     0.9,     2.2,     10.8,     71,     1017.3,     322.92,     73.7,     87.9,     -2,     13.646,     15.30,     78.9
74,     30.10.2014 12:21:16,     196.35,     391.95,     31,     1,     1.5,     2.6,     10.7,     71.6,     1017.3,     322.92,     253.4,     87.9,     -177.9
75,     30.10.2014 12:31:16,     182.7,     361.8,     40,     0.2,     1.2,     2,     10.7,     71.5,     1017.3,     322.92,     73.7,     87.8,     -2.1
76,     30.10.2014 12:41:16,     194.25,     383.91,     36,     0.9,     1.7,     2.4,     10.7,     73,     1017.3,     322.92,     73.7,     88,     -1.9
77,     30.10.2014 12:51:16,     222.6,     434.16,     53,     0.5,     1.3,     2.2,     10.7,     72,     1017.2,     322.92,     73.7,     88,     -1.9
78,     30.10.2014 13:01:16,     224.7,     442.2,     61,     0,     1,     1.8,     10.8,     72,     1017.2,     322.92,     253.4,     87.9,     -177.9
79,     30.10.2014 13:11:16,     237.3,     458.28,     79,     0.3,     1.4,     2.6,     10.8,     72.1,     1017,     322.92,     73.5,     87.9,     -2,     13.364,     14.31,     79.4
80,     30.10.2014 13:21:16,     182.7,     361.8,     59,     0.2,     1.3,     2.7,     10.8,     71.8,     1017.1,     322.92,     73.6,     88.1,     -1.8
81,     30.10.2014 13:31:16,     139.65,     277.38,     60,     0.1,     1.4,     2.5,     10.8,     71.7,     1017.2,     322.92,     73.8,     87.9,     -2
82,     30.10.2014 13:41:16,     145.95,     289.44,     53,     0.3,     1.4,     2.5,     10.7,     74.3,     1017.3,     322.92,     253.4,     88.1,     -178.1
83,     30.10.2014 13:51:16,     150.15,     295.47,     90,     0.3,     1.1,     1.8,     10.8,     73.3,     1017.4,     322.92,     73.6,     88.1,     -1.8
84,     30.10.2014 14:01:16,     155.4,     305.52,     81,     0.1,     1.3,     2.1,     10.7,     72.2,     1017.4,     322.92,     73.7,     88,     -1.9
85,     30.10.2014 14:11:17,     154.35,     303.51,     100,     0.2,     1.3,     2.5,     10.8,     70.4,     1017.3,     322.92,     73.7,     88,     -1.9,     13.508,     13.41,     79.7
86,     30.10.2014 14:21:17,     163.8,     315.57,     152,     0.1,     1.1,     1.8,     10.9,     67.3,     1017.3,     322.92,     253.4,     87.9,     -178
87,     30.10.2014 14:31:17,     132.3,     259.29,     148,     0.1,     1.1,     2.2,     11,     68.5,     1017.3,     322.92,     73.5,     87.9,     -2
88,     30.10.2014 14:41:17,     131.25,     257.28,     131,     0,     1.1,     2.3,     10.9,     68.5,     1017.3,     322.92,     73.7,     87.9,     -2
89,     30.10.2014 14:51:17,     128.1,     249.24,     169,     0.1,     1.2,     2.5,     10.9,     67.3,     1017.2,     322.92,     73.6,     87.9,     -2
90,     30.10.2014 15:01:17,     128.1,     247.23,     172,     0.5,     1.3,     2.5,     10.9,     69.1,     1017.2,     322.92,     73.6,     88.1,     -1.8
91,     30.10.2014 15:11:16,     103.95,     201,     167,     0.4,     1.3,     2.2,     10.8,     66.8,     1017.3,     322.92,     73.6,     87.9,     -2,     13.510,     13.15,     79.7
92,     30.10.2014 15:21:16,     70.35,     142.71,     163,     0.1,     1.2,     1.9,     10.8,     68.9,     1017.2,     322.92,     73.5,     88,     -1.9
93,     30.10.2014 15:31:16,     64.05,     128.64,     140,     0,     0.7,     1.5,     10.7,     70.2,     1017.4,     322.92,     73.6,     88,     -1.9
94,     30.10.2014 15:41:16,     52.5,     108.54,     134,     0,     0.5,     1,     10.5,     71.2,     1017.5,     322.92,     253.4,     88,     -178
95,     30.10.2014 15:51:16,     37.8,     80.4,     115,     0.1,     0.5,     0.9,     10.5,     75.1,     1017.5,     322.92,     73.5,     88,     -1.9
96,     30.10.2014 16:01:16,     32.55,     68.34,     131,     0.3,     0.7,     1.1,     10.2,     75.4,     1017.4,     322.92,     253.4,     87.9,     -177.9
97,     30.10.2014 16:11:16,     26.25,     54.27,     128,     0.3,     0.7,     1,     9.9,     78.3,     1017.5,     322.92,     253.3,     88,     -178,     13.534,     11.47,     80.0
98,     30.10.2014 16:21:16,     16.8,     38.19,     96,     0.5,     0.9,     1.1,     9.6,     78.8,     1017.5,     322.92,     253.3,     88,     -178
99,     30.10.2014 16:31:16,     8.4,     22.11,     99,     0.5,     0.8,     1.3,     9.1,     80.5,     1017.6,     322.92,     253.2,     88,     -178
100,     30.10.2014 16:41:16,     2.1,     12.06,     132,     0.4,     0.8,     1.2,     8.8,     82.8,     1017.4,     322.92,     253.3,     88,     -178
101,     30.10.2014 16:51:16,     -2.1,     4.02,     131,     0.2,     0.6,     1,     8.4,     84.5,     1017.4,     322.92,     253.3,     88,     -178
102,     30.10.2014 17:01:16,     -3.15,     -2.01,     133,     0.1,     0.5,     0.9,     8.3,     85,     1017.5,     322.92,     253.3,     88,     -178
103,     30.10.2014 17:11:16,     -4.2,     -2.01,     135,     0.1,     0.5,     0.8,     8.4,     85.5,     1017.7,     322.92,     253.2,     87.9,     -177.9,     12.717,     8.95,     81.1
104,     30.10.2014 17:21:16,     -4.2,     -2.01,     114,     0,     0.5,     1,     8.4,     85.5,     1017.8,     322.92,     253.2,     87.9,     -177.9
105,     30.10.2014 17:31:16,     -4.2,     -2.01,     163,     0,     0.5,     0.9,     8.3,     86,     1017.8,     322.92,     253.3,     88,     -178
106,     30.10.2014 17:41:16,     -4.2,     -2.01,     105,     0,     0.4,     0.9,     8,     85.4,     1017.8,     322.92,     253.2,     87.9,     -177.9
107,     30.10.2014 17:51:16,     -5.25,     -2.01,     98,     0,     0.5,     1,     7.9,     86.1,     1017.9,     322.92,     253.3,     88,     -178
108,     30.10.2014 18:01:16,     -4.2,     -2.01,     179,     0,     0.8,     1.3,     7.8,     87,     1017.8,     322.92,     253.2,     87.9,     -177.9
109,     30.10.2014 18:11:16,     -4.2,     0,     189,     0.2,     0.9,     1.3,     7.6,     87.8,     1017.9,     322.92,     253.2,     88.1,     -178.1,     12.647,     7.27,     81.7
110,     30.10.2014 18:21:16,     -3.15,     0,     282,     0,     0.5,     0.9,     7.6,     88.4,     1018,     322.92,     253.2,     88,     -178
111,     30.10.2014 18:31:16,     -3.15,     -2.01,     335,     0,     0.3,     1,     7.7,     88.4,     1018,     322.92,     253.2,     88,     -178
112,     30.10.2014 18:41:16,     -5.25,     0,     169,     0,     1,     1.4,     7.2,     87.5,     1018,     322.92,     253.1,     88,     -178
113,     30.10.2014 18:51:16,     -5.25,     -2.01,     142,     0.4,     0.8,     1.4,     6.8,     88.9,     1017.9,     322.92,     253.1,     87.9,     -177.9
114,     30.10.2014 19:01:16,     -3.15,     -2.01,     161,     0.1,     0.7,     1.4,     6.9,     89.7,     1018.1,     322.92,     253.2,     87.9,     -177.9
115,     30.10.2014 19:11:16,     -2.1,     -2.01,     210,     0.1,     0.6,     1.1,     7,     90.1,     1018,     322.92,     253.1,     87.9,     -177.9,     12.626,     6.55,     81.9
116,     30.10.2014 19:21:16,     -2.1,     -2.01,     218,     0,     0.6,     1.2,     7.3,     90,     1018.1,     322.92,     253.2,     88,     -178
117,     30.10.2014 19:31:16,     -3.15,     -2.01,     141,     0,     0.6,     1.4,     7.6,     89.9,     1017.9,     322.92,     253.2,     87.9,     -177.9
118,     30.10.2014 19:41:16,     -1.05,     0,     212,     0.1,     0.6,     1.1,     7.7,     89.1,     1018.1,     322.92,     253.1,     88,     -178
119,     30.10.2014 19:51:16,     -2.1,     -2.01,     187,     0,     0.7,     1.3,     8,     88.1,     1018,     322.92,     253.2,     88,     -177.9
120,     30.10.2014 20:01:16,     -1.05,     0,     195,     0.5,     0.9,     1.5,     7.9,     87.2,     1017.9,     322.92,     253.2,     87.9,     -177.9
121,     30.10.2014 20:11:16,     -2.1,     -2.01,     221,     0.3,     1.1,     1.9,     7.8,     85.6,     1018,     322.92,     253.4,     88,     -178,     12.622,     7.50,     81.5
122,     30.10.2014 20:21:16,     -1.05,     0,     215,     0.3,     1.1,     1.8,     7.9,     85.2,     1018.2,     322.92,     253.3,     87.8,     -178
123,     30.10.2014 20:31:16,     -3.15,     -2.01,     199,     0.6,     1.5,     2.2,     7.8,     84.9,     1018.1,     322.92,     253.2,     88.1,     -178.1
124,     30.10.2014 20:41:16,     -1.05,     0,     196,     0.6,     1.1,     1.7,     7.9,     86.1,     1018,     322.92,     253.2,     87.9,     -178
125,     30.10.2014 20:51:16,     -1.05,     -2.01,     135,     0.5,     1.2,     2,     8,     85.4,     1018,     322.92,     253.2,     88,     -178
126,     30.10.2014 21:01:16,     -1.05,     0,     202,     0.1,     1.1,     2.3,     8.3,     84.3,     1018.1,     322.92,     253.2,     87.9,     -177.9
127,     30.10.2014 21:11:16,     -2.1,     -2.01,     164,     0.4,     1.2,     1.9,     8.3,     84,     1018.1,     322.92,     253.3,     88,     -178,     12.577,     8.03,     81.5
128,     30.10.2014 21:21:16,     -2.1,     -2.01,     138,     0.3,     1.1,     1.8,     8.3,     84.5,     1018,     322.92,     253.2,     88,     -178
129,     30.10.2014 21:31:16,     -2.1,     0,     159,     0.3,     1.4,     2.2,     8.4,     84,     1017.8,     322.92,     253.3,     87.9,     -177.9
130,     30.10.2014 21:41:16,     -2.1,     -4.02,     165,     0.5,     1.3,     2.2,     8.4,     84.2,     1017.8,     322.92,     253.3,     88,     -177.9
131,     30.10.2014 21:51:16,     -2.1,     -2.01,     173,     0.4,     1.3,     2.4,     8.4,     84.3,     1017.7,     322.92,     253.2,     87.8,     -177.9
132,     30.10.2014 22:01:16,     -1.05,     -2.01,     185,     0.2,     1.1,     2.4,     8.5,     84.9,     1018,     322.92,     253.4,     88,     -177.9
133,     30.10.2014 22:11:16,     -1.05,     -2.01,     163,     0.2,     1,     1.9,     8.5,     84.8,     1018.1,     322.92,     253.3,     87.9,     -177.9,     12.567,     8.53,     81.3
134,     30.10.2014 22:21:16,     -1.05,     -2.01,     65,     0,     0.3,     1,     8.6,     84.9,     1018.3,     322.92,     253.3,     88,     -178
135,     30.10.2014 22:31:16,     -1.05,     0,     183,     0.2,     0.9,     1.7,     8.8,     85.4,     1018.1,     322.92,     253.3,     88,     -177.9
136,     30.10.2014 22:41:16,     -3.15,     -4.02,     184,     0.6,     1.1,     1.8,     8.7,     84.5,     1017.9,     322.92,     253.3,     88,     -178
137,     30.10.2014 22:51:16,     -1.05,     -2.01,     199,     0.1,     0.9,     1.6,     8.7,     85.5,     1017.9,     322.92,     253.3,     88,     -177.9
138,     30.10.2014 23:01:16,     -1.05,     0,     206,     0.5,     1.1,     2,     8.7,     86.4,     1017.9,     322.92,     253.3,     88,     -178
139,     30.10.2014 23:11:22,     -1.05,     -2.01,     186,     0.9,     1.6,     2.4,     8.8,     87,     1017.7,     322.92,     253.3,     88.1,     -178.1,     12.541,     8.89,     81.2
140,     30.10.2014 23:21:22,     -1.05,     -2.01,     167,     0.4,     1.5,     2.5,     8.9,     87.6,     1017.6,     322.92,     253.3,     88,     -178
141,     30.10.2014 23:31:22,     -1.05,     0,     160,     0.6,     1.5,     2.4,     8.9,     87.3,     1017.6,     322.92,     253.3,     88,     -178
142,     30.10.2014 23:41:22,     -2.1,     -2.01,     156,     0.1,     1,     2,     9,     87.6,     1017.7,     322.92,     253.3,     88,     -178
143,     30.10.2014 23:51:22,     -2.1,     -2.01,     170,     0.4,     1.2,     2.2,     8.9,     87.6,     1017.6,     322.92,     253.1,     88,     -178
144,     31.10.2014 00:01:16,     -2.1,     -2.01,     171,     0.2,     1.2,     2.8,     9.1,     87.4,     1017.7,     322.92,     253.3,     87.9,     -177.9,     12.461,     9.21,     81.1