Logger: #D10248 'TSK_Meteo' - USP_EXP2 (V2.10, Jan 24 2012)
No,     Time,     #1:W/m²:0,     #2:ÂµMol:(do.),     #5:deg:2,     #6:m/sMIN:(do.),     #7:m/sMIT:(do.),     #8:m/sMAX:(do.),     #9:Â°C:(do.),     #10:%:(do.),     #11:hPa:(do.),     #12:mm:(do.),     #14:AZ:3,     #15:EL:(do.),     #16:Roll:(do.),     #HK-Bat:V,     #HK-Temp:oC,     #HK-rH:%
(GSM Transfer OK / Signal:17)
1,     26.09.2014 00:11:18,     -3.15,     -2.01,     300,     1.4,     4.1,     7.5,     12.3,     85.6,     1008.6,     288.38,     253.6,     87.9,     -178,     12.378,     13.24,     71.8
2,     26.09.2014 00:21:18,     -3.15,     -2.01,     310,     1.2,     3.7,     7.3,     12.3,     85.5,     1008.7,     288.38,     253.7,     87.9,     -178
3,     26.09.2014 00:31:18,     -3.15,     -4.02,     304,     1.2,     2.9,     6.2,     12.3,     86.1,     1008.8,     288.38,     254.5,     88,     -178
4,     26.09.2014 00:41:18,     -1.05,     2.01,     301,     1.1,     2.8,     4.6,     12.2,     86.2,     1008.7,     288.38,     253.9,     88,     -178
5,     26.09.2014 00:51:18,     -2.1,     -2.01,     302,     1.4,     2.9,     5.6,     12.2,     85.9,     1008.6,     288.38,     254.3,     87.9,     -177.9
6,     26.09.2014 01:01:18,     -3.15,     -4.02,     299,     1,     3,     5.2,     12.3,     85.6,     1008.6,     288.38,     253.8,     88,     -178
7,     26.09.2014 01:11:17,     -1.05,     0,     302,     1.8,     3,     4.4,     12.2,     85.5,     1008.6,     288.38,     253.8,     87.9,     -178,     12.493,     12.81,     73.3
8,     26.09.2014 01:21:17,     -3.15,     -4.02,     301,     1,     3.2,     5.8,     12.3,     85.4,     1008.7,     288.38,     253.9,     88,     -178
9,     26.09.2014 01:31:17,     -1.05,     0,     303,     1.8,     3.4,     5.8,     12.2,     85.5,     1008.7,     288.38,     254.3,     87.9,     -177.9
10,     26.09.2014 01:41:17,     -2.1,     -2.01,     302,     1.6,     3.2,     5.8,     12.1,     86.5,     1008.7,     288.38,     253.8,     88,     -178
11,     26.09.2014 01:51:17,     -1.05,     -2.01,     297,     1.2,     2.9,     4.7,     12,     86.8,     1008.6,     288.38,     254.4,     88,     -178
12,     26.09.2014 02:01:17,     -2.1,     -4.02,     295,     1.4,     3.4,     6.4,     12.1,     86.8,     1008.7,     288.38,     253.8,     87.9,     -177.9
13,     26.09.2014 02:11:16,     -2.1,     -2.01,     294,     1.5,     3.6,     5.8,     12.1,     87.8,     1008.6,     288.38,     253.6,     87.8,     -177.8,     12.454,     12.65,     73.3
14,     26.09.2014 02:21:16,     -1.05,     -2.01,     296,     1.7,     3.1,     5.4,     12,     88.3,     1008.7,     288.38,     253.9,     87.9,     -177.9
15,     26.09.2014 02:31:16,     -3.15,     -2.01,     293,     1.8,     3,     5.1,     12,     88.5,     1008.7,     288.38,     253.9,     88,     -178
16,     26.09.2014 02:41:16,     -2.1,     0,     291,     1.2,     3.2,     4.8,     12,     88.8,     1008.7,     288.38,     253.6,     87.8,     -177.8
17,     26.09.2014 02:51:16,     -2.1,     -2.01,     292,     1.3,     2.8,     4.4,     12.1,     89,     1008.7,     288.38,     254,     88,     -178
18,     26.09.2014 03:01:16,     -2.1,     -2.01,     287,     1.4,     3.1,     5,     12.1,     88.9,     1008.7,     288.38,     254.8,     87.9,     -177.9
19,     26.09.2014 03:11:16,     -2.1,     -2.01,     293,     1.4,     3.2,     5.3,     12.1,     88.5,     1008.7,     288.38,     253.8,     87.9,     -177.9,     12.423,     12.61,     73.4
20,     26.09.2014 03:21:16,     -2.1,     -2.01,     296,     1.6,     3.3,     5.1,     12.1,     88.6,     1008.8,     288.38,     254,     88,     -178
21,     26.09.2014 03:31:16,     -3.15,     -2.01,     291,     1,     3.3,     5.1,     12.3,     88.7,     1008.8,     288.38,     254.1,     87.9,     -177.9
22,     26.09.2014 03:41:16,     -2.1,     -2.01,     292,     1.2,     2.8,     4.9,     12.3,     88.9,     1008.8,     288.38,     254.1,     88,     -178
23,     26.09.2014 03:51:16,     -2.1,     -2.01,     292,     1.2,     2.8,     4.5,     12.4,     89,     1008.8,     288.38,     254.3,     88,     -178
24,     26.09.2014 04:01:16,     -2.1,     -2.01,     295,     0.5,     3,     5.4,     12.3,     89.1,     1008.8,     288.38,     254.5,     88,     -178
25,     26.09.2014 04:11:22,     -1.05,     -2.01,     296,     2,     3.9,     6.4,     12.3,     89.4,     1008.8,     288.38,     254.7,     87.8,     -177.8,     12.412,     12.85,     73.3
26,     26.09.2014 04:21:22,     -1.05,     -2.01,     302,     1.6,     3.2,     6,     12.4,     89.6,     1008.8,     288.38,     253.8,     87.8,     -177.9
27,     26.09.2014 04:31:22,     -2.1,     -2.01,     299,     1.6,     3.3,     5.3,     12.4,     89.6,     1008.9,     288.38,     254,     88,     -178
28,     26.09.2014 04:41:22,     -3.15,     -6.03,     302,     1.3,     3.2,     5.1,     12.4,     89.5,     1008.9,     288.38,     253.8,     87.9,     -178
29,     26.09.2014 04:51:22,     -2.1,     -2.01,     299,     1.2,     2.8,     4.8,     12.5,     89.5,     1009,     288.38,     253.7,     88,     -178
30,     26.09.2014 05:01:22,     -3.15,     -2.01,     301,     1.4,     2.7,     5,     12.5,     89.3,     1009,     288.38,     253.6,     88,     -178
31,     26.09.2014 05:11:16,     -2.1,     -2.01,     291,     1.4,     2.9,     4.6,     12.6,     88.9,     1008.9,     288.38,     254.1,     88,     -178,     12.372,     13.02,     73.3
32,     26.09.2014 05:21:16,     -2.1,     0,     294,     0.8,     2.9,     5.9,     12.6,     88.9,     1008.9,     288.38,     254.2,     88.1,     -178.1
33,     26.09.2014 05:31:16,     -3.15,     -4.02,     293,     1.1,     3,     4.3,     12.7,     89.1,     1008.8,     288.38,     254.1,     88,     -178
34,     26.09.2014 05:41:16,     -1.05,     0,     289,     1.5,     3.1,     5.4,     12.7,     89,     1008.8,     288.38,     253.6,     87.9,     -177.9
35,     26.09.2014 05:51:16,     -1.05,     0,     290,     0.6,     2.9,     4.8,     12.7,     89.3,     1008.7,     288.38,     253.9,     88,     -178
36,     26.09.2014 06:01:16,     1.05,     2.01,     290,     0.6,     3.1,     5.2,     12.8,     89.1,     1008.8,     288.38,     253.8,     88,     -178
37,     26.09.2014 06:11:21,     1.05,     6.03,     296,     1.6,     3.4,     5.8,     12.8,     89.2,     1008.9,     288.38,     254.4,     88.1,     -178.1,     12.378,     13.25,     73.3
38,     26.09.2014 06:21:21,     3.15,     10.05,     293,     0.8,     3.2,     5.5,     12.8,     89.5,     1008.9,     288.38,     254,     88,     -178
39,     26.09.2014 06:31:21,     7.35,     16.08,     293,     1.1,     2.9,     4.9,     12.8,     89.4,     1008.9,     288.38,     253.9,     88,     -178
40,     26.09.2014 06:41:21,     15.75,     34.17,     288,     1.6,     3,     6.2,     12.8,     89.6,     1008.8,     288.38,     253.8,     87.9,     -177.9
41,     26.09.2014 06:51:21,     24.15,     48.24,     296,     1.6,     3.1,     5.3,     12.8,     89.4,     1009,     288.38,     254.4,     88,     -178
42,     26.09.2014 07:01:21,     8.4,     20.1,     296,     1.8,     3.5,     5.1,     12.9,     89.8,     1009.3,     288.38,     254.1,     88,     -178
43,     26.09.2014 07:11:22,     7.35,     18.09,     300,     1.2,     3.3,     5.1,     12.8,     89.5,     1009.4,     288.38,     254,     87.9,     -177.9,     12.385,     13.55,     73.2
44,     26.09.2014 07:21:22,     16.8,     40.2,     300,     1.4,     3.3,     5,     12.9,     89.8,     1009.4,     288.38,     254.3,     88,     -178
45,     26.09.2014 07:31:22,     17.85,     42.21,     294,     1.6,     3.2,     5.2,     12.9,     90.3,     1009.5,     288.38,     253.9,     87.9,     -177.9
46,     26.09.2014 07:41:22,     37.8,     86.43,     294,     1.4,     2.8,     5.5,     12.9,     90.3,     1009.6,     288.38,     254.1,     88.1,     -178
47,     26.09.2014 07:51:22,     31.5,     74.37,     297,     1.4,     2.7,     4.5,     13,     90.3,     1009.7,     288.38,     253.8,     88,     -178
48,     26.09.2014 08:01:22,     33.6,     74.37,     291,     0.6,     2.6,     4.6,     13.1,     90.1,     1009.8,     288.38,     254.2,     88,     -178
49,     26.09.2014 08:11:22,     31.5,     72.36,     296,     0.3,     2.3,     4.8,     13.2,     90,     1010,     288.38,     253.7,     87.9,     -177.9,     12.575,     13.78,     73.1
50,     26.09.2014 08:21:22,     27.3,     64.32,     296,     1.3,     2.7,     4.6,     13.2,     89.8,     1010,     288.38,     254.1,     87.9,     -177.9
51,     26.09.2014 08:31:22,     39.9,     90.45,     282,     1.1,     2.8,     4.4,     13.3,     90.1,     1010,     288.38,     254.1,     87.9,     -177.8
52,     26.09.2014 08:41:22,     63,     144.72,     281,     1.3,     2.7,     4.1,     13.3,     90.1,     1010,     288.38,     254.3,     87.9,     -178
53,     26.09.2014 08:51:22,     49.35,     110.55,     290,     0.7,     3,     5.1,     13.4,     89.8,     1010,     288.38,     254.3,     88.1,     -178.1
54,     26.09.2014 09:01:22,     70.35,     156.78,     288,     1.6,     3.4,     5.1,     13.4,     89.7,     1010.1,     288.38,     254.3,     88.1,     -178.2
55,     26.09.2014 09:11:22,     71.4,     158.79,     293,     1.4,     3.1,     5.2,     13.5,     89.8,     1010.2,     288.38,     254.4,     88.1,     -178.1,     12.968,     14.30,     73.0
56,     26.09.2014 09:21:22,     91.35,     198.99,     289,     0.7,     3.2,     6.1,     13.5,     89.2,     1010.1,     288.38,     254.1,     88.1,     -178.1
57,     26.09.2014 09:31:22,     56.7,     128.64,     289,     0.8,     3.2,     5.9,     13.8,     89.4,     1010.3,     288.38,     254.4,     88,     -178
58,     26.09.2014 09:41:22,     61.95,     140.7,     288,     0.5,     3,     5.3,     13.7,     88.8,     1010.2,     288.38,     254.2,     88.1,     -178
59,     26.09.2014 09:51:22,     51.45,     118.59,     306,     1.3,     3,     5.5,     13.7,     88.7,     1010.1,     288.38,     253.9,     88,     -177.9
60,     26.09.2014 10:01:22,     93.45,     205.02,     304,     0.8,     3,     4.9,     13.8,     88.6,     1010.2,     288.38,     254,     88,     -178
61,     26.09.2014 10:11:21,     90.3,     203.01,     294,     1,     3.9,     7.4,     13.9,     88.3,     1010.2,     288.38,     254.7,     87.9,     -177.9,     13.133,     15.09,     72.7
62,     26.09.2014 10:21:21,     99.75,     217.08,     301,     0.6,     3.3,     5.3,     14.1,     88.4,     1010.3,     288.38,     254.6,     88.1,     -178.1
63,     26.09.2014 10:31:21,     89.25,     194.97,     304,     0.8,     2.9,     5.4,     14.1,     88.3,     1010.3,     288.38,     253.7,     87.9,     -177.9
64,     26.09.2014 10:41:21,     73.5,     166.83,     298,     0.6,     3.4,     5.9,     14.2,     88.1,     1010.3,     288.38,     254.2,     87.9,     -177.9
65,     26.09.2014 10:51:21,     98.7,     213.06,     298,     1.2,     3.6,     6.8,     14.3,     88.1,     1010.4,     288.38,     253.8,     88.1,     -178.1
66,     26.09.2014 11:01:21,     105,     233.16,     303,     0.4,     3.1,     5.9,     14.4,     87.9,     1010.4,     288.38,     254.3,     87.9,     -178
67,     26.09.2014 11:11:16,     119.7,     261.3,     307,     0.8,     2.8,     5.8,     14.5,     87.9,     1010.4,     288.38,     255.1,     88,     -178,     13.281,     15.79,     72.5
68,     26.09.2014 11:21:16,     114.45,     251.25,     303,     1,     3.3,     6.4,     14.6,     87.7,     1010.4,     288.38,     254.4,     88,     -178
69,     26.09.2014 11:31:16,     123.9,     265.32,     299,     0.8,     3.2,     5.7,     14.8,     87.2,     1010.4,     288.38,     254.6,     88,     -178
70,     26.09.2014 11:41:16,     90.3,     201,     298,     0.4,     3.8,     7.3,     14.8,     87,     1010.4,     288.38,     254,     88,     -177.9
71,     26.09.2014 11:51:16,     80.85,     182.91,     299,     0.9,     3.1,     5.4,     14.9,     87.1,     1010.5,     288.38,     254,     88,     -178
72,     26.09.2014 12:01:16,     73.5,     168.84,     299,     0.7,     3,     6,     14.9,     87.3,     1010.4,     288.38,     254.9,     88,     -178
73,     26.09.2014 12:11:17,     112.35,     245.22,     297,     0.8,     2.9,     5.6,     15,     87.5,     1010.5,     288.38,     254.4,     87.9,     -178,     13.167,     16.57,     72.3
74,     26.09.2014 12:21:17,     102.9,     229.14,     299,     1.5,     3.6,     7.8,     15.2,     86.7,     1010.6,     288.38,     254.4,     88.1,     -178
75,     26.09.2014 12:31:17,     110.25,     245.22,     296,     1.3,     3.7,     6.1,     15.2,     86.3,     1010.5,     288.38,     254.1,     87.9,     -177.9
76,     26.09.2014 12:41:17,     121.8,     257.28,     289,     1.3,     3.7,     6.5,     15.3,     86.5,     1010.4,     288.38,     254.1,     87.8,     -177.9
77,     26.09.2014 12:51:17,     108.15,     235.17,     285,     1.2,     3.1,     6.4,     15.4,     86.2,     1010.3,     288.38,     254.9,     88,     -178
78,     26.09.2014 13:01:17,     144.9,     321.6,     290,     0.9,     3.8,     7.7,     15.5,     85.5,     1010.3,     288.38,     254.3,     88,     -178
79,     26.09.2014 13:11:16,     109.2,     247.23,     288,     1.1,     3.8,     6.9,     15.6,     85.3,     1010.3,     288.38,     254.2,     88,     -178,     14.339,     17.19,     72.1
80,     26.09.2014 13:21:16,     101.85,     233.16,     286,     1.1,     3.7,     7.3,     15.5,     86.5,     1010.3,     288.38,     254.3,     87.9,     -177.9
81,     26.09.2014 13:31:16,     110.25,     245.22,     283,     1.1,     3.7,     7.1,     15.4,     87.7,     1010.3,     288.38,     254.1,     88,     -178
82,     26.09.2014 13:41:16,     80.85,     186.93,     285,     0.7,     3.5,     6.4,     15.3,     88.2,     1010.3,     288.38,     254.7,     88,     -178
83,     26.09.2014 13:51:16,     57.75,     136.68,     283,     0.9,     3.4,     6.4,     15.2,     88.7,     1010.2,     288.38,     254.3,     88,     -178
84,     26.09.2014 14:01:16,     51.45,     124.62,     283,     1,     3,     5.1,     15.3,     89.2,     1010.2,     288.38,     254.2,     88,     -178
85,     26.09.2014 14:11:16,     61.95,     144.72,     288,     0.9,     2.9,     4.9,     15.3,     89,     1010.1,     288.38,     254.1,     88,     -178,     13.627,     16.99,     72.3
86,     26.09.2014 14:21:16,     48.3,     112.56,     291,     1.4,     2.9,     5.1,     15.3,     89.1,     1010.1,     288.38,     254,     88,     -178
87,     26.09.2014 14:31:16,     48.3,     114.57,     294,     1.8,     3.2,     5.1,     15.4,     89,     1010.1,     288.38,     254,     88.1,     -178.1
88,     26.09.2014 14:41:16,     44.1,     98.49,     291,     1.5,     2.9,     5.5,     15.4,     89.4,     1010.2,     288.38,     254.4,     88,     -178
89,     26.09.2014 14:51:16,     86.1,     190.95,     285,     1.3,     2.8,     5.5,     15.4,     89.8,     1010.2,     288.38,     254.3,     88.1,     -178.1
90,     26.09.2014 15:01:16,     94.5,     209.04,     289,     1.4,     3,     4.6,     15.5,     89.6,     1010.2,     288.38,     254.1,     88,     -178
91,     26.09.2014 15:11:22,     70.35,     154.77,     289,     1.4,     3.1,     5.8,     15.5,     89.6,     1010.1,     288.38,     254,     88,     -178,     13.561,     16.65,     72.5
92,     26.09.2014 15:21:22,     98.7,     211.05,     284,     1.6,     3.2,     5.8,     15.6,     89.6,     1010,     288.38,     254.2,     87.9,     -177.9
93,     26.09.2014 15:31:22,     65.1,     144.72,     290,     0.7,     2.8,     5.2,     15.7,     89.2,     1010,     288.38,     254.8,     88,     -178
94,     26.09.2014 15:41:22,     69.3,     152.76,     293,     1.2,     3.2,     5.1,     15.9,     88.8,     1010,     288.38,     254.4,     88,     -178
95,     26.09.2014 15:51:22,     50.4,     114.57,     294,     0.8,     3.1,     5.4,     15.9,     88.2,     1010,     288.38,     253.9,     88.1,     -178.1
96,     26.09.2014 16:01:22,     31.5,     72.36,     278,     0.8,     3.2,     5.2,     16,     88.3,     1010,     288.38,     253.9,     87.9,     -177.9
97,     26.09.2014 16:11:16,     43.05,     94.47,     284,     1.1,     3.3,     5.8,     16,     88,     1010,     288.38,     254,     88,     -178,     13.595,     17.04,     72.4
98,     26.09.2014 16:21:16,     48.3,     106.53,     277,     1.3,     3.5,     5.8,     16.1,     87.5,     1009.8,     288.38,     254.4,     88,     -178
99,     26.09.2014 16:31:16,     21,     48.24,     284,     1.7,     3.4,     5.9,     16.2,     86.9,     1010,     288.38,     255.9,     88,     -178
100,     26.09.2014 16:41:16,     10.5,     28.14,     284,     2,     4,     6.3,     16.2,     87,     1010,     288.38,     255.7,     88.1,     -178.1
101,     26.09.2014 16:51:16,     9.45,     22.11,     288,     2.1,     4.5,     8.3,     16.2,     86.8,     1010.2,     288.38,     255.1,     88,     -178
102,     26.09.2014 17:01:16,     11.55,     28.14,     288,     1.5,     3.5,     6.4,     16.2,     86.6,     1010.2,     288.38,     254.5,     88,     -178
103,     26.09.2014 17:11:16,     2.1,     12.06,     291,     0.8,     3.7,     6.6,     16.3,     86.2,     1010.3,     288.38,     254.1,     87.9,     -177.9,     12.758,     16.99,     72.4
104,     26.09.2014 17:21:16,     3.15,     12.06,     293,     2.2,     4.1,     6.6,     16.2,     86.3,     1010.4,     288.38,     253.9,     88.1,     -178.1
105,     26.09.2014 17:31:16,     3.15,     12.06,     293,     1.8,     3.8,     6.2,     16.1,     86.8,     1010.4,     288.38,     254.1,     88,     -178
106,     26.09.2014 17:41:16,     0,     4.02,     286,     0.9,     3.4,     6.1,     16,     87.5,     1010.5,     288.38,     254.9,     88,     -178
107,     26.09.2014 17:51:16,     0,     2.01,     301,     0.7,     4.5,     9.9,     15.9,     87.6,     1010.8,     288.41,     254.6,     88.1,     -178
108,     26.09.2014 18:01:16,     1.05,     4.02,     331,     2,     4.2,     7.6,     15.6,     87.1,     1010.8,     288.41,     253.5,     88.2,     -178.2
109,     26.09.2014 18:11:16,     -1.05,     2.01,     326,     0.4,     2.8,     5.3,     15.5,     86.6,     1010.9,     288.41,     253.7,     88,     -178,     12.675,     16.39,     72.7
110,     26.09.2014 18:21:16,     -3.15,     -2.01,     333,     1.3,     2.9,     5.1,     15.3,     86.4,     1011,     288.41,     254,     87.9,     -177.9
111,     26.09.2014 18:31:16,     -2.1,     -2.01,     334,     1.1,     2.8,     5.7,     15.3,     86.5,     1011,     288.41,     253.5,     88.1,     -178.1
112,     26.09.2014 18:41:16,     -2.1,     -2.01,     323,     0.3,     2.3,     4.4,     15.2,     86.8,     1011.1,     288.41,     254,     88.1,     -178.1
113,     26.09.2014 18:51:16,     -2.1,     -2.01,     320,     1,     2.3,     4.7,     15.2,     87.3,     1011.2,     288.41,     253.7,     88,     -178
114,     26.09.2014 19:01:16,     -3.15,     -2.01,     319,     0.5,     1.9,     3.5,     15.2,     87.6,     1011.2,     288.41,     253.8,     88,     -178
115,     26.09.2014 19:11:16,     -3.15,     0,     319,     0.4,     2.4,     4.5,     15.2,     87.3,     1011.3,     288.41,     254,     87.9,     -177.9,     12.645,     15.65,     72.9
116,     26.09.2014 19:21:16,     -4.2,     -2.01,     313,     0.9,     2.5,     4.5,     15.1,     87.2,     1011.4,     288.41,     253.8,     88,     -178
117,     26.09.2014 19:31:16,     -6.3,     -4.02,     306,     0.2,     2.2,     4.2,     15,     87.5,     1011.6,     288.41,     253.8,     88,     -178
118,     26.09.2014 19:41:16,     -3.15,     -2.01,     310,     0.5,     2,     4.7,     14.9,     87.9,     1011.7,     288.41,     253.7,     88,     -178
119,     26.09.2014 19:51:16,     -4.2,     -2.01,     304,     0.7,     2.2,     3.7,     14.8,     88.3,     1011.8,     288.41,     254.2,     87.9,     -177.9
120,     26.09.2014 20:01:16,     -3.15,     -2.01,     300,     0.8,     2.4,     4.8,     14.8,     88.6,     1011.9,     288.41,     254,     88,     -178
121,     26.09.2014 20:11:17,     -2.1,     -4.02,     304,     1.5,     2.7,     4.8,     14.9,     88.3,     1011.9,     288.41,     253.9,     88,     -178,     12.607,     14.65,     73.2
122,     26.09.2014 20:21:17,     -2.1,     -4.02,     302,     1.6,     2.9,     5.5,     15,     87.7,     1012,     288.41,     253.9,     87.9,     -177.9
123,     26.09.2014 20:31:17,     -4.2,     -2.01,     298,     1.6,     2.8,     4.5,     15,     87.6,     1012.1,     288.41,     253.9,     87.9,     -177.9
124,     26.09.2014 20:41:17,     -3.15,     -2.01,     298,     1.8,     3,     4.4,     15,     87.8,     1012.1,     288.41,     253.8,     88,     -178.1
125,     26.09.2014 20:51:17,     -1.05,     -2.01,     302,     1.1,     3.1,     5.2,     15,     88,     1012.2,     288.41,     253.9,     88,     -178
126,     26.09.2014 21:01:17,     -2.1,     0,     303,     1.3,     3,     5.8,     15.1,     87.5,     1012.3,     288.41,     254,     87.9,     -177.9
127,     26.09.2014 21:11:16,     -3.15,     -2.01,     306,     1.3,     2.5,     4.4,     15.1,     87.6,     1012.3,     288.41,     253.3,     88,     -178,     12.588,     14.75,     73.1
128,     26.09.2014 21:21:16,     -2.1,     -2.01,     305,     0.9,     2.7,     4.3,     15,     87.6,     1012.5,     288.41,     253.9,     88,     -178
129,     26.09.2014 21:31:16,     -4.2,     -2.01,     319,     0.7,     2,     4.1,     15,     87.8,     1012.6,     288.41,     253.6,     87.9,     -177.9
130,     26.09.2014 21:41:16,     -5.25,     -2.01,     311,     0.2,     2.1,     3.8,     14.8,     87.9,     1012.7,     288.41,     253.7,     88,     -178
131,     26.09.2014 21:51:16,     -3.15,     -2.01,     312,     0.4,     1.8,     3.6,     14.7,     88,     1012.9,     288.41,     253.6,     88,     -178
132,     26.09.2014 22:01:16,     -5.25,     0,     316,     0.5,     1.5,     2.9,     14.6,     88.5,     1012.9,     288.41,     253.8,     88,     -178
133,     26.09.2014 22:11:21,     -5.25,     -4.02,     302,     0.9,     2.3,     3.7,     14.5,     88.7,     1012.9,     288.41,     253.8,     88,     -178,     12.584,     14.41,     73.1
134,     26.09.2014 22:21:21,     -3.15,     0,     316,     0.2,     1.5,     3.7,     14.4,     89.1,     1013.1,     288.41,     253.6,     88,     -178
135,     26.09.2014 22:31:21,     -2.1,     -2.01,     320,     0.3,     1.4,     2.6,     14.3,     89.5,     1013.2,     288.41,     254,     88,     -178
136,     26.09.2014 22:41:21,     -2.1,     -2.01,     330,     0.4,     1.6,     3.2,     14.4,     89.6,     1013.3,     288.41,     253.8,     88,     -178
137,     26.09.2014 22:51:21,     -3.15,     0,     324,     0.3,     1.6,     2.7,     14.5,     89.2,     1013.3,     288.41,     253.5,     88,     -178
138,     26.09.2014 23:01:21,     -3.15,     -4.02,     321,     0.2,     1.7,     3.3,     14.5,     89,     1013.5,     288.41,     253.6,     87.9,     -177.9
139,     26.09.2014 23:11:16,     -5.25,     -4.02,     308,     0.6,     1.8,     3.1,     14.5,     88.8,     1013.3,     288.41,     253.6,     88,     -178,     12.563,     14.22,     73.2
140,     26.09.2014 23:21:16,     -4.2,     -2.01,     329,     0.4,     2,     3.8,     14.4,     88.3,     1013.4,     288.41,     253.6,     87.9,     -177.9
141,     26.09.2014 23:31:16,     -6.3,     -2.01,     326,     0.6,     2,     3.7,     14.2,     88.5,     1013.5,     288.41,     253.8,     87.9,     -177.9
142,     26.09.2014 23:41:16,     -4.2,     0,     335,     0.7,     1.8,     3.4,     14.1,     88.8,     1013.6,     288.41,     253.9,     88,     -178
143,     26.09.2014 23:51:16,     -4.2,     -2.01,     343,     0.7,     1.9,     3.3,     14,     88.8,     1013.8,     288.41,     253.9,     88,     -178
144,     27.09.2014 00:01:16,     -5.25,     -2.01,     342,     0.7,     1.8,     2.7,     14,     89,     1014,     288.41,     253.8,     88,     -178,     12.467,     13.74,     73.3