Logger: #D10248 'TSK_Meteo' - USP_EXP2 (V2.10, Jan 24 2012)
No,     Time,     #1:W/m²:0,     #2:ÂµMol:(do.),     #5:deg:2,     #6:m/sMIN:(do.),     #7:m/sMIT:(do.),     #8:m/sMAX:(do.),     #9:Â°C:(do.),     #10:%:(do.),     #11:hPa:(do.),     #12:mm:(do.),     #14:AZ:3,     #15:EL:(do.),     #16:Roll:(do.),     #HK-Bat:V,     #HK-Temp:oC,     #HK-rH:%
(GSM Transfer OK / Signal:14)
1,     18.08.2014 00:11:17,     -5.25,     -2.01,     247,     2.3,     5.2,     8.5,     14.6,     79.9,     994.9,     216.48,     255.7,     87.8,     -177.8,     12.416,     15.53,     68.0
2,     18.08.2014 00:21:17,     -5.25,     -2.01,     250,     3.2,     6,     10.1,     14.6,     80.3,     994.7,     216.48,     256.5,     87.3,     -177.4
3,     18.08.2014 00:31:17,     -4.2,     -4.02,     249,     3.1,     6,     10.6,     14.5,     81.7,     994.7,     216.48,     256,     87.7,     -177.7
4,     18.08.2014 00:41:17,     -3.15,     0,     250,     1.9,     6.2,     9.9,     14.5,     80.6,     994.7,     216.51,     256.6,     87.8,     -177.8
5,     18.08.2014 00:51:17,     -4.2,     -2.01,     251,     2.2,     5.3,     9.3,     14.4,     81.3,     994.8,     216.57,     76.4,     87.8,     -2
6,     18.08.2014 01:01:17,     -5.25,     -4.02,     256,     2.2,     4.8,     8.3,     14.2,     83,     994.8,     216.59,     255.8,     87.9,     -177.9
7,     18.08.2014 01:11:18,     -5.25,     -2.01,     250,     2,     4.7,     7.4,     14.2,     83.7,     994.7,     216.62,     256.3,     87.9,     -178,     12.510,     14.85,     69.2
8,     18.08.2014 01:21:18,     -5.25,     -4.02,     254,     1.9,     4.7,     7.6,     14.2,     84.6,     994.7,     216.71,     76.4,     87.8,     -2.1
9,     18.08.2014 01:31:18,     -2.1,     2.01,     253,     3,     5.3,     8.6,     14.1,     83.8,     994.7,     216.91,     256.1,     88,     -178
10,     18.08.2014 01:41:18,     -3.15,     -4.02,     263,     1.7,     4.6,     7.6,     14,     84.2,     994.7,     217.09,     255.8,     87.8,     -177.9
11,     18.08.2014 01:51:18,     -3.15,     0,     255,     1.7,     4.7,     8.1,     13.8,     84.8,     994.6,     217.41,     256,     88.2,     -178.2
12,     18.08.2014 02:01:18,     -2.1,     -2.01,     244,     2.2,     3.9,     6.5,     13.7,     84.8,     994.3,     217.54,     256,     87.9,     -177.9
13,     18.08.2014 02:11:17,     -3.15,     -2.01,     241,     1.7,     3.8,     5.7,     13.5,     85.5,     994.4,     217.62,     256.1,     87.8,     -177.9,     12.491,     14.36,     69.4
14,     18.08.2014 02:21:17,     -3.15,     -2.01,     241,     1.9,     3.8,     6.6,     13.5,     85.9,     994.3,     217.66,     255.8,     87.9,     -177.9
15,     18.08.2014 02:31:17,     -4.2,     0,     242,     1.8,     3.5,     5,     13.4,     87.3,     994.6,     217.67,     255.7,     87.9,     -177.9
16,     18.08.2014 02:41:17,     -5.25,     -2.01,     235,     1.5,     3.3,     5.6,     13.2,     86,     994.5,     217.67,     255.8,     87.8,     -177.9
17,     18.08.2014 02:51:17,     -4.2,     -2.01,     236,     1.7,     3.7,     5.7,     13,     86.3,     994.5,     217.67,     255.5,     87.8,     -177.9
18,     18.08.2014 03:01:17,     -4.2,     -2.01,     237,     2,     3.8,     6.2,     13,     86.6,     994.4,     217.67,     255.8,     87.8,     -177.8
19,     18.08.2014 03:11:16,     -4.2,     -2.01,     240,     2.4,     4.4,     6.5,     13,     86.9,     994.3,     217.67,     256,     87.9,     -178,     12.450,     13.35,     69.6
20,     18.08.2014 03:21:16,     -4.2,     -2.01,     240,     1.9,     4.2,     7,     12.9,     86.6,     994.3,     217.67,     255.4,     87.9,     -178
21,     18.08.2014 03:31:16,     -4.2,     -2.01,     240,     1.5,     4.2,     6.5,     12.8,     85,     994.3,     217.67,     255.9,     87.8,     -177.9
22,     18.08.2014 03:41:16,     -4.2,     -2.01,     237,     2.1,     4.1,     6.8,     12.7,     84.9,     994.2,     217.67,     255.8,     87.9,     -177.9
23,     18.08.2014 03:51:16,     -5.25,     -4.02,     238,     2.2,     4.2,     6.3,     12.6,     85,     994.1,     217.67,     256,     88,     -177.9
24,     18.08.2014 04:01:16,     -4.2,     -2.01,     236,     2.1,     4,     6.4,     12.5,     84.2,     994,     217.67,     255.9,     87.9,     -177.9
25,     18.08.2014 04:11:16,     -4.2,     -4.02,     238,     2.2,     3.8,     5.8,     12.4,     84.6,     994,     217.67,     255.8,     87.8,     -177.9,     12.393,     12.55,     69.8
26,     18.08.2014 04:21:16,     -3.15,     -2.01,     239,     2.3,     3.6,     5.6,     12.5,     85.3,     994,     217.67,     256,     87.6,     -177.6
27,     18.08.2014 04:31:16,     -3.15,     -2.01,     239,     1.7,     3.4,     5.5,     12.3,     85.5,     994.1,     217.67,     255.5,     87.8,     -177.9
28,     18.08.2014 04:41:16,     -4.2,     0,     238,     1.2,     3.4,     5.3,     12.1,     86,     994.2,     217.67,     255.5,     87.9,     -178
29,     18.08.2014 04:51:16,     -2.1,     4.02,     241,     1.9,     3.7,     5.6,     12.2,     86.8,     994.1,     217.67,     256.2,     87.9,     -177.8
30,     18.08.2014 05:01:16,     3.15,     12.06,     241,     1.8,     3.7,     6,     12.3,     86.9,     994.2,     217.67,     255.8,     88,     -178
31,     18.08.2014 05:11:16,     15.75,     26.13,     242,     2.1,     3.8,     6.2,     12.3,     86.9,     994.1,     217.67,     255.9,     87.9,     -178,     12.395,     12.13,     69.9
32,     18.08.2014 05:21:16,     23.1,     42.21,     255,     1.8,     4.7,     7.4,     12.6,     87,     994,     217.67,     255.8,     87.5,     -177.6
33,     18.08.2014 05:31:16,     29.4,     56.28,     249,     2,     4.5,     7.3,     12.8,     85.9,     994,     217.67,     255.8,     88,     -178.1
34,     18.08.2014 05:41:16,     45.15,     94.47,     250,     1.3,     4.7,     7.7,     12.8,     86.1,     994,     217.67,     255.6,     88,     -178
35,     18.08.2014 05:51:16,     26.25,     76.38,     251,     2.3,     5,     7.8,     12.8,     86,     994.1,     217.67,     255.9,     87.9,     -177.9
36,     18.08.2014 06:01:16,     38.85,     100.5,     252,     1.9,     4.4,     8.4,     12.8,     85.6,     994,     217.67,     255.6,     87.9,     -177.9
37,     18.08.2014 06:11:16,     114.45,     207.03,     256,     2,     4.2,     7.1,     13,     86.9,     994.1,     217.67,     255.8,     87.6,     -177.6,     12.982,     13.19,     70.0
38,     18.08.2014 06:21:16,     150.15,     269.34,     257,     2.3,     4.9,     7.8,     13.1,     85.6,     994,     217.67,     255.7,     87.9,     -178
39,     18.08.2014 06:31:16,     186.9,     343.71,     253,     2.6,     4.6,     6.8,     13.3,     84.4,     994.1,     217.67,     256.2,     87.8,     -177.9
40,     18.08.2014 06:41:16,     191.1,     373.86,     248,     1.7,     4.8,     7.1,     13.3,     83.9,     994,     217.67,     255.8,     87.6,     -177.7
41,     18.08.2014 06:51:16,     227.85,     424.11,     251,     2.3,     5.1,     10.2,     13.6,     82.7,     994,     217.67,     256.1,     88.1,     -178.1
42,     18.08.2014 07:01:16,     189,     444.21,     253,     2,     5.4,     9.4,     13.7,     81.3,     994,     217.67,     256.2,     87.8,     -177.8
43,     18.08.2014 07:11:21,     279.3,     518.58,     252,     1.9,     5.1,     8.9,     13.8,     80.6,     993.8,     217.67,     257,     87.8,     -177.8,     13.459,     18.11,     69.7
44,     18.08.2014 07:21:21,     275.1,     446.22,     254,     2.8,     5.3,     9.5,     13.9,     80.6,     993.8,     217.67,     256.7,     87.9,     -178
45,     18.08.2014 07:31:21,     345.45,     627.12,     250,     2.2,     5.1,     8.5,     14,     80.4,     993.8,     217.67,     256.5,     87.9,     -178
46,     18.08.2014 07:41:21,     322.35,     679.38,     250,     2.6,     5.6,     10.8,     14.2,     79.8,     993.7,     217.67,     76.7,     88.2,     -1.6
47,     18.08.2014 07:51:21,     414.75,     757.77,     254,     2.9,     5.5,     9.2,     14.3,     79.4,     993.7,     217.67,     257.6,     87.7,     -177.9
48,     18.08.2014 08:01:21,     502.95,     950.73,     250,     2.8,     5.7,     10.4,     14.5,     77.1,     993.6,     217.67,     256.9,     88,     -178
49,     18.08.2014 08:11:16,     417.9,     862.29,     259,     3.2,     5.9,     8.5,     14.6,     76.7,     993.6,     217.67,     256.7,     88,     -178.1,     13.364,     20.32,     68.5
50,     18.08.2014 08:21:16,     154.35,     502.5,     251,     2.5,     6.1,     10.7,     14.7,     77.7,     993.7,     217.67,     258.2,     88,     -178.1
51,     18.08.2014 08:31:16,     294,     430.14,     251,     2.7,     6.4,     12,     14.8,     75.3,     993.6,     217.67,     256.1,     87.7,     -177.7
52,     18.08.2014 08:41:16,     429.45,     972.84,     249,     3.4,     6.8,     12.7,     14.9,     76.8,     993.5,     217.67,     76.5,     88.2,     -1.7
53,     18.08.2014 08:51:16,     243.6,     520.59,     251,     3.6,     6.3,     10.3,     15,     74.1,     993.4,     217.67,     257.8,     88,     -177.9
54,     18.08.2014 09:01:16,     655.2,     1244.19,     250,     1.9,     6.6,     11.5,     15.2,     72.5,     993.3,     217.67,     258.1,     87.2,     -177.9
55,     18.08.2014 09:11:17,     322.35,     611.04,     242,     3.2,     7.5,     11.9,     15.5,     70.7,     993.4,     217.67,     257.1,     88.4,     -178.4,     13.201,     20.59,     68.4
56,     18.08.2014 09:21:17,     217.35,     450.24,     244,     3.3,     7,     10.4,     15.5,     69.6,     993.3,     217.67,     77.6,     88.4,     -1.5
57,     18.08.2014 09:31:17,     269.85,     558.78,     245,     2.9,     6.1,     9.6,     15.5,     70.5,     993.2,     217.67,     256.5,     88.2,     -178.3
58,     18.08.2014 09:41:17,     354.9,     761.79,     250,     2.9,     5.9,     8.8,     15.6,     70.6,     993.3,     217.67,     256.1,     87.8,     -177.9
59,     18.08.2014 09:51:17,     611.1,     1161.78,     259,     2.9,     7.1,     11.6,     15.5,     71.4,     993.3,     217.67,     256.1,     87.9,     -177.8
60,     18.08.2014 10:01:17,     714,     1402.98,     257,     3.7,     7.3,     12.9,     15.7,     70.4,     993.4,     217.67,     257.1,     87.9,     -178
61,     18.08.2014 10:11:17,     253.05,     510.54,     253,     3.4,     7.1,     13.4,     15.9,     68.9,     993.2,     217.67,     77.6,     87.3,     -1.9,     13.339,     19.99,     68.0
62,     18.08.2014 10:21:17,     189,     377.88,     254,     3.5,     7.3,     12.3,     15.9,     67,     993.2,     217.67,     255.6,     86.9,     -177.4
63,     18.08.2014 10:31:17,     882,     1726.59,     255,     3.8,     7.7,     14.4,     16.3,     63,     993.2,     217.67,     257.4,     87.7,     -177.7
64,     18.08.2014 10:41:17,     232.05,     460.29,     263,     2.9,     7.1,     11.4,     16.4,     62.6,     993.3,     217.67,     76.9,     87.5,     -2.2
65,     18.08.2014 10:51:17,     278.25,     562.8,     260,     2.8,     6.9,     12.3,     16.2,     64.2,     993.3,     217.67,     256.5,     87.8,     -177.9
66,     18.08.2014 11:01:17,     834.75,     1636.14,     269,     2.8,     6.6,     14.1,     16.4,     59.1,     993.1,     217.67,     256,     88.4,     -178.5
67,     18.08.2014 11:11:16,     279.3,     580.89,     259,     2.7,     7.2,     11.9,     16.6,     60.1,     993.1,     217.67,     256.2,     87.7,     -177.8,     13.417,     20.13,     67.7
68,     18.08.2014 11:21:16,     324.45,     621.09,     261,     2.1,     7,     12.1,     16.5,     61.4,     993.1,     217.67,     256.9,     87.8,     -177.9
69,     18.08.2014 11:31:16,     845.25,     1656.24,     258,     1.7,     6.9,     11.3,     16.6,     57.9,     993,     217.67,     77.4,     87.9,     -2
70,     18.08.2014 11:41:16,     873.6,     1222.08,     261,     1.9,     7,     12.4,     16.9,     59.1,     992.8,     217.67,     256.1,     87.7,     -177.8
71,     18.08.2014 11:51:16,     361.2,     743.7,     254,     3.1,     7.8,     11.9,     17.1,     56.1,     992.5,     217.67,     79,     88,     -1.5
72,     18.08.2014 12:01:16,     139.65,     285.42,     248,     3.5,     7,     12.3,     17.1,     57.1,     992.5,     217.67,     256.7,     87.8,     -177.8
73,     18.08.2014 12:11:16,     137.55,     289.44,     272,     2.3,     7.1,     13,     15.5,     69,     992.9,     218.53,     257.2,     88,     -178,     13.133,     20.25,     67.4
74,     18.08.2014 12:21:16,     308.7,     613.05,     267,     1.5,     3.8,     6.6,     15.2,     71,     992.6,     218.54,     256.2,     87.9,     -178
75,     18.08.2014 12:31:16,     830.55,     1682.37,     273,     0.2,     4.6,     8.5,     15.5,     71.8,     992.4,     218.54,     256.3,     87.8,     -177.8
76,     18.08.2014 12:41:16,     382.2,     1101.48,     260,     1.5,     4.7,     8.2,     16.2,     66.4,     992.2,     218.54,     76.8,     87.9,     -1.9
77,     18.08.2014 12:51:16,     788.55,     1553.73,     262,     2.9,     6.2,     9.9,     16.9,     60.9,     992.1,     218.54,     256.8,     88,     -178
78,     18.08.2014 13:01:16,     295.05,     639.18,     262,     3.1,     7.4,     14.3,     17.2,     57.6,     992.2,     218.54,     76.8,     87.2,     -2.5
79,     18.08.2014 13:11:16,     160.65,     333.66,     253,     3.7,     8.1,     13.5,     17.3,     57.1,     992,     218.54,     257.6,     88.7,     -179,     13.396,     19.99,     67.5
80,     18.08.2014 13:21:16,     283.5,     554.76,     263,     2.3,     6.6,     11.7,     17.4,     55.4,     991.9,     218.54,     77.5,     87.8,     -1.9
81,     18.08.2014 13:31:16,     423.15,     880.38,     265,     2.2,     6.9,     10.8,     17.6,     54.7,     991.9,     218.54,     256.6,     87.6,     -177.6
82,     18.08.2014 13:41:16,     411.6,     842.19,     267,     3.7,     7.8,     13.2,     17.6,     55.8,     992,     218.54,     77.2,     87.3,     -2
83,     18.08.2014 13:51:16,     397.95,     799.98,     266,     2.7,     7.2,     13.5,     17.6,     55.3,     991.9,     218.54,     76.8,     87.3,     -2.6
84,     18.08.2014 14:01:16,     276.15,     556.77,     272,     3.1,     7,     13.6,     17.7,     55.4,     992,     218.54,     77.8,     88.2,     -1.6
85,     18.08.2014 14:11:16,     176.4,     359.79,     267,     3.6,     6.5,     12,     17.6,     57.9,     992.1,     218.54,     76.6,     87.4,     -2.5,     13.366,     20.62,     67.6
86,     18.08.2014 14:21:16,     65.1,     136.68,     269,     3.3,     8,     14.4,     17.4,     54.2,     992.1,     218.54,     77.1,     87.7,     -1.9
87,     18.08.2014 14:31:16,     217.35,     462.3,     286,     3,     7.9,     16.6,     16.3,     60.4,     992.4,     218.62,     256.7,     87.7,     -177.8
88,     18.08.2014 14:41:16,     7.35,     28.14,     297,     1.5,     7.2,     17.5,     16.2,     62.1,     993,     218.68,     257.4,     87.7,     -177.8
89,     18.08.2014 14:51:16,     831.6,     1601.97,     288,     2.2,     6.9,     15.1,     13.6,     76.2,     993,     220.74,     77.5,     87.6,     -2.2
90,     18.08.2014 15:01:16,     640.5,     1214.04,     285,     1.3,     4.2,     8.3,     14,     78.1,     992.7,     220.74,     256,     87.8,     -177.8
91,     18.08.2014 15:11:17,     598.5,     1131.63,     275,     0.8,     5.1,     8.7,     14.7,     74.2,     992.7,     220.74,     76.9,     88.1,     -1.8,     13.392,     17.93,     68.8
92,     18.08.2014 15:21:17,     572.25,     1085.4,     270,     1.3,     7.2,     13.2,     15.5,     72.7,     992.8,     220.74,     257.6,     88.9,     -178.9
93,     18.08.2014 15:31:17,     544.95,     1043.19,     259,     2.2,     7.1,     13.7,     15.5,     65.4,     992.6,     220.74,     255.3,     87.8,     -177.8
94,     18.08.2014 15:41:17,     525,     996.96,     258,     3.5,     8.2,     14.3,     15.7,     66.5,     992.7,     220.74,     258.6,     87.4,     -177.5
95,     18.08.2014 15:51:17,     525,     1005,     262,     3.5,     8.5,     14.3,     16,     67.8,     992.7,     220.74,     77.8,     87.6,     -2.3
96,     18.08.2014 16:01:17,     570.15,     1139.67,     259,     3.9,     8.2,     12.7,     16.2,     65.6,     992.6,     220.74,     78.2,     88,     -1.7
97,     18.08.2014 16:11:21,     177.45,     357.78,     263,     3.1,     6.8,     11.4,     16.3,     67,     992.8,     220.74,     257.6,     87.9,     -177.9,     13.343,     18.71,     68.1
98,     18.08.2014 16:21:21,     129.15,     271.35,     261,     4.1,     7.9,     14.4,     16.1,     66.6,     992.9,     220.74,     257.2,     87.6,     -177.6
99,     18.08.2014 16:31:21,     122.85,     249.24,     267,     1.6,     8.8,     14.8,     16,     66.4,     993,     220.74,     256.7,     88.4,     -178.4
100,     18.08.2014 16:41:21,     134.4,     283.41,     279,     2.5,     6.4,     12,     16.1,     68.1,     993.1,     220.74,     77.6,     87.7,     -2.2
101,     18.08.2014 16:51:21,     50.4,     116.58,     275,     2.4,     5.9,     10.9,     16,     66.7,     993.2,     220.75,     256.9,     87.8,     -177.8
102,     18.08.2014 17:01:21,     23.1,     56.28,     273,     2.7,     6,     11.4,     15.2,     72.6,     993.3,     221.35,     76.8,     88.1,     -1.8
103,     18.08.2014 17:11:16,     130.2,     251.25,     276,     1.9,     5,     8.9,     14.5,     78.2,     993.6,     222.38,     257.5,     87.9,     -177.9,     13.519,     17.35,     68.8
104,     18.08.2014 17:21:16,     196.35,     420.09,     273,     2.1,     7.3,     14.8,     14.3,     78.2,     993.5,     222.38,     76.3,     87.9,     -2
105,     18.08.2014 17:31:16,     80.85,     170.85,     275,     1.8,     4.8,     8.4,     14.1,     80.5,     993.6,     222.38,     256,     88.1,     -178.2
106,     18.08.2014 17:41:16,     198.45,     373.86,     280,     0.4,     3.7,     7.8,     14.3,     81.8,     993.8,     222.38,     255.8,     88,     -178
107,     18.08.2014 17:51:16,     254.1,     442.2,     274,     1.7,     5.3,     12.1,     14.8,     77.6,     994,     222.39,     77.8,     87.8,     -2.1
108,     18.08.2014 18:01:16,     119.7,     198.99,     272,     3.3,     6.1,     10.3,     14.9,     77.8,     994.2,     222.39,     256.3,     87.5,     -177.5
109,     18.08.2014 18:11:16,     52.5,     114.57,     275,     2.4,     5,     8.8,     14.6,     77.4,     994.2,     222.39,     256.2,     88.1,     -178,     13.612,     16.29,     69.0
110,     18.08.2014 18:21:16,     88.2,     176.88,     274,     1.3,     4.3,     8.2,     14.5,     78.4,     994.2,     222.39,     255.4,     88,     -177.9
111,     18.08.2014 18:31:16,     34.65,     82.41,     272,     2.4,     4.9,     7.8,     14.5,     76.8,     994.3,     222.39,     256.6,     88.1,     -178.2
112,     18.08.2014 18:41:16,     23.1,     58.29,     277,     1.6,     4.8,     8.9,     14.5,     76.2,     994.3,     222.39,     76.6,     87.9,     -2
113,     18.08.2014 18:51:16,     16.8,     44.22,     272,     0.6,     4.8,     7.7,     14.4,     77.2,     994.3,     222.39,     256.3,     88,     -178
114,     18.08.2014 19:01:16,     19.95,     48.24,     272,     1.9,     4.6,     7,     14.4,     77.5,     994.4,     222.39,     256.4,     88,     -178
115,     18.08.2014 19:11:22,     6.3,     22.11,     273,     1.6,     5.1,     8.9,     14.4,     75.5,     994.4,     222.39,     256,     87.9,     -177.9,     12.787,     15.16,     69.4
116,     18.08.2014 19:21:22,     4.2,     14.07,     273,     1.7,     4.7,     7,     14.5,     76.4,     994.5,     222.39,     256.1,     88,     -178.1
117,     18.08.2014 19:31:22,     -1.05,     6.03,     267,     1.5,     5.1,     8.7,     14.4,     75.4,     994.6,     222.39,     255.8,     88,     -178
118,     18.08.2014 19:41:22,     -3.15,     4.02,     271,     2.1,     5,     8.7,     14.5,     77.1,     994.7,     222.39,     256.5,     88,     -178.2
119,     18.08.2014 19:51:22,     -3.15,     -2.01,     270,     2.7,     5.4,     8.6,     14.5,     75.6,     994.8,     222.39,     76.5,     87.8,     -2
120,     18.08.2014 20:01:22,     -4.2,     -2.01,     272,     0.7,     5.5,     10.3,     14.4,     75.4,     994.9,     222.39,     256.7,     88,     -178
121,     18.08.2014 20:11:16,     -5.25,     -2.01,     273,     1.4,     5,     9.9,     14.4,     75.9,     994.9,     222.39,     256.5,     88,     -178.1,     12.679,     14.28,     69.7
122,     18.08.2014 20:21:16,     -4.2,     -2.01,     272,     1.1,     5.5,     8.8,     14.3,     77.2,     995.1,     222.39,     256,     88.1,     -178.1
123,     18.08.2014 20:31:16,     -5.25,     -2.01,     270,     2.2,     5.1,     10,     14.3,     77.3,     995.1,     222.39,     257.3,     88,     -178.1
124,     18.08.2014 20:41:16,     -5.25,     -2.01,     270,     2,     4.6,     8.2,     14.3,     79.7,     995.2,     222.39,     256.1,     87.7,     -177.7
125,     18.08.2014 20:51:16,     -4.2,     -2.01,     269,     1,     5.3,     9.5,     14.2,     77.5,     995.3,     222.39,     257.2,     87.5,     -177.8
126,     18.08.2014 21:01:16,     -4.2,     -2.01,     265,     1,     6.1,     10.5,     14.2,     77.9,     995.4,     222.39,     256.2,     87.8,     -177.9
127,     18.08.2014 21:11:16,     -3.15,     -4.02,     264,     1.3,     5.7,     9.5,     14.2,     78.2,     995.3,     222.39,     77.5,     88.1,     -1.8,     12.626,     13.87,     69.8
128,     18.08.2014 21:21:16,     -5.25,     0,     269,     2.5,     5.4,     11.5,     14.2,     79,     995.2,     222.39,     255.6,     88,     -178
129,     18.08.2014 21:31:16,     -5.25,     -2.01,     268,     1,     5.3,     10.2,     14.2,     79.1,     995.2,     222.39,     76.8,     87.7,     -2.2
130,     18.08.2014 21:41:16,     -4.2,     0,     276,     2.7,     5.4,     9.1,     14.1,     78.3,     995.3,     222.39,     256.4,     88.2,     -178.2
131,     18.08.2014 21:51:16,     -3.15,     0,     278,     2,     5.1,     9,     14.1,     80,     995.5,     222.39,     255.6,     88.1,     -178.1
132,     18.08.2014 22:01:16,     -5.25,     -4.02,     283,     1.8,     4.7,     7.5,     14,     79.1,     995.6,     222.39,     256.2,     87.8,     -177.8
133,     18.08.2014 22:11:22,     -4.2,     -2.01,     278,     2.8,     5.5,     8.7,     14,     78.1,     995.5,     222.39,     255.8,     87.9,     -177.9,     12.601,     13.74,     69.7
134,     18.08.2014 22:21:22,     -4.2,     0,     280,     1.7,     5.3,     9.2,     14,     77.9,     995.5,     222.39,     256.2,     87.9,     -177.8
135,     18.08.2014 22:31:22,     -3.15,     0,     280,     2.3,     5.2,     9.1,     14,     79,     995.7,     222.39,     255.8,     88,     -178
136,     18.08.2014 22:41:22,     -2.1,     -2.01,     284,     1.3,     4.1,     7.1,     14,     80.2,     995.8,     222.39,     255.9,     87.8,     -177.9
137,     18.08.2014 22:51:22,     -2.1,     -4.02,     284,     2.2,     4.8,     8.3,     14.1,     79.9,     995.9,     222.39,     255.3,     87.7,     -177.8
138,     18.08.2014 23:01:22,     -2.1,     -2.01,     285,     0.9,     4.5,     7.5,     14.2,     79.8,     996.2,     222.39,     256,     87.9,     -177.9
139,     18.08.2014 23:11:16,     -2.1,     0,     286,     1.5,     4.9,     9.2,     14.1,     78.2,     996.3,     222.39,     256.1,     87.9,     -178,     12.590,     14.04,     69.6
140,     18.08.2014 23:21:16,     -4.2,     -2.01,     293,     3.1,     5.5,     9.8,     14.1,     77.6,     996.3,     222.39,     256.5,     87.6,     -178.2
141,     18.08.2014 23:31:16,     -4.2,     -2.01,     297,     2.6,     5.1,     9.5,     13.9,     78,     996.5,     222.39,     256,     88,     -178
142,     18.08.2014 23:41:16,     -1.05,     -2.01,     291,     2.5,     5.4,     9.1,     13.9,     78.5,     996.6,     222.39,     75.8,     88,     -1.9
143,     18.08.2014 23:51:16,     -3.15,     -4.02,     288,     2.2,     5.6,     9.5,     13.9,     77.6,     996.7,     222.39,     256.1,     87.9,     -177.9
144,     19.08.2014 00:01:21,     -3.15,     -2.01,     290,     2.8,     5.2,     8.8,     13.8,     78.9,     996.8,     222.39,     256.1,     87.8,     -177.8,     12.380,     14.13,     69.5