Logger: #D10248 'TSK_Meteo' - USP_EXP2 (V2.10, Jan 24 2012)
No,     Time,     #1:W/m²:0,     #2:ÂµMol:(do.),     #5:deg:2,     #6:m/sMIN:(do.),     #7:m/sMIT:(do.),     #8:m/sMAX:(do.),     #9:Â°C:(do.),     #10:%:(do.),     #11:hPa:(do.),     #12:mm:(do.),     #14:AZ:3,     #15:EL:(do.),     #16:Roll:(do.),     #HK-Bat:V,     #HK-Temp:oC,     #HK-rH:%
(GSM Transfer OK / Signal:16)
1,     20.01.2015 00:11:16,     -1.05,     0,     138,     0.4,     1.8,     3.2,     1,     87,     1004.5,     423.29,     73.1,     88,     -1.9,     12.325,     2.09,     89.3
2,     20.01.2015 00:21:16,     -1.05,     0,     137,     0.8,     1.8,     3,     1,     87,     1004.5,     423.29,     73.1,     88,     -1.9
3,     20.01.2015 00:31:16,     -1.05,     -2.01,     144,     0.8,     2,     3.7,     1.1,     87.2,     1004.4,     423.29,     73,     88,     -2
4,     20.01.2015 00:41:16,     -2.1,     -2.01,     145,     0.3,     1.8,     3,     1,     87.3,     1004.3,     423.29,     252.7,     88,     -178
5,     20.01.2015 00:51:16,     -2.1,     -2.01,     151,     0.2,     2,     3.4,     1,     87.4,     1004.3,     423.29,     72.9,     87.9,     -2
6,     20.01.2015 01:01:16,     -2.1,     0,     145,     0.8,     2.1,     3.2,     1,     87.9,     1004.2,     423.29,     73,     87.9,     -2
7,     20.01.2015 01:11:16,     -2.1,     -2.01,     145,     0.6,     2.2,     3.9,     1,     88.4,     1004.1,     423.29,     72.7,     88,     -1.9,     12.696,     1.71,     91.3
8,     20.01.2015 01:21:16,     -1.05,     -2.01,     145,     0.4,     2.1,     3.7,     1,     88.9,     1004.2,     423.29,     73.1,     87.9,     -2
9,     20.01.2015 01:31:16,     -2.1,     -4.02,     151,     0.3,     2,     3.6,     0.9,     89.1,     1004.1,     423.29,     73.1,     88,     -1.9
10,     20.01.2015 01:41:16,     -1.05,     0,     148,     0.5,     2,     3.5,     1,     89.2,     1004.1,     423.29,     73.2,     88.1,     -1.9
11,     20.01.2015 01:51:16,     -2.1,     2.01,     157,     1,     2.3,     4.1,     0.9,     89.3,     1004.1,     423.29,     73,     88,     -1.9
12,     20.01.2015 02:01:16,     -1.05,     0,     159,     0.9,     2.1,     3.8,     1,     89.6,     1004,     423.29,     72.8,     88,     -1.9
13,     20.01.2015 02:11:16,     -1.05,     0,     163,     0.4,     1.7,     3.1,     0.9,     89.6,     1003.9,     423.29,     73.1,     88,     -1.9,     12.499,     1.71,     91.4
14,     20.01.2015 02:21:16,     0,     -2.01,     162,     0.9,     1.9,     3.1,     0.9,     89.7,     1003.9,     423.29,     73.2,     87.9,     -2
15,     20.01.2015 02:31:16,     -2.1,     -2.01,     163,     0.6,     1.8,     3.3,     0.9,     89.7,     1003.8,     423.29,     73.2,     88,     -1.9
16,     20.01.2015 02:41:16,     -2.1,     -2.01,     165,     0.4,     1.7,     3.4,     0.9,     89.8,     1003.8,     423.29,     73.1,     87.9,     -2
17,     20.01.2015 02:51:16,     -1.05,     0,     165,     0.2,     1.6,     2.9,     0.9,     89.7,     1003.8,     423.29,     73,     87.9,     -2
18,     20.01.2015 03:01:16,     -6.3,     -8.04,     164,     0.5,     1.5,     2.6,     0.9,     89.8,     1003.7,     423.29,     253,     88,     -178
19,     20.01.2015 03:11:16,     -2.1,     -4.02,     158,     0.3,     1.5,     2.5,     0.9,     89.7,     1003.6,     423.29,     73.2,     88,     -1.9,     12.418,     1.69,     91.4
20,     20.01.2015 03:21:16,     -2.1,     -2.01,     156,     0.4,     1.5,     2.6,     0.9,     89.6,     1003.6,     423.29,     73.1,     88,     -1.9
21,     20.01.2015 03:31:16,     -2.1,     -2.01,     170,     0.6,     1.6,     2.4,     1,     89.5,     1003.6,     423.29,     73.1,     88,     -1.9
22,     20.01.2015 03:41:16,     -2.1,     -2.01,     165,     0.7,     1.8,     2.7,     1,     89.3,     1003.5,     423.29,     73.3,     88,     -1.9
23,     20.01.2015 03:51:16,     -3.15,     -4.02,     166,     1,     2.2,     3.8,     1,     89.1,     1003.4,     423.29,     73.2,     88,     -1.9
24,     20.01.2015 04:01:16,     -1.05,     0,     161,     0.5,     1.9,     3.3,     1,     89.1,     1003.3,     423.29,     73.1,     88,     -1.9
25,     20.01.2015 04:11:16,     -1.05,     0,     166,     0.3,     2,     3.2,     1,     89,     1003.3,     423.29,     73.1,     88,     -1.9,     12.408,     1.63,     91.5
26,     20.01.2015 04:21:16,     -3.15,     -2.01,     168,     1.1,     2.2,     3.8,     1,     88.7,     1003.3,     423.29,     73,     87.9,     -2
27,     20.01.2015 04:31:16,     -2.1,     0,     168,     1.1,     2.3,     3.6,     1,     88.5,     1003.3,     423.29,     73.1,     87.9,     -2
28,     20.01.2015 04:41:16,     -1.05,     -2.01,     173,     1,     2.4,     4.1,     1,     88.2,     1003.3,     423.29,     73,     88,     -1.9
29,     20.01.2015 04:51:16,     -2.1,     0,     171,     1,     2.1,     4.1,     1.1,     88.1,     1003.3,     423.29,     73.1,     87.9,     -2
30,     20.01.2015 05:01:16,     -3.15,     -2.01,     171,     1.2,     2.4,     3.7,     1.1,     88,     1003.2,     423.29,     73.1,     88,     -1.9
31,     20.01.2015 05:11:16,     -2.1,     -2.01,     173,     0.8,     2.3,     3.6,     1,     87.8,     1003.1,     423.29,     73.1,     87.9,     -2,     12.410,     1.69,     91.5
32,     20.01.2015 05:21:16,     -2.1,     -4.02,     169,     0.2,     1.9,     3.1,     1.1,     87.7,     1003.2,     423.29,     72.8,     88,     -1.9
33,     20.01.2015 05:31:16,     1.05,     2.01,     174,     0.5,     1.9,     3.5,     1.1,     87.4,     1003.2,     423.29,     73.3,     87.9,     -2
34,     20.01.2015 05:41:16,     -1.05,     0,     173,     0.9,     2,     3.7,     1.1,     87.2,     1003.2,     423.29,     73.1,     87.9,     -2
35,     20.01.2015 05:51:16,     -1.05,     0,     171,     0.9,     2.1,     3.3,     1.1,     87.1,     1003.2,     423.29,     73,     87.9,     -2
36,     20.01.2015 06:01:16,     -2.1,     -2.01,     173,     0.8,     2.1,     3.1,     1.1,     87.2,     1003.2,     423.29,     73.1,     87.9,     -2
37,     20.01.2015 06:11:17,     -1.05,     -2.01,     167,     1,     2.1,     3.9,     1.2,     87,     1003.1,     423.29,     73.1,     87.9,     -2,     12.399,     1.75,     91.5
38,     20.01.2015 06:21:17,     -4.2,     -4.02,     175,     1.3,     2.5,     4.2,     1.2,     86.8,     1003.1,     423.29,     73.1,     87.9,     -2
39,     20.01.2015 06:31:17,     -2.1,     -2.01,     175,     1.2,     2,     3.1,     1.2,     86.8,     1003.1,     423.29,     73.1,     88,     -1.9
40,     20.01.2015 06:41:17,     -3.15,     -4.02,     172,     0.7,     1.9,     3,     1.2,     86.6,     1003.2,     423.29,     73.2,     87.9,     -2
41,     20.01.2015 06:51:17,     -2.1,     0,     166,     0.5,     1.9,     2.9,     1.2,     86.4,     1003.2,     423.29,     72.9,     88,     -1.9
42,     20.01.2015 07:01:17,     -1.05,     0,     166,     0.8,     2.2,     3.4,     1.2,     86.5,     1003.2,     423.29,     72.8,     88,     -1.9
43,     20.01.2015 07:11:17,     -1.05,     0,     163,     0.6,     1.9,     3.1,     1.2,     86.6,     1003.2,     423.29,     73.1,     87.9,     -2,     12.401,     1.83,     91.5
44,     20.01.2015 07:21:17,     -2.1,     -2.01,     159,     0.5,     1.7,     3.3,     1.1,     86.6,     1003.3,     423.29,     73.2,     87.9,     -2
45,     20.01.2015 07:31:17,     0,     -2.01,     172,     1.3,     2,     3,     1.1,     86.7,     1003.3,     423.29,     73.3,     88,     -1.9
46,     20.01.2015 07:41:17,     -1.05,     0,     164,     0.8,     1.8,     2.7,     1.2,     86.7,     1003.4,     423.29,     73,     88,     -1.9
47,     20.01.2015 07:51:17,     -1.05,     0,     162,     0.4,     1.9,     3.5,     1.1,     86.7,     1003.4,     423.29,     73,     88.1,     -1.8
48,     20.01.2015 08:01:17,     -2.1,     0,     162,     0.7,     1.9,     3,     1.1,     86.9,     1003.5,     423.29,     73.1,     87.9,     -2
49,     20.01.2015 08:11:16,     0,     0,     163,     0.2,     2,     3.6,     1.1,     87,     1003.5,     423.29,     73,     88,     -1.9,     13.010,     1.86,     91.4
50,     20.01.2015 08:21:16,     0,     2.01,     163,     0.8,     2,     3.5,     1.1,     87.2,     1003.5,     423.29,     72.9,     88,     -1.9
51,     20.01.2015 08:31:16,     -4.2,     -2.01,     165,     0.4,     1.7,     2.8,     1.1,     87.4,     1003.6,     423.29,     73.1,     88,     -2
52,     20.01.2015 08:41:16,     0,     6.03,     163,     0.3,     1.7,     3.1,     1.1,     87.7,     1003.6,     423.29,     73.1,     88,     -1.9
53,     20.01.2015 08:51:16,     1.05,     8.04,     167,     0.8,     1.6,     3.1,     1,     87.9,     1003.6,     423.29,     73,     87.9,     -2
54,     20.01.2015 09:01:16,     3.15,     8.04,     167,     0.4,     1.7,     3,     1,     88.1,     1003.6,     423.29,     73.3,     88,     -1.9
55,     20.01.2015 09:11:16,     4.2,     10.05,     167,     0.5,     1.5,     2.3,     1.1,     88.5,     1003.7,     423.29,     72.9,     87.9,     -2,     12.611,     1.75,     91.5
56,     20.01.2015 09:21:16,     5.25,     12.06,     171,     0.3,     1.6,     2.5,     1.1,     88.5,     1003.7,     423.29,     73.2,     88,     -1.8
57,     20.01.2015 09:31:16,     15.75,     34.17,     169,     0.6,     1.8,     2.8,     1.1,     88.6,     1003.8,     423.29,     73.1,     87.9,     -2
58,     20.01.2015 09:41:16,     24.15,     48.24,     172,     0.9,     1.9,     3.1,     1.1,     88.5,     1003.8,     423.29,     253.2,     87.9,     -177.9
59,     20.01.2015 09:51:16,     19.95,     42.21,     176,     1,     2.2,     3.4,     1.2,     88.3,     1003.9,     423.29,     73.3,     87.9,     -2
60,     20.01.2015 10:01:16,     14.7,     32.16,     175,     1,     2.6,     4,     1.3,     88.2,     1003.9,     423.29,     73.2,     87.9,     -2
61,     20.01.2015 10:11:16,     12.6,     30.15,     179,     0.8,     2.6,     4.5,     1.3,     88,     1003.9,     423.29,     73.2,     88,     -1.9,     12.603,     1.97,     91.5
62,     20.01.2015 10:21:16,     14.7,     34.17,     193,     1,     2.4,     4.5,     1.3,     87.7,     1003.9,     423.29,     73.5,     88,     -1.9
63,     20.01.2015 10:31:16,     19.95,     42.21,     197,     1.1,     2.2,     3.8,     1.4,     87.4,     1003.8,     423.29,     73.4,     88,     -1.9
64,     20.01.2015 10:41:16,     25.2,     54.27,     193,     1.5,     2.3,     3.7,     1.4,     87,     1003.9,     423.29,     73.6,     87.9,     -2
65,     20.01.2015 10:51:16,     34.65,     72.36,     201,     0.7,     2,     2.9,     1.4,     86.8,     1003.9,     423.29,     73.5,     88,     -1.9
66,     20.01.2015 11:01:16,     32.55,     66.33,     209,     1.5,     2.3,     3.2,     1.4,     86.3,     1003.9,     423.29,     73.4,     87.9,     -2
67,     20.01.2015 11:11:16,     34.65,     72.36,     213,     1.1,     2.2,     3.4,     1.5,     86.1,     1003.8,     423.29,     73.4,     88,     -2,     12.792,     2.27,     91.5
68,     20.01.2015 11:21:16,     28.35,     62.31,     220,     1.6,     2.6,     4.7,     1.5,     85.3,     1003.9,     423.29,     73.5,     88,     -1.9
69,     20.01.2015 11:31:16,     33.6,     72.36,     217,     1.9,     2.9,     4.8,     1.5,     84.3,     1003.8,     423.29,     73.5,     87.9,     -2
70,     20.01.2015 11:41:16,     34.65,     74.37,     211,     1.7,     2.8,     4,     1.5,     83.8,     1003.8,     423.29,     73.6,     88,     -1.9
71,     20.01.2015 11:51:16,     40.95,     84.42,     204,     1.5,     2.8,     4.1,     1.4,     83.4,     1003.8,     423.29,     73.3,     87.9,     -2
72,     20.01.2015 12:01:16,     36.75,     78.39,     196,     1.4,     2.6,     4.2,     1.4,     83.6,     1003.8,     423.29,     73.2,     87.9,     -2
73,     20.01.2015 12:11:17,     54.6,     112.56,     200,     1.3,     2.7,     3.7,     1.4,     83.3,     1003.7,     423.29,     73.7,     87.9,     -2,     12.527,     2.57,     91.3
74,     20.01.2015 12:21:17,     68.25,     138.69,     204,     1.7,     3,     4.9,     1.4,     82.5,     1003.7,     423.29,     73.4,     88,     -1.9
75,     20.01.2015 12:31:17,     70.35,     138.69,     203,     2,     3.1,     4.9,     1.4,     82.8,     1003.7,     423.29,     73.6,     88,     -1.9
76,     20.01.2015 12:41:17,     80.85,     160.8,     204,     1.9,     2.8,     4.2,     1.5,     83.2,     1003.6,     423.29,     73.6,     88,     -1.9
77,     20.01.2015 12:51:17,     35.7,     76.38,     216,     2,     2.9,     4.1,     1.4,     82.5,     1003.6,     423.29,     74.1,     87.9,     -2
78,     20.01.2015 13:01:17,     33.6,     70.35,     232,     1.8,     2.9,     4.1,     1.3,     82.3,     1003.6,     423.29,     73.6,     88,     -1.9
79,     20.01.2015 13:11:16,     32.55,     64.32,     225,     1.2,     2.3,     3.7,     1.3,     83.1,     1003.6,     423.29,     73.6,     88,     -1.9,     12.565,     2.79,     91.2
80,     20.01.2015 13:21:16,     49.35,     96.48,     249,     1.1,     2.4,     4,     1.3,     82.2,     1003.6,     423.29,     73.7,     88,     -1.9
81,     20.01.2015 13:31:16,     33.6,     70.35,     228,     0.7,     2,     3.5,     1.3,     82.1,     1003.6,     423.29,     73.5,     88,     -1.9
82,     20.01.2015 13:41:16,     39.9,     84.42,     219,     1.1,     1.9,     2.7,     1.3,     82.3,     1003.5,     423.29,     73.5,     88,     -1.9
83,     20.01.2015 13:51:16,     37.8,     78.39,     207,     0.8,     1.6,     3.1,     1.3,     82.2,     1003.4,     423.29,     73.6,     88,     -1.9
84,     20.01.2015 14:01:16,     60.9,     120.6,     205,     0.5,     1.7,     2.8,     1.4,     82.4,     1003.5,     423.29,     73.4,     87.9,     -2
85,     20.01.2015 14:11:16,     45.15,     88.44,     221,     0.5,     1.3,     2.3,     1.5,     82.4,     1003.5,     423.29,     73.4,     87.9,     -1.9,     12.847,     2.78,     91.3
86,     20.01.2015 14:21:16,     33.6,     68.34,     210,     0.3,     1.2,     2.2,     1.4,     81.6,     1003.5,     423.29,     73.3,     87.9,     -2
87,     20.01.2015 14:31:16,     30.45,     64.32,     230,     0.1,     1.1,     1.8,     1.5,     80.7,     1003.5,     423.29,     73.3,     87.9,     -2
88,     20.01.2015 14:41:16,     22.05,     48.24,     226,     0.6,     1.3,     2,     1.6,     81.2,     1003.6,     423.29,     73.4,     88,     -1.9
89,     20.01.2015 14:51:16,     26.25,     54.27,     205,     0.8,     1.4,     2.1,     1.5,     81.5,     1003.6,     423.29,     73.2,     88,     -1.9
90,     20.01.2015 15:01:16,     26.25,     54.27,     191,     0.8,     1.3,     2,     1.5,     81.4,     1003.5,     423.29,     73.4,     88,     -1.9
91,     20.01.2015 15:11:17,     26.25,     50.25,     212,     0.4,     1.1,     1.8,     1.6,     80.9,     1003.6,     423.29,     73.4,     87.9,     -2,     12.796,     2.77,     91.2
92,     20.01.2015 15:21:17,     23.1,     40.2,     222,     0.8,     1.3,     2.1,     1.6,     79,     1003.7,     423.29,     73.4,     87.9,     -2
93,     20.01.2015 15:31:17,     18.9,     34.17,     201,     0.7,     1.3,     2.1,     1.6,     79.7,     1003.7,     423.29,     73.3,     88,     -1.9
94,     20.01.2015 15:41:17,     10.5,     20.1,     201,     0.6,     1.4,     2.1,     1.6,     79.5,     1003.7,     423.29,     73.3,     87.9,     -2
95,     20.01.2015 15:51:17,     8.4,     16.08,     192,     0.5,     1.2,     1.9,     1.6,     79.3,     1003.6,     423.29,     73.2,     87.9,     -2
96,     20.01.2015 16:01:17,     5.25,     12.06,     214,     0.3,     0.8,     1.3,     1.6,     80.2,     1003.6,     423.29,     73.3,     88,     -1.9
97,     20.01.2015 16:11:16,     3.15,     8.04,     256,     0,     0.6,     1.5,     1.6,     78.7,     1003.7,     423.29,     73.2,     87.9,     -2,     13.864,     2.60,     91.2
98,     20.01.2015 16:21:16,     -1.05,     2.01,     226,     0.2,     1,     1.7,     1.5,     78,     1003.7,     423.29,     253.3,     88.1,     -178
99,     20.01.2015 16:31:16,     0,     2.01,     267,     0.1,     1.1,     2,     1.5,     77.8,     1003.7,     423.29,     73.4,     88,     -1.9
100,     20.01.2015 16:41:16,     -1.05,     2.01,     267,     0.3,     1,     1.8,     1.5,     76.6,     1003.7,     423.29,     73.2,     87.9,     -2
101,     20.01.2015 16:51:16,     0,     0,     279,     0,     0.6,     1.4,     1.5,     76.9,     1003.7,     423.29,     73.2,     87.9,     -2
102,     20.01.2015 17:01:16,     -1.05,     0,     259,     0.1,     1,     1.8,     1.5,     76.5,     1003.7,     423.29,     73.2,     87.9,     -2
103,     20.01.2015 17:11:17,     -2.1,     0,     294,     0.2,     0.9,     1.5,     1.5,     76.8,     1003.8,     423.29,     73.3,     87.9,     -1.9,     12.830,     2.11,     91.4
104,     20.01.2015 17:21:17,     -3.15,     -2.01,     302,     0,     0.8,     1.5,     1.5,     76.3,     1003.7,     423.29,     73.1,     87.9,     -1.9
105,     20.01.2015 17:31:17,     -2.1,     -2.01,     347,     0.1,     0.5,     1.4,     1.5,     76.2,     1003.7,     423.29,     73.1,     87.9,     -2
106,     20.01.2015 17:41:17,     -3.15,     -4.02,     223,     0,     0.5,     1.3,     1.5,     76.4,     1003.7,     423.29,     73.2,     88,     -1.9
107,     20.01.2015 17:51:17,     -2.1,     0,     205,     0.7,     1.4,     2.6,     1.5,     76.1,     1003.8,     423.29,     73.1,     88,     -1.9
108,     20.01.2015 18:01:17,     -2.1,     -2.01,     184,     0.6,     1.3,     2,     1.4,     79.1,     1003.8,     423.29,     73.3,     88,     -1.9
109,     20.01.2015 18:11:16,     -1.05,     0,     236,     0.1,     0.8,     1.7,     1.4,     76.8,     1003.8,     423.29,     73.2,     87.9,     -2,     12.569,     1.70,     91.6
110,     20.01.2015 18:21:16,     -1.05,     -2.01,     265,     0,     0.4,     1.1,     1.4,     76.8,     1003.9,     423.29,     73.1,     88,     -1.9
111,     20.01.2015 18:31:16,     -1.05,     -2.01,     322,     0,     0.6,     1.2,     1.5,     76.5,     1004,     423.29,     73.2,     87.9,     -2
112,     20.01.2015 18:41:16,     -2.1,     -4.02,     323,     0.4,     1,     1.9,     1.4,     79.2,     1004.1,     423.29,     73,     87.9,     -2
113,     20.01.2015 18:51:16,     -2.1,     -6.03,     351,     0.7,     1.1,     1.6,     1.1,     81.6,     1004.1,     423.29,     73.1,     87.9,     -2
114,     20.01.2015 19:01:16,     -3.15,     0,     353,     0.6,     1,     1.3,     1,     82.9,     1004.1,     423.29,     73.1,     87.9,     -2
115,     20.01.2015 19:11:17,     -2.1,     -2.01,     354,     0.6,     1.2,     1.7,     0.9,     84.5,     1004.1,     423.29,     73.2,     88,     -1.9,     12.457,     1.67,     91.6
116,     20.01.2015 19:21:17,     -2.1,     -2.01,     347,     0.6,     1.1,     1.6,     0.8,     85.5,     1004.1,     423.29,     73.2,     88,     -2
117,     20.01.2015 19:31:17,     -3.15,     -2.01,     341,     0.6,     1.1,     2.1,     0.7,     86.5,     1004.2,     423.29,     73.2,     87.9,     -2
118,     20.01.2015 19:41:17,     -4.2,     -2.01,     340,     0.5,     1,     1.8,     0.7,     87.3,     1004.2,     423.29,     73.2,     87.9,     -2
119,     20.01.2015 19:51:17,     -2.1,     0,     340,     0.3,     1,     1.5,     0.6,     87.8,     1004.3,     423.29,     73.1,     88,     -2
120,     20.01.2015 20:01:17,     -2.1,     -2.01,     346,     0.3,     0.9,     2.4,     0.6,     88.4,     1004.4,     423.29,     73.1,     88,     -1.9
121,     20.01.2015 20:11:16,     -2.1,     -2.01,     349,     0.3,     0.7,     2.4,     0.6,     88.9,     1004.4,     423.29,     73.1,     87.9,     -2,     12.427,     1.35,     91.6
122,     20.01.2015 20:21:16,     -1.05,     -2.01,     347,     0.2,     0.7,     2.3,     0.6,     89.2,     1004.4,     423.29,     73.1,     87.9,     -1.9
123,     20.01.2015 20:31:16,     -1.05,     0,     350,     0.4,     1,     3,     0.5,     89.4,     1004.5,     423.29,     73.1,     88,     -1.9
124,     20.01.2015 20:41:16,     0,     0,     318,     0.4,     2.1,     3.8,     0.5,     89.8,     1004.5,     423.29,     73.1,     88,     -1.9
125,     20.01.2015 20:51:16,     -2.1,     0,     0,     0,     0,     0,     0.5,     90.1,     1004.5,     423.29,     73.1,     88,     -1.9
126,     20.01.2015 21:01:16,     -2.1,     -2.01,     0,     0,     0,     0,     0.4,     90,     1004.5,     423.29,     73.1,     87.9,     -2
127,     20.01.2015 21:11:16,     -1.05,     -2.01,     0,     0,     0,     0,     0.4,     90.2,     1004.6,     423.29,     73.2,     88,     -1.9,     12.397,     1.21,     91.7
128,     20.01.2015 21:21:16,     -1.05,     -2.01,     0,     0,     0,     0,     0.4,     90.4,     1004.6,     423.29,     72.7,     88,     -1.9
129,     20.01.2015 21:31:16,     -1.05,     -2.01,     0,     0,     0,     0,     0.3,     90.4,     1004.5,     423.29,     72.9,     87.9,     -2
130,     20.01.2015 21:41:16,     -1.05,     -2.01,     76,     0.7,     1.5,     2.2,     0.3,     90.8,     1004.4,     423.29,     73,     87.9,     -2
131,     20.01.2015 21:51:16,     -1.05,     -2.01,     62,     0.6,     1.2,     2,     0.3,     90.9,     1004.4,     423.29,     73,     88,     -1.9
132,     20.01.2015 22:01:16,     0,     0,     58,     0.8,     1.4,     1.9,     0.2,     90.9,     1004.4,     423.29,     73.1,     88,     -1.9
133,     20.01.2015 22:11:16,     -2.1,     -4.02,     57,     0.2,     1.4,     2.1,     0.3,     91.1,     1004.5,     423.29,     73.1,     87.9,     -2,     13.816,     1.11,     91.7
134,     20.01.2015 22:21:16,     -1.05,     -2.01,     48,     0.2,     1.2,     2,     0.3,     91.2,     1004.5,     423.29,     73,     87.9,     -2
135,     20.01.2015 22:31:16,     -2.1,     -2.01,     62,     0.3,     1.1,     1.9,     0.2,     91.2,     1004.6,     423.29,     73,     88,     -1.9
136,     20.01.2015 22:41:16,     -1.05,     0,     69,     0.6,     2.2,     3.9,     0.3,     91.3,     1004.6,     423.29,     73,     87.9,     -2
137,     20.01.2015 22:51:16,     -2.1,     -4.02,     58,     0.2,     1.8,     3.8,     0.3,     91.4,     1004.6,     423.29,     73.2,     87.9,     -2
138,     20.01.2015 23:01:16,     -1.05,     0,     356,     0.5,     1.1,     1.7,     0.1,     91.2,     1004.7,     423.29,     73.2,     87.9,     -2
139,     20.01.2015 23:11:16,     -1.05,     0,     2,     0.3,     1,     1.6,     0.1,     91.2,     1004.7,     423.29,     73.1,     88,     -1.9,     12.772,     1.01,     91.6
140,     20.01.2015 23:21:16,     -3.15,     -2.01,     3,     0.6,     1.1,     1.7,     0.1,     91.3,     1004.8,     423.29,     73.2,     88,     -1.9
141,     20.01.2015 23:31:16,     -2.1,     0,     5,     0.2,     1,     1.7,     0.1,     91.3,     1004.8,     423.29,     73.2,     87.9,     -2
142,     20.01.2015 23:41:16,     3.15,     -2.01,     1,     0.4,     0.9,     1.3,     0.1,     91.2,     1004.9,     423.29,     73.1,     88,     -1.9
143,     20.01.2015 23:51:16,     -2.1,     -2.01,     7,     0.4,     0.9,     1.4,     0.1,     91.3,     1004.9,     423.29,     73.2,     88,     -1.9
144,     21.01.2015 00:01:17,     -2.1,     -2.01,     5,     0.5,     1,     1.6,     0.1,     91.3,     1005,     423.29,     73,     87.8,     -2.1,     12.257,     0.95,     91.6