Logger: #D10248 'TSK_Meteo' - USP_EXP2 (V2.10, Jan 24 2012)
No,     Time,     #1:W/m²:0,     #2:ÂµMol:(do.),     #5:deg:2,     #6:m/sMIN:(do.),     #7:m/sMIT:(do.),     #8:m/sMAX:(do.),     #9:Â°C:(do.),     #10:%:(do.),     #11:hPa:(do.),     #12:mm:(do.),     #14:AZ:3,     #15:EL:(do.),     #16:Roll:(do.),     #HK-Bat:V,     #HK-Temp:oC,     #HK-rH:%
(GSM Transfer OK / Signal:15)
1,     02.08.2014 00:11:16,     -3.15,     -2.01,     182,     0.3,     1.3,     2.4,     19.5,     73.9,     1005.4,     183.35,     255.2,     87.9,     -177.9,     12.514,     19.63,     66.4
2,     02.08.2014 00:21:16,     -3.15,     -4.02,     168,     0.1,     1.4,     3,     19.5,     73.2,     1005.3,     183.35,     255.2,     88,     -178
3,     02.08.2014 00:31:16,     -3.15,     0,     184,     0.3,     1.5,     2.5,     19.4,     72.9,     1005.4,     183.35,     255.3,     87.9,     -177.9
4,     02.08.2014 00:41:16,     -3.15,     -2.01,     192,     0.6,     1.6,     2.4,     19.3,     73.6,     1005.4,     183.35,     255.2,     87.9,     -177.9
5,     02.08.2014 00:51:16,     -4.2,     -4.02,     188,     0.5,     1.4,     2.9,     19.2,     73.7,     1005.4,     183.35,     255.3,     87.9,     -177.9
6,     02.08.2014 01:01:16,     -3.15,     -2.01,     175,     0.5,     1.3,     2.4,     19.2,     73.9,     1005.4,     183.35,     255.3,     87.9,     -177.9
7,     02.08.2014 01:11:16,     -3.15,     -4.02,     168,     0,     0.9,     2,     19.2,     74.2,     1005.3,     183.35,     255.3,     88,     -178,     12.556,     19.07,     67.5
8,     02.08.2014 01:21:16,     -3.15,     0,     169,     0,     0.9,     1.7,     19.4,     73.6,     1005.3,     183.35,     255.3,     87.9,     -177.9
9,     02.08.2014 01:31:16,     -2.1,     0,     191,     0.1,     1.1,     2.2,     19.3,     73.1,     1005.3,     183.35,     255.4,     88,     -178
10,     02.08.2014 01:41:16,     -4.2,     -2.01,     209,     0.1,     1.5,     2.6,     19.2,     74.6,     1005.2,     183.35,     255.3,     87.9,     -177.9
11,     02.08.2014 01:51:16,     -3.15,     0,     178,     0,     0.9,     2.1,     19.1,     75,     1005.3,     183.35,     255.4,     87.9,     -177.9
12,     02.08.2014 02:01:16,     -4.2,     0,     143,     0,     0.8,     2.1,     18.9,     74.4,     1005.2,     183.35,     255.3,     87.9,     -177.9
13,     02.08.2014 02:11:30,     -3.15,     -2.01,     151,     0,     0.8,     2,     18.9,     74,     1005.2,     183.35,     (NO REPLY),     (NO REPLY),     (NO REPLY),     12.505,     18.84,     67.5
14,     02.08.2014 02:21:30,     -3.15,     -2.01,     154,     0,     0.6,     1.6,     18.9,     73.7,     1005.1,     183.35,     255.3,     87.9,     -177.9
15,     02.08.2014 02:31:30,     -3.15,     -2.01,     212,     0.2,     1.2,     2.3,     18.8,     73.6,     1005.1,     183.35,     255.3,     88,     -178
16,     02.08.2014 02:41:30,     -3.15,     -2.01,     201,     0.2,     1,     1.8,     18.7,     75.8,     1004.9,     183.35,     255.2,     88,     -178
17,     02.08.2014 02:51:30,     -3.15,     0,     183,     0.1,     0.8,     1.6,     18.8,     75.1,     1005,     183.35,     255.3,     87.9,     -177.9
18,     02.08.2014 03:01:30,     -3.15,     -2.01,     190,     0.2,     0.9,     1.6,     18.7,     76.7,     1004.9,     183.35,     255.2,     87.9,     -177.9
19,     02.08.2014 03:11:22,     -3.15,     -2.01,     121,     0.1,     0.7,     1.3,     18.7,     74.5,     1004.8,     183.35,     255.2,     88,     -178,     12.495,     18.47,     67.6
20,     02.08.2014 03:21:22,     -4.2,     -4.02,     67,     0.1,     0.8,     1.5,     18.7,     75.3,     1004.7,     183.35,     255.3,     87.8,     -177.8
21,     02.08.2014 03:31:22,     -3.15,     2.01,     69,     0.3,     0.9,     1.6,     18.6,     76.1,     1004.8,     183.35,     255.3,     87.9,     -177.9
22,     02.08.2014 03:41:22,     -2.1,     0,     80,     0.4,     0.8,     1.2,     18.5,     74.7,     1004.7,     183.35,     255.3,     88,     -178
23,     02.08.2014 03:51:22,     -3.15,     -2.01,     92,     0.1,     0.7,     1.3,     18.5,     74.8,     1004.7,     183.35,     255.3,     88,     -178
24,     02.08.2014 04:01:22,     -2.1,     -2.01,     101,     0.1,     0.8,     1.5,     18.6,     73.7,     1004.7,     183.35,     255.3,     87.8,     -177.9
25,     02.08.2014 04:11:18,     -2.1,     -2.01,     70,     0.1,     0.9,     1.7,     18.5,     74.3,     1004.7,     183.35,     255.3,     88,     -178,     12.459,     18.17,     67.8
26,     02.08.2014 04:21:18,     -1.05,     0,     51,     0.3,     1.1,     2.3,     18.6,     74,     1004.7,     183.35,     255.3,     87.9,     -177.9
27,     02.08.2014 04:31:18,     0,     2.01,     55,     0.1,     0.9,     1.5,     18.5,     77,     1004.7,     183.35,     255.3,     88,     -178
28,     02.08.2014 04:41:18,     1.05,     6.03,     52,     0.6,     1.1,     1.6,     18.6,     78.4,     1004.7,     183.35,     255.2,     87.9,     -177.9
29,     02.08.2014 04:51:18,     5.25,     12.06,     69,     0.5,     1,     1.4,     18.4,     79.9,     1004.7,     183.35,     255.2,     87.9,     -177.9
30,     02.08.2014 05:01:18,     17.85,     40.2,     85,     0.6,     1.1,     1.4,     18.2,     81.3,     1004.7,     183.35,     255.2,     88,     -178
31,     02.08.2014 05:11:22,     33.6,     70.35,     128,     0.3,     1,     1.7,     17.9,     81.8,     1004.8,     183.35,     255.3,     87.9,     -177.9,     12.510,     18.64,     67.5
32,     02.08.2014 05:21:22,     42,     84.42,     137,     0.1,     1.3,     2.8,     18.2,     77.3,     1004.8,     183.35,     255.3,     88,     -178
33,     02.08.2014 05:31:22,     44.1,     88.44,     135,     0.3,     1.5,     3.4,     18.6,     76.3,     1004.8,     183.35,     255.3,     87.9,     -177.9
34,     02.08.2014 05:41:22,     39.9,     82.41,     150,     0.1,     1.2,     3.4,     18.9,     76.7,     1004.8,     183.35,     255.2,     87.9,     -177.9
35,     02.08.2014 05:51:22,     42,     88.44,     156,     0.1,     1.6,     3.2,     18.9,     76.9,     1004.8,     183.35,     255.3,     87.9,     -177.9
36,     02.08.2014 06:01:22,     49.35,     104.52,     169,     0.3,     1.6,     3.1,     19,     73.8,     1004.8,     183.35,     255.3,     87.9,     -177.9
37,     02.08.2014 06:11:16,     57.75,     122.61,     149,     0.2,     1.5,     3.2,     19.1,     74.5,     1004.8,     183.35,     255.3,     87.8,     -177.8,     12.813,     19.51,     67.4
38,     02.08.2014 06:21:16,     54.6,     116.58,     149,     0.1,     1.5,     3.1,     19.1,     74.4,     1004.7,     183.35,     255.3,     88,     -178
39,     02.08.2014 06:31:16,     59.85,     126.63,     151,     0.2,     1.6,     3.4,     19.1,     74.4,     1004.7,     183.35,     255.3,     88,     -178
40,     02.08.2014 06:41:16,     75.6,     158.79,     142,     0.3,     1.8,     3.5,     19.1,     75.1,     1004.6,     183.35,     255.4,     87.8,     -177.9
41,     02.08.2014 06:51:16,     88.2,     186.93,     146,     0,     1.4,     3.4,     19.2,     75.2,     1004.6,     183.35,     255.5,     87.9,     -177.9
42,     02.08.2014 07:01:16,     85.05,     182.91,     149,     0.2,     1.7,     3.7,     19.3,     74.1,     1004.4,     183.35,     255.4,     87.9,     -177.9
43,     02.08.2014 07:11:16,     76.65,     164.82,     152,     0.4,     1.9,     3.8,     19.3,     75,     1004.3,     183.35,     255.4,     87.9,     -177.9,     13.131,     20.28,     67.1
44,     02.08.2014 07:21:16,     94.5,     198.99,     156,     0.2,     1.9,     4.1,     19.4,     74.2,     1004.4,     183.35,     255.4,     88,     -178
45,     02.08.2014 07:31:16,     219.45,     424.11,     148,     0.2,     1.8,     4.4,     19.5,     73.3,     1004.3,     183.35,     255.5,     87.9,     -177.9
46,     02.08.2014 07:41:16,     154.35,     327.63,     155,     0.1,     2.1,     4.7,     19.6,     72.4,     1004.3,     183.35,     255.5,     88,     -178
47,     02.08.2014 07:51:16,     150.15,     321.6,     156,     0.6,     2.3,     5.1,     19.7,     72.3,     1004.2,     183.35,     255.5,     87.9,     -178
48,     02.08.2014 08:01:16,     159.6,     339.69,     169,     1,     2.8,     4.9,     19.9,     73.4,     1004.2,     183.35,     255.5,     88.1,     -178.1
49,     02.08.2014 08:11:22,     157.5,     333.66,     156,     0.2,     2,     3.9,     19.9,     72.9,     1004.1,     183.35,     255.3,     87.9,     -177.9,     14.254,     21.70,     66.7
50,     02.08.2014 08:21:22,     207.9,     444.21,     151,     0.1,     1.8,     4.8,     20.1,     72.9,     1004.1,     183.35,     255.3,     87.8,     -177.9
51,     02.08.2014 08:31:22,     264.6,     554.76,     154,     0.2,     2.1,     4.6,     20.3,     72,     1003.9,     183.35,     255.2,     87.8,     -177.8
52,     02.08.2014 08:41:22,     265.65,     558.78,     157,     0.1,     1.9,     3.9,     20.6,     71.2,     1003.9,     183.35,     255.5,     87.9,     -177.9
53,     02.08.2014 08:51:22,     359.1,     743.7,     144,     0.3,     2.4,     5.5,     21.2,     68.4,     1003.8,     183.35,     255.3,     87.9,     -177.8
54,     02.08.2014 09:01:22,     360.15,     737.67,     159,     0.7,     3,     7.6,     21.5,     68.1,     1003.9,     183.35,     75.1,     87.8,     -2.1
55,     02.08.2014 09:11:17,     420,     858.27,     160,     1,     3.8,     7.3,     21.5,     68.2,     1003.9,     183.35,     254.7,     88.2,     -178.2,     13.417,     24.08,     66.0
56,     02.08.2014 09:21:17,     642.6,     1224.09,     165,     0.4,     3.8,     7.1,     21.4,     68.3,     1003.9,     183.35,     255.2,     87.9,     -177.9
57,     02.08.2014 09:31:17,     383.25,     793.95,     165,     0.1,     3.4,     6.3,     21.5,     68,     1003.6,     183.35,     255.3,     87.7,     -177.7
58,     02.08.2014 09:41:17,     442.05,     886.41,     157,     0.3,     2.5,     5.5,     21.8,     69.6,     1003.6,     183.35,     254.7,     88,     -178
59,     02.08.2014 09:51:17,     531.3,     1203.99,     149,     0.2,     2.3,     4.6,     21.8,     68.3,     1003.6,     183.35,     255.4,     87.9,     -177.9
60,     02.08.2014 10:01:17,     456.75,     912.54,     143,     0.6,     2.7,     6,     21.8,     68.1,     1003.6,     183.35,     255.5,     88,     -178
61,     02.08.2014 10:11:17,     649.95,     1320.57,     162,     0.1,     2.7,     5.7,     22.2,     68.3,     1003.4,     183.35,     254.8,     87.8,     -177.8,     13.324,     27.03,     65.3
62,     02.08.2014 10:21:17,     302.4,     647.22,     172,     0.2,     2.3,     5.8,     22.4,     68.1,     1003.3,     183.35,     75.9,     87.9,     -2
63,     02.08.2014 10:31:17,     565.95,     1097.46,     163,     0.5,     2.7,     6.4,     22.6,     67.8,     1003.3,     183.35,     255.4,     88,     -178.1
64,     02.08.2014 10:41:17,     236.25,     514.56,     144,     0.2,     2.5,     5.8,     22.9,     66.6,     1003.2,     183.35,     255.5,     87.9,     -177.8
65,     02.08.2014 10:51:17,     400.05,     838.17,     156,     0.4,     3.2,     6.4,     22.9,     67.8,     1003.1,     183.35,     255.3,     87.7,     -177.7
66,     02.08.2014 11:01:17,     312.9,     651.24,     176,     1.3,     3.5,     6.1,     22.8,     66.3,     1003.1,     183.35,     255.3,     88.1,     -178.1
67,     02.08.2014 11:11:16,     309.75,     637.17,     176,     1.3,     3.2,     4.7,     22.9,     67.3,     1003.2,     183.35,     255.2,     88.1,     -178.1,     13.286,     27.74,     65.1
68,     02.08.2014 11:21:16,     382.2,     801.99,     160,     0.3,     2.2,     4.7,     22.8,     68.2,     1003.2,     183.35,     75.9,     87.8,     -2.2
69,     02.08.2014 11:31:16,     288.75,     607.02,     173,     1.2,     3.5,     7.9,     22.7,     66.9,     1003.2,     183.35,     75.4,     88,     -1.8
70,     02.08.2014 11:41:16,     240.45,     494.46,     173,     0.2,     3.1,     5.8,     22.7,     69.5,     1003.1,     183.35,     255.4,     88.1,     -178.1
71,     02.08.2014 11:51:16,     309.75,     639.18,     175,     1.2,     3,     5.5,     22.7,     68.7,     1003,     183.35,     255.6,     88,     -178
72,     02.08.2014 12:01:16,     233.1,     482.4,     191,     1.4,     3.5,     5.7,     22.8,     68.9,     1003,     183.35,     255.3,     87.9,     -177.9
73,     02.08.2014 12:11:16,     771.75,     1501.47,     174,     0.2,     3,     5.7,     22.6,     68.6,     1003.1,     183.35,     255.7,     87.9,     -177.9,     13.572,     26.68,     65.7
74,     02.08.2014 12:21:16,     973.35,     1949.7,     159,     1.1,     3.1,     5.8,     22.8,     67.5,     1003,     183.35,     75.8,     87.9,     -2
75,     02.08.2014 12:31:16,     893.55,     1537.65,     174,     0.6,     2.7,     5.6,     23.2,     66.4,     1003,     183.35,     75.9,     88,     -1.9
76,     02.08.2014 12:41:16,     925.05,     1654.23,     146,     1.2,     2.7,     4.9,     23.3,     65,     1002.8,     183.35,     75.4,     87.9,     -2
77,     02.08.2014 12:51:16,     837.9,     1754.73,     170,     0.2,     2.7,     5.1,     23.8,     63.1,     1002.6,     183.35,     76.1,     87.9,     -2
78,     02.08.2014 13:01:16,     497.7,     986.91,     202,     1.1,     3.2,     5.6,     23.8,     63.9,     1002.6,     183.35,     75.9,     87.9,     -2
79,     02.08.2014 13:11:27,     905.1,     1827.09,     166,     0.6,     3,     5.6,     23.9,     62.2,     1002.6,     183.35,     75.7,     88,     -1.9,     13.322,     28.94,     64.4
80,     02.08.2014 13:21:27,     751.8,     1605.99,     169,     0.3,     3.5,     7.7,     23.9,     63.4,     1002.5,     183.35,     75.7,     87.7,     -2.1
81,     02.08.2014 13:31:27,     321.3,     675.36,     170,     1.4,     3.5,     6.8,     23.9,     62.4,     1002.5,     183.35,     75.7,     87.9,     -2
82,     02.08.2014 13:41:27,     410.55,     892.44,     184,     0.9,     2.8,     6.6,     24.2,     63.2,     1002.5,     183.35,     75.8,     87.8,     -2.1
83,     02.08.2014 13:51:27,     477.75,     968.82,     195,     1.1,     3.8,     6,     24.2,     63.2,     1002.5,     183.35,     75.7,     87.6,     -2.3
84,     02.08.2014 14:01:27,     767.55,     1521.57,     202,     1.2,     4.1,     6.4,     24.3,     62.5,     1002.4,     183.35,     76.1,     87.9,     -2
85,     02.08.2014 14:11:16,     569.1,     1203.99,     193,     1.8,     4.1,     7.2,     24.5,     60.6,     1002.4,     183.35,     75.8,     87.9,     -2,     13.235,     28.82,     64.9
86,     02.08.2014 14:21:16,     466.2,     1013.04,     208,     1.7,     3.3,     5.3,     24.6,     61.8,     1002.3,     183.35,     75.8,     87.9,     -2
87,     02.08.2014 14:31:16,     783.3,     1543.68,     177,     1.1,     3.1,     6.1,     24.8,     61.2,     1002.2,     183.35,     75.2,     87.6,     -2.3
88,     02.08.2014 14:41:16,     342.3,     721.59,     179,     0.6,     3.4,     7.5,     25,     62.8,     1002.2,     183.35,     75.9,     88,     -1.9
89,     02.08.2014 14:51:16,     445.2,     852.24,     187,     0.5,     2.6,     4.5,     25.3,     59.7,     1002,     183.35,     75.8,     88.1,     -1.8
90,     02.08.2014 15:01:16,     656.25,     1346.7,     200,     1.8,     4.2,     6.6,     25.4,     59.4,     1001.9,     183.35,     75.8,     88.1,     -1.8
91,     02.08.2014 15:11:16,     592.2,     1145.7,     190,     0.5,     3,     5.7,     25.4,     59.7,     1001.8,     183.35,     76,     87.8,     -2.1,     13.169,     29.10,     64.8
92,     02.08.2014 15:21:16,     541.8,     1049.22,     186,     1.4,     4,     7,     25.6,     57.6,     1001.7,     183.35,     75.8,     88,     -1.9
93,     02.08.2014 15:31:16,     478.8,     946.71,     204,     1.2,     3.1,     4.7,     25.7,     57.6,     1001.7,     183.35,     75.9,     88,     -1.9
94,     02.08.2014 15:41:16,     289.8,     596.97,     192,     0.1,     1.7,     4.8,     25.8,     57.6,     1001.5,     183.35,     75.9,     88,     -1.9
95,     02.08.2014 15:51:16,     371.7,     727.62,     175,     0.3,     2.9,     6.2,     26,     57.5,     1001.5,     183.35,     75.9,     88,     -1.9
96,     02.08.2014 16:01:16,     536.55,     1021.08,     188,     1,     2.7,     4.4,     26,     56,     1001.4,     183.35,     75.5,     87.8,     -2.1
97,     02.08.2014 16:11:16,     218.4,     464.31,     164,     0.9,     3.2,     7.4,     26,     59.3,     1001.5,     183.35,     75.8,     88.1,     -1.8,     13.245,     29.50,     64.6
98,     02.08.2014 16:21:16,     202.65,     420.09,     142,     0.1,     2.2,     4.4,     25.7,     58.6,     1001.4,     183.35,     75.8,     87.8,     -2
99,     02.08.2014 16:31:16,     299.25,     584.91,     167,     0.4,     2.6,     4.5,     25.8,     57,     1001.4,     183.35,     75.9,     87.9,     -2
100,     02.08.2014 16:41:16,     471.45,     896.46,     179,     1.2,     2.7,     4.3,     26.1,     56,     1001.2,     183.35,     75.8,     88,     -1.9
101,     02.08.2014 16:51:16,     321.3,     619.08,     173,     0.2,     2.4,     6.1,     26.4,     55.9,     1001.1,     183.35,     75.6,     87.8,     -2.1
102,     02.08.2014 17:01:16,     404.25,     753.75,     166,     0.9,     2.6,     5,     26.4,     56.1,     1001,     183.35,     75.7,     88,     -1.9
103,     02.08.2014 17:11:16,     138.6,     299.49,     155,     0.3,     2.6,     6.2,     26.2,     57.7,     1001,     183.35,     75.7,     88.1,     -1.8,     13.324,     29.95,     64.2
104,     02.08.2014 17:21:16,     181.65,     353.76,     147,     0.1,     1.8,     3.9,     25.9,     59,     1001,     183.35,     75.7,     88,     -1.9
105,     02.08.2014 17:31:16,     203.7,     389.94,     162,     0.4,     1.8,     3.1,     26.1,     59.4,     1000.9,     183.35,     75.7,     87.9,     -2
106,     02.08.2014 17:41:16,     110.25,     227.13,     152,     0.2,     1.9,     4.1,     26.2,     59.4,     1000.7,     183.35,     75.8,     88,     -1.9
107,     02.08.2014 17:51:16,     144.9,     281.4,     159,     0.3,     1.9,     4.1,     26,     59.6,     1000.8,     183.35,     76,     87.9,     -2
108,     02.08.2014 18:01:16,     122.85,     237.18,     146,     0.3,     1.6,     4.1,     25.8,     60.6,     1000.8,     183.35,     75.7,     88,     -1.9
109,     02.08.2014 18:11:16,     75.6,     160.8,     132,     0,     1.4,     2.9,     25.6,     61.3,     1000.8,     183.35,     75.7,     88,     -1.9,     13.351,     29.04,     64.9
110,     02.08.2014 18:21:16,     102.9,     223.11,     125,     0.2,     1,     2,     25.6,     61.9,     1000.8,     183.35,     75.8,     88,     -1.9
111,     02.08.2014 18:31:16,     69.3,     152.76,     121,     0,     0.7,     1.5,     25.5,     62.8,     1000.8,     183.35,     75.8,     88,     -1.9
112,     02.08.2014 18:41:16,     66.15,     138.69,     133,     0.1,     1,     2.2,     25.4,     62.9,     1000.8,     183.35,     75.7,     88,     -1.9
113,     02.08.2014 18:51:16,     77.7,     156.78,     109,     0.1,     0.7,     1.7,     25,     64,     1000.9,     183.35,     75.8,     87.9,     -2
114,     02.08.2014 19:01:16,     69.3,     130.65,     107,     0,     0.4,     1.1,     25,     65.8,     1001.1,     183.35,     255.3,     88,     -178
115,     02.08.2014 19:11:22,     27.3,     72.36,     106,     0,     0.5,     1.3,     25,     67.6,     1001.2,     183.35,     255.4,     87.9,     -178,     12.997,     27.25,     65.6
116,     02.08.2014 19:21:22,     21,     50.25,     102,     0,     0.5,     1.3,     24.5,     67.5,     1001.2,     183.35,     75.8,     88,     -1.9
117,     02.08.2014 19:31:22,     16.8,     40.2,     74,     0,     0.7,     1.4,     24.1,     69.1,     1001.1,     183.35,     255.4,     88,     -178
118,     02.08.2014 19:41:22,     12.6,     30.15,     73,     0.2,     0.5,     1,     23.9,     72.3,     1001.2,     183.35,     75.6,     87.9,     -2
119,     02.08.2014 19:51:22,     5.25,     18.09,     67,     0,     0.8,     1.5,     23.6,     72.8,     1001.3,     183.35,     255.4,     87.9,     -177.9
120,     02.08.2014 20:01:22,     0,     8.04,     92,     0,     0.5,     1.3,     23.4,     73,     1001.4,     183.35,     255.4,     88,     -178
121,     02.08.2014 20:11:16,     -3.15,     2.01,     63,     0,     0.6,     1.4,     23.2,     74.3,     1001.5,     183.35,     255.4,     87.9,     -177.8,     12.722,     24.65,     66.4
122,     02.08.2014 20:21:16,     -3.15,     -2.01,     73,     0.1,     0.6,     1.8,     22.9,     77.1,     1001.5,     183.35,     255.4,     87.9,     -177.9
123,     02.08.2014 20:31:16,     -5.25,     -2.01,     100,     0,     0.7,     1.8,     22.8,     77.1,     1001.7,     183.35,     255.4,     88,     -178
124,     02.08.2014 20:41:16,     -3.15,     -2.01,     87,     0,     0.6,     1.5,     22.6,     77.7,     1001.7,     183.35,     255.4,     87.9,     -177.9
125,     02.08.2014 20:51:16,     -3.15,     0,     89,     0,     0.6,     2.5,     22.4,     78.6,     1001.7,     183.35,     255.4,     88,     -178
126,     02.08.2014 21:01:16,     -4.2,     -2.01,     70,     0,     0.6,     1.4,     22.3,     79.3,     1001.7,     183.35,     255.4,     88.1,     -178.1
127,     02.08.2014 21:11:16,     -5.25,     -2.01,     82,     0,     0.6,     2.3,     22.2,     80.4,     1001.7,     183.35,     255.4,     87.9,     -177.9,     12.690,     22.45,     67.0
128,     02.08.2014 21:21:16,     -5.25,     -2.01,     64,     0,     0.8,     2,     22.1,     80.3,     1001.5,     183.35,     255.4,     88,     -178
129,     02.08.2014 21:31:16,     -4.2,     -2.01,     77,     0,     0.5,     1.4,     21.9,     81.1,     1001.6,     183.35,     255.4,     88.1,     -178.1
130,     02.08.2014 21:41:16,     -4.2,     -2.01,     44,     0,     0.7,     1.7,     22,     80.7,     1001.6,     183.35,     255.4,     88,     -178
131,     02.08.2014 21:51:16,     -4.2,     -2.01,     32,     0,     0.6,     1.8,     21.8,     81.4,     1001.6,     183.35,     255.4,     87.9,     -177.9
132,     02.08.2014 22:01:16,     -4.2,     -4.02,     31,     0,     0.8,     1.8,     21.8,     81.7,     1001.6,     183.35,     255.4,     87.9,     -177.9
133,     02.08.2014 22:11:16,     -5.25,     -4.02,     64,     0.4,     1,     1.9,     21.7,     81.8,     1001.5,     183.35,     255.4,     87.9,     -177.9,     12.633,     21.22,     67.2
134,     02.08.2014 22:21:16,     -3.15,     0,     52,     0.4,     1.2,     2,     21.5,     82.2,     1001.4,     183.35,     255.2,     88,     -178
135,     02.08.2014 22:31:16,     -4.2,     -2.01,     56,     0.2,     1,     1.8,     21.3,     83.8,     1001.3,     183.35,     255.4,     88,     -178
136,     02.08.2014 22:41:16,     -3.15,     0,     46,     0.3,     1.1,     2,     21.4,     83.8,     1001.2,     183.35,     255.4,     87.9,     -177.9
137,     02.08.2014 22:51:16,     -3.15,     -2.01,     85,     0.3,     0.8,     1.5,     21.2,     84,     1001.2,     183.35,     255.3,     88,     -178
138,     02.08.2014 23:01:16,     -3.15,     -2.01,     89,     0,     0.7,     1.8,     20.9,     84.3,     1001.2,     183.35,     255.4,     87.9,     -178
139,     02.08.2014 23:11:17,     -3.15,     0,     91,     0,     0.6,     1.4,     20.8,     86.3,     1001.1,     183.35,     255.3,     87.9,     -177.9,     12.609,     20.65,     67.2
140,     02.08.2014 23:21:17,     -4.2,     -4.02,     88,     0,     0.7,     1.3,     20.7,     85.6,     1001.2,     183.35,     255.4,     88.1,     -178.1
141,     02.08.2014 23:31:17,     -3.15,     -2.01,     82,     0.1,     0.8,     1.3,     20.7,     86.1,     1000.9,     183.35,     255.3,     88,     -178
142,     02.08.2014 23:41:17,     -3.15,     -2.01,     58,     0.1,     0.6,     1.2,     20.7,     86.9,     1000.8,     183.35,     255.3,     88,     -178
143,     02.08.2014 23:51:17,     -3.15,     -2.01,     53,     0.5,     1.1,     1.6,     20.7,     86.3,     1000.8,     183.35,     255.3,     88,     -178
144,     03.08.2014 00:01:27,     -3.15,     -4.02,     59,     0,     0.7,     1.7,     20.6,     86.4,     1000.7,     183.35,     255.3,     88,     -178,     12.433,     20.33,     67.2