Logger: #D10248 'TSK_Meteo' - USP_EXP2 (V2.10, Jan 24 2012)
No,     Time,     #1:W/m²:0,     #2:ÂµMol:(do.),     #5:deg:2,     #6:m/sMIN:(do.),     #7:m/sMIT:(do.),     #8:m/sMAX:(do.),     #9:Â°C:(do.),     #10:%:(do.),     #11:hPa:(do.),     #12:mm:(do.),     #14:AZ:3,     #15:EL:(do.),     #16:Roll:(do.),     #HK-Bat:V,     #HK-Temp:oC,     #HK-rH:%
(GSM Transfer OK / Signal:16)
1,     22.11.2014 00:11:17,     -1.05,     0,     214,     0.5,     2.2,     3.1,     2.6,     92.5,     1018.1,     323.72,     253.4,     88.1,     -178.1,     12.569,     4.47,     83.1
2,     22.11.2014 00:21:17,     -1.05,     0,     219,     0.8,     2,     3.4,     2.6,     92.6,     1018.1,     323.72,     253.3,     87.9,     -177.9
3,     22.11.2014 00:31:17,     -1.05,     -2.01,     226,     1.2,     2.2,     3.1,     2.6,     92.6,     1018.1,     323.72,     253.4,     88,     -178
4,     22.11.2014 00:41:17,     -2.1,     0,     218,     1.2,     2.5,     3.7,     2.4,     92.5,     1018,     323.72,     253.3,     88,     -178
5,     22.11.2014 00:51:17,     -3.15,     -4.02,     207,     1.6,     2.5,     3.3,     2.3,     92.5,     1018,     323.72,     253.5,     87.9,     -177.9
6,     22.11.2014 01:01:17,     -1.05,     0,     216,     1.3,     2.3,     3.5,     2.4,     92.7,     1018.1,     323.72,     253.5,     88,     -178
7,     22.11.2014 01:11:16,     -2.1,     -2.01,     215,     1.3,     2.3,     3.1,     2.2,     92.6,     1018.1,     323.72,     253.4,     87.8,     -177.9,     12.457,     3.59,     85.1
8,     22.11.2014 01:21:16,     -1.05,     4.02,     215,     1.4,     2.1,     2.8,     2.1,     92.7,     1018,     323.72,     253.1,     87.9,     -177.9
9,     22.11.2014 01:31:16,     -2.1,     -2.01,     209,     1.1,     2,     2.9,     2.2,     92.7,     1018,     323.72,     253.1,     87.9,     -177.9
10,     22.11.2014 01:41:16,     -2.1,     0,     204,     0.3,     1.4,     2.4,     2.3,     92.8,     1017.9,     323.72,     253,     87.9,     -177.9
11,     22.11.2014 01:51:16,     -1.05,     -2.01,     180,     0.2,     1.2,     2.3,     2.5,     92.9,     1017.8,     323.72,     253,     87.9,     -177.9
12,     22.11.2014 02:01:16,     -1.05,     -4.02,     197,     0.2,     1.1,     2,     2.7,     92.9,     1017.7,     323.72,     253.2,     88,     -178
13,     22.11.2014 02:11:16,     -1.05,     0,     218,     0.5,     1.4,     2.4,     2.8,     92.9,     1017.7,     323.72,     253.1,     88,     -178,     12.406,     3.23,     85.4
14,     22.11.2014 02:21:16,     -1.05,     0,     215,     0.6,     1.4,     2.3,     2.8,     92.9,     1017.7,     323.72,     253.1,     87.8,     -177.9
15,     22.11.2014 02:31:16,     -1.05,     -2.01,     215,     0.6,     1.4,     2.3,     2.9,     92.9,     1017.6,     323.72,     253.1,     87.9,     -177.9
16,     22.11.2014 02:41:16,     -1.05,     -2.01,     197,     0.3,     1.1,     1.9,     3.1,     93,     1017.5,     323.72,     253.2,     87.9,     -177.9
17,     22.11.2014 02:51:16,     -1.05,     -2.01,     182,     0.4,     1,     1.8,     3.2,     93,     1017.5,     323.72,     253,     87.9,     -177.9
18,     22.11.2014 03:01:16,     -1.05,     -2.01,     177,     0.4,     1.2,     2.1,     3.3,     92.9,     1017.4,     323.72,     253.1,     88,     -178
19,     22.11.2014 03:11:16,     -1.05,     -2.01,     202,     0.1,     0.9,     2.1,     3.4,     93,     1017.4,     323.72,     253.1,     87.9,     -177.9,     12.355,     3.69,     85.3
20,     22.11.2014 03:21:16,     -2.1,     -2.01,     209,     0.2,     0.8,     1.9,     3.4,     92.9,     1017.5,     323.72,     253.1,     88,     -178
21,     22.11.2014 03:31:16,     -2.1,     -2.01,     133,     0,     0.7,     1.4,     3.6,     92.9,     1017.5,     323.72,     253,     87.9,     -177.9
22,     22.11.2014 03:41:16,     -2.1,     -4.02,     159,     0.1,     0.7,     1.3,     3.7,     93,     1017.5,     323.72,     253,     88,     -178
23,     22.11.2014 03:51:16,     -2.1,     0,     154,     0.3,     0.9,     1.8,     3.7,     92.9,     1017.4,     323.72,     253,     87.9,     -177.9
24,     22.11.2014 04:01:16,     -2.1,     -2.01,     144,     0.2,     0.9,     2.1,     3.8,     92.9,     1017.3,     323.72,     253.2,     87.9,     -177.9
25,     22.11.2014 04:11:16,     -2.1,     -2.01,     145,     0.4,     1.1,     2.3,     3.7,     92.9,     1017.4,     323.72,     253.1,     88,     -178,     12.317,     4.17,     85.1
26,     22.11.2014 04:21:16,     -1.05,     -2.01,     157,     0.3,     1.1,     1.7,     3.8,     92.9,     1017.3,     323.72,     253.1,     87.9,     -177.9
27,     22.11.2014 04:31:16,     -1.05,     -2.01,     169,     0.4,     1.4,     2.5,     3.7,     92.8,     1017.2,     323.72,     253.1,     88,     -178
28,     22.11.2014 04:41:16,     -2.1,     0,     167,     0.5,     1.5,     2.4,     3.7,     92.8,     1017.2,     323.72,     253.3,     87.9,     -177.9
29,     22.11.2014 04:51:16,     -1.05,     -2.01,     162,     0.5,     1.8,     2.9,     3.6,     92.7,     1017.2,     323.72,     253,     87.9,     -177.9
30,     22.11.2014 05:01:16,     -2.1,     0,     152,     0.5,     1.4,     2.4,     3.6,     92.6,     1017.2,     323.72,     253.2,     87.9,     -177.9
31,     22.11.2014 05:11:16,     -4.2,     -6.03,     173,     0.4,     1.3,     2.2,     3.6,     92.5,     1017.2,     323.72,     253.1,     87.9,     -178,     12.283,     4.33,     85.1
32,     22.11.2014 05:21:16,     -1.05,     -2.01,     181,     0.7,     1.5,     2.5,     3.6,     92.4,     1017.1,     323.72,     253.2,     88,     -178
33,     22.11.2014 05:31:16,     -2.1,     0,     166,     0.6,     1.7,     2.7,     3.5,     92.1,     1017.1,     323.72,     253,     87.9,     -177.9
34,     22.11.2014 05:41:16,     -2.1,     -2.01,     167,     0.3,     1.4,     2.2,     3.6,     91.8,     1017.2,     323.72,     253.1,     87.9,     -177.9
35,     22.11.2014 05:51:16,     -1.05,     0,     171,     0.3,     1.3,     2.1,     3.6,     91.4,     1017.2,     323.72,     253,     87.9,     -177.9
36,     22.11.2014 06:01:16,     -1.05,     -2.01,     161,     0.5,     1.5,     2.4,     3.7,     90.9,     1017.1,     323.72,     253.1,     88,     -178
37,     22.11.2014 06:11:16,     -2.1,     -4.02,     158,     0.3,     1.3,     2.2,     3.7,     90.1,     1017.1,     323.72,     253,     88,     -178,     12.226,     4.33,     85.1
38,     22.11.2014 06:21:16,     -1.05,     0,     154,     0.5,     1.6,     3.2,     3.8,     88,     1017.1,     323.72,     253,     88,     -178
39,     22.11.2014 06:31:16,     -1.05,     -2.01,     146,     0.4,     1.5,     2.7,     4.1,     86.8,     1017.1,     323.72,     253,     88,     -178
40,     22.11.2014 06:41:16,     -1.05,     -2.01,     151,     0.5,     1.5,     2.8,     4.1,     84.6,     1017.1,     323.72,     253,     87.9,     -177.9
41,     22.11.2014 06:51:16,     0,     -2.01,     165,     0.8,     1.8,     3,     4.3,     81.8,     1017,     323.72,     253.1,     88,     -178
42,     22.11.2014 07:01:16,     -1.05,     -2.01,     166,     0.8,     1.8,     3.2,     4.5,     80.6,     1017.1,     323.72,     252.9,     88,     -178
43,     22.11.2014 07:11:16,     -1.05,     -2.01,     169,     0.3,     2.3,     4.7,     4.6,     78.7,     1017,     323.72,     253,     87.9,     -177.9,     12.209,     4.57,     85.2
44,     22.11.2014 07:21:16,     -1.05,     -2.01,     177,     0.9,     2.3,     3.7,     4.6,     79.7,     1017.1,     323.72,     253.1,     88,     -178
45,     22.11.2014 07:31:16,     -1.05,     -2.01,     166,     0.8,     2.4,     4.3,     4.7,     79.7,     1017,     323.72,     253.4,     87.9,     -177.9
46,     22.11.2014 07:41:16,     0,     0,     167,     1,     2.2,     3.8,     4.7,     79.2,     1017,     323.72,     252.9,     88,     -178
47,     22.11.2014 07:51:16,     2.1,     4.02,     165,     0.6,     2.3,     3.7,     4.7,     79.1,     1017.1,     323.72,     253.1,     87.9,     -177.9
48,     22.11.2014 08:01:16,     4.2,     8.04,     173,     0.4,     2,     3.5,     4.8,     78.8,     1017.3,     323.72,     253.1,     88,     -178
49,     22.11.2014 08:11:16,     5.25,     12.06,     177,     0.9,     2.3,     3.4,     4.8,     78.8,     1017.3,     323.72,     253.1,     88,     -178,     12.175,     5.12,     84.9
50,     22.11.2014 08:21:16,     9.45,     16.08,     176,     1.3,     2.7,     4,     4.7,     78.8,     1017.4,     323.72,     253,     87.9,     -177.9
51,     22.11.2014 08:31:16,     10.5,     22.11,     176,     1.2,     2.7,     4.8,     4.8,     78.9,     1017.4,     323.72,     252.9,     87.9,     -177.9
52,     22.11.2014 08:41:16,     13.65,     30.15,     173,     0.7,     2.4,     4.5,     4.8,     80.4,     1017.5,     323.72,     253,     87.9,     -177.9
53,     22.11.2014 08:51:16,     16.8,     36.18,     172,     1.3,     2.9,     4.5,     4.8,     79.6,     1017.4,     323.72,     252.9,     87.9,     -177.9
54,     22.11.2014 09:01:16,     17.85,     40.2,     166,     1.2,     2.7,     4.7,     4.8,     79.8,     1017.4,     323.72,     252.9,     87.9,     -177.9
55,     22.11.2014 09:11:16,     16.8,     38.19,     176,     1.3,     2.6,     4.2,     4.9,     80.2,     1017.6,     323.72,     253.1,     87.9,     -177.9,     12.251,     5.51,     84.8
56,     22.11.2014 09:21:16,     22.05,     46.23,     174,     1.3,     2.7,     4.8,     4.8,     79.4,     1017.7,     323.72,     253.1,     88.1,     -178.1
57,     22.11.2014 09:31:16,     19.95,     44.22,     179,     1.1,     3,     5.8,     4.9,     78.4,     1017.7,     323.72,     252.9,     88,     -178
58,     22.11.2014 09:41:16,     18.9,     42.21,     172,     1.2,     3.5,     6.2,     4.9,     79,     1017.8,     323.72,     253,     87.7,     -177.7
59,     22.11.2014 09:51:16,     21,     48.24,     174,     1.6,     3,     4.6,     4.9,     79.9,     1017.8,     323.72,     253,     87.9,     -177.9
60,     22.11.2014 10:01:16,     26.25,     58.29,     172,     1.1,     3.8,     7.1,     4.9,     79.3,     1017.8,     323.72,     253.2,     87.6,     -177.6
61,     22.11.2014 10:11:16,     38.85,     84.42,     175,     1.3,     3.8,     7,     4.9,     78.7,     1017.7,     323.72,     253,     88,     -178,     12.357,     5.76,     84.7
62,     22.11.2014 10:21:16,     46.2,     94.47,     174,     1.5,     3.6,     7.1,     4.9,     78.4,     1017.7,     323.72,     253.4,     87.9,     -178
63,     22.11.2014 10:31:16,     48.3,     100.5,     174,     2,     3.9,     7.2,     5,     77.7,     1017.6,     323.72,     253.1,     87.9,     -177.9
64,     22.11.2014 10:41:16,     53.55,     108.54,     172,     1.1,     3.5,     6.3,     5,     78.5,     1017.5,     323.72,     253.4,     88,     -178
65,     22.11.2014 10:51:16,     37.8,     80.4,     175,     1.6,     3.3,     6.1,     5,     79.7,     1017.4,     323.72,     252.7,     88,     -178
66,     22.11.2014 11:01:16,     45.15,     94.47,     170,     0.7,     3.7,     6.5,     4.9,     79.7,     1017.4,     323.72,     253.3,     88.1,     -178.1
67,     22.11.2014 11:11:16,     52.5,     110.55,     167,     1.6,     3.5,     5.8,     4.9,     79.7,     1017.2,     323.72,     253.4,     88,     -178,     12.505,     6.08,     84.6
68,     22.11.2014 11:21:16,     47.25,     100.5,     174,     1.3,     3.3,     5.7,     4.9,     78.5,     1017.2,     323.72,     253.1,     88,     -178
69,     22.11.2014 11:31:16,     44.1,     92.46,     182,     1.7,     3.6,     7,     5,     78.7,     1017.2,     323.72,     252.8,     87.8,     -177.8
70,     22.11.2014 11:41:16,     61.95,     128.64,     186,     2.8,     4.5,     7,     5.1,     75.5,     1017,     323.72,     73.1,     88.1,     -1.7
71,     22.11.2014 11:51:16,     58.8,     122.61,     185,     2.1,     4.5,     7.2,     5.2,     74.4,     1017,     323.72,     253.3,     87.8,     -177.8
72,     22.11.2014 12:01:16,     63,     130.65,     178,     2.5,     4.6,     7.6,     5.1,     74,     1017,     323.72,     253,     87.9,     -177.9
73,     22.11.2014 12:11:16,     57.75,     122.61,     181,     2.6,     4.9,     8.3,     5.1,     73.1,     1017,     323.72,     253.1,     88.1,     -178.1,     12.410,     6.25,     84.6
74,     22.11.2014 12:21:16,     80.85,     166.83,     185,     2.7,     4.9,     8.6,     5.2,     72.3,     1016.8,     323.72,     74,     87.9,     -2
75,     22.11.2014 12:31:16,     55.65,     116.58,     180,     2.8,     5.1,     9.1,     5.1,     73.2,     1016.7,     323.72,     252.2,     88.1,     -178.2
76,     22.11.2014 12:41:16,     50.4,     106.53,     179,     1.3,     4.1,     6.9,     5.2,     73.6,     1016.7,     323.72,     253.3,     88.1,     -178.1
77,     22.11.2014 12:51:16,     60.9,     124.62,     181,     2,     4.6,     7.4,     5.2,     72.8,     1016.7,     323.72,     252.7,     87.6,     -177.6
78,     22.11.2014 13:01:16,     54.6,     114.57,     178,     2,     4.2,     7.3,     5.2,     72.9,     1016.6,     323.72,     253,     88,     -178
79,     22.11.2014 13:11:17,     55.65,     114.57,     180,     1.6,     3.9,     7.4,     5.2,     73.1,     1016.5,     323.72,     252.9,     87.8,     -177.8,     12.465,     6.41,     84.6
80,     22.11.2014 13:21:17,     52.5,     108.54,     174,     1.5,     4.2,     7.1,     5.2,     72.3,     1016.4,     323.72,     253.6,     87.9,     -177.9
81,     22.11.2014 13:31:17,     61.95,     126.63,     178,     1.8,     5,     8.7,     5.2,     72.5,     1016.3,     323.72,     252.9,     88,     -177.9
82,     22.11.2014 13:41:17,     52.5,     106.53,     184,     2,     4.2,     8.2,     5.3,     73.5,     1016.4,     323.72,     253,     88,     -178
83,     22.11.2014 13:51:17,     31.5,     64.32,     179,     1.5,     3.4,     7.1,     5.4,     73.2,     1016.5,     323.72,     252.7,     88,     -178
84,     22.11.2014 14:01:17,     28.35,     60.3,     175,     1.4,     3.5,     6.1,     5.3,     73.6,     1016.4,     323.72,     253.4,     88,     -178
85,     22.11.2014 14:11:16,     37.8,     76.38,     174,     0.6,     3.1,     5.4,     5.4,     74,     1016.6,     323.72,     253.1,     88,     -178,     12.529,     6.47,     84.5
86,     22.11.2014 14:21:16,     38.85,     78.39,     175,     0.9,     3.9,     7.6,     5.4,     73,     1016.5,     323.72,     252.9,     88,     -178
87,     22.11.2014 14:31:16,     19.95,     44.22,     176,     1.9,     3.9,     6.4,     5.5,     74.1,     1016.4,     323.72,     253,     87.9,     -177.9
88,     22.11.2014 14:41:16,     13.65,     32.16,     177,     1.4,     3.6,     6,     5.5,     73.4,     1016.4,     323.72,     252.7,     88,     -178
89,     22.11.2014 14:51:16,     12.6,     32.16,     184,     1.7,     3.4,     6,     5.5,     73.2,     1016.2,     323.72,     253.1,     88,     -178
90,     22.11.2014 15:01:16,     9.45,     24.12,     184,     1.5,     3.3,     5.4,     5.6,     74,     1016.3,     323.72,     252.8,     88,     -178
91,     22.11.2014 15:11:16,     11.55,     26.13,     181,     2,     3.6,     6.1,     5.6,     74.6,     1016.3,     323.72,     253,     88,     -178,     12.378,     6.43,     84.6
92,     22.11.2014 15:21:16,     13.65,     32.16,     185,     2.2,     4,     6.9,     5.7,     73.3,     1016.1,     323.72,     253.4,     87.7,     -177.7
93,     22.11.2014 15:31:16,     11.55,     26.13,     183,     1.5,     3.5,     5.9,     5.7,     73.4,     1016.1,     323.72,     253.3,     88,     -178
94,     22.11.2014 15:41:16,     7.35,     16.08,     184,     2.1,     4.3,     6.7,     5.7,     72.4,     1016,     323.72,     253.1,     87.9,     -177.9
95,     22.11.2014 15:51:16,     6.3,     14.07,     181,     1.9,     4,     6.5,     5.7,     72.8,     1015.8,     323.72,     253.2,     87.8,     -177.8
96,     22.11.2014 16:01:16,     1.05,     6.03,     183,     1.7,     3.9,     6.6,     5.7,     73.9,     1016,     323.72,     253.4,     87.8,     -177.7
97,     22.11.2014 16:11:16,     -1.05,     2.01,     189,     2.1,     4,     6.2,     5.7,     73.4,     1015.7,     323.72,     252.9,     87.8,     -177.7,     12.272,     6.36,     84.6
98,     22.11.2014 16:21:16,     -2.1,     0,     186,     2.3,     4.1,     6.2,     5.7,     74.5,     1015.5,     323.72,     253.2,     87.9,     -177.9
99,     22.11.2014 16:31:16,     -2.1,     0,     182,     2.1,     4.3,     7.1,     5.7,     74.8,     1015.4,     323.72,     252.3,     87.9,     -177.9
100,     22.11.2014 16:41:16,     -2.1,     0,     179,     2.6,     5.1,     9,     5.7,     73.9,     1015.3,     323.72,     252.5,     88,     -178.1
101,     22.11.2014 16:51:16,     -2.1,     -2.01,     183,     2.5,     4.6,     8.5,     5.7,     74.1,     1015.3,     323.72,     253.3,     87.7,     -177.7
102,     22.11.2014 17:01:16,     -3.15,     -2.01,     184,     1.6,     4.2,     7.4,     5.7,     74.9,     1015.3,     323.72,     73.4,     88.1,     -1.7
103,     22.11.2014 17:11:16,     -2.1,     -6.03,     176,     1.5,     4,     6.6,     5.7,     74.2,     1015.2,     323.72,     252.9,     88,     -178,     12.223,     6.16,     84.7
104,     22.11.2014 17:21:16,     -2.1,     -2.01,     180,     2.6,     4.8,     7.3,     5.7,     75.7,     1015.2,     323.72,     252.9,     87.9,     -177.9
105,     22.11.2014 17:31:16,     -1.05,     0,     183,     1.9,     4.8,     8.9,     5.7,     74.5,     1015.4,     323.72,     253.5,     88.1,     -178.1
106,     22.11.2014 17:41:16,     -2.1,     -2.01,     190,     1.8,     4.5,     8.4,     5.8,     74.7,     1016.2,     323.72,     253.6,     88.1,     -178
107,     22.11.2014 17:51:16,     -1.05,     -2.01,     190,     1.1,     3.8,     6.8,     5.8,     75.2,     1016,     323.72,     253.1,     87.8,     -177.8
108,     22.11.2014 18:01:16,     -2.1,     -2.01,     187,     1.1,     3.6,     7.3,     5.8,     75.7,     1016.7,     323.72,     253.6,     87.8,     -177.8
109,     22.11.2014 18:11:16,     -2.1,     0,     208,     1.6,     3.1,     6,     6,     74.5,     1017.2,     323.72,     253.6,     87.8,     -177.8,     12.185,     6.29,     84.7
110,     22.11.2014 18:21:16,     -1.05,     -2.01,     204,     1.6,     3,     6.1,     6.1,     74.5,     1017.5,     323.72,     253.5,     88,     -178
111,     22.11.2014 18:31:16,     -1.05,     0,     196,     1.5,     3.6,     5.6,     6,     74.9,     1017.3,     323.72,     253,     87.9,     -177.9
112,     22.11.2014 18:41:16,     -2.1,     0,     192,     2,     3.9,     6.8,     6,     74.4,     1017.2,     323.72,     73.3,     87.8,     -2.1
113,     22.11.2014 18:51:16,     -1.05,     0,     190,     1.5,     3.3,     5.1,     6,     74.8,     1017.3,     323.72,     253,     87.9,     -177.9
114,     22.11.2014 19:01:16,     -4.2,     -2.01,     193,     1.8,     3.9,     5.8,     5.9,     76,     1017.1,     323.98,     73.1,     87.8,     -2.1
115,     22.11.2014 19:11:16,     -1.05,     0,     180,     2.5,     4.6,     8,     5.5,     80,     1016.2,     324.41,     253.4,     87.9,     -177.9,     12.164,     6.44,     84.5
116,     22.11.2014 19:21:16,     -2.1,     -2.01,     181,     1.6,     4.4,     7.5,     5.3,     81.4,     1016,     324.53,     252.9,     88,     -178
117,     22.11.2014 19:31:16,     -2.1,     -4.02,     185,     2.7,     5.3,     8.5,     5.1,     81.1,     1015.7,     324.57,     73.1,     88.2,     -1.7
118,     22.11.2014 19:41:16,     -2.1,     -2.01,     188,     2.2,     4.4,     7.2,     5.1,     82.3,     1016,     324.57,     252.8,     88.2,     -178.2
119,     22.11.2014 19:51:16,     -1.05,     -2.01,     196,     2.2,     3.9,     6.1,     5.1,     83,     1016.1,     324.57,     253,     87.9,     -177.9
120,     22.11.2014 20:01:16,     -1.05,     -2.01,     194,     1.7,     3.7,     6.6,     5.1,     82.9,     1016.3,     324.57,     253,     87.9,     -177.9
121,     22.11.2014 20:11:16,     -1.05,     -2.01,     197,     2.3,     4.2,     6.3,     5.2,     82.3,     1016.3,     324.57,     253.2,     87.6,     -177.6,     12.160,     5.64,     85.0
122,     22.11.2014 20:21:16,     -1.05,     -2.01,     198,     1.7,     3.6,     6,     5.3,     82.4,     1016.4,     324.57,     253.2,     88,     -178
123,     22.11.2014 20:31:16,     -1.05,     0,     196,     2.5,     4.1,     7.2,     5.3,     82,     1016.4,     324.57,     253.6,     87.9,     -177.9
124,     22.11.2014 20:41:16,     -1.05,     -2.01,     192,     2.2,     4.1,     6.7,     5.4,     81.8,     1016.3,     324.62,     252.8,     88,     -178
125,     22.11.2014 20:51:16,     -1.05,     0,     186,     2.4,     4.5,     7.5,     5.3,     82.2,     1016.1,     324.63,     253.5,     88,     -178
126,     22.11.2014 21:01:16,     -2.1,     -2.01,     188,     2.2,     4.3,     7,     5.2,     82.8,     1016,     324.63,     253,     87.8,     -177.8
127,     22.11.2014 21:11:16,     -1.05,     0,     186,     2.4,     4.6,     7.4,     5.2,     82.3,     1016,     324.63,     253.4,     87.9,     -177.9,     12.158,     5.69,     84.9
128,     22.11.2014 21:21:16,     -1.05,     -2.01,     186,     2.1,     4.5,     7.9,     5.2,     81.7,     1016,     324.63,     252.2,     88.2,     -178.2
129,     22.11.2014 21:31:16,     -1.05,     -2.01,     193,     2.2,     4.5,     6.5,     5.2,     81.4,     1015.9,     324.63,     253,     87.9,     -177.9
130,     22.11.2014 21:41:16,     -1.05,     -4.02,     186,     1.8,     4.5,     7.6,     5.1,     81.5,     1015.9,     324.63,     253.4,     88,     -178
131,     22.11.2014 21:51:16,     -1.05,     -2.01,     189,     2,     4.5,     7.8,     5.1,     81.2,     1016.1,     324.63,     252.8,     87.9,     -177.9
132,     22.11.2014 22:01:16,     -2.1,     -2.01,     186,     2.6,     4.5,     6.7,     5,     81.1,     1015.9,     324.63,     74.1,     88,     -2
133,     22.11.2014 22:11:17,     -2.1,     -2.01,     188,     3,     4.9,     7.9,     5,     81.4,     1015.8,     324.63,     252.7,     88,     -178,     12.153,     5.69,     84.9
134,     22.11.2014 22:21:17,     -1.05,     -2.01,     187,     2.2,     5.1,     8.7,     5.1,     80.9,     1015.8,     324.63,     253.3,     87.7,     -177.7
135,     22.11.2014 22:31:17,     -1.05,     -2.01,     185,     2.2,     4.6,     7.9,     5.1,     81.1,     1015.8,     324.63,     253.5,     88,     -178
136,     22.11.2014 22:41:17,     -1.05,     0,     186,     2.4,     4.6,     7.9,     5.1,     81.3,     1015.7,     324.63,     73.4,     87.4,     -2.5
137,     22.11.2014 22:51:17,     -1.05,     -2.01,     187,     1.4,     4.6,     7.3,     5.2,     80.9,     1015.7,     324.63,     251.9,     87.6,     -177.6
138,     22.11.2014 23:01:17,     -1.05,     -2.01,     186,     2.3,     4.4,     7.3,     5.2,     80.8,     1015.7,     324.63,     253.1,     88.1,     -178.1
139,     22.11.2014 23:11:16,     -1.05,     -2.01,     185,     2.4,     4.6,     7.7,     5.2,     80.5,     1015.6,     324.63,     252.5,     88,     -178,     12.162,     5.77,     84.9
140,     22.11.2014 23:21:16,     -2.1,     -2.01,     188,     2.6,     4.2,     7.3,     5.2,     80.9,     1015.5,     324.63,     252.8,     87.7,     -177.6
141,     22.11.2014 23:31:16,     -3.15,     0,     188,     1.7,     4.2,     6.4,     5.2,     81.3,     1015.7,     324.63,     253.1,     87.9,     -177.9
142,     22.11.2014 23:41:16,     -1.05,     0,     188,     2.2,     4.1,     7,     5.1,     81.4,     1015.6,     324.63,     253.1,     88,     -178
143,     22.11.2014 23:51:16,     -1.05,     -2.01,     186,     1.4,     3.8,     6.2,     5.2,     81,     1015.7,     324.63,     253.1,     87.8,     -177.8
144,     23.11.2014 00:01:16,     -1.05,     -2.01,     183,     2.3,     4.6,     7.9,     5.1,     81.4,     1015.6,     324.63,     252.1,     88.1,     -178.1,     11.990,     5.80,     84.9