Logger: #D10248 'TSK_Meteo' - USP_EXP2 (V2.10, Jan 24 2012)
No,     Time,     #1:W/m²:0,     #2:ÂµMol:(do.),     #5:deg:2,     #6:m/sMIN:(do.),     #7:m/sMIT:(do.),     #8:m/sMAX:(do.),     #9:Â°C:(do.),     #10:%:(do.),     #11:hPa:(do.),     #12:mm:(do.),     #14:AZ:3,     #15:EL:(do.),     #16:Roll:(do.),     #HK-Bat:V,     #HK-Temp:oC,     #HK-rH:%
(GSM Transfer OK / Signal:17)
1,     12.09.2014 00:11:16,     -3.15,     -2.01,     53,     0.6,     2.1,     2.9,     12.9,     91.2,     1013.6,     264.87,     253.1,     88.1,     -178,     12.418,     13.15,     70.0
2,     12.09.2014 00:21:16,     -5.25,     -4.02,     53,     0.3,     1.9,     3.2,     12.7,     90.8,     1013.6,     264.87,     252.9,     88,     -178
3,     12.09.2014 00:31:16,     -4.2,     -2.01,     47,     0.4,     2.3,     3.4,     12.9,     91.4,     1013.6,     264.87,     253.1,     88,     -178
4,     12.09.2014 00:41:16,     -3.15,     0,     47,     1.3,     2.6,     4,     12.9,     91.5,     1013.6,     264.87,     253.1,     87.9,     -177.9
5,     12.09.2014 00:51:16,     -2.1,     -2.01,     38,     1.7,     3.3,     4.4,     12.8,     91,     1013.7,     264.87,     253.1,     88.1,     -178.2
6,     12.09.2014 01:01:16,     -2.1,     0,     41,     2.3,     3.4,     4.5,     12.7,     91.5,     1013.7,     264.87,     252.7,     87.7,     -177.7
7,     12.09.2014 01:11:16,     -1.05,     0,     39,     2,     3.6,     5,     12.6,     91.4,     1013.7,     264.87,     252.7,     88.1,     -178.1,     12.539,     13.00,     71.1
8,     12.09.2014 01:21:16,     -2.1,     -2.01,     45,     1.6,     3.6,     5.2,     12.5,     91.7,     1013.7,     264.87,     253.1,     87.8,     -177.8
9,     12.09.2014 01:31:16,     -2.1,     -2.01,     48,     1.9,     3.3,     5.2,     12.5,     92.1,     1013.7,     264.87,     252.1,     88,     -178.1
10,     12.09.2014 01:41:16,     -3.15,     -2.01,     51,     1.5,     2.9,     5,     12.6,     92.3,     1013.6,     264.87,     253.1,     88.1,     -178.1
11,     12.09.2014 01:51:16,     -1.05,     0,     50,     1.3,     2.7,     4.4,     12.8,     92.5,     1013.4,     264.87,     252.9,     88.1,     -178.1
12,     12.09.2014 02:01:16,     -1.05,     0,     48,     1.6,     2.8,     4.4,     12.9,     92.6,     1013.3,     264.87,     252.8,     88,     -178
13,     12.09.2014 02:11:17,     -1.05,     -4.02,     40,     2.1,     3.3,     4.4,     12.8,     92.5,     1013.3,     264.87,     252.9,     88,     -178,     12.491,     13.25,     71.0
14,     12.09.2014 02:21:17,     -1.05,     0,     47,     1,     2.5,     4.2,     12.9,     92.6,     1013.4,     264.87,     253.4,     88.2,     -178.2
15,     12.09.2014 02:31:17,     0,     0,     47,     1.4,     3.1,     5.4,     13,     92.7,     1013.3,     264.87,     253.3,     88.1,     -178.1
16,     12.09.2014 02:41:17,     -1.05,     -2.01,     42,     2.2,     3.5,     5.4,     13.1,     92.6,     1013.1,     264.87,     253.2,     88.6,     -178.6
17,     12.09.2014 02:51:17,     0,     0,     49,     0.9,     3.1,     5.4,     13.1,     92.7,     1013.2,     264.87,     253.1,     88.1,     -178.1
18,     12.09.2014 03:01:17,     -2.1,     -2.01,     47,     1.9,     3.3,     5.1,     13.1,     92.7,     1013.1,     264.87,     252.9,     87.6,     -177.6
19,     12.09.2014 03:11:16,     -2.1,     -2.01,     49,     1.8,     3.2,     5.7,     13.2,     92.6,     1013.1,     264.87,     253,     88.1,     -178.1,     12.474,     13.65,     70.9
20,     12.09.2014 03:21:16,     -2.1,     -2.01,     53,     0.3,     3,     5.7,     13.1,     92.4,     1013.1,     264.87,     253.2,     88,     -178
21,     12.09.2014 03:31:16,     -2.1,     -2.01,     53,     0.9,     2.5,     4.2,     13.2,     92.4,     1013.2,     264.87,     (NO REPLY),     (NO REPLY),     (NO REPLY)
22,     12.09.2014 03:41:16,     -2.1,     -2.01,     50,     1,     2.6,     4.3,     13.1,     92.2,     1013.1,     264.87,     252.8,     88,     -178
23,     12.09.2014 03:51:16,     -2.1,     0,     50,     1.1,     2.9,     4.7,     13.2,     92.4,     1013.1,     264.87,     252.2,     88,     -177.9
24,     12.09.2014 04:01:16,     -3.15,     -2.01,     51,     2,     3.1,     4.5,     13.2,     92.5,     1013.1,     264.87,     253.1,     88.2,     -178.3
25,     12.09.2014 04:11:16,     -2.1,     -2.01,     49,     1.5,     3.2,     4.8,     13.1,     92.3,     1013.1,     264.87,     253,     88,     -178,     12.433,     13.75,     70.9
26,     12.09.2014 04:21:16,     -3.15,     -4.02,     49,     0.7,     2.8,     4.6,     13.1,     92.3,     1013.1,     264.87,     253.2,     87.7,     -177.7
27,     12.09.2014 04:31:16,     -1.05,     0,     47,     1.9,     3.3,     5,     13.2,     92.3,     1013.2,     264.87,     253.5,     88,     -178
28,     12.09.2014 04:41:16,     -3.15,     -2.01,     48,     1.3,     3.2,     5.5,     13.1,     92.1,     1013.2,     264.87,     253.8,     88.1,     -178.2
29,     12.09.2014 04:51:16,     -1.05,     -2.01,     51,     1.5,     3.4,     5.7,     13.2,     92.2,     1013.1,     264.87,     253,     87.9,     -177.9
30,     12.09.2014 05:01:16,     -2.1,     -2.01,     50,     1.4,     3.3,     5.5,     13.2,     92.2,     1013.2,     264.87,     253.1,     88,     -178
31,     12.09.2014 05:11:16,     -1.05,     -2.01,     49,     1.9,     3.3,     5.1,     13.3,     92.3,     1013.2,     264.87,     253.1,     87.6,     -177.6,     12.423,     13.77,     70.9
32,     12.09.2014 05:21:16,     -1.05,     0,     49,     2,     3.7,     5.9,     13.3,     92.2,     1013.2,     264.87,     252.6,     87.9,     -177.9
33,     12.09.2014 05:31:16,     0,     2.01,     50,     1.7,     3.4,     5.8,     13.4,     92.3,     1013.1,     264.87,     252.8,     88.8,     -178.8
34,     12.09.2014 05:41:16,     0,     2.01,     49,     1.8,     3.3,     5.4,     13.4,     92.2,     1013.1,     264.87,     253.3,     87.6,     -177.6
35,     12.09.2014 05:51:16,     2.1,     12.06,     51,     1.4,     3.1,     5.4,     13.5,     92.3,     1013.1,     264.87,     252.7,     87.6,     -177.6
36,     12.09.2014 06:01:16,     7.35,     22.11,     52,     0.7,     2.7,     4.8,     13.4,     92.2,     1013.1,     264.87,     252.7,     87.9,     -177.9
37,     12.09.2014 06:11:17,     9.45,     26.13,     49,     1.1,     2.5,     4,     13.5,     92.2,     1013,     264.87,     253.1,     88.1,     -178.1,     12.423,     13.87,     70.9
38,     12.09.2014 06:21:17,     14.7,     40.2,     48,     1.6,     3.2,     5.2,     13.5,     91.9,     1012.9,     264.87,     253.1,     87.8,     -177.9
39,     12.09.2014 06:31:17,     18.9,     50.25,     53,     1.2,     3.4,     5.3,     13.5,     91.6,     1012.9,     264.87,     252.5,     87.5,     -177.5
40,     12.09.2014 06:41:17,     26.25,     70.35,     50,     1.7,     3.6,     5.5,     13.6,     91.6,     1013,     264.87,     253.2,     88.1,     -178.1
41,     12.09.2014 06:51:17,     39.9,     94.47,     53,     1.8,     3.5,     6.1,     13.6,     91.1,     1013,     264.87,     252.8,     88.7,     -178.7
42,     12.09.2014 07:01:17,     47.25,     114.57,     50,     2.3,     4,     6,     13.6,     91.3,     1013.1,     264.87,     252.4,     88.2,     -178.2
43,     12.09.2014 07:11:17,     93.45,     192.96,     50,     1.8,     3.8,     6,     13.6,     91,     1013.1,     264.87,     253.1,     87.9,     -177.9,     13.069,     14.09,     71.0
44,     12.09.2014 07:21:17,     84,     190.95,     50,     1.8,     3.9,     6.3,     13.7,     90.9,     1013.1,     264.87,     253.6,     88.1,     -178.1
45,     12.09.2014 07:31:17,     165.9,     283.41,     52,     1.2,     3.2,     5.2,     13.9,     90.3,     1013.1,     264.87,     253.5,     88.2,     -178.2
46,     12.09.2014 07:41:17,     186.9,     349.74,     49,     1.5,     3.3,     5.3,     14.1,     90.2,     1013.1,     264.87,     253.4,     88,     -178.1
47,     12.09.2014 07:51:17,     140.7,     289.44,     50,     2,     3.9,     6.4,     14.3,     89,     1013.1,     264.87,     253.7,     88.2,     -178.1
48,     12.09.2014 08:01:17,     269.85,     532.65,     52,     0.9,     3.4,     5.5,     14.5,     88.7,     1013.2,     264.87,     253,     87.9,     -177.9
49,     12.09.2014 08:11:16,     334.95,     679.38,     53,     0.6,     3.6,     7.8,     14.8,     87.5,     1013.3,     264.87,     254.1,     88,     -178,     13.309,     15.95,     70.9
50,     12.09.2014 08:21:16,     187.95,     389.94,     52,     1.1,     3.1,     5.8,     15.1,     86.9,     1013.3,     264.87,     253.2,     88,     -178
51,     12.09.2014 08:31:16,     193.2,     460.29,     63,     0.6,     2.9,     6.5,     15.5,     85.9,     1013.4,     264.87,     253.3,     87.5,     -177.5
52,     12.09.2014 08:41:16,     136.5,     295.47,     57,     0.5,     2.9,     5.6,     15.6,     84.3,     1013.5,     264.87,     253.5,     87.5,     -177.5
53,     12.09.2014 08:51:16,     94.5,     198.99,     60,     0.8,     2.7,     5.7,     15.7,     84.8,     1013.5,     264.87,     254,     88.1,     -178.1
54,     12.09.2014 09:01:16,     77.7,     170.85,     65,     0.6,     2.3,     5.7,     15.7,     84.6,     1013.7,     264.87,     73.1,     88,     -1.9
55,     12.09.2014 09:11:16,     134.4,     285.42,     74,     0.3,     3.3,     6.4,     15.9,     83,     1013.6,     264.87,     253.7,     88.3,     -178.3,     13.430,     17.46,     70.0
56,     12.09.2014 09:21:16,     97.65,     209.04,     63,     0.1,     2.3,     6.3,     16,     83,     1013.6,     264.87,     253.4,     87.9,     -177.9
57,     12.09.2014 09:31:16,     99.75,     213.06,     66,     0.4,     2.8,     6,     16.1,     82.2,     1013.6,     264.87,     252.9,     87.5,     -177.5
58,     12.09.2014 09:41:16,     118.65,     247.23,     64,     0.6,     3.1,     6.5,     16.2,     81.7,     1013.5,     264.87,     254.2,     88.1,     -178.2
59,     12.09.2014 09:51:16,     135.45,     291.45,     65,     0.6,     3.1,     6.2,     16.4,     81.8,     1013.5,     264.87,     253.2,     88.4,     -178.5
60,     12.09.2014 10:01:16,     275.1,     482.4,     64,     0.3,     2.9,     7.8,     16.4,     81.8,     1013.6,     264.87,     254.1,     87.9,     -177.9
61,     12.09.2014 10:11:17,     357,     661.29,     68,     0.4,     2.9,     6.8,     16.6,     81.3,     1013.7,     264.87,     251.7,     88.8,     -178.8,     13.495,     17.91,     70.0
62,     12.09.2014 10:21:17,     280.35,     580.89,     71,     0.7,     3.2,     7.7,     16.9,     79.3,     1013.6,     264.87,     252.7,     88,     -178.1
63,     12.09.2014 10:31:17,     396.9,     789.93,     66,     0.1,     3.6,     8.6,     16.8,     77.3,     1013.6,     264.87,     253.9,     87.9,     -177.9
64,     12.09.2014 10:41:17,     406.35,     755.76,     78,     0.4,     3.7,     8.1,     17.2,     75.4,     1013.6,     264.87,     253,     87.7,     -177.8
65,     12.09.2014 10:51:17,     191.1,     395.97,     70,     0.3,     3.5,     8.2,     17.4,     74.7,     1013.6,     264.87,     254.3,     87.2,     -177.2
66,     12.09.2014 11:01:17,     267.75,     526.62,     80,     0.8,     3.9,     7.9,     17.3,     75.4,     1013.7,     264.87,     252.4,     87.4,     -177.4
67,     12.09.2014 11:11:16,     239.4,     492.45,     74,     0.4,     3.5,     7.4,     17.3,     74.4,     1013.6,     264.87,     252.2,     87.5,     -177.5,     13.334,     19.25,     69.5
68,     12.09.2014 11:21:16,     320.25,     574.86,     59,     0.4,     3.4,     7.1,     17.4,     75.1,     1013.4,     264.87,     73.6,     87.3,     -2.6
69,     12.09.2014 11:31:16,     731.85,     1421.07,     63,     0.3,     3.2,     7.4,     17.6,     74.4,     1013.4,     264.87,     74.2,     87.7,     -2.1
70,     12.09.2014 11:41:16,     269.85,     560.79,     71,     0.3,     3.4,     6.5,     17.8,     73.6,     1013.5,     264.87,     252.5,     87.7,     -177.7
71,     12.09.2014 11:51:16,     390.6,     719.58,     65,     0.7,     3.6,     6.4,     17.6,     73,     1013.4,     264.87,     252.5,     86.4,     -176.4
72,     12.09.2014 12:01:16,     696.15,     1364.79,     72,     0.5,     3.6,     8.2,     17.8,     73,     1013.5,     264.87,     253.5,     87.8,     -177.8
73,     12.09.2014 12:11:16,     583.8,     1139.67,     72,     0.7,     3.6,     7.9,     18,     72.7,     1013.5,     264.87,     252.3,     87.4,     -177.4,     13.319,     21.17,     68.9
74,     12.09.2014 12:21:16,     688.8,     1340.67,     66,     0.8,     3.6,     8.1,     17.9,     73.3,     1013.5,     264.87,     73.2,     88.1,     -1.8
75,     12.09.2014 12:31:16,     549.15,     1191.93,     71,     1.1,     4,     7.9,     18.1,     72.8,     1013.4,     264.87,     72.9,     88.2,     -1.6
76,     12.09.2014 12:41:16,     180.6,     395.97,     68,     0.9,     3.7,     7.7,     18,     73.7,     1013.4,     264.87,     253.2,     88.6,     -178.7
77,     12.09.2014 12:51:16,     193.2,     402,     67,     0.2,     3.5,     8.9,     17.8,     74,     1013.4,     264.87,     73.6,     88,     -1.9
78,     12.09.2014 13:01:16,     196.35,     399.99,     62,     0.2,     3.6,     8,     17.7,     74.2,     1013.4,     264.87,     72.9,     87.9,     -2
79,     12.09.2014 13:11:16,     262.5,     540.69,     71,     0.2,     3.2,     7,     17.7,     74.9,     1013.4,     264.87,     252.6,     87.8,     -177.9,     13.277,     21.43,     68.8
80,     12.09.2014 13:21:16,     289.8,     590.94,     73,     0.4,     3.4,     8.1,     17.8,     72.3,     1013.3,     264.87,     72.6,     87.8,     -2.1
81,     12.09.2014 13:31:16,     347.55,     715.56,     75,     1.1,     3.9,     8.2,     17.9,     73.2,     1013.3,     264.87,     252.9,     87.5,     -177.5
82,     12.09.2014 13:41:16,     320.25,     651.24,     65,     0.2,     3.8,     8.6,     18,     71.6,     1013.2,     264.87,     252.8,     87.2,     -177.2
83,     12.09.2014 13:51:16,     288.75,     598.98,     69,     0.7,     3.6,     9.1,     18.1,     70.8,     1013.2,     264.87,     253.5,     87.9,     -177.9
84,     12.09.2014 14:01:16,     264.6,     546.72,     66,     1,     3.4,     6.7,     18.1,     72.4,     1013.2,     264.87,     253.2,     88.2,     -178.2
85,     12.09.2014 14:11:16,     284.55,     584.91,     62,     1,     3.8,     8.3,     18,     70.8,     1013.3,     264.87,     253.5,     87.6,     -177.7,     13.307,     20.90,     69.2
86,     12.09.2014 14:21:16,     332.85,     681.39,     70,     0.6,     3.3,     7,     18.1,     70.8,     1013.2,     264.87,     253.5,     88.1,     -178.1
87,     12.09.2014 14:31:16,     295.05,     605.01,     86,     0.8,     4,     9.3,     18.1,     70.5,     1013.1,     264.87,     253.5,     88.3,     -178.4
88,     12.09.2014 14:41:16,     282.45,     580.89,     81,     0.6,     3.7,     8.6,     18.1,     71.5,     1013.1,     264.87,     252.9,     88.1,     -178.2
89,     12.09.2014 14:51:16,     253.05,     526.62,     86,     0.3,     3.5,     8.5,     18.1,     71.7,     1013.1,     264.87,     252.2,     88.1,     -178.1
90,     12.09.2014 15:01:16,     354.9,     725.61,     81,     0.1,     3.3,     7,     18.1,     71.3,     1013.1,     264.87,     253.5,     88.1,     -178.1
91,     12.09.2014 15:11:17,     221.55,     464.31,     79,     0.3,     3.2,     8.1,     18.1,     70.7,     1013.1,     264.87,     253,     88,     -178,     13.372,     20.94,     69.2
92,     12.09.2014 15:21:17,     190.05,     399.99,     69,     0.6,     2.8,     6.8,     18.1,     71.7,     1013.1,     264.87,     253.7,     87.7,     -177.8
93,     12.09.2014 15:31:17,     169.05,     355.77,     69,     0.2,     2.8,     6,     18,     72.2,     1013,     264.87,     253.3,     88.1,     -178.1
94,     12.09.2014 15:41:17,     159.6,     337.68,     77,     0.3,     2.7,     6.5,     18,     73,     1013.1,     264.87,     252.4,     87.9,     -177.9
95,     12.09.2014 15:51:17,     151.2,     317.58,     64,     0.3,     2.6,     5.9,     18,     73.7,     1013.1,     264.87,     252.8,     87.5,     -177.5
96,     12.09.2014 16:01:17,     150.15,     319.59,     74,     0.3,     2.5,     5.8,     17.9,     73,     1013.1,     264.87,     253,     87.7,     -177.7
97,     12.09.2014 16:11:16,     144.9,     303.51,     75,     0.3,     3.1,     7.7,     17.9,     72.1,     1013.1,     264.87,     253.2,     87.8,     -177.8,     13.451,     20.43,     69.4
98,     12.09.2014 16:21:16,     114.45,     245.22,     73,     0.3,     2.9,     6.7,     17.8,     71.8,     1013.1,     264.87,     253.5,     87.9,     -177.9
99,     12.09.2014 16:31:16,     115.5,     245.22,     73,     0.3,     2.6,     6.2,     17.7,     73,     1013.1,     264.87,     253.4,     88,     -178
100,     12.09.2014 16:41:16,     92.4,     196.98,     79,     0.2,     2.6,     5.7,     17.6,     73,     1013.2,     264.87,     253.6,     87.6,     -177.6
101,     12.09.2014 16:51:16,     56.7,     122.61,     76,     0.2,     2.7,     6.2,     17.5,     71.8,     1013.3,     264.87,     73.4,     87.7,     -2.2
102,     12.09.2014 17:01:16,     67.2,     138.69,     78,     0.4,     3.4,     7.9,     17.4,     72,     1013.3,     264.87,     74,     88,     -1.9
103,     12.09.2014 17:11:17,     36.75,     80.4,     73,     0.3,     2.9,     6.5,     17.2,     74.6,     1013.4,     264.87,     252.7,     87.7,     -177.7,     13.517,     19.39,     69.8
104,     12.09.2014 17:21:17,     31.5,     68.34,     72,     0.3,     2.7,     6.4,     17.1,     74.5,     1013.4,     264.87,     254.1,     88.2,     -178.3
105,     12.09.2014 17:31:17,     40.95,     88.44,     69,     0.8,     3.2,     7.5,     17.1,     74.4,     1013.5,     264.87,     73.6,     88.4,     -1.5
106,     12.09.2014 17:41:17,     30.45,     66.33,     65,     0.2,     3.5,     8.1,     17,     75.8,     1013.5,     264.87,     253.6,     88.8,     -178.8
107,     12.09.2014 17:51:17,     21,     40.2,     63,     0.6,     3.2,     8.4,     16.9,     75.5,     1013.6,     264.87,     253.4,     88.3,     -178.3
108,     12.09.2014 18:01:17,     16.8,     30.15,     64,     0.4,     2.8,     5.8,     16.9,     75.5,     1013.6,     264.87,     74.1,     87.9,     -2.1
109,     12.09.2014 18:11:16,     8.4,     18.09,     53,     0.6,     3.5,     7.2,     16.9,     76.4,     1013.6,     264.87,     252.5,     87.4,     -177.4,     12.781,     18.28,     70.2
110,     12.09.2014 18:21:16,     2.1,     6.03,     61,     1.2,     3.3,     6.4,     16.9,     75.5,     1013.6,     264.87,     253,     87.9,     -177.9
111,     12.09.2014 18:31:16,     2.1,     6.03,     65,     0.2,     3.6,     8.1,     16.9,     75.8,     1013.6,     264.87,     251.2,     88.5,     -178.6
112,     12.09.2014 18:41:16,     0,     0,     52,     1.3,     4.3,     8.6,     16.9,     76.7,     1013.6,     264.87,     73.4,     88.6,     -1.3
113,     12.09.2014 18:51:16,     -1.05,     -2.01,     55,     0.7,     3.3,     5.9,     16.8,     76.9,     1013.6,     264.87,     74.3,     87.7,     -2.2
114,     12.09.2014 19:01:16,     -2.1,     -2.01,     51,     1.6,     3.3,     6.1,     16.8,     76.9,     1013.6,     264.87,     252.9,     88,     -178
115,     12.09.2014 19:11:16,     -2.1,     0,     56,     0.3,     2.7,     5.9,     16.8,     77.7,     1013.7,     264.87,     253.4,     88.6,     -178.6,     12.692,     17.67,     70.3
116,     12.09.2014 19:21:16,     -1.05,     -2.01,     54,     1,     3.7,     7.3,     16.8,     77.2,     1013.7,     264.87,     253.2,     87.7,     -177.7
117,     12.09.2014 19:31:16,     -1.05,     0,     55,     0.6,     3.5,     7.6,     16.8,     77.6,     1013.8,     264.87,     253.3,     87.9,     -177.9
118,     12.09.2014 19:41:16,     -2.1,     -2.01,     55,     1.2,     3.6,     6.5,     16.7,     77.3,     1013.8,     264.87,     253.6,     88.5,     -178.6
119,     12.09.2014 19:51:16,     -2.1,     -2.01,     57,     0.7,     3.8,     8.3,     16.6,     77.9,     1013.8,     264.87,     253.1,     88.7,     -178.7
120,     12.09.2014 20:01:16,     -2.1,     -4.02,     55,     0.8,     3.4,     6.2,     16.6,     78.3,     1013.8,     264.87,     253.2,     88.3,     -178.3
121,     12.09.2014 20:11:27,     -2.1,     -4.02,     53,     0.6,     3.6,     6.6,     16.5,     79.2,     1013.9,     264.87,     253.4,     87.6,     -177.6,     12.645,     17.43,     70.3
122,     12.09.2014 20:21:27,     -2.1,     -4.02,     58,     0.5,     3.1,     8.5,     16.5,     79.4,     1013.9,     264.87,     254,     88.2,     -178.2
123,     12.09.2014 20:31:27,     -5.25,     -2.01,     66,     0.6,     3.1,     8.5,     16.4,     81,     1014,     264.91,     253.4,     88,     -178
124,     12.09.2014 20:41:27,     -5.25,     -2.01,     63,     0.5,     2.9,     5.7,     16.3,     82.4,     1014,     264.91,     253.3,     88.2,     -178.3
125,     12.09.2014 20:51:27,     -5.25,     -2.01,     64,     0.6,     2.6,     5.9,     16.1,     82.9,     1013.9,     264.92,     253.4,     88,     -178
126,     12.09.2014 21:01:27,     -5.25,     -2.01,     64,     0.2,     2.5,     5.7,     16.1,     83.4,     1014,     264.92,     253.3,     88.2,     -178.2
127,     12.09.2014 21:11:16,     -5.25,     -2.01,     62,     0.2,     2.9,     6.8,     16.2,     83.7,     1013.9,     264.92,     253.4,     88,     -178,     12.626,     16.47,     70.6
128,     12.09.2014 21:21:16,     -4.2,     -2.01,     67,     0.5,     2.9,     7.5,     16.2,     84.1,     1013.9,     264.92,     252.9,     87.9,     -177.9
129,     12.09.2014 21:31:16,     -4.2,     -2.01,     63,     0.7,     2.8,     5.4,     16.2,     83.9,     1013.9,     264.92,     253.3,     89,     -179
130,     12.09.2014 21:41:16,     -3.15,     -2.01,     61,     0.6,     2.4,     5.3,     16.3,     84.2,     1013.9,     264.92,     253.6,     87.7,     -177.7
131,     12.09.2014 21:51:16,     -2.1,     0,     52,     0.5,     2.9,     5.9,     16.2,     83.7,     1013.9,     264.92,     253.4,     87.7,     -177.7
132,     12.09.2014 22:01:16,     -1.05,     0,     52,     1.3,     3.3,     6.5,     16.2,     83.5,     1013.9,     264.92,     253,     87.5,     -177.5
133,     12.09.2014 22:11:16,     -3.15,     -4.02,     53,     1.8,     3.4,     5.7,     16.1,     82.7,     1013.9,     264.92,     252.9,     87.8,     -177.8,     12.599,     16.37,     70.7
134,     12.09.2014 22:21:16,     -1.05,     -2.01,     50,     1.9,     3.1,     5.2,     16.1,     83.1,     1013.8,     264.92,     253.3,     87.9,     -178
135,     12.09.2014 22:31:16,     -2.1,     -2.01,     48,     1.8,     3.4,     5.5,     16,     82.4,     1013.8,     264.92,     253.1,     87.6,     -177.6
136,     12.09.2014 22:41:16,     -2.1,     0,     50,     1.4,     3.2,     5.9,     16,     83.1,     1013.7,     264.92,     253.3,     87.7,     -177.7
137,     12.09.2014 22:51:16,     -2.1,     -2.01,     50,     0.8,     3.3,     5.2,     16,     83.5,     1013.7,     264.92,     253.2,     88.1,     -178.1
138,     12.09.2014 23:01:16,     -2.1,     -2.01,     50,     1.5,     3.6,     5.9,     15.9,     84.3,     1013.7,     264.92,     253.2,     87.9,     -177.9
139,     12.09.2014 23:11:16,     -3.15,     -4.02,     50,     1.6,     3.6,     7,     15.9,     85.2,     1013.6,     264.92,     252.9,     87.7,     -177.7,     12.594,     16.51,     70.5
140,     12.09.2014 23:21:16,     -2.1,     -4.02,     54,     1.5,     3.5,     7.1,     15.8,     86.8,     1013.6,     264.92,     252.9,     87.9,     -177.9
141,     12.09.2014 23:31:16,     -2.1,     -2.01,     55,     1.5,     3.1,     5.2,     15.7,     87.7,     1013.6,     264.92,     253,     88.4,     -178.4
142,     12.09.2014 23:41:16,     -2.1,     0,     55,     0.5,     2.7,     5.5,     15.6,     88.1,     1013.7,     264.92,     73.6,     88,     -1.9
143,     12.09.2014 23:51:16,     -1.05,     2.01,     53,     1.1,     3.1,     6.5,     15.5,     89.1,     1013.7,     264.92,     253.1,     88,     -178
144,     13.09.2014 00:01:17,     -2.1,     -2.01,     45,     1.8,     3.5,     6.5,     15.6,     88.9,     1013.7,     264.92,     252.9,     88.1,     -178.1,     12.488,     16.30,     70.6