Logger: #D10248 'TSK_Meteo' - USP_EXP2 (V2.10, Jan 24 2012)
No,     Time,     #1:W/m²:0,     #2:ÂµMol:(do.),     #5:deg:2,     #6:m/sMIN:(do.),     #7:m/sMIT:(do.),     #8:m/sMAX:(do.),     #9:Â°C:(do.),     #10:%:(do.),     #11:hPa:(do.),     #12:mm:(do.),     #14:AZ:3,     #15:EL:(do.),     #16:Roll:(do.),     #HK-Bat:V,     #HK-Temp:oC,     #HK-rH:%
(GSM Transfer OK / Signal:14)
1,     24.12.2014 00:11:17,     -2.1,     0,     288,     2,     6.3,     9.8,     9.3,     87.8,     1001.2,     375.73,     74.3,     87.6,     -2.1,     12.563,     9.89,     85.3
2,     24.12.2014 00:21:17,     -1.05,     -2.01,     283,     2.2,     5.8,     11,     9.3,     87.7,     1000.9,     375.73,     256.8,     87.8,     -177.8
3,     24.12.2014 00:31:17,     -1.05,     0,     281,     3.3,     6.8,     11.4,     9.2,     87.8,     1001.1,     375.74,     74.1,     87.7,     -2
4,     24.12.2014 00:41:17,     -2.1,     -2.01,     0,     0,     0,     0,     9.3,     87.7,     1001,     375.74,     74.8,     87.9,     -2
5,     24.12.2014 00:51:17,     -1.05,     -2.01,     0,     0,     0,     0,     9.2,     87.8,     1000.9,     375.74,     74.8,     88,     -1.9
6,     24.12.2014 01:01:17,     -1.05,     0,     0,     0,     0,     0,     9.2,     88.4,     1000.8,     375.75,     254.2,     88.1,     -178.1
7,     24.12.2014 01:11:22,     0,     -2.01,     266,     2.4,     6.2,     13.8,     9.2,     87.9,     1000.8,     375.75,     77,     87.7,     -2.1,     12.537,     9.36,     87.1
8,     24.12.2014 01:21:22,     0,     0,     284,     1.4,     6.1,     12.3,     9.3,     87.8,     1000.8,     375.75,     76.2,     87.7,     -2.2
9,     24.12.2014 01:31:22,     -2.1,     -4.02,     284,     2.4,     6.3,     10.4,     9.3,     87.7,     1000.8,     375.75,     76.2,     87.6,     -2.2
10,     24.12.2014 01:41:22,     -2.1,     -4.02,     281,     1.8,     5.1,     8.8,     9.1,     88.2,     1000.7,     375.75,     73.8,     87.9,     -2
11,     24.12.2014 01:51:22,     -1.05,     -2.01,     287,     1.7,     5.5,     10.1,     9.2,     88.4,     1000.7,     375.75,     255.2,     87.8,     -177.8
12,     24.12.2014 02:01:22,     -1.05,     -2.01,     282,     1.9,     6.1,     13.3,     9.2,     88.1,     1000.6,     375.75,     75.1,     87.8,     -2
13,     24.12.2014 02:11:17,     -1.05,     0,     282,     3,     6.1,     9.2,     9.1,     88.6,     1000.4,     375.75,     75.9,     88,     -1.9,     12.531,     9.25,     87.2
14,     24.12.2014 02:21:17,     -1.05,     -2.01,     269,     2.4,     6,     10.7,     9.1,     88.7,     1000.3,     375.75,     74.8,     88,     -1.9
15,     24.12.2014 02:31:17,     -2.1,     -2.01,     0,     0,     0,     0,     9.1,     88.4,     1000.2,     375.75,     76,     88,     -1.9
16,     24.12.2014 02:41:17,     -1.05,     0,     0,     0,     0,     0,     9.1,     88.7,     1000.2,     375.75,     75.1,     88.1,     -1.8
17,     24.12.2014 02:51:17,     -1.05,     -2.01,     261,     3.6,     6.6,     11.3,     9,     88.4,     1000.1,     375.75,     256,     87.7,     -177.8
18,     24.12.2014 03:01:17,     -1.05,     0,     274,     3.3,     6.6,     12.1,     9.1,     88.6,     999.9,     375.75,     254.4,     88,     -178
19,     24.12.2014 03:11:16,     -1.05,     -4.02,     277,     2.1,     6,     11.4,     9.1,     88.8,     999.9,     375.75,     74.9,     87.4,     -2.4,     12.529,     9.19,     87.3
20,     24.12.2014 03:21:16,     -1.05,     -2.01,     274,     2.5,     6.1,     9,     9.1,     88.6,     999.8,     375.75,     76.1,     88.3,     -1.7
21,     24.12.2014 03:31:16,     -1.05,     -2.01,     276,     2.9,     6,     10.2,     9.1,     88.8,     999.7,     375.75,     257.9,     88,     -178
22,     24.12.2014 03:41:16,     -2.1,     -2.01,     280,     3.2,     6.1,     9.7,     9,     88.6,     999.6,     375.77,     75.5,     88.4,     -1.5
23,     24.12.2014 03:51:16,     -1.05,     -2.01,     282,     2.2,     5.9,     8.9,     9.1,     88.4,     999.5,     375.78,     75.2,     88.1,     -1.8
24,     24.12.2014 04:01:16,     -1.05,     -2.01,     278,     3.7,     6.9,     11.7,     9.1,     88.1,     999.4,     375.8,     75.6,     88.6,     -1.3
25,     24.12.2014 04:11:17,     -1.05,     -2.01,     0,     0,     0,     0,     9.1,     87.9,     999.3,     375.8,     76.9,     88.1,     -1.7,     12.503,     9.15,     87.3
26,     24.12.2014 04:21:17,     -1.05,     0,     0,     0,     0,     0,     9.1,     87.8,     999.2,     375.8,     256,     87.9,     -177.8
27,     24.12.2014 04:31:17,     -1.05,     -2.01,     0,     0,     0,     0,     9.1,     87.3,     998.9,     375.8,     75,     87.4,     -2.4
28,     24.12.2014 04:41:17,     -1.05,     0,     274,     3.9,     7.6,     13.2,     9.1,     87,     999,     375.8,     255.4,     88.3,     -178.8
29,     24.12.2014 04:51:17,     -2.1,     -2.01,     284,     3.9,     7,     11.8,     9.1,     86.9,     998.9,     375.8,     253.9,     88.2,     -178.8
30,     24.12.2014 05:01:17,     -1.05,     -2.01,     283,     2.7,     6.7,     13.2,     9,     86.5,     999,     375.8,     74.3,     87.7,     -2.2
31,     24.12.2014 05:11:16,     -1.05,     -2.01,     286,     2.5,     6.9,     12.3,     9.1,     86.2,     999.1,     375.8,     76.5,     87.9,     -1.8,     12.499,     9.11,     87.3
32,     24.12.2014 05:21:16,     -1.05,     0,     287,     2.3,     5.9,     11.1,     9,     86.4,     998.9,     375.8,     256.1,     87.9,     -177.9
33,     24.12.2014 05:31:16,     -2.1,     -4.02,     289,     3.5,     6.3,     11.1,     8.9,     87,     998.9,     375.82,     79.1,     88.2,     -1.7
34,     24.12.2014 05:41:16,     -1.05,     0,     277,     1.8,     5.9,     10.6,     8.9,     87.2,     998.8,     375.82,     74.8,     87.7,     -2.2
35,     24.12.2014 05:51:16,     0,     0,     280,     0.9,     6,     10.1,     8.8,     87.2,     998.7,     375.82,     255.6,     87.7,     -177.7
36,     24.12.2014 06:01:16,     -1.05,     -2.01,     278,     3.1,     6.4,     13.4,     8.7,     87.2,     998.5,     375.82,     77.3,     88,     -1.9
37,     24.12.2014 06:11:16,     -2.1,     -2.01,     277,     3.4,     6.9,     11,     8.7,     86.5,     998.4,     375.83,     254.3,     88,     -178.1,     12.478,     8.91,     87.4
38,     24.12.2014 06:21:16,     -1.05,     -2.01,     282,     3,     6.8,     11.6,     8.7,     85.9,     998.4,     375.83,     76,     88.5,     -1.3
39,     24.12.2014 06:31:16,     -1.05,     -2.01,     283,     2.3,     6.3,     12.2,     8.6,     86.4,     998.3,     375.85,     256.8,     87.9,     -177.9
40,     24.12.2014 06:41:16,     -1.05,     -2.01,     277,     3.4,     7,     11.4,     8.5,     87.1,     998.2,     375.85,     74.1,     88,     -1.7
41,     24.12.2014 06:51:16,     -1.05,     -2.01,     271,     4.3,     8.1,     11.9,     8.5,     86.7,     998.2,     375.85,     76.5,     87.7,     -2.2
42,     24.12.2014 07:01:16,     -2.1,     0,     271,     3,     7.4,     12.7,     8.4,     87.4,     998.1,     375.85,     256.8,     88.3,     -178.4
43,     24.12.2014 07:11:16,     -1.05,     0,     266,     4.1,     7.9,     14.6,     8.4,     87.4,     998,     375.85,     75,     88,     -1.8,     12.484,     8.66,     87.4
44,     24.12.2014 07:21:16,     -1.05,     -2.01,     267,     3.5,     7.4,     11.9,     8.3,     87.5,     998,     375.85,     76.2,     88,     -1.8
45,     24.12.2014 07:31:16,     -1.05,     0,     268,     4.3,     8.4,     14.5,     8.3,     87.4,     997.9,     375.85,     75.6,     86.9,     -3
46,     24.12.2014 07:41:16,     -1.05,     -2.01,     266,     3.1,     8.1,     14.4,     8.3,     87.1,     998,     375.85,     255,     88,     -178.2
47,     24.12.2014 07:51:16,     -1.05,     -2.01,     266,     3.2,     8,     14.5,     8.3,     87,     997.8,     375.85,     76.4,     88.2,     -1.7
48,     24.12.2014 08:01:16,     -1.05,     -2.01,     263,     2.2,     7.9,     14,     8.2,     86.5,     997.8,     375.85,     255.8,     87.7,     -177.7
49,     24.12.2014 08:11:16,     0,     0,     266,     2.1,     7.8,     15.1,     8.2,     86.5,     997.8,     375.85,     77.9,     87.5,     -2.4,     12.474,     8.43,     87.5
50,     24.12.2014 08:21:16,     -1.05,     -2.01,     0,     0,     0,     0,     8.1,     86.4,     997.8,     375.85,     254.7,     88.3,     -178.4
51,     24.12.2014 08:31:16,     0,     0,     268,     2.1,     7.3,     12.6,     8.1,     86.6,     997.8,     375.87,     254.8,     87.7,     -177.6
52,     24.12.2014 08:41:16,     1.05,     4.02,     276,     2.6,     6.6,     11.2,     8,     87.1,     997.8,     375.87,     76.8,     88.1,     -1.6
53,     24.12.2014 08:51:16,     0,     2.01,     274,     3.5,     7.2,     11.3,     7.9,     87.4,     997.8,     375.87,     256.1,     87.7,     -177.7
54,     24.12.2014 09:01:16,     2.1,     8.04,     270,     2.3,     6.7,     11.5,     7.8,     87.5,     997.7,     375.87,     76.9,     87.2,     -2.4
55,     24.12.2014 09:11:17,     7.35,     14.07,     268,     2.9,     7,     11.1,     7.8,     87.8,     997.6,     375.87,     254.9,     87.6,     -177.6,     12.461,     8.16,     87.6
56,     24.12.2014 09:21:17,     11.55,     24.12,     0,     0,     0,     0,     7.7,     87.7,     997.5,     375.87,     75.9,     88.1,     -1.8
57,     24.12.2014 09:31:17,     12.6,     26.13,     261,     3.3,     7.1,     11.7,     7.7,     87.5,     997.6,     375.87,     253.7,     87.8,     -177.8
58,     24.12.2014 09:41:17,     12.6,     28.14,     261,     1.7,     6.9,     11.2,     7.7,     87.7,     997.4,     375.87,     257.4,     88.1,     -178.1
59,     24.12.2014 09:51:17,     15.75,     34.17,     262,     2.7,     7.1,     12.2,     7.6,     87.7,     997.5,     375.87,     75.7,     87.9,     -1.8
60,     24.12.2014 10:01:17,     18.9,     42.21,     262,     2.8,     7.2,     14.3,     7.7,     87.4,     997.4,     375.87,     257,     87.4,     -177.5
61,     24.12.2014 10:11:16,     14.7,     30.15,     268,     4.1,     8.2,     12.2,     7.7,     87,     997.4,     375.95,     258.4,     87.6,     -177.6,     12.580,     7.98,     87.7
62,     24.12.2014 10:21:16,     18.9,     42.21,     272,     3.2,     7.6,     14.3,     7.7,     86.9,     997.2,     376,     256.8,     88.3,     -178.4
63,     24.12.2014 10:31:16,     14.7,     32.16,     270,     1.7,     7.1,     11,     7.8,     86.3,     997.4,     376.01,     256.2,     87.7,     -177.8
64,     24.12.2014 10:41:16,     7.35,     16.08,     274,     2.5,     6.7,     10.6,     7.8,     86.3,     997.4,     376.01,     74.3,     87.4,     -2.3
65,     24.12.2014 10:51:16,     4.2,     10.05,     274,     2.9,     7.2,     15.1,     7.9,     85.6,     997.3,     376.01,     74.5,     87.7,     -2.1
66,     24.12.2014 11:01:16,     6.3,     18.09,     275,     2.8,     6.9,     12.5,     8,     85.3,     997.3,     376.01,     76,     88.5,     -1.4
67,     24.12.2014 11:11:17,     19.95,     46.23,     277,     3.6,     7.1,     11,     8,     85.7,     997.2,     376.01,     75.5,     88.3,     -1.6,     12.607,     8.05,     87.7
68,     24.12.2014 11:21:17,     19.95,     48.24,     276,     1.3,     6.7,     10.9,     8,     86,     997.2,     376.01,     74.1,     87.9,     -2
69,     24.12.2014 11:31:17,     27.3,     62.31,     277,     2,     6.7,     11.9,     8.1,     85.9,     997,     376.01,     78.3,     88.2,     -1.6
70,     24.12.2014 11:41:17,     19.95,     42.21,     279,     3.5,     7.1,     11.9,     8.2,     85.3,     997.2,     376.02,     256.1,     87,     -177
71,     24.12.2014 11:51:17,     21,     48.24,     281,     3,     6.1,     10.7,     8.2,     86,     997.2,     376.02,     254.8,     87.8,     -177.7
72,     24.12.2014 12:01:17,     28.35,     66.33,     282,     3,     6.6,     12.8,     8.3,     85.4,     997.3,     376.02,     257.6,     87.8,     -177.9
73,     24.12.2014 12:11:17,     26.25,     56.28,     276,     3,     6.6,     10.9,     8.2,     86,     997.2,     376.02,     256.3,     87.4,     -177.5,     12.756,     8.36,     87.6
74,     24.12.2014 12:21:17,     14.7,     32.16,     283,     2,     5.9,     10,     8.3,     86.4,     997.1,     376.02,     254.7,     87.5,     -177.6
75,     24.12.2014 12:31:17,     9.45,     26.13,     284,     2.1,     6.4,     13.4,     8.4,     86.3,     997.1,     376.02,     74.4,     88,     -1.9
76,     24.12.2014 12:41:17,     27.3,     60.3,     289,     1.1,     6.8,     13.3,     8.4,     86.7,     996.9,     376.02,     256.2,     87.7,     -177.8
77,     24.12.2014 12:51:17,     34.65,     72.36,     288,     3.2,     6.7,     11.4,     8.4,     86.8,     996.9,     376.02,     254.9,     88.1,     -178.1
78,     24.12.2014 13:01:17,     46.2,     100.5,     276,     1.3,     6.4,     11.3,     8.4,     87.3,     996.6,     376.02,     254.5,     88.6,     -178.5
79,     24.12.2014 13:11:16,     35.7,     76.38,     285,     3,     6.9,     14.1,     8.5,     86.6,     996.7,     376.02,     256,     87,     -176.9,     12.915,     8.60,     87.5
80,     24.12.2014 13:21:16,     37.8,     78.39,     288,     4.2,     8.2,     13,     8.5,     87,     996.7,     376.02,     256.3,     87.4,     -177.5
81,     24.12.2014 13:31:16,     54.6,     116.58,     286,     4.6,     9.2,     14.3,     8.6,     86.9,     996.6,     376.02,     75.3,     87.6,     -2.3
82,     24.12.2014 13:41:16,     32.55,     70.35,     286,     2.9,     8.2,     13.3,     8.5,     87.7,     996.8,     376.02,     75.9,     88.2,     -1.6
83,     24.12.2014 13:51:16,     26.25,     58.29,     294,     3.6,     7.9,     14.1,     8.6,     87.5,     996.9,     376.08,     253.4,     88.4,     -178.4
84,     24.12.2014 14:01:16,     37.8,     82.41,     296,     3.9,     7.6,     14.3,     8.6,     86.4,     997.2,     376.12,     254.4,     87.9,     -177.9
85,     24.12.2014 14:11:16,     35.7,     74.37,     306,     2.7,     7.2,     12.2,     8.8,     83.5,     997.2,     376.13,     254.6,     88,     -178,     12.993,     8.76,     87.4
86,     24.12.2014 14:21:16,     39.9,     80.4,     315,     2.3,     5.8,     10.2,     8.7,     82.8,     997.5,     376.13,     75.2,     87.6,     -2.3
87,     24.12.2014 14:31:16,     11.55,     24.12,     307,     3,     5.4,     9.7,     8.5,     82.5,     997.5,     376.13,     254.8,     87.7,     -177.8
88,     24.12.2014 14:41:16,     16.8,     40.2,     307,     2.2,     6.1,     10.5,     8.3,     81.1,     997.8,     376.13,     254.3,     86.9,     -176.9
89,     24.12.2014 14:51:16,     29.4,     60.3,     320,     2.4,     6.1,     11.8,     8.2,     78.2,     997.8,     376.13,     75.3,     88,     -1.9
90,     24.12.2014 15:01:16,     17.85,     48.24,     320,     2.1,     4.7,     8.3,     8,     79.1,     998.1,     376.13,     75.4,     88,     -1.9
91,     24.12.2014 15:11:16,     14.7,     46.23,     316,     1.8,     4.8,     10.4,     7.8,     80.6,     998.2,     376.13,     253.7,     88.2,     -178.2,     12.968,     8.39,     87.4
92,     24.12.2014 15:21:16,     12.6,     38.19,     312,     2.2,     4.9,     9.2,     7.6,     75.7,     998.3,     376.13,     73.4,     87.8,     -2
93,     24.12.2014 15:31:16,     8.4,     28.14,     313,     1.5,     5.1,     9.4,     7.4,     74.5,     998.5,     376.13,     73.9,     88,     -1.9
94,     24.12.2014 15:41:16,     3.15,     12.06,     318,     2.4,     5.8,     11,     7.1,     74.9,     998.7,     376.13,     76.1,     88.1,     -1.8
95,     24.12.2014 15:51:16,     -2.1,     2.01,     324,     1.5,     4.7,     7.9,     6.9,     76.6,     998.9,     376.16,     73.7,     87.9,     -2
96,     24.12.2014 16:01:16,     -3.15,     0,     322,     2.3,     4.2,     7.5,     6.7,     80.3,     999,     376.24,     74.3,     87.9,     -2
97,     24.12.2014 16:11:16,     -4.2,     0,     302,     1.9,     4,     7.1,     6.4,     81.7,     999,     376.27,     74.3,     87.9,     -2,     12.756,     7.24,     87.8
98,     24.12.2014 16:21:16,     -4.2,     -2.01,     303,     2.4,     5,     9.3,     6.6,     80.2,     999.1,     376.27,     74.9,     88,     -1.9
99,     24.12.2014 16:31:16,     -4.2,     -2.01,     310,     2,     4.1,     6.6,     6.5,     80.5,     999.3,     376.27,     253.6,     87.9,     -177.9
100,     24.12.2014 16:41:16,     -3.15,     -2.01,     316,     1.2,     3.8,     8,     6.5,     79.8,     999.5,     376.27,     74.5,     88,     -1.9
101,     24.12.2014 16:51:16,     -3.15,     -2.01,     310,     1.3,     4.4,     8.4,     6.5,     78,     999.5,     376.27,     73.7,     88,     -1.8
102,     24.12.2014 17:01:16,     -2.1,     0,     306,     1.8,     4.5,     8.6,     6.4,     78.3,     999.5,     376.27,     74.2,     87.9,     -2
103,     24.12.2014 17:11:17,     -2.1,     -4.02,     309,     1.5,     4.1,     6.9,     6.4,     79,     999.8,     376.27,     252.9,     88.4,     -178.4,     12.660,     6.15,     88.3
104,     24.12.2014 17:21:17,     -5.25,     -2.01,     312,     1.9,     4.9,     8.8,     6.4,     78.5,     999.8,     376.27,     75.6,     87.9,     -2
105,     24.12.2014 17:31:17,     -3.15,     -4.02,     311,     2.3,     4.4,     7.7,     6.3,     79.2,     999.9,     376.27,     254.5,     87.8,     -177.8
106,     24.12.2014 17:41:17,     -4.2,     -2.01,     311,     1.8,     4,     7.9,     6.2,     78.9,     999.9,     376.27,     74.3,     88,     -1.9
107,     24.12.2014 17:51:17,     -3.15,     0,     313,     1.5,     4.6,     9,     6.2,     78.3,     999.9,     376.27,     254,     87.9,     -177.9
108,     24.12.2014 18:01:17,     -1.05,     -2.01,     306,     2.2,     4.3,     6.9,     6.2,     78.3,     1000,     376.27,     74.2,     88,     -1.9
109,     24.12.2014 18:11:16,     -4.2,     -2.01,     324,     1.5,     3.7,     6.5,     6.2,     79.4,     1000.2,     376.29,     73.7,     87.8,     -2.1,     12.609,     5.88,     88.4
110,     24.12.2014 18:21:16,     -3.15,     -2.01,     356,     1.7,     5.1,     9.5,     5.5,     79.6,     1000.5,     376.3,     253.5,     87.4,     -177.4
111,     24.12.2014 18:31:16,     -4.2,     -2.01,     345,     1.9,     4.7,     6.9,     5.3,     82.4,     1000.6,     376.39,     75.4,     88.2,     -1.8
112,     24.12.2014 18:41:16,     -4.2,     -2.01,     332,     2.2,     4.1,     8.6,     5.8,     80,     1000.7,     376.39,     74.4,     88.3,     -1.6
113,     24.12.2014 18:51:16,     -5.25,     0,     331,     2.1,     3.8,     6.2,     5.9,     78.8,     1000.9,     376.39,     253.7,     87.8,     -177.7
114,     24.12.2014 19:01:16,     -5.25,     -2.01,     328,     2,     4.2,     6.5,     5.9,     78.1,     1001,     376.39,     74.2,     87.6,     -2.3
115,     24.12.2014 19:11:16,     -5.25,     -2.01,     320,     1.4,     3.1,     5.3,     5.7,     79.5,     1001,     376.39,     253.2,     88,     -178,     12.558,     5.47,     88.2
116,     24.12.2014 19:21:16,     -6.3,     0,     308,     1.4,     3.7,     6.7,     5.6,     79.8,     1001,     376.39,     254.2,     88,     -178
117,     24.12.2014 19:31:16,     -5.25,     0,     314,     1.5,     3.2,     6,     5.4,     80.8,     1001.2,     376.39,     73.9,     88,     -1.9
118,     24.12.2014 19:41:16,     -5.25,     -2.01,     317,     0.9,     2.8,     4.8,     5.2,     81.9,     1001.2,     376.39,     253.7,     88,     -177.9
119,     24.12.2014 19:51:16,     -5.25,     0,     305,     1.4,     3,     5,     5.1,     82.9,     1001.3,     376.39,     74.1,     88,     -1.9
120,     24.12.2014 20:01:16,     -5.25,     -2.01,     293,     1.4,     3.6,     5.2,     5,     83.2,     1001.4,     376.39,     253.6,     88.1,     -178
121,     24.12.2014 20:11:16,     -5.25,     -2.01,     304,     1,     3.3,     5.1,     4.8,     83.8,     1001.5,     376.39,     254.3,     88,     -178,     12.533,     4.42,     88.6
122,     24.12.2014 20:21:16,     -4.2,     -2.01,     298,     1.9,     3.5,     5.1,     4.8,     83.9,     1001.7,     376.39,     254,     87.9,     -177.9
123,     24.12.2014 20:31:16,     -2.1,     -2.01,     295,     2,     3.5,     6,     4.9,     83.5,     1001.8,     376.39,     74.1,     87.9,     -2
124,     24.12.2014 20:41:16,     -3.15,     -2.01,     294,     2.2,     4.2,     7,     5,     82.7,     1001.8,     376.39,     74.1,     88,     -1.9
125,     24.12.2014 20:51:16,     -5.25,     -4.02,     292,     2.3,     4,     6.5,     5,     82.8,     1001.9,     376.39,     254.8,     88,     -177.9
126,     24.12.2014 21:01:16,     -5.25,     -4.02,     294,     2,     4.1,     6,     5,     82.5,     1002,     376.39,     253.8,     87.9,     -177.9
127,     24.12.2014 21:11:16,     -5.25,     0,     294,     2.6,     4.2,     6.7,     4.8,     82.8,     1002.1,     376.39,     73.8,     87.7,     -2.1,     12.520,     4.31,     88.7
128,     24.12.2014 21:21:16,     -5.25,     -2.01,     294,     1.2,     4.2,     6.4,     4.8,     82.8,     1002.4,     376.39,     253.8,     87.7,     -177.7
129,     24.12.2014 21:31:16,     -5.25,     -2.01,     290,     1.6,     3.4,     6,     4.7,     83.2,     1002.4,     376.39,     74,     88,     -1.9
130,     24.12.2014 21:41:16,     -5.25,     0,     294,     0.9,     3.6,     6.6,     4.6,     83.1,     1002.5,     376.39,     254.6,     87.9,     -177.9
131,     24.12.2014 21:51:16,     -3.15,     -2.01,     289,     1.4,     3.6,     6.5,     4.6,     82.9,     1002.6,     376.39,     254.8,     88,     -178
132,     24.12.2014 22:01:16,     -2.1,     2.01,     291,     2,     3.9,     6.4,     4.7,     82.1,     1002.6,     376.39,     253.3,     87.9,     -177.9
133,     24.12.2014 22:11:17,     -4.2,     -2.01,     290,     0.7,     4,     6.8,     4.7,     81.7,     1002.6,     376.39,     254.5,     87.9,     -177.9,     12.495,     3.98,     88.8
134,     24.12.2014 22:21:17,     -4.2,     0,     293,     2.6,     4.2,     6.8,     4.7,     81.7,     1002.7,     376.39,     254.6,     87.9,     -177.9
135,     24.12.2014 22:31:17,     -3.15,     -2.01,     289,     2.3,     4.6,     7.1,     4.7,     81.3,     1002.7,     376.39,     73.4,     88,     -1.8
136,     24.12.2014 22:41:17,     -4.2,     -2.01,     289,     2.5,     5.1,     8.5,     4.7,     81.4,     1002.8,     376.39,     75.5,     88.2,     -1.7
137,     24.12.2014 22:51:17,     -2.1,     0,     295,     2.9,     5,     8.1,     4.8,     80.9,     1002.9,     376.39,     73.8,     87.8,     -2.1
138,     24.12.2014 23:01:17,     -3.15,     -4.02,     295,     2.4,     4.9,     8.1,     4.7,     80.8,     1002.9,     376.39,     74.7,     87.9,     -2
139,     24.12.2014 23:11:17,     -3.15,     0,     287,     2.9,     5.3,     8.2,     4.7,     80.4,     1002.8,     376.39,     254.7,     87.9,     -177.9,     12.478,     4.31,     88.7
140,     24.12.2014 23:21:17,     -3.15,     -2.01,     284,     2.6,     5.3,     9.3,     4.6,     80.5,     1002.8,     376.39,     75.9,     87.6,     -2.3
141,     24.12.2014 23:31:17,     -3.15,     0,     291,     3.4,     5.6,     9.2,     4.5,     80.6,     1002.9,     376.39,     74.9,     87.9,     -1.9
142,     24.12.2014 23:41:17,     -4.2,     0,     292,     3.5,     5.8,     9.6,     4.3,     81.1,     1002.9,     376.39,     75,     88,     -1.8
143,     24.12.2014 23:51:17,     -4.2,     0,     287,     1.5,     5.5,     8.6,     4.3,     81.6,     1002.9,     376.39,     256,     87.8,     -177.9
144,     25.12.2014 00:01:16,     -4.2,     -2.01,     292,     3.3,     5.7,     9.6,     4.2,     81.8,     1003,     376.39,     255.4,     87.7,     -177.8,     12.469,     3.98,     88.7