Logger: #D10248 'TSK_Meteo' - USP_EXP2 (V2.10, Jan 24 2012)
No,     Time,     #1:W/m²:0,     #2:ÂµMol:(do.),     #5:deg:2,     #6:m/sMIN:(do.),     #7:m/sMIT:(do.),     #8:m/sMAX:(do.),     #9:Â°C:(do.),     #10:%:(do.),     #11:hPa:(do.),     #12:mm:(do.),     #14:AZ:3,     #15:EL:(do.),     #16:Roll:(do.),     #HK-Bat:V,     #HK-Temp:oC,     #HK-rH:%
(GSM Transfer OK / Signal:15)
1,     12.12.2014 00:11:16,     -2.1,     -4.02,     288,     3.7,     6.1,     10.7,     3.5,     77.4,     994.5,     336.22,     254,     87.8,     -177.9,     12.298,     4.61,     85.1
2,     12.12.2014 00:21:16,     -2.1,     -2.01,     291,     2.4,     5.6,     11,     3.5,     77.1,     994.4,     336.22,     75.1,     88,     -1.9
3,     12.12.2014 00:31:16,     -1.05,     -2.01,     284,     2.7,     5.9,     10.6,     3.5,     77.7,     994.5,     336.22,     75,     88.3,     -1.6
4,     12.12.2014 00:41:16,     -3.15,     -2.01,     280,     1.4,     6,     10.4,     3.4,     78.2,     994.5,     336.22,     75.7,     88.1,     -1.7
5,     12.12.2014 00:51:16,     -2.1,     -4.02,     281,     2.3,     5.8,     10.8,     3.5,     78.9,     994.6,     336.22,     75.6,     88.1,     -1.8
6,     12.12.2014 01:01:16,     -1.05,     0,     278,     3.4,     6.9,     11.5,     3.4,     79.6,     994.6,     336.22,     73.8,     87.9,     -1.7
7,     12.12.2014 01:11:16,     -4.2,     -2.01,     280,     2.3,     6.4,     11.7,     3.3,     79.3,     994.7,     336.22,     74.1,     87.8,     -2.1,     12.463,     4.03,     86.9
8,     12.12.2014 01:21:16,     0,     0,     283,     2.4,     6.1,     11.8,     3.4,     79.4,     994.6,     336.22,     254,     88.1,     -178.3
9,     12.12.2014 01:31:16,     -4.2,     -2.01,     278,     3.2,     6.6,     10.6,     3.4,     79.8,     994.5,     336.22,     75.1,     87.5,     -2.4
10,     12.12.2014 01:41:16,     -2.1,     -2.01,     279,     2.8,     6.4,     10.5,     3.4,     79.7,     994.8,     336.22,     75.7,     87.8,     -2.2
11,     12.12.2014 01:51:16,     -1.05,     -2.01,     289,     2.3,     6.4,     11.5,     3.5,     79.3,     994.7,     336.22,     75.3,     88.2,     -1.7
12,     12.12.2014 02:01:16,     -1.05,     -2.01,     286,     2.1,     6.2,     11.9,     3.6,     78.8,     994.7,     336.22,     75.4,     87.9,     -2
13,     12.12.2014 02:11:16,     -4.2,     0,     282,     3.7,     7.1,     10.1,     3.5,     79.3,     994.9,     336.22,     254.5,     87.8,     -177.8,     12.438,     3.98,     87.1
14,     12.12.2014 02:21:16,     -4.2,     0,     281,     1.9,     6.2,     12.8,     3.5,     79.9,     995,     336.22,     255.2,     87.9,     -178
15,     12.12.2014 02:31:16,     -1.05,     0,     278,     1.8,     6.4,     10.9,     3.5,     80.1,     994.8,     336.22,     75,     88.4,     -1.6
16,     12.12.2014 02:41:16,     0,     0,     278,     2.9,     5.8,     10,     3.4,     80.3,     994.7,     336.22,     254.5,     87.7,     -177.8
17,     12.12.2014 02:51:16,     -3.15,     -4.02,     277,     2.3,     6.5,     11.8,     3.5,     80.9,     994.7,     336.22,     76.5,     88.1,     -1.8
18,     12.12.2014 03:01:16,     -2.1,     0,     268,     3.3,     6.4,     10,     3.4,     80.9,     994.9,     336.22,     74.2,     87.7,     -2.2
19,     12.12.2014 03:11:17,     -1.05,     -2.01,     269,     2,     5.1,     8.2,     3.4,     81.3,     994.8,     336.22,     254.3,     88,     -178,     12.429,     3.73,     87.1
20,     12.12.2014 03:21:17,     -1.05,     0,     257,     3,     5,     8.7,     3.5,     81.5,     994.7,     336.22,     255.9,     87.4,     -177.4
21,     12.12.2014 03:31:17,     -2.1,     -4.02,     253,     1.9,     5.7,     9.8,     3.7,     81.1,     994.6,     336.22,     254.6,     87.8,     -177.8
22,     12.12.2014 03:41:17,     -1.05,     0,     249,     3.1,     5.7,     10,     3.7,     81.3,     994.5,     336.22,     74.4,     88.2,     -1.7
23,     12.12.2014 03:51:17,     -2.1,     -2.01,     249,     3.1,     5.7,     10.4,     3.8,     81.4,     994.2,     336.22,     75.5,     87.5,     -2.3
24,     12.12.2014 04:01:17,     -2.1,     -2.01,     253,     2.2,     5.1,     8.5,     3.8,     81.7,     994.4,     336.22,     253.1,     88.3,     -178.2
25,     12.12.2014 04:11:16,     -2.1,     -4.02,     247,     2.9,     5.2,     8.9,     3.9,     81.2,     994.1,     336.22,     74.8,     87.4,     -2.5,     13.818,     4.13,     87.0
26,     12.12.2014 04:21:16,     -2.1,     -2.01,     245,     1.9,     5.1,     9.3,     3.9,     82.2,     993.9,     336.22,     254.9,     88,     -178
27,     12.12.2014 04:31:16,     -1.05,     2.01,     249,     2.6,     5,     7.8,     3.9,     81.9,     993.8,     336.22,     255.2,     88.1,     -178.1
28,     12.12.2014 04:41:16,     -2.1,     -2.01,     250,     2.9,     4.8,     8.7,     4,     82,     993.9,     336.22,     75.5,     87.9,     -2
29,     12.12.2014 04:51:16,     -2.1,     0,     253,     1.7,     4.9,     8.2,     4.1,     81.5,     994,     336.22,     74.2,     87.9,     -1.9
30,     12.12.2014 05:01:16,     -2.1,     -2.01,     254,     2.5,     5,     7.9,     4.1,     81.6,     993.9,     336.22,     254.6,     87.5,     -177.5
31,     12.12.2014 05:11:16,     -2.1,     0,     252,     3,     5.7,     10.2,     4.2,     80.9,     993.7,     336.22,     255.3,     88.1,     -178.1,     12.789,     4.39,     86.9
32,     12.12.2014 05:21:16,     -3.15,     -2.01,     251,     3.7,     6.7,     11,     4.4,     81,     993.7,     336.24,     76.7,     88.1,     -1.8
33,     12.12.2014 05:31:16,     -2.1,     0,     248,     3.3,     6.4,     10.2,     4.4,     81.9,     993.8,     336.31,     257.4,     87,     -177.2
34,     12.12.2014 05:41:16,     -3.15,     -2.01,     252,     3,     6,     10.4,     4.3,     82.6,     993.6,     336.35,     255.2,     87.5,     -177.5
35,     12.12.2014 05:51:16,     -2.1,     0,     247,     2.8,     5.4,     8.3,     4.3,     82.5,     993.5,     336.35,     75,     87.7,     -2.2
36,     12.12.2014 06:01:16,     -2.1,     -2.01,     250,     2.8,     6,     10.1,     4.4,     81.6,     993.5,     336.35,     75.4,     88.3,     -1.5
37,     12.12.2014 06:11:16,     -3.15,     -2.01,     248,     3.4,     6.6,     10.3,     4.4,     80.8,     993.3,     336.35,     75.9,     88.2,     -1.7,     12.671,     4.51,     87.0
38,     12.12.2014 06:21:16,     -3.15,     -2.01,     251,     3.3,     6.2,     10.6,     4.3,     81.9,     993.3,     336.41,     75.3,     88.4,     -1.5
39,     12.12.2014 06:31:16,     -2.1,     -2.01,     252,     3.2,     5.3,     8.5,     4.1,     83.2,     993.2,     336.46,     74.8,     88.1,     -1.8
40,     12.12.2014 06:41:16,     -2.1,     0,     241,     1.9,     5.3,     8.7,     3.9,     84.4,     993.1,     336.48,     254.9,     87.9,     -177.9
41,     12.12.2014 06:51:16,     -1.05,     -2.01,     238,     3.4,     5,     7.8,     3.8,     85.8,     993,     336.49,     255.3,     88.2,     -178.2
42,     12.12.2014 07:01:16,     -2.1,     -2.01,     239,     2.7,     5,     7.6,     3.7,     86.6,     992.8,     336.49,     255.6,     88.1,     -178.1
43,     12.12.2014 07:11:16,     -1.05,     -2.01,     234,     3,     5.2,     7.5,     3.6,     86.7,     992.6,     336.5,     255.1,     87.9,     -177.8,     12.592,     4.39,     87.0
44,     12.12.2014 07:21:16,     -2.1,     -2.01,     230,     2.1,     4.9,     7.7,     3.4,     86.7,     992.3,     336.52,     74.8,     87.9,     -2
45,     12.12.2014 07:31:16,     -1.05,     0,     225,     2.7,     4.5,     7.3,     3.3,     87.3,     992.2,     336.52,     254.5,     88.2,     -178.2
46,     12.12.2014 07:41:16,     0,     0,     225,     2.9,     5.1,     8.1,     3.2,     87.7,     992,     336.53,     75.6,     88,     -1.9
47,     12.12.2014 07:51:16,     -2.1,     -2.01,     221,     2.2,     4.8,     7,     3.1,     87.7,     991.9,     336.59,     254.3,     88,     -178
48,     12.12.2014 08:01:16,     -1.05,     0,     216,     3,     4.5,     6.4,     3,     88.2,     991.7,     336.67,     253.9,     88,     -178
49,     12.12.2014 08:11:16,     -1.05,     0,     212,     2.8,     4.5,     6.5,     3,     88.7,     991.4,     336.69,     253.1,     87.8,     -177.7,     12.558,     3.99,     87.1
50,     12.12.2014 08:21:16,     -1.05,     2.01,     208,     3.2,     4.8,     7.7,     3,     89.1,     991.3,     336.75,     254.4,     87.8,     -177.7
51,     12.12.2014 08:31:16,     1.05,     2.01,     208,     3.2,     5.4,     8,     3.1,     89.6,     991.1,     336.87,     74.3,     87.9,     -2
52,     12.12.2014 08:41:16,     1.05,     4.02,     209,     3.1,     5.3,     8.4,     3.1,     89.8,     991.1,     336.88,     253.8,     87.9,     -177.9
53,     12.12.2014 08:51:16,     6.3,     12.06,     220,     2.8,     4.4,     6.4,     3.3,     90.3,     991,     336.9,     74.3,     88,     -1.8
54,     12.12.2014 09:01:16,     10.5,     24.12,     218,     2.8,     5,     7.9,     3.6,     90.1,     990.9,     336.9,     76.4,     88.1,     -1.8
55,     12.12.2014 09:11:16,     10.5,     22.11,     217,     2.9,     5.5,     8.6,     3.9,     89.6,     990.5,     336.91,     253.4,     87.8,     -177.8,     12.522,     3.99,     87.2
56,     12.12.2014 09:21:16,     13.65,     30.15,     223,     1.8,     5,     9.5,     4.2,     89.1,     990.4,     336.92,     75.4,     88.3,     -1.6
57,     12.12.2014 09:31:16,     21,     44.22,     237,     0.8,     3.2,     7.1,     4.4,     88.9,     990.2,     336.92,     254.4,     87.9,     -177.8
58,     12.12.2014 09:41:16,     13.65,     30.15,     0,     0,     0,     0,     4.6,     88.6,     990,     336.96,     255.8,     88,     -178.1
59,     12.12.2014 09:51:16,     21,     44.22,     242,     0.4,     4.2,     8.1,     4.9,     88.2,     989.8,     337.02,     76.1,     88.4,     -1.5
60,     12.12.2014 10:01:16,     24.15,     52.26,     231,     3.4,     5.4,     7.8,     5.1,     87.8,     989.6,     337.04,     255.9,     88.2,     -178.2
61,     12.12.2014 10:11:17,     49.35,     100.5,     232,     2.6,     5.9,     9.9,     5.3,     87.3,     989.5,     337.04,     74.6,     88,     -1.9,     12.713,     4.95,     87.0
62,     12.12.2014 10:21:17,     36.75,     76.38,     232,     3.6,     5.8,     8.5,     5.3,     87.4,     989.3,     337.04,     76.4,     87.9,     -2
63,     12.12.2014 10:31:17,     53.55,     104.52,     229,     3.8,     5.8,     9.3,     5.4,     87.2,     989.1,     337.04,     75,     88.1,     -1.8
64,     12.12.2014 10:41:17,     35.7,     76.38,     229,     3.4,     5.9,     8.4,     5.5,     86.5,     988.8,     337.04,     75.8,     88.4,     -1.5
65,     12.12.2014 10:51:17,     29.4,     62.31,     227,     2.9,     5.6,     8.6,     5.6,     86.1,     988.5,     337.04,     75.4,     87.7,     -2.1
66,     12.12.2014 11:01:17,     55.65,     114.57,     227,     3.7,     5.8,     9.8,     5.6,     85.7,     988.2,     337.04,     75,     87.6,     -2.3
67,     12.12.2014 11:11:17,     54.6,     112.56,     225,     3.6,     5.8,     9.3,     5.7,     85.2,     988,     337.04,     255.6,     88,     -178,     12.925,     5.87,     86.7
68,     12.12.2014 11:21:17,     67.2,     132.66,     224,     3.1,     6,     9.9,     5.8,     84.7,     987.6,     337.04,     255.8,     87.4,     -177.3
69,     12.12.2014 11:31:17,     53.55,     108.54,     227,     3.3,     6.2,     9.9,     6,     83.6,     987.2,     337.04,     74.9,     87.9,     -2
70,     12.12.2014 11:41:17,     60.9,     122.61,     224,     3.5,     6.9,     11.6,     6.1,     83.4,     986.9,     337.04,     75.8,     87.9,     -1.9
71,     12.12.2014 11:51:17,     60.9,     124.62,     221,     3.7,     7,     10.2,     6.2,     83.6,     986.6,     337.04,     257.1,     88,     -178
72,     12.12.2014 12:01:17,     60.9,     124.62,     223,     4,     7.1,     11.6,     6.2,     84,     986.4,     337.04,     77.6,     88,     -1.9
73,     12.12.2014 12:11:16,     51.45,     112.56,     225,     3.9,     6.8,     11.6,     6.2,     84.3,     986.2,     337.04,     254.1,     87.3,     -177.4,     12.707,     6.57,     86.5
74,     12.12.2014 12:21:16,     34.65,     78.39,     225,     4.2,     7.1,     12.1,     6.3,     83.9,     985.8,     337.07,     256.2,     87.1,     -177.1
75,     12.12.2014 12:31:16,     19.95,     48.24,     227,     4.2,     7.3,     11.4,     6.3,     84.5,     985.8,     337.17,     76.4,     87.7,     -2.2
76,     12.12.2014 12:41:16,     14.7,     36.18,     228,     3.9,     7.2,     10.9,     6.3,     84.6,     985.4,     337.37,     77.3,     88.4,     -1
77,     12.12.2014 12:51:16,     11.55,     28.14,     228,     4.3,     7.4,     11.2,     6.3,     84.8,     985.2,     337.51,     255.9,     86.9,     -176.9
78,     12.12.2014 13:01:16,     12.6,     32.16,     223,     4,     7.1,     12.3,     6.4,     84.9,     984.8,     337.62,     257.1,     88.9,     -178.9
79,     12.12.2014 13:11:16,     10.5,     26.13,     223,     4.2,     8,     12.7,     6.4,     84.6,     984.6,     337.75,     76.7,     87.4,     -2.5,     12.501,     6.62,     86.5
80,     12.12.2014 13:21:16,     10.5,     28.14,     225,     4.2,     7.8,     11.9,     6.4,     84.9,     984.3,     337.98,     255.4,     87.2,     -177.3
81,     12.12.2014 13:31:16,     10.5,     26.13,     224,     3.9,     7.4,     14.8,     6.4,     85.1,     984,     338.33,     77,     86.8,     -3.1
82,     12.12.2014 13:41:16,     13.65,     34.17,     226,     3.9,     7.8,     12.9,     6.4,     85.1,     983.8,     338.47,     256,     88.5,     -178.6
83,     12.12.2014 13:51:16,     15.75,     38.19,     231,     4.5,     7.9,     12,     6.6,     84.8,     983.8,     338.61,     257.7,     88.3,     -178.5
84,     12.12.2014 14:01:16,     13.65,     30.15,     235,     4.7,     8.3,     12.1,     6.6,     84.8,     983.6,     338.79,     78.1,     88.2,     -1.7
85,     12.12.2014 14:11:16,     11.55,     28.14,     232,     4.6,     8.3,     13.6,     6.6,     84.8,     983.5,     338.82,     256.3,     87.5,     -177.7,     12.516,     6.70,     86.6
86,     12.12.2014 14:21:16,     12.6,     28.14,     236,     2.5,     8,     12.2,     6.7,     84.6,     983.4,     338.83,     78.2,     87.7,     -2.1
87,     12.12.2014 14:31:16,     9.45,     22.11,     233,     4,     7.8,     11.1,     6.7,     84.5,     983.2,     338.86,     257.8,     88.7,     -178.7
88,     12.12.2014 14:41:16,     7.35,     18.09,     234,     3.7,     8.3,     12.8,     6.9,     83.5,     983,     338.92,     75.8,     87.6,     -2
89,     12.12.2014 14:51:16,     4.2,     10.05,     235,     5,     7.5,     12.6,     6.9,     83.5,     983,     338.92,     255,     87.2,     -177.6
90,     12.12.2014 15:01:16,     5.25,     10.05,     236,     4.4,     7.8,     12.3,     7.1,     82.5,     983,     338.92,     256.4,     88.6,     -178.7
91,     12.12.2014 15:11:16,     3.15,     8.04,     240,     3.7,     7,     11.3,     7.3,     81.5,     982.7,     338.92,     78,     86.9,     -2.8,     12.440,     6.97,     86.6
92,     12.12.2014 15:21:16,     2.1,     6.03,     243,     3.6,     7.3,     12.7,     7.6,     79.8,     982.2,     338.92,     256.2,     86,     -176.8
93,     12.12.2014 15:31:16,     0,     4.02,     245,     3.4,     7.7,     13.8,     7.8,     78.7,     982.5,     338.92,     76.2,     88.3,     -1.3
94,     12.12.2014 15:41:16,     -1.05,     0,     248,     3.3,     8.5,     14,     8,     77.6,     982.5,     338.92,     255.7,     87.4,     -177.4
95,     12.12.2014 15:51:16,     -1.05,     0,     244,     4.5,     9.4,     15.5,     8.3,     76.4,     982.8,     338.92,     257.8,     88,     -178.3
96,     12.12.2014 16:01:16,     -1.05,     -2.01,     245,     4.6,     9.5,     15.3,     8.3,     76.5,     982.7,     338.92,     78.9,     87.3,     -2.4
97,     12.12.2014 16:11:16,     -3.15,     0,     250,     3.4,     8.6,     14.2,     8.4,     76.5,     982.7,     338.92,     258.3,     87.6,     -177.8,     12.444,     7.91,     86.2
98,     12.12.2014 16:21:16,     -4.2,     0,     251,     4.1,     8,     13.6,     8.4,     76,     982.6,     338.92,     79.7,     85.9,     -2.9
99,     12.12.2014 16:31:16,     -4.2,     -4.02,     253,     3.4,     8.1,     13.6,     8.5,     75.7,     982.8,     338.92,     77.5,     86.9,     -2.5
100,     12.12.2014 16:41:16,     -2.1,     2.01,     253,     4.5,     8.7,     15.2,     8.5,     75.5,     982.4,     338.92,     256.2,     88.3,     -178.3
101,     12.12.2014 16:51:16,     -3.15,     -2.01,     253,     5.3,     8.9,     14,     8.5,     76,     982.5,     338.92,     78.4,     85.6,     -2.9
102,     12.12.2014 17:01:16,     -4.2,     0,     254,     3.8,     8.8,     15.2,     8.5,     76.6,     982.6,     338.92,     76.1,     86.8,     -3
103,     12.12.2014 17:11:17,     -2.1,     -2.01,     258,     2.9,     8.4,     13.2,     8.1,     80.1,     982.7,     338.95,     77.2,     87.7,     -0.4,     12.435,     8.38,     86.0
104,     12.12.2014 17:21:17,     -1.05,     0,     258,     3.9,     7.5,     12.8,     8,     81.2,     982.6,     338.95,     77.6,     87.7,     -2.1
105,     12.12.2014 17:31:17,     -2.1,     -2.01,     253,     4.3,     8.1,     11.9,     7.9,     82.6,     982.7,     338.95,     76.5,     88.3,     -1.4
106,     12.12.2014 17:41:17,     -1.05,     -2.01,     256,     3.3,     7.5,     11.1,     7.6,     85.5,     983,     339.16,     255.7,     87.2,     -177.2
107,     12.12.2014 17:51:17,     -2.1,     -2.01,     259,     2.5,     7,     12.1,     7.5,     85.9,     982.9,     339.43,     75.2,     87,     -2.3
108,     12.12.2014 18:01:17,     -1.05,     0,     260,     2.7,     6.3,     9.6,     7.4,     86.9,     982.9,     339.63,     75.5,     88,     -1.9
109,     12.12.2014 18:11:16,     -2.1,     0,     253,     3,     6.6,     11.6,     7.4,     87.1,     982.6,     339.63,     256.9,     87.3,     -177.3,     12.438,     7.86,     86.2
110,     12.12.2014 18:21:16,     -1.05,     0,     252,     3.8,     6.7,     11.8,     7.4,     86.7,     982.8,     339.63,     256.6,     88.7,     -178.8
111,     12.12.2014 18:31:16,     -2.1,     -2.01,     253,     3,     6.5,     10.5,     7.5,     86.8,     982.8,     339.65,     257.1,     87.6,     -177.5
112,     12.12.2014 18:41:16,     -2.1,     -2.01,     250,     2.9,     6.3,     11.4,     7.5,     86.5,     982.6,     339.65,     75.5,     88.3,     -1.6
113,     12.12.2014 18:51:16,     -1.05,     0,     248,     3.3,     5.9,     9.4,     7.5,     87.2,     982.6,     339.7,     76.1,     87.8,     -2.1
114,     12.12.2014 19:01:16,     -1.05,     0,     250,     3.8,     6.9,     10.2,     7.6,     86.7,     982.7,     339.79,     75.7,     87.7,     -2.2
115,     12.12.2014 19:11:16,     -1.05,     -2.01,     257,     2.4,     6.6,     11.7,     7.7,     85.7,     982.8,     339.89,     76.3,     89,     -0.9,     12.421,     7.67,     86.4
116,     12.12.2014 19:21:16,     -1.05,     -2.01,     289,     3.2,     7.3,     15.8,     7.7,     81.4,     983.3,     341.09,     255,     88.2,     -178.6
117,     12.12.2014 19:31:16,     -2.1,     -2.01,     293,     2.6,     8.8,     15.4,     7.4,     81,     983.4,     341.76,     255.1,     88,     -178.2
118,     12.12.2014 19:41:16,     -2.1,     -2.01,     293,     3.1,     8.8,     17,     7.1,     79.7,     983.5,     342.47,     255,     88.4,     -178.7
119,     12.12.2014 19:51:16,     -1.05,     -2.01,     288,     3.1,     9.5,     14.3,     7.1,     78,     983.4,     342.62,     76,     87,     -2.2
120,     12.12.2014 20:01:16,     -1.05,     -2.01,     288,     3,     6.5,     10.6,     6.8,     80.2,     983.8,     342.76,     75.2,     87.9,     -2
121,     12.12.2014 20:11:17,     -1.05,     -2.01,     285,     3.7,     7.1,     12.7,     6.8,     80.4,     983.9,     342.87,     75.1,     88.1,     -1.7,     12.414,     7.10,     86.5
122,     12.12.2014 20:21:17,     -2.1,     -2.01,     279,     3.7,     7.1,     12.9,     6.7,     80.6,     983.5,     343.05,     77.2,     86.3,     -3.6
123,     12.12.2014 20:31:17,     -2.1,     -2.01,     280,     2.8,     6.3,     12.3,     6.5,     82,     984,     343.07,     73.8,     87.3,     -2.4
124,     12.12.2014 20:41:17,     -2.1,     -2.01,     281,     3.2,     5.8,     10.3,     6.4,     83,     984.2,     343.18,     74.3,     88.5,     -1.3
125,     12.12.2014 20:51:17,     -2.1,     0,     274,     3.1,     5.7,     10.5,     6.3,     83.4,     984.3,     343.23,     74.5,     87.7,     -2.3
126,     12.12.2014 21:01:17,     0,     0,     267,     2.2,     6.4,     10.9,     6.2,     84,     984.5,     343.31,     255.3,     87.9,     -178
127,     12.12.2014 21:11:17,     -2.1,     0,     263,     3.1,     6.7,     11.6,     6.2,     84.1,     984.6,     343.37,     76.9,     88.2,     -1.7,     12.425,     6.57,     86.6
128,     12.12.2014 21:21:17,     -2.1,     0,     273,     2.3,     6.7,     10.9,     6.3,     83.8,     984.8,     343.37,     76.1,     88,     -1.9
129,     12.12.2014 21:31:17,     -2.1,     -4.02,     268,     4,     6.8,     10.4,     6.2,     84.4,     985,     343.37,     255.5,     87.6,     -177.6
130,     12.12.2014 21:41:17,     -2.1,     -2.01,     269,     2.6,     6.1,     10.8,     6.2,     84.9,     985.2,     343.37,     256,     87.7,     -177.7
131,     12.12.2014 21:51:17,     -2.1,     -4.02,     273,     3.9,     7.2,     10.9,     6.3,     84.4,     985.4,     343.39,     77.8,     87.9,     -2
132,     12.12.2014 22:01:17,     -1.05,     0,     270,     2.2,     6.6,     14.6,     6.3,     85,     985.6,     343.4,     75.3,     87.7,     -2.2
133,     12.12.2014 22:11:17,     -1.05,     -2.01,     271,     2.2,     5.1,     7.8,     6.2,     86,     985.8,     343.4,     75,     88.1,     -1.8,     12.408,     6.40,     86.7
134,     12.12.2014 22:21:17,     -2.1,     -2.01,     273,     3,     5.3,     9.7,     6.2,     85.5,     985.9,     343.4,     75.4,     87.9,     -2
135,     12.12.2014 22:31:17,     -2.1,     -2.01,     282,     1.9,     5.1,     9.6,     6.2,     85.5,     986.3,     343.41,     253.3,     88.1,     -178.1
136,     12.12.2014 22:41:17,     -2.1,     -2.01,     281,     1.9,     3.9,     7.8,     6.1,     85.7,     986.4,     343.42,     253.4,     87.9,     -177.9
137,     12.12.2014 22:51:17,     -2.1,     0,     281,     1.7,     4.1,     7.1,     6.1,     86.2,     986.7,     343.64,     254.8,     88,     -178
138,     12.12.2014 23:01:17,     -2.1,     0,     305,     2.5,     5.6,     11.6,     5.9,     85.1,     987.1,     343.84,     253.9,     87.8,     -177.8
139,     12.12.2014 23:11:16,     0,     0,     305,     1.6,     4.7,     10.4,     5.6,     82.4,     987.2,     343.87,     74.6,     88,     -1.8,     12.408,     6.30,     86.6
140,     12.12.2014 23:21:16,     -1.05,     -2.01,     308,     1.2,     4.3,     8.7,     5.7,     84.4,     987.6,     343.89,     253.6,     87.9,     -177.9
141,     12.12.2014 23:31:16,     -2.1,     -2.01,     307,     0.5,     4.8,     8.6,     5.7,     82.4,     987.6,     343.89,     74,     87.9,     -2
142,     12.12.2014 23:41:16,     -2.1,     -2.01,     309,     1.2,     4.8,     8.9,     5.7,     81.2,     987.9,     343.89,     255.6,     87.8,     -177.8
143,     12.12.2014 23:51:16,     -2.1,     -2.01,     308,     2,     5.4,     9.9,     5.6,     80.9,     987.9,     343.89,     254.4,     87.6,     -177.6
144,     13.12.2014 00:01:16,     -2.1,     0,     301,     2.4,     5,     9.6,     5.3,     82.6,     988.1,     343.89,     254.7,     87.9,     -177.9,     12.319,     5.73,     86.8