Logger: #D10248 'TSK_Meteo' - USP_EXP2 (V2.10, Jan 24 2012)
No,     Time,     #1:W/m²:0,     #2:ÂµMol:(do.),     #5:deg:2,     #6:m/sMIN:(do.),     #7:m/sMIT:(do.),     #8:m/sMAX:(do.),     #9:Â°C:(do.),     #10:%:(do.),     #11:hPa:(do.),     #12:mm:(do.),     #14:AZ:3,     #15:EL:(do.),     #16:Roll:(do.),     #HK-Bat:V,     #HK-Temp:oC,     #HK-rH:%
(GSM Transfer OK / Signal:17)
1,     10.09.2014 00:11:17,     -2.1,     -2.01,     314,     0.5,     3,     5.8,     14.3,     82.9,     1008.2,     261.79,     254,     88,     -178.1,     12.482,     15.18,     69.3
2,     10.09.2014 00:21:17,     -3.15,     -4.02,     311,     1.3,     3.7,     7.7,     14.2,     83.1,     1008.2,     261.79,     255,     87.9,     -177.9
3,     10.09.2014 00:31:17,     -2.1,     0,     311,     1.1,     3.1,     6,     14.2,     83.6,     1008.2,     261.79,     253.8,     87.8,     -178
4,     10.09.2014 00:41:17,     -1.05,     -2.01,     313,     1.1,     3.2,     6,     14.2,     82.6,     1008.1,     261.79,     254.4,     88,     -178
5,     10.09.2014 00:51:17,     -2.1,     -2.01,     306,     1.6,     3.6,     6,     14.2,     82.9,     1008.1,     261.79,     253.9,     87.9,     -178
6,     10.09.2014 01:01:17,     -2.1,     -2.01,     311,     1,     3,     6.1,     14.2,     82.7,     1008.1,     261.79,     253.8,     88,     -178
7,     10.09.2014 01:11:23,     -3.15,     -2.01,     311,     1,     3.3,     7.1,     14.1,     82.9,     1008,     261.79,     254.4,     88,     -178,     12.516,     14.68,     70.5
8,     10.09.2014 01:21:23,     -2.1,     -2.01,     309,     1.1,     3.4,     6.3,     14.1,     82.4,     1008,     261.79,     254.5,     88.1,     -178.1
9,     10.09.2014 01:31:23,     -1.05,     -2.01,     313,     1.5,     3.2,     6.6,     14,     82.6,     1008,     261.79,     253.6,     88,     -178
10,     10.09.2014 01:41:23,     -2.1,     -2.01,     307,     0.6,     3.3,     7.1,     14,     82.9,     1007.9,     261.79,     255,     88.1,     -178.1
11,     10.09.2014 01:51:23,     -1.05,     0,     313,     1.1,     2.8,     5.5,     13.9,     83.4,     1008,     261.79,     253.6,     88,     -178
12,     10.09.2014 02:01:23,     -2.1,     -4.02,     311,     1.1,     3.4,     6.7,     13.9,     82.7,     1007.9,     261.79,     254.1,     87.9,     -178
13,     10.09.2014 02:11:16,     -1.05,     -2.01,     310,     1.4,     3.6,     6.6,     13.9,     82.6,     1007.7,     261.79,     253.8,     88,     -178,     12.482,     14.51,     70.6
14,     10.09.2014 02:21:16,     -2.1,     0,     309,     0.9,     3.1,     5.8,     13.9,     82.6,     1007.7,     261.79,     254,     88,     -178
15,     10.09.2014 02:31:16,     -2.1,     -4.02,     314,     1,     3.1,     4.8,     14,     83,     1007.8,     261.79,     253.9,     87.9,     -178
16,     10.09.2014 02:41:16,     -3.15,     -4.02,     323,     0.6,     2.5,     6.7,     13.9,     82.5,     1007.8,     261.79,     253.8,     88,     -178
17,     10.09.2014 02:51:16,     -1.05,     0,     318,     0.4,     3.2,     6.1,     14,     82.6,     1007.8,     261.79,     253.5,     88,     -178
18,     10.09.2014 03:01:16,     -1.05,     -2.01,     327,     0.6,     3.3,     6.5,     14,     82,     1007.8,     261.79,     254,     88,     -178
19,     10.09.2014 03:11:17,     -2.1,     0,     321,     0.9,     2.7,     5.1,     14,     82.3,     1007.8,     261.79,     253.9,     87.8,     -177.8,     12.444,     14.49,     70.5
20,     10.09.2014 03:21:17,     -1.05,     -2.01,     317,     1,     3.1,     6,     14,     82,     1007.7,     261.79,     253.1,     88,     -178.1
21,     10.09.2014 03:31:17,     -3.15,     -2.01,     310,     0.7,     3.5,     7,     13.9,     82.8,     1007.5,     261.79,     254,     88,     -178
22,     10.09.2014 03:41:17,     -3.15,     -2.01,     305,     2.1,     4.3,     7.6,     13.9,     83.2,     1007.5,     261.79,     254.2,     87.9,     -177.9
23,     10.09.2014 03:51:17,     -1.05,     -2.01,     300,     1.5,     3.9,     6,     13.9,     82.8,     1007.5,     261.79,     254,     87.9,     -177.9
24,     10.09.2014 04:01:17,     -2.1,     -2.01,     308,     1.3,     3.1,     5.3,     13.9,     83.3,     1007.6,     261.79,     253.8,     88,     -178
25,     10.09.2014 04:11:23,     -2.1,     -2.01,     317,     1.2,     2.9,     5.5,     13.9,     82.6,     1007.7,     261.79,     253.8,     87.9,     -178,     12.414,     14.45,     70.5
26,     10.09.2014 04:21:23,     -2.1,     0,     312,     1.3,     3.3,     6.1,     13.9,     82.4,     1007.6,     261.79,     253.9,     88,     -177.9
27,     10.09.2014 04:31:23,     -2.1,     -2.01,     313,     1.8,     3.8,     6.9,     13.9,     81.5,     1007.6,     261.79,     253.7,     87.8,     -177.8
28,     10.09.2014 04:41:23,     -2.1,     -4.02,     319,     1.1,     3.1,     6.3,     13.9,     82.3,     1007.5,     261.79,     254.1,     87.9,     -177.9
29,     10.09.2014 04:51:23,     -2.1,     -4.02,     311,     1.6,     3.4,     6.7,     13.9,     81.6,     1007.4,     261.79,     253.9,     88.1,     -178.1
30,     10.09.2014 05:01:23,     -2.1,     -2.01,     315,     1.1,     2.5,     4.2,     13.9,     82.4,     1007.4,     261.79,     254.6,     88,     -178
31,     10.09.2014 05:11:22,     -2.1,     -2.01,     319,     1,     3.3,     5.4,     13.8,     81.8,     1007.4,     261.79,     254,     87.9,     -177.9,     12.389,     14.44,     70.5
32,     10.09.2014 05:21:22,     -3.15,     -2.01,     320,     1.3,     3.6,     6.4,     13.8,     82.4,     1007.4,     261.79,     253.4,     88.1,     -178.1
33,     10.09.2014 05:31:22,     -3.15,     2.01,     314,     1,     3.3,     6.7,     13.7,     83.5,     1007.3,     261.79,     253.9,     88.1,     -178.1
34,     10.09.2014 05:41:22,     -2.1,     2.01,     319,     1.4,     3,     5.4,     13.6,     84.8,     1007.3,     261.79,     253.5,     88,     -178
35,     10.09.2014 05:51:22,     -1.05,     6.03,     321,     1.3,     3,     5.8,     13.5,     84.3,     1007.3,     261.79,     253.4,     88.1,     -178.1
36,     10.09.2014 06:01:22,     2.1,     10.05,     318,     0.7,     2.7,     4.8,     13.6,     84.8,     1007.3,     261.79,     253.9,     87.9,     -177.9
37,     10.09.2014 06:11:21,     2.1,     10.05,     321,     1.8,     3.6,     6.7,     13.7,     83.4,     1007.3,     261.79,     253.9,     87.9,     -177.9,     12.351,     14.17,     70.6
38,     10.09.2014 06:21:21,     3.15,     12.06,     319,     1.4,     3.1,     6.3,     13.7,     83.9,     1007.4,     261.79,     253.9,     88,     -178
39,     10.09.2014 06:31:21,     5.25,     14.07,     320,     1.4,     3.6,     6.9,     13.7,     82.8,     1007.4,     261.79,     253.7,     88.1,     -178.1
40,     10.09.2014 06:41:21,     15.75,     38.19,     319,     0.7,     3.2,     6.9,     13.8,     83.5,     1007.4,     261.79,     253.9,     88,     -178
41,     10.09.2014 06:51:21,     13.65,     30.15,     318,     1.4,     3.1,     5.9,     13.8,     83.6,     1007.3,     261.79,     254.1,     88.1,     -178.1
42,     10.09.2014 07:01:21,     21,     46.23,     326,     0.9,     3.1,     5.9,     13.8,     83.1,     1007.3,     261.79,     253.6,     88,     -178
43,     10.09.2014 07:11:17,     7.35,     20.1,     328,     1.4,     3.3,     6.1,     13.9,     84.2,     1007.4,     261.79,     253.5,     87.9,     -178,     12.404,     14.42,     70.6
44,     10.09.2014 07:21:17,     8.4,     24.12,     334,     0.7,     3.2,     5.2,     13.9,     84.6,     1007.3,     261.81,     253.6,     87.7,     -177.8
45,     10.09.2014 07:31:17,     14.7,     42.21,     337,     1.3,     3.1,     4.9,     13.8,     85.7,     1007.4,     261.9,     253.2,     87.8,     -177.9
46,     10.09.2014 07:41:17,     47.25,     104.52,     342,     1.2,     3.2,     5.7,     13.6,     86.7,     1007.5,     261.95,     253.9,     88,     -178
47,     10.09.2014 07:51:17,     48.3,     102.51,     337,     1.5,     3.2,     6.4,     13.6,     88.3,     1007.6,     261.96,     254.1,     87.9,     -177.9
48,     10.09.2014 08:01:17,     80.85,     170.85,     328,     1.3,     3.2,     6,     13.5,     88.7,     1007.6,     261.96,     254.1,     88,     -178
49,     10.09.2014 08:11:22,     106.05,     223.11,     331,     1.4,     3.1,     4.9,     13.5,     89,     1007.7,     261.96,     253.7,     88,     -178,     12.978,     14.49,     70.6
50,     10.09.2014 08:21:22,     120.75,     247.23,     324,     1.2,     2.6,     5.8,     13.7,     88.8,     1007.7,     261.96,     253.7,     87.9,     -177.9
51,     10.09.2014 08:31:22,     245.7,     488.43,     327,     1.1,     2.5,     3.9,     13.8,     88.5,     1007.7,     261.96,     254.1,     88,     -178
52,     10.09.2014 08:41:22,     212.1,     432.15,     330,     1.2,     2.6,     4.4,     14.1,     87.5,     1007.8,     261.96,     253.9,     88.1,     -178.1
53,     10.09.2014 08:51:22,     141.75,     291.45,     331,     1.1,     2.5,     4,     14.3,     87.6,     1007.9,     261.96,     253.7,     88.1,     -178.1
54,     10.09.2014 09:01:22,     207.9,     418.08,     336,     1,     2.3,     4.1,     14.3,     86.8,     1007.9,     261.96,     253.7,     87.9,     -177.9
55,     10.09.2014 09:11:16,     366.45,     586.92,     346,     1.5,     2.7,     4.9,     14.5,     85.8,     1007.9,     261.96,     253.7,     87.8,     -177.8,     13.474,     16.56,     70.2
56,     10.09.2014 09:21:16,     510.3,     948.72,     357,     1.2,     3,     4.6,     14.8,     85,     1008.1,     261.96,     253.7,     88.3,     -178.3
57,     10.09.2014 09:31:16,     531.3,     956.76,     359,     1.7,     3.3,     5.2,     15.1,     82.8,     1008,     261.96,     253.9,     87.9,     -177.9
58,     10.09.2014 09:41:16,     333.9,     948.72,     357,     2,     4,     6.8,     15.4,     78.9,     1008,     261.96,     253.7,     88.5,     -178.5
59,     10.09.2014 09:51:16,     337.05,     645.21,     1,     1.4,     3.6,     7.4,     15.7,     77.5,     1007.9,     261.96,     74.3,     87.4,     -2.6
60,     10.09.2014 10:01:16,     226.8,     456.27,     339,     1.4,     3.2,     5.2,     15.5,     79.2,     1007.9,     261.96,     253.7,     88,     -178
61,     10.09.2014 10:11:16,     666.75,     1376.85,     344,     1.6,     2.8,     4.6,     15.7,     79.9,     1007.8,     261.96,     253.9,     87.9,     -177.9,     13.273,     19.55,     69.0
62,     10.09.2014 10:21:16,     80.85,     162.81,     342,     1.8,     3.5,     6.2,     15.8,     78.3,     1007.8,     261.96,     254.2,     88.2,     -178.2
63,     10.09.2014 10:31:16,     90.3,     192.96,     339,     2.1,     4.1,     6.9,     15.4,     81.3,     1007.9,     261.96,     74.3,     87.9,     -2
64,     10.09.2014 10:41:16,     666.75,     1290.42,     344,     1.6,     3.1,     5.9,     15.7,     79.8,     1007.8,     261.96,     253.8,     87.9,     -178
65,     10.09.2014 10:51:16,     151.2,     327.63,     359,     1.2,     3.7,     7.9,     16.5,     69.1,     1007.8,     261.96,     253.3,     88,     -178
66,     10.09.2014 11:01:16,     727.65,     1402.98,     28,     2.7,     5.2,     7.9,     16.7,     66.6,     1007.8,     261.96,     254,     88.8,     -178.8
67,     10.09.2014 11:11:16,     237.3,     504.51,     6,     2.7,     4.5,     6.7,     16.8,     67.3,     1007.7,     261.96,     253.9,     87.5,     -177.5,     13.150,     20.11,     68.8
68,     10.09.2014 11:21:16,     683.55,     1334.64,     16,     2.5,     5.2,     8.9,     16.8,     66,     1007.7,     261.96,     73.2,     88,     -1.9
69,     10.09.2014 11:31:16,     704.55,     1378.86,     13,     3.7,     6.1,     9.3,     17,     61.2,     1007.6,     261.96,     253.9,     86.3,     -176.4
70,     10.09.2014 11:41:16,     217.35,     428.13,     13,     3,     5.2,     8,     17.3,     65.1,     1007.6,     261.96,     253.3,     89.1,     -179.2
71,     10.09.2014 11:51:16,     448.35,     890.43,     9,     2.3,     4.8,     9.2,     17,     61.5,     1007.5,     261.96,     74,     87.9,     -2
72,     10.09.2014 12:01:16,     149.1,     295.47,     2,     2.5,     4.7,     8.3,     17.2,     62.7,     1007.5,     261.96,     72.5,     88.7,     -1.2
73,     10.09.2014 12:11:27,     321.3,     667.32,     15,     3.5,     6,     9.3,     16.8,     58.4,     1007.5,     261.96,     253.3,     86.6,     -176.7,     13.447,     20.41,     68.8
74,     10.09.2014 12:21:27,     330.75,     685.41,     6,     2.3,     4.2,     6.5,     17,     63.5,     1007.5,     261.96,     253.3,     87.7,     -177.7
75,     10.09.2014 12:31:27,     258.3,     538.68,     18,     3.4,     5.4,     8.3,     17.1,     63.1,     1007.5,     261.96,     252.9,     88.2,     -178.2
76,     10.09.2014 12:41:27,     186.9,     393.96,     13,     2.6,     4.6,     7.1,     17.2,     63.5,     1007.5,     261.96,     74.1,     88.4,     -1.5
77,     10.09.2014 12:51:27,     217.35,     452.25,     8,     2.6,     4.9,     9.4,     17,     64.1,     1007.6,     261.96,     253,     87.2,     -177.2
78,     10.09.2014 13:01:27,     221.55,     462.3,     6,     3.6,     5.6,     8.7,     16.9,     61.4,     1007.6,     261.96,     253.9,     89.4,     -179.4
79,     10.09.2014 13:11:17,     265.65,     552.75,     6,     2.8,     4.9,     8,     16.9,     63.3,     1007.6,     261.96,     74,     88.4,     -1.5,     13.358,     19.27,     69.4
80,     10.09.2014 13:21:17,     231,     466.32,     11,     2.7,     5.3,     9.8,     17.1,     61.3,     1007.6,     261.96,     253,     87.5,     -177.5
81,     10.09.2014 13:31:17,     290.85,     588.93,     7,     2.9,     5.5,     7.8,     17,     61.4,     1007.6,     261.96,     253.1,     88.7,     -178.7
82,     10.09.2014 13:41:17,     254.1,     500.49,     15,     2.6,     5,     9,     17.1,     61.7,     1007.7,     261.96,     252.8,     86.7,     -176.8
83,     10.09.2014 13:51:17,     336,     675.36,     15,     3.7,     6.3,     9,     17.1,     59.5,     1007.5,     261.96,     253.6,     88.3,     -178.6
84,     10.09.2014 14:01:17,     300.3,     627.12,     34,     3.4,     6.3,     9.8,     17.2,     61.9,     1007.5,     261.96,     253.1,     88.3,     -178.3
85,     10.09.2014 14:11:16,     161.7,     349.74,     21,     3.7,     6.1,     9.2,     17.1,     63.2,     1007.6,     261.96,     72.8,     88.6,     -1.3,     13.419,     19.47,     69.2
86,     10.09.2014 14:21:16,     159.6,     335.67,     16,     2.3,     4.7,     8,     16.9,     59.8,     1007.5,     261.96,     253.7,     87.9,     -178
87,     10.09.2014 14:31:16,     201.6,     422.1,     8,     2.9,     4.9,     7.1,     16.9,     62.9,     1007.5,     261.96,     252.8,     87.5,     -177.5
88,     10.09.2014 14:41:16,     192.15,     406.02,     6,     2.4,     4.3,     6.4,     16.9,     59.7,     1007.4,     261.96,     253.3,     87.7,     -177.8
89,     10.09.2014 14:51:16,     625.8,     1193.94,     5,     2.5,     4.6,     7,     17.1,     60.4,     1007.3,     261.96,     253.6,     88.2,     -178.2
90,     10.09.2014 15:01:16,     620.55,     1163.79,     11,     2.7,     4.5,     7,     17.4,     58.3,     1007,     261.96,     73.6,     86.6,     -3.2
91,     10.09.2014 15:11:17,     159.6,     325.62,     358,     2.1,     4.9,     7.8,     17.4,     59.7,     1006.9,     261.96,     253.8,     87.7,     -177.7,     13.428,     19.50,     69.2
92,     10.09.2014 15:21:17,     411.6,     862.29,     8,     2.9,     5,     8.4,     17.4,     60.4,     1007,     261.96,     253,     87.9,     -178
93,     10.09.2014 15:31:17,     429.45,     701.49,     351,     2.9,     4.9,     8.2,     17.6,     58.2,     1006.9,     261.96,     74.1,     88.5,     -1.3
94,     10.09.2014 15:41:17,     613.2,     1161.78,     345,     2,     5.3,     8.7,     17.8,     59.3,     1006.9,     261.96,     254,     88.1,     -178.1
95,     10.09.2014 15:51:17,     165.9,     347.73,     356,     2.2,     4.7,     9.3,     18,     58.4,     1006.9,     261.96,     253.2,     88,     -178
96,     10.09.2014 16:01:17,     12.6,     46.23,     3,     3.3,     6.1,     9.8,     17,     63.8,     1007.1,     262.94,     254.2,     86.7,     -176.7
97,     10.09.2014 16:11:16,     12.6,     46.23,     56,     0.4,     3.8,     8.5,     14,     74.3,     1007.5,     262.95,     253,     88.2,     -178.2,     12.855,     19.81,     69.0
98,     10.09.2014 16:21:16,     37.8,     92.46,     78,     0.2,     2.5,     5.4,     13.2,     81.7,     1007.3,     263.03,     252.9,     88,     -178
99,     10.09.2014 16:31:16,     7.35,     24.12,     71,     0.5,     2.5,     5.4,     13.2,     81.6,     1007.3,     263.03,     253.6,     88.3,     -178.3
100,     10.09.2014 16:41:16,     6.3,     24.12,     49,     0.5,     4.7,     9.1,     13.4,     80.3,     1007.6,     263.44,     72.4,     87.6,     -2.3
101,     10.09.2014 16:51:16,     4.2,     12.06,     24,     2.4,     5.7,     8.6,     13.1,     83.4,     1007.6,     263.74,     253.4,     88.9,     -179
102,     10.09.2014 17:01:16,     8.4,     22.11,     345,     1.8,     3,     4.8,     12.9,     83.7,     1007.4,     263.97,     253.8,     88,     -178
103,     10.09.2014 17:11:17,     6.3,     20.1,     341,     1.4,     2.1,     3.2,     12.8,     84,     1007.5,     263.97,     253.5,     88.2,     -178.2,     12.736,     14.88,     70.9
104,     10.09.2014 17:21:17,     7.35,     18.09,     341,     1.2,     2.7,     4.9,     12.9,     85.3,     1007.5,     264.45,     253.6,     87.9,     -177.9
105,     10.09.2014 17:31:17,     21,     44.22,     334,     1,     2.4,     4,     12.9,     84.5,     1007.4,     264.59,     253.7,     88,     -178
106,     10.09.2014 17:41:17,     31.5,     64.32,     301,     0.9,     2.1,     3.9,     12.9,     86.3,     1007.3,     264.59,     253.7,     88,     -178
107,     10.09.2014 17:51:17,     16.8,     40.2,     302,     0.6,     1.6,     2.6,     13,     86,     1007.4,     264.59,     253.7,     87.9,     -177.9
108,     10.09.2014 18:01:17,     11.55,     24.12,     300,     0.8,     1.6,     2.3,     13.1,     85.8,     1007.3,     264.59,     253.5,     88,     -177.9
109,     10.09.2014 18:11:23,     16.8,     32.16,     316,     0.2,     1.4,     2.6,     13,     86.4,     1007.3,     264.59,     253.7,     88,     -178,     12.734,     13.68,     71.1
110,     10.09.2014 18:21:23,     11.55,     20.1,     339,     0,     0.9,     1.9,     12.9,     87.6,     1007.4,     264.59,     253.6,     88,     -178
111,     10.09.2014 18:31:23,     6.3,     8.04,     348,     0.2,     1,     1.8,     12.9,     88.3,     1007.4,     264.59,     253.4,     88,     -178
112,     10.09.2014 18:41:23,     0,     2.01,     321,     0.3,     0.9,     1.6,     12.9,     89.1,     1007.4,     264.59,     253.5,     88,     -178
113,     10.09.2014 18:51:23,     0,     0,     316,     0.2,     1.3,     2.4,     12.9,     89.1,     1007.3,     264.61,     253.5,     88,     -177.9
114,     10.09.2014 19:01:23,     -3.15,     -2.01,     10,     0.3,     1.3,     2.6,     13,     89,     1007.3,     264.87,     253.4,     88,     -178
115,     10.09.2014 19:11:16,     -3.15,     -2.01,     51,     0,     1,     2.1,     13.2,     88.4,     1007.4,     264.87,     253.5,     88,     -178,     12.643,     13.33,     71.0
116,     10.09.2014 19:21:16,     -5.25,     -2.01,     349,     0.8,     1.6,     2.4,     13.1,     88.1,     1007.5,     264.87,     253.5,     88,     -178
117,     10.09.2014 19:31:16,     -4.2,     0,     345,     0.5,     1.2,     1.9,     13.1,     89,     1007.6,     264.87,     253.6,     88,     -177.9
118,     10.09.2014 19:41:16,     -3.15,     -4.02,     357,     0.6,     1.4,     2.1,     13.2,     89.3,     1007.7,     264.87,     253.4,     87.9,     -178
119,     10.09.2014 19:51:16,     -1.05,     -2.01,     34,     0.8,     2,     3.1,     13.5,     89.3,     1007.7,     264.87,     253.6,     88,     -178.1
120,     10.09.2014 20:01:16,     -3.15,     -4.02,     10,     0.3,     1.6,     3.1,     13.4,     88.9,     1007.7,     264.87,     253.5,     87.9,     -177.9
121,     10.09.2014 20:11:17,     -3.15,     0,     1,     0.8,     1.5,     2.5,     13.4,     89,     1007.6,     264.87,     253.7,     88.1,     -178.1,     12.616,     13.05,     71.1
122,     10.09.2014 20:21:17,     -2.1,     0,     355,     1.1,     2,     3,     13.2,     88.5,     1007.6,     264.87,     253.5,     88,     -178
123,     10.09.2014 20:31:17,     -2.1,     -2.01,     356,     0.7,     1.7,     2.9,     13.1,     89.8,     1007.6,     264.87,     253.5,     88,     -178
124,     10.09.2014 20:41:17,     -2.1,     -2.01,     1,     0.9,     1.7,     2.5,     13.2,     89.7,     1007.7,     264.87,     253.5,     88,     -178
125,     10.09.2014 20:51:17,     -2.1,     -2.01,     18,     0.5,     1.2,     2,     13.2,     89.2,     1007.6,     264.87,     253.5,     88,     -178
126,     10.09.2014 21:01:17,     -5.25,     -2.01,     339,     0,     0.8,     1.5,     13.2,     89.2,     1007.6,     264.87,     253.5,     88,     -178
127,     10.09.2014 21:11:17,     -3.15,     -2.01,     28,     0,     0.8,     1.8,     13.2,     89.5,     1007.7,     264.87,     253.5,     88,     -178,     12.584,     13.01,     71.0
128,     10.09.2014 21:21:17,     -4.2,     -2.01,     54,     1.1,     1.6,     2.2,     13,     88.4,     1007.8,     264.87,     253.5,     88,     -178
129,     10.09.2014 21:31:17,     -3.15,     -2.01,     37,     0.8,     1.6,     2.7,     13.2,     90.2,     1007.8,     264.87,     253.5,     87.9,     -178
130,     10.09.2014 21:41:17,     -2.1,     0,     47,     1,     1.9,     3.2,     13.1,     89.1,     1007.9,     264.87,     253.5,     88,     -178
131,     10.09.2014 21:51:17,     -3.15,     -2.01,     64,     0.7,     1.7,     2.5,     12.9,     88.6,     1007.9,     264.87,     253.4,     88.1,     -178.1
132,     10.09.2014 22:01:17,     -3.15,     0,     59,     1.1,     1.8,     2.7,     12.7,     88.3,     1007.9,     264.87,     253.4,     88,     -178
133,     10.09.2014 22:11:22,     -2.1,     -2.01,     39,     1.5,     2.5,     3.2,     13,     88.8,     1007.9,     264.87,     253.4,     88.1,     -178.1,     12.567,     12.87,     71.0
134,     10.09.2014 22:21:22,     -3.15,     -4.02,     40,     1.5,     2.4,     3.4,     13.1,     88.8,     1007.8,     264.87,     253.3,     88,     -178.1
135,     10.09.2014 22:31:22,     -3.15,     0,     54,     1.4,     2.3,     3.4,     12.7,     88,     1007.9,     264.87,     253.1,     88,     -178.1
136,     10.09.2014 22:41:22,     -5.25,     -2.01,     57,     1.3,     2.2,     3,     12.6,     88.8,     1007.8,     264.87,     253,     87.9,     -178
137,     10.09.2014 22:51:22,     -4.2,     0,     64,     0.2,     1.3,     2.9,     12.5,     89.4,     1007.9,     264.87,     253.3,     88,     -178.1
138,     10.09.2014 23:01:22,     -4.2,     -2.01,     59,     0.1,     1,     1.9,     12.5,     89.9,     1008.1,     264.87,     253.4,     88,     -178
139,     10.09.2014 23:11:21,     -4.2,     -2.01,     60,     0.1,     1.2,     2.4,     12.5,     90.2,     1008.1,     264.87,     253.4,     88.1,     -178,     12.567,     12.43,     71.1
140,     10.09.2014 23:21:21,     -4.2,     -2.01,     60,     0.3,     1.5,     2.5,     12.5,     90.4,     1008.1,     264.87,     253.1,     88,     -177.9
141,     10.09.2014 23:31:21,     -4.2,     -4.02,     50,     1.1,     1.7,     2.5,     12.5,     90.3,     1008.1,     264.87,     253.5,     87.9,     -178
142,     10.09.2014 23:41:21,     -3.15,     -2.01,     77,     0.2,     1.2,     2.2,     12.3,     90,     1008.2,     264.87,     253.5,     87.9,     -177.9
143,     10.09.2014 23:51:21,     -4.2,     0,     91,     0.4,     0.9,     1.3,     12.1,     90.4,     1008.2,     264.87,     253.5,     88,     -178
144,     11.09.2014 00:01:16,     -5.25,     -2.01,     83,     0.2,     0.8,     2.1,     12.1,     91.1,     1008.3,     264.87,     253.4,     87.8,     -178,     12.452,     12.04,     71.2