Logger: #D10248 'TSK_Meteo' - USP_EXP2 (V2.10, Jan 24 2012)
No,     Time,     #1:W/m²:0,     #2:ÂµMol:(do.),     #5:deg:2,     #6:m/sMIN:(do.),     #7:m/sMIT:(do.),     #8:m/sMAX:(do.),     #9:Â°C:(do.),     #10:%:(do.),     #11:hPa:(do.),     #12:mm:(do.),     #14:AZ:3,     #15:EL:(do.),     #16:Roll:(do.),     #HK-Bat:V,     #HK-Temp:oC,     #HK-rH:%
(GSM Transfer OK / Signal:15)
1,     17.11.2014 00:11:16,     -2.1,     -4.02,     154,     0.7,     1.7,     2.8,     7.8,     89.1,     998.5,     323.71,     253,     87.9,     -177.9,     12.289,     8.15,     81.9
2,     17.11.2014 00:21:16,     -3.15,     -2.01,     159,     0.8,     1.7,     2.6,     7.9,     89,     998.6,     323.71,     253.1,     88,     -178
3,     17.11.2014 00:31:16,     -2.1,     -2.01,     159,     0.6,     2,     3.3,     8,     88.6,     998.7,     323.71,     253.1,     88,     -178
4,     17.11.2014 00:41:16,     -1.05,     -2.01,     159,     0.9,     2.1,     3.2,     8.1,     88.4,     998.7,     323.71,     252.9,     87.9,     -177.9
5,     17.11.2014 00:51:16,     -1.05,     -2.01,     156,     0.8,     1.8,     3.1,     8.2,     88.2,     998.9,     323.71,     253.2,     88,     -178
6,     17.11.2014 01:01:16,     -1.05,     0,     167,     0.2,     1.5,     2.4,     8.2,     88.2,     998.9,     323.71,     253.2,     87.9,     -178
7,     17.11.2014 01:11:16,     -1.05,     -2.01,     166,     0.7,     1.8,     3,     8.3,     88.4,     999,     323.71,     253.1,     87.9,     -177.9,     12.431,     8.21,     83.6
8,     17.11.2014 01:21:16,     -1.05,     -2.01,     167,     0.9,     1.7,     2.9,     8.4,     88.1,     999.2,     323.71,     253,     88,     -177.9
9,     17.11.2014 01:31:16,     -1.05,     -4.02,     170,     0.7,     1.9,     3,     8.5,     87.9,     999.3,     323.71,     253.2,     88,     -178
10,     17.11.2014 01:41:16,     -2.1,     -2.01,     168,     0.9,     1.8,     2.8,     8.5,     87.9,     999.3,     323.71,     253,     88.1,     -178.1
11,     17.11.2014 01:51:16,     0,     0,     168,     0.7,     1.9,     3.2,     8.6,     87.8,     999.3,     323.71,     253.1,     88.1,     -178.1
12,     17.11.2014 02:01:16,     -3.15,     -2.01,     176,     0.5,     2,     3.2,     8.6,     88,     999.4,     323.71,     253.3,     88,     -178
13,     17.11.2014 02:11:22,     -1.05,     0,     180,     0.9,     1.6,     2.3,     8.6,     88,     999.5,     323.71,     253.1,     88,     -178,     12.440,     8.76,     83.4
14,     17.11.2014 02:21:22,     -1.05,     -2.01,     177,     0.9,     2.1,     4,     8.7,     87.7,     999.6,     323.71,     253.1,     88,     -178
15,     17.11.2014 02:31:22,     -2.1,     0,     175,     0.7,     1.9,     3.5,     8.8,     87.3,     999.6,     323.71,     253.3,     87.9,     -177.9
16,     17.11.2014 02:41:22,     -2.1,     -2.01,     172,     0.4,     1.8,     3.3,     8.8,     87.4,     999.7,     323.71,     253.2,     88,     -178
17,     17.11.2014 02:51:22,     -4.2,     -2.01,     172,     0.7,     2,     3.5,     8.7,     87.2,     999.7,     323.71,     253.4,     88,     -178
18,     17.11.2014 03:01:22,     -4.2,     0,     192,     0.9,     1.7,     2.6,     8.6,     87.4,     999.8,     323.71,     253.4,     87.9,     -177.9
19,     17.11.2014 03:11:16,     -5.25,     0,     210,     0.7,     1.4,     2.3,     8.3,     87.8,     999.9,     323.71,     253.4,     88,     -178,     12.414,     8.71,     83.4
20,     17.11.2014 03:21:16,     -3.15,     -2.01,     201,     0.4,     1.3,     2.4,     8.2,     88.3,     1000,     323.71,     253.3,     88,     -178
21,     17.11.2014 03:31:16,     -5.25,     -2.01,     176,     0.3,     0.8,     1.8,     8.1,     88.9,     1000,     323.71,     253.2,     87.9,     -177.9
22,     17.11.2014 03:41:16,     -5.25,     -2.01,     174,     0.2,     0.8,     1.5,     8.1,     89.1,     1000.1,     323.71,     253.3,     87.9,     -177.9
23,     17.11.2014 03:51:16,     -4.2,     -2.01,     179,     0.6,     1,     1.5,     7.8,     89.2,     1000.2,     323.71,     253.3,     87.9,     -177.9
24,     17.11.2014 04:01:16,     -5.25,     -2.01,     156,     0.3,     1.1,     1.7,     7.6,     89.7,     1000.3,     323.71,     253.3,     88,     -178
25,     17.11.2014 04:11:16,     -5.25,     -2.01,     135,     0.5,     1.1,     1.7,     7.4,     89.9,     1000.3,     323.71,     253.2,     87.9,     -177.9,     12.397,     7.42,     83.8
26,     17.11.2014 04:21:16,     -5.25,     -2.01,     121,     0.7,     1.2,     1.7,     7,     89.9,     1000.4,     323.71,     253.1,     88,     -178
27,     17.11.2014 04:31:16,     -4.2,     -2.01,     117,     0.4,     0.8,     1.2,     6.7,     90.4,     1000.4,     323.71,     253.2,     87.9,     -177.9
28,     17.11.2014 04:41:16,     -5.25,     0,     107,     0.1,     0.6,     1.2,     6.7,     91,     1000.5,     323.71,     253.1,     87.9,     -177.9
29,     17.11.2014 04:51:16,     -5.25,     -2.01,     89,     0,     0.4,     1.1,     6.6,     91.3,     1000.6,     323.71,     253.1,     88,     -178
30,     17.11.2014 05:01:16,     -5.25,     -4.02,     132,     0,     0.8,     2.1,     6.7,     91.5,     1000.7,     323.71,     253.2,     88,     -178
31,     17.11.2014 05:11:16,     -5.25,     -2.01,     152,     0.2,     1.1,     1.9,     6.6,     91.3,     1000.7,     323.71,     253.2,     87.8,     -177.9,     12.385,     6.05,     84.3
32,     17.11.2014 05:21:16,     -4.2,     -2.01,     156,     0.3,     1.2,     2.1,     6.6,     91.3,     1000.8,     323.71,     253.2,     88,     -178
33,     17.11.2014 05:31:16,     -5.25,     -4.02,     159,     0.1,     0.9,     1.8,     6.5,     91.3,     1000.9,     323.71,     253.3,     88,     -178
34,     17.11.2014 05:41:16,     -4.2,     -2.01,     164,     0.2,     1.1,     2.2,     6.3,     91.3,     1000.9,     323.71,     253.2,     87.9,     -177.9
35,     17.11.2014 05:51:16,     -5.25,     -2.01,     163,     0.1,     1.2,     2.4,     6.2,     91.3,     1001,     323.71,     253.2,     87.9,     -177.9
36,     17.11.2014 06:01:16,     -4.2,     -2.01,     178,     0.8,     1.9,     3.4,     6.1,     91.4,     1001.1,     323.71,     253.3,     88,     -178
37,     17.11.2014 06:11:16,     -5.25,     -2.01,     196,     0.8,     1.5,     2.6,     5.8,     91.3,     1001.1,     323.71,     253.3,     88,     -178,     12.382,     5.61,     84.3
38,     17.11.2014 06:21:16,     -5.25,     -2.01,     204,     0.1,     0.9,     1.8,     5.8,     91.5,     1001.1,     323.71,     253.1,     87.9,     -177.9
39,     17.11.2014 06:31:16,     -5.25,     -2.01,     188,     0,     0.8,     1.7,     5.7,     91.6,     1001.2,     323.71,     253,     87.9,     -177.9
40,     17.11.2014 06:41:16,     -4.2,     -2.01,     185,     0.2,     1.1,     2.1,     5.5,     91.7,     1001.3,     323.71,     253.2,     87.8,     -177.8
41,     17.11.2014 06:51:16,     -4.2,     -2.01,     169,     0.5,     1.2,     2.2,     5.5,     91.7,     1001.4,     323.71,     253.1,     88,     -178
42,     17.11.2014 07:01:16,     -4.2,     -2.01,     216,     0.6,     1.3,     2,     5.4,     91.7,     1001.5,     323.71,     253.3,     87.9,     -177.9
43,     17.11.2014 07:11:16,     -1.05,     -2.01,     223,     0.1,     1.3,     1.9,     5.2,     91.8,     1001.7,     323.71,     253.1,     87.9,     -177.9,     12.359,     5.09,     84.5
44,     17.11.2014 07:21:16,     -2.1,     -2.01,     185,     0.4,     1.5,     2.8,     5.1,     91.8,     1001.8,     323.71,     253.1,     87.9,     -177.9
45,     17.11.2014 07:31:16,     -1.05,     0,     174,     0.9,     1.7,     2.8,     5.2,     92.1,     1001.8,     323.71,     253.3,     88,     -178
46,     17.11.2014 07:41:16,     2.1,     4.02,     171,     0.6,     1.5,     2.7,     5.4,     92.3,     1001.9,     323.71,     253,     87.8,     -177.9
47,     17.11.2014 07:51:16,     3.15,     8.04,     174,     0.9,     1.6,     2.5,     5.5,     92.4,     1002.1,     323.71,     253.2,     87.9,     -177.9
48,     17.11.2014 08:01:16,     6.3,     16.08,     147,     0,     1.5,     2.5,     5.5,     92.4,     1002.3,     323.71,     253,     87.9,     -177.9
49,     17.11.2014 08:11:17,     9.45,     22.11,     145,     0.2,     1.4,     2.5,     5.6,     92.5,     1002.4,     323.71,     253.1,     87.9,     -177.9,     12.361,     5.80,     84.3
50,     17.11.2014 08:21:17,     13.65,     30.15,     159,     0.3,     1.6,     2.7,     5.6,     92.5,     1002.4,     323.71,     253.1,     88,     -178
51,     17.11.2014 08:31:17,     16.8,     36.18,     159,     0.9,     1.9,     3.3,     5.6,     92.5,     1002.6,     323.71,     253,     88,     -178
52,     17.11.2014 08:41:17,     16.8,     40.2,     155,     1.1,     2.2,     3.8,     5.6,     92.6,     1002.7,     323.71,     253.1,     87.9,     -177.9
53,     17.11.2014 08:51:17,     24.15,     58.29,     156,     0.7,     2.5,     4.1,     5.5,     92.6,     1002.8,     323.71,     252.9,     87.9,     -177.9
54,     17.11.2014 09:01:17,     31.5,     72.36,     172,     0.8,     2.6,     4.5,     5.4,     92.6,     1002.8,     323.71,     253.3,     87.9,     -177.9
55,     17.11.2014 09:11:16,     38.85,     82.41,     170,     0.7,     2.3,     4.3,     5.5,     92.6,     1003,     323.71,     253.1,     87.9,     -177.9,     12.518,     6.39,     84.0
56,     17.11.2014 09:21:16,     64.05,     132.66,     187,     1,     3.3,     5.6,     5.6,     92.7,     1003,     323.71,     253.3,     88,     -178
57,     17.11.2014 09:31:16,     34.65,     78.39,     195,     2,     4.2,     6.1,     5.5,     92.7,     1003.1,     323.71,     253.2,     87.9,     -177.9
58,     17.11.2014 09:41:16,     52.5,     114.57,     192,     1.2,     3.7,     5.5,     5.7,     92.8,     1003,     323.71,     253.1,     87.9,     -177.9
59,     17.11.2014 09:51:16,     74.55,     156.78,     190,     2.5,     3.9,     5.7,     5.7,     92.8,     1003.1,     323.71,     253,     87.9,     -177.9
60,     17.11.2014 10:01:16,     63,     136.68,     186,     0.8,     3.1,     5.2,     5.8,     92.8,     1003,     323.71,     253.2,     87.9,     -177.9
61,     17.11.2014 10:11:17,     47.25,     106.53,     0,     0,     0,     0,     6.1,     92.9,     1003.2,     323.71,     253.1,     87.9,     -177.9,     12.751,     6.95,     83.9
62,     17.11.2014 10:21:17,     53.55,     118.59,     178,     0.3,     2.9,     5.1,     6.2,     92.9,     1003.2,     323.71,     253.2,     88,     -178
63,     17.11.2014 10:31:17,     80.85,     172.86,     137,     0.6,     2.2,     4.4,     6.3,     92.9,     1003.3,     323.71,     253.1,     88,     -178
64,     17.11.2014 10:41:17,     85.05,     176.88,     171,     0.3,     2.4,     4.4,     6.3,     92.9,     1003.5,     323.71,     253.3,     88,     -178
65,     17.11.2014 10:51:17,     101.85,     213.06,     155,     0.9,     2.2,     3.8,     6.5,     92.9,     1003.5,     323.71,     253.4,     88,     -178
66,     17.11.2014 11:01:17,     66.15,     142.71,     158,     0.7,     2,     3.3,     6.5,     92.9,     1003.5,     323.71,     253.1,     88,     -178
67,     17.11.2014 11:11:17,     59.85,     130.65,     147,     0.3,     1.9,     3.6,     6.5,     92.9,     1003.5,     323.71,     253.4,     88,     -178,     12.857,     7.72,     83.6
68,     17.11.2014 11:21:17,     57.75,     122.61,     150,     0.1,     1.9,     3.7,     6.6,     92.9,     1003.6,     323.71,     253.4,     88,     -178
69,     17.11.2014 11:31:17,     74.55,     158.79,     142,     0.8,     1.9,     3.7,     6.6,     92.9,     1003.7,     323.71,     253.3,     87.9,     -177.9
70,     17.11.2014 11:41:17,     85.05,     182.91,     146,     0.1,     1.7,     3.4,     6.7,     92.9,     1003.6,     323.71,     253.3,     87.9,     -177.9
71,     17.11.2014 11:51:17,     96.6,     198.99,     153,     0.6,     2.4,     4.2,     6.7,     92.9,     1003.6,     323.71,     253.2,     88,     -178
72,     17.11.2014 12:01:17,     76.65,     166.83,     162,     0.4,     2,     3.4,     6.8,     92.9,     1003.6,     323.71,     253.4,     88,     -178
73,     17.11.2014 12:11:16,     92.4,     198.99,     165,     0.5,     1.9,     3.4,     7,     92.9,     1003.6,     323.71,     253.2,     88,     -178,     12.849,     8.22,     83.5
74,     17.11.2014 12:21:16,     103.95,     219.09,     142,     0.1,     1.8,     3.1,     6.9,     92.9,     1003.7,     323.71,     253.3,     88,     -178
75,     17.11.2014 12:31:16,     178.5,     353.76,     160,     0.4,     2.1,     3.7,     7.1,     92.8,     1003.8,     323.71,     253.4,     87.9,     -177.9
76,     17.11.2014 12:41:16,     102.9,     211.05,     160,     0.4,     2.1,     3.5,     7.1,     92.6,     1003.8,     323.71,     253.2,     87.9,     -177.9
77,     17.11.2014 12:51:16,     80.85,     172.86,     164,     0.2,     2.2,     3.3,     7.1,     92.5,     1003.7,     323.71,     253.3,     88,     -178
78,     17.11.2014 13:01:16,     53.55,     120.6,     162,     0.4,     2.2,     4.3,     7.2,     92.3,     1003.7,     323.71,     253.4,     88,     -178
79,     17.11.2014 13:11:16,     54.6,     120.6,     157,     0.4,     1.8,     3.3,     7.3,     91.9,     1003.8,     323.71,     253.4,     88,     -178,     12.883,     9.14,     83.2
80,     17.11.2014 13:21:16,     66.15,     142.71,     139,     0.5,     1.6,     3.2,     7.5,     91.2,     1003.7,     323.71,     253.4,     88,     -178
81,     17.11.2014 13:31:16,     71.4,     148.74,     136,     0.4,     1.6,     3,     7.6,     90.3,     1003.7,     323.71,     253.4,     87.9,     -177.9
82,     17.11.2014 13:41:16,     119.7,     241.2,     129,     0.3,     1.3,     2.3,     7.8,     89.5,     1003.7,     323.71,     253.4,     88,     -178.1
83,     17.11.2014 13:51:16,     69.3,     150.75,     131,     0.1,     1.4,     2.6,     8,     88.8,     1003.7,     323.71,     253.1,     87.9,     -177.9
84,     17.11.2014 14:01:16,     145.95,     251.25,     111,     0.3,     1.7,     3.1,     8.1,     87.5,     1003.8,     323.71,     253.4,     88,     -178
85,     17.11.2014 14:11:17,     45.15,     104.52,     105,     0.5,     1.8,     3.2,     8.3,     86.7,     1003.8,     323.71,     253.2,     88,     -178.1,     13.010,     9.51,     83.3
86,     17.11.2014 14:21:17,     95.55,     182.91,     94,     0.4,     2,     3.4,     8.3,     86.4,     1003.8,     323.71,     253.3,     88,     -178
87,     17.11.2014 14:31:17,     45.15,     106.53,     108,     0.7,     1.6,     2.6,     8.3,     86,     1003.8,     323.71,     253.3,     88,     -178
88,     17.11.2014 14:41:17,     89.25,     168.84,     116,     0.1,     1,     2.4,     8.4,     86.3,     1003.9,     323.71,     253.4,     88,     -178
89,     17.11.2014 14:51:17,     34.65,     82.41,     110,     0.1,     1.6,     3,     8.5,     85.1,     1003.8,     323.71,     253.2,     88,     -178
90,     17.11.2014 15:01:17,     22.05,     58.29,     101,     0.5,     1.6,     2.7,     8.5,     85.1,     1003.9,     323.71,     253.3,     88,     -178
91,     17.11.2014 15:11:16,     13.65,     40.2,     105,     0.3,     1.3,     2.2,     8.4,     85.7,     1003.9,     323.71,     253.1,     88.1,     -178,     12.840,     9.63,     83.1
92,     17.11.2014 15:21:16,     19.95,     48.24,     116,     0.3,     1.7,     3.3,     8.4,     85.7,     1004,     323.71,     253.3,     87.9,     -177.9
93,     17.11.2014 15:31:16,     12.6,     32.16,     108,     0.7,     1.6,     3.2,     8.3,     85.4,     1004,     323.71,     252.9,     88,     -178
94,     17.11.2014 15:41:16,     9.45,     24.12,     93,     0.3,     1.6,     3.4,     8.2,     85.3,     1004,     323.71,     253.4,     88,     -178
95,     17.11.2014 15:51:16,     5.25,     16.08,     101,     0.2,     1.4,     2.9,     8.2,     85.4,     1004,     323.71,     253.2,     88.1,     -178
96,     17.11.2014 16:01:16,     4.2,     8.04,     108,     0.2,     1.3,     2.6,     8.2,     85.8,     1004.2,     323.71,     253.3,     87.9,     -177.9
97,     17.11.2014 16:11:21,     1.05,     4.02,     99,     0.5,     1.9,     4,     8.2,     85.6,     1004.2,     323.71,     253.2,     88,     -178,     12.679,     8.79,     83.5
98,     17.11.2014 16:21:21,     -1.05,     0,     104,     0.8,     1.9,     3.7,     8.1,     85.6,     1004.3,     323.71,     253,     87.9,     -177.9
99,     17.11.2014 16:31:21,     -2.1,     -2.01,     113,     0.4,     2,     3.8,     7.9,     85.3,     1004.3,     323.71,     253.2,     88,     -178
100,     17.11.2014 16:41:21,     -2.1,     -2.01,     120,     0.4,     1.6,     3.4,     7.8,     85.7,     1004.4,     323.71,     253.3,     88,     -178
101,     17.11.2014 16:51:21,     -1.05,     -2.01,     106,     0.4,     1.4,     3.1,     7.7,     86.1,     1004.4,     323.71,     253.2,     87.8,     -177.9
102,     17.11.2014 17:01:21,     -1.05,     2.01,     101,     0.4,     2,     4,     7.7,     86.6,     1004.4,     323.71,     253.2,     88,     -178
103,     17.11.2014 17:11:16,     -2.1,     -2.01,     104,     0.1,     1.5,     3,     7.6,     86.7,     1004.5,     323.71,     253.2,     88,     -178,     12.633,     8.40,     83.6
104,     17.11.2014 17:21:16,     -1.05,     -2.01,     108,     0.4,     1.6,     3.3,     7.6,     87.1,     1004.6,     323.71,     253.2,     88,     -178
105,     17.11.2014 17:31:16,     -3.15,     -2.01,     112,     0.1,     1.9,     3.9,     7.4,     87.1,     1004.7,     323.71,     253.1,     88,     -178
106,     17.11.2014 17:41:16,     -2.1,     -2.01,     126,     0.1,     1.5,     2.9,     7.4,     87.3,     1004.8,     323.71,     253.3,     88.1,     -178
107,     17.11.2014 17:51:16,     -2.1,     -2.01,     122,     0.2,     1.3,     3.9,     7.3,     87.7,     1004.8,     323.71,     253.2,     87.9,     -177.9
108,     17.11.2014 18:01:16,     -1.05,     -2.01,     123,     0.3,     1.8,     4.2,     7.2,     87.8,     1005,     323.71,     253.1,     87.9,     -177.9
109,     17.11.2014 18:11:23,     -1.05,     -2.01,     122,     0.2,     2.1,     4.2,     7.1,     88.5,     1005,     323.71,     253.3,     87.9,     -177.9,     12.580,     8.13,     83.7
110,     17.11.2014 18:21:23,     -2.1,     -2.01,     130,     0.3,     2.2,     4.5,     7,     88.4,     1005,     323.71,     253.2,     87.9,     -177.9
111,     17.11.2014 18:31:23,     -2.1,     -2.01,     130,     0.1,     2.4,     4.7,     7,     89,     1005.2,     323.71,     253.4,     87.9,     -177.9
112,     17.11.2014 18:41:23,     -1.05,     -2.01,     152,     0.8,     2.8,     5.8,     7,     89.1,     1005.2,     323.71,     253.2,     87.8,     -177.8
113,     17.11.2014 18:51:23,     -1.05,     -2.01,     150,     0.3,     2.2,     4.8,     6.9,     89.2,     1005.3,     323.71,     252.6,     87.9,     -177.9
114,     17.11.2014 19:01:23,     -1.05,     -2.01,     144,     0.3,     2.3,     4.1,     6.8,     88.8,     1005.4,     323.71,     253,     88,     -178
115,     17.11.2014 19:11:16,     -1.05,     0,     132,     0.3,     2,     4,     6.8,     89.1,     1005.4,     323.71,     253.2,     87.9,     -177.9,     12.569,     7.81,     83.8
116,     17.11.2014 19:21:16,     0,     0,     134,     0.3,     1.8,     4,     6.8,     89.2,     1005.3,     323.71,     253.1,     88,     -178
117,     17.11.2014 19:31:16,     -1.05,     0,     136,     0.8,     2.4,     5.1,     6.8,     89,     1005.4,     323.71,     253.2,     88,     -178
118,     17.11.2014 19:41:16,     -2.1,     -4.02,     136,     0.4,     2.4,     4.3,     6.7,     89,     1005.4,     323.71,     253,     87.9,     -177.9
119,     17.11.2014 19:51:16,     -2.1,     -4.02,     134,     0.3,     2,     4.3,     6.8,     89.1,     1005.5,     323.71,     253.2,     87.9,     -177.9
120,     17.11.2014 20:01:16,     -2.1,     -2.01,     108,     0.1,     1.5,     3.7,     6.7,     88.8,     1005.5,     323.71,     253.1,     87.9,     -177.9
121,     17.11.2014 20:11:16,     -2.1,     -2.01,     121,     0.1,     1.4,     3.2,     6.7,     89,     1005.6,     323.71,     252.9,     87.9,     -177.9,     12.539,     7.52,     83.9
122,     17.11.2014 20:21:16,     -2.1,     -2.01,     133,     0.6,     2.2,     4.3,     6.6,     89.1,     1005.7,     323.71,     252.7,     88,     -178.1
123,     17.11.2014 20:31:16,     -2.1,     -4.02,     138,     0.2,     1.8,     3.8,     6.6,     89.2,     1005.8,     323.71,     253.3,     88,     -178
124,     17.11.2014 20:41:16,     -1.05,     -2.01,     142,     0,     1.8,     4,     6.6,     88.9,     1006,     323.71,     253.2,     88,     -178
125,     17.11.2014 20:51:16,     -1.05,     -2.01,     148,     0.1,     2.2,     3.8,     6.6,     88.9,     1006.2,     323.71,     252.9,     88,     -178
126,     17.11.2014 21:01:16,     0,     -2.01,     149,     0.5,     2.2,     3.9,     6.5,     88.8,     1006.1,     323.71,     253,     88,     -178
127,     17.11.2014 21:11:17,     -1.05,     -2.01,     149,     0.6,     2.5,     4.6,     6.4,     88.7,     1006.1,     323.71,     252.7,     87.9,     -177.9,     12.495,     7.37,     84.0
128,     17.11.2014 21:21:17,     -2.1,     -2.01,     152,     0.9,     2.6,     4.7,     6.4,     89,     1006.2,     323.71,     253.4,     88,     -178
129,     17.11.2014 21:31:17,     -1.05,     -2.01,     126,     0.1,     2.2,     4.4,     6.4,     88.9,     1006.3,     323.71,     252.9,     88,     -178
130,     17.11.2014 21:41:17,     -2.1,     0,     113,     0.8,     2.3,     3.7,     6.3,     89.2,     1006.2,     323.71,     252.9,     88,     -178
131,     17.11.2014 21:51:17,     -2.1,     -2.01,     129,     0.5,     1.9,     3.6,     6.2,     89.8,     1006.1,     323.71,     253.2,     88,     -178
132,     17.11.2014 22:01:17,     -1.05,     -2.01,     141,     0.7,     1.8,     3.4,     6.3,     89.9,     1006.1,     323.71,     253.1,     88,     -178
133,     17.11.2014 22:11:22,     -1.05,     -2.01,     134,     0.5,     1.7,     3.1,     6.3,     90.1,     1006.2,     323.71,     253.1,     87.9,     -177.9,     12.467,     7.23,     83.9
134,     17.11.2014 22:21:22,     0,     -2.01,     133,     0.2,     1.6,     3.7,     6.3,     90.1,     1006.2,     323.71,     253.3,     88,     -178
135,     17.11.2014 22:31:22,     -2.1,     -2.01,     132,     0.7,     2.2,     4.1,     6.2,     90.1,     1006.3,     323.71,     253.2,     88,     -178
136,     17.11.2014 22:41:22,     -1.05,     0,     139,     0.7,     1.9,     3.8,     6.2,     90.7,     1006.3,     323.71,     253.1,     88,     -178
137,     17.11.2014 22:51:22,     -3.15,     -2.01,     128,     0.5,     1.6,     3.2,     6.2,     90.9,     1006.3,     323.71,     253.1,     88,     -178
138,     17.11.2014 23:01:22,     -1.05,     -2.01,     111,     0.2,     1.5,     2.8,     6.3,     90.9,     1006.3,     323.71,     252.8,     88,     -178
139,     17.11.2014 23:11:16,     -2.1,     -2.01,     103,     0.7,     2.4,     4,     6.3,     90.8,     1006.3,     323.71,     253.1,     88,     -178,     12.450,     7.10,     84.0
140,     17.11.2014 23:21:16,     -1.05,     0,     99,     0.9,     2.4,     4.8,     6.2,     90.7,     1006.3,     323.71,     253.1,     87.9,     -177.9
141,     17.11.2014 23:31:16,     -2.1,     -4.02,     95,     0.9,     2.1,     3.6,     6.3,     90.9,     1006.3,     323.71,     252.9,     87.9,     -177.9
142,     17.11.2014 23:41:16,     -1.05,     -2.01,     86,     0.3,     1.6,     3.4,     6.3,     91.2,     1006.2,     323.71,     252.9,     88,     -178
143,     17.11.2014 23:51:16,     -1.05,     0,     87,     0.4,     1.9,     3.7,     6.3,     91.4,     1006.2,     323.71,     252.7,     88,     -178
144,     18.11.2014 00:01:16,     -1.05,     -4.02,     94,     0.4,     2.7,     4.6,     6.3,     91.3,     1006.2,     323.71,     252.7,     88,     -178,     12.266,     7.11,     84.0
(GSM ERROR Server Transfer: Error 132 / Signal:16 / 18.11.2014 00:01:16)