Logger: #D10248 'TSK_Meteo' - USP_EXP2 (V2.10, Jan 24 2012)
No,     Time,     #1:W/m²:0,     #2:ÂµMol:(do.),     #5:deg:2,     #6:m/sMIN:(do.),     #7:m/sMIT:(do.),     #8:m/sMAX:(do.),     #9:Â°C:(do.),     #10:%:(do.),     #11:hPa:(do.),     #12:mm:(do.),     #14:AZ:3,     #15:EL:(do.),     #16:Roll:(do.),     #HK-Bat:V,     #HK-Temp:oC,     #HK-rH:%
(GSM Transfer OK / Signal:14)
1,     03.07.2014 00:11:17,     -5.25,     -2.01,     320,     0,     0.5,     1.4,     12.2,     88.6,     1014,     104.87,     254.9,     88,     -178,     12.491,     12.17,     69.8
2,     03.07.2014 00:21:17,     -5.25,     -2.01,     286,     0,     1.2,     2.9,     12,     87.5,     1014,     104.87,     255,     87.9,     -177.9
3,     03.07.2014 00:31:17,     -6.3,     0,     298,     0.3,     1.4,     2.6,     11.9,     87,     1014,     104.87,     254.9,     88,     -178
4,     03.07.2014 00:41:17,     -6.3,     -4.02,     291,     0.3,     1.3,     2.6,     11.9,     87,     1014.1,     104.87,     254.9,     87.9,     -177.9
5,     03.07.2014 00:51:17,     -4.2,     0,     294,     0,     1.1,     2.1,     11.8,     87.2,     1014.1,     104.87,     255,     88,     -178
6,     03.07.2014 01:01:17,     -5.25,     -2.01,     321,     0.1,     0.8,     1.8,     11.8,     87.3,     1014.1,     104.87,     254.9,     87.9,     -177.9
7,     03.07.2014 01:11:16,     -4.2,     -2.01,     295,     0,     0.9,     2,     11.7,     87.6,     1014.2,     104.87,     255,     87.9,     -177.9,     12.522,     11.07,     71.2
8,     03.07.2014 01:21:16,     -6.3,     -2.01,     298,     0.1,     1.1,     2.4,     11.6,     87.7,     1014.3,     104.87,     254.9,     87.9,     -177.9
9,     03.07.2014 01:31:16,     -6.3,     -4.02,     306,     0,     0.8,     2.4,     11.6,     87.8,     1014.3,     104.87,     254.8,     87.9,     -177.9
10,     03.07.2014 01:41:16,     -5.25,     0,     299,     0.1,     1.4,     3.2,     11.5,     87.4,     1014.2,     104.87,     254.9,     88,     -178
11,     03.07.2014 01:51:16,     -5.25,     -2.01,     307,     0,     0.9,     1.8,     11.6,     87.7,     1014.2,     104.87,     255,     87.7,     -177.8
12,     03.07.2014 02:01:16,     -6.3,     -2.01,     319,     0,     0.8,     2.1,     11.5,     88.4,     1014.2,     104.87,     254.9,     87.9,     -177.9
13,     03.07.2014 02:11:16,     -5.25,     -2.01,     300,     0.1,     1.3,     2.8,     11.3,     87.6,     1014.1,     104.87,     255,     87.9,     -178,     12.480,     10.58,     71.3
14,     03.07.2014 02:21:16,     -4.2,     -2.01,     310,     0.1,     1,     2,     11.3,     88.1,     1014.1,     104.87,     255,     88,     -178
15,     03.07.2014 02:31:16,     -4.2,     -2.01,     312,     0,     1,     2.5,     11.2,     88.1,     1014.1,     104.87,     255,     87.9,     -177.9
16,     03.07.2014 02:41:16,     -5.25,     -2.01,     296,     0.1,     1.3,     2.6,     11.2,     87.4,     1014.1,     104.87,     254.9,     87.9,     -177.9
17,     03.07.2014 02:51:16,     -5.25,     -2.01,     297,     0.1,     1.4,     2.7,     11.1,     87.3,     1014.1,     104.87,     255,     87.8,     -177.8
18,     03.07.2014 03:01:16,     -6.3,     -2.01,     297,     0.1,     1.4,     2.5,     11.1,     87.6,     1014.1,     104.87,     255,     87.9,     -177.9
19,     03.07.2014 03:11:22,     -2.1,     4.02,     298,     0.4,     1.5,     2.5,     10.9,     87.6,     1014.2,     104.87,     254.9,     87.9,     -177.8,     12.438,     10.35,     71.3
20,     03.07.2014 03:21:22,     -5.25,     0,     296,     0.1,     1.3,     2.8,     10.9,     87.2,     1014.3,     104.87,     254.9,     87.9,     -177.9
21,     03.07.2014 03:31:22,     -2.1,     2.01,     304,     0.1,     1,     2.4,     10.8,     87.9,     1014.3,     104.87,     254.8,     87.9,     -177.9
22,     03.07.2014 03:41:22,     -2.1,     4.02,     326,     0.1,     1.1,     2.8,     10.6,     87.9,     1014.4,     104.87,     255,     87.9,     -177.9
23,     03.07.2014 03:51:22,     3.15,     14.07,     321,     0.1,     0.9,     2.3,     10.7,     88.4,     1014.4,     104.87,     255,     87.8,     -177.9
24,     03.07.2014 04:01:22,     4.2,     18.09,     304,     0,     0.9,     2.2,     10.7,     88.6,     1014.4,     104.87,     255,     87.9,     -178
25,     03.07.2014 04:11:16,     10.5,     28.14,     294,     0.1,     1.5,     2.7,     10.7,     88.7,     1014.4,     104.87,     255,     87.9,     -177.9,     12.423,     10.05,     71.4
26,     03.07.2014 04:21:16,     16.8,     38.19,     286,     0,     1.2,     2.2,     10.9,     89,     1014.4,     104.87,     255,     87.9,     -178
27,     03.07.2014 04:31:16,     19.95,     54.27,     269,     0.1,     1.3,     2.5,     11.1,     88.5,     1014.5,     104.87,     254.9,     87.8,     -177.9
28,     03.07.2014 04:41:16,     26.25,     66.33,     263,     0.3,     1.4,     2.5,     11.1,     88.1,     1014.4,     104.87,     255,     87.9,     -177.9
29,     03.07.2014 04:51:16,     44.1,     96.48,     248,     0,     1.2,     2.4,     11.1,     87.8,     1014.5,     104.87,     255.1,     88,     -178
30,     03.07.2014 05:01:16,     93.45,     176.88,     210,     0.2,     1.2,     2.1,     11.1,     88.5,     1014.4,     104.87,     255.1,     87.8,     -177.9
31,     03.07.2014 05:11:16,     78.75,     166.83,     240,     0.1,     1,     2.8,     11.1,     87.4,     1014.4,     104.87,     255.1,     87.9,     -177.8,     12.783,     11.07,     71.9
32,     03.07.2014 05:21:16,     131.25,     253.26,     208,     0.2,     1.3,     2.3,     11.2,     88,     1014.4,     104.87,     255.2,     88,     -178
33,     03.07.2014 05:31:16,     57.75,     140.7,     207,     0,     1.1,     2.1,     11.3,     87.2,     1014.3,     104.87,     255.1,     88,     -177.9
34,     03.07.2014 05:41:16,     133.35,     271.35,     212,     0.1,     1.2,     2.2,     11.6,     87.1,     1014.4,     104.87,     255.3,     87.8,     -177.8
35,     03.07.2014 05:51:16,     232.05,     438.18,     236,     0,     1.2,     2.6,     11.9,     87,     1014.5,     104.87,     255.4,     88,     -177.9
36,     03.07.2014 06:01:16,     261.45,     500.49,     277,     0.1,     1.3,     2.6,     12.3,     84,     1014.6,     104.87,     255.5,     87.8,     -177.9
37,     03.07.2014 06:11:16,     239.4,     466.32,     307,     0.6,     1.9,     3.4,     12.5,     82,     1014.6,     104.87,     255.4,     87.9,     -177.9,     14.452,     16.69,     72.5
38,     03.07.2014 06:21:16,     271.95,     516.57,     287,     0.8,     2.4,     4.1,     12.9,     80.4,     1014.6,     104.87,     255.7,     88.1,     -178.1
39,     03.07.2014 06:31:16,     271.95,     522.6,     293,     0.6,     2.6,     4.1,     13.2,     78.9,     1014.6,     104.87,     255.9,     87.9,     -178
40,     03.07.2014 06:41:16,     235.2,     460.29,     298,     1.4,     2.9,     4.8,     13.5,     78.6,     1014.5,     104.87,     255.7,     88,     -178
41,     03.07.2014 06:51:16,     305.55,     588.93,     276,     0.2,     2.6,     4.7,     13.7,     79.1,     1014.4,     104.87,     255.6,     88,     -177.9
42,     03.07.2014 07:01:16,     393.75,     739.68,     274,     1,     3.1,     4.9,     13.8,     78.3,     1014.5,     104.87,     255.8,     88,     -178
43,     03.07.2014 07:11:16,     430.5,     814.05,     274,     0.7,     2.4,     4.3,     14.1,     77.1,     1014.5,     104.87,     255.5,     87.9,     -177.9,     13.464,     21.23,     70.0
44,     03.07.2014 07:21:16,     445.2,     842.19,     275,     0.9,     3.1,     5.7,     14.4,     75.6,     1014.4,     104.87,     256.1,     88,     -178
45,     03.07.2014 07:31:16,     476.7,     896.46,     287,     0.8,     2.6,     4.9,     14.9,     74.2,     1014.4,     104.87,     255.7,     88,     -178
46,     03.07.2014 07:41:16,     480.9,     918.57,     265,     1,     3.1,     5.6,     15.1,     72.6,     1014.3,     104.87,     255.8,     87.9,     -177.9
47,     03.07.2014 07:51:16,     411.6,     810.03,     269,     1.1,     3.2,     5.7,     15.2,     74.4,     1014.4,     104.87,     255.8,     88,     -178
48,     03.07.2014 08:01:16,     544.95,     1041.18,     265,     1.6,     3.8,     6.7,     15.4,     72.7,     1014.3,     104.87,     256.5,     88,     -178
49,     03.07.2014 08:11:23,     581.7,     1119.57,     263,     2,     4.6,     7.7,     15.4,     73.8,     1014.3,     104.87,     255.8,     88.2,     -178.3,     13.222,     24.56,     68.5
50,     03.07.2014 08:21:23,     611.1,     1165.8,     268,     1.3,     4,     7,     15.6,     72.1,     1014.3,     104.87,     256,     88.1,     -178.1
51,     03.07.2014 08:31:23,     638.4,     1234.14,     281,     1.8,     4.8,     7.9,     15.8,     70.9,     1014.3,     104.87,     256,     88,     -178
52,     03.07.2014 08:41:23,     759.15,     1451.22,     256,     1.6,     3.5,     6.1,     16.1,     70.9,     1014.2,     104.87,     256,     88,     -178
53,     03.07.2014 08:51:23,     922.95,     1800.96,     269,     1.7,     4.6,     8.3,     16.4,     67.7,     1014.2,     104.87,     256,     87.8,     -177.9
54,     03.07.2014 09:01:23,     532.35,     1061.28,     260,     1.8,     4.4,     7.4,     16.6,     68.2,     1014.1,     104.87,     256,     88,     -178
55,     03.07.2014 09:11:16,     669.9,     1298.46,     253,     2.3,     5.2,     8.5,     16.7,     66,     1014.1,     104.87,     255.9,     88.1,     -178.2,     13.112,     25.50,     67.7
56,     03.07.2014 09:21:16,     616.35,     1236.15,     265,     0.5,     4,     6.5,     16.8,     66.5,     1014.1,     104.87,     255.7,     87.9,     -177.9
57,     03.07.2014 09:31:16,     836.85,     1622.07,     255,     2.2,     4.2,     7.3,     16.9,     67.2,     1014.1,     104.87,     255.7,     87.8,     -177.8
58,     03.07.2014 09:41:16,     351.75,     687.42,     252,     2.4,     4.3,     7.9,     17,     65,     1014.2,     104.87,     255.8,     88,     -178
59,     03.07.2014 09:51:16,     854.7,     1752.72,     253,     1.8,     4.2,     8.3,     17.2,     64.4,     1014.2,     104.87,     255.8,     87.9,     -177.9
60,     03.07.2014 10:01:16,     507.15,     978.87,     273,     1.5,     4.1,     7.5,     17.6,     63.6,     1014.2,     104.87,     76.5,     88,     -2
61,     03.07.2014 10:11:16,     526.05,     1059.27,     262,     1.9,     4.3,     7.2,     17.7,     60.1,     1014.1,     104.87,     255.8,     87.9,     -177.9,     13.135,     25.18,     67.7
62,     03.07.2014 10:21:16,     624.75,     1262.28,     260,     2,     4.1,     7.5,     17.8,     61.6,     1014.2,     104.87,     75.9,     87.9,     -2
63,     03.07.2014 10:31:16,     603.75,     1224.09,     252,     1.5,     4.3,     7.6,     18.1,     57.3,     1014,     104.87,     76.3,     87.7,     -2.2
64,     03.07.2014 10:41:16,     913.5,     1817.04,     266,     1.3,     4.5,     7.9,     18.3,     57.4,     1014.2,     104.87,     76,     87.9,     -2
65,     03.07.2014 10:51:16,     868.35,     1740.66,     268,     0.5,     4.5,     7.2,     18.6,     54.9,     1014.1,     104.87,     256,     88.1,     -178.1
66,     03.07.2014 11:01:16,     816.9,     1620.06,     257,     2.7,     5.2,     7.7,     18.6,     53,     1014.1,     104.87,     76.2,     87.7,     -2.2
67,     03.07.2014 11:11:22,     778.05,     1551.72,     265,     1.7,     4.6,     8.7,     18.8,     48.9,     1014.1,     104.87,     256.2,     87.9,     -177.9,     13.275,     25.09,     67.3
68,     03.07.2014 11:21:22,     820.05,     1642.17,     278,     2.4,     5,     8.9,     19,     48.9,     1014.2,     104.87,     255.8,     88,     -178
69,     03.07.2014 11:31:22,     688.8,     1392.93,     264,     0.7,     4.1,     7.2,     19.3,     49.1,     1014.1,     104.87,     256.3,     87.9,     -177.9
70,     03.07.2014 11:41:22,     710.85,     1429.11,     266,     1.6,     4.4,     8.3,     19.5,     49.8,     1014,     104.87,     76.4,     88,     -1.9
71,     03.07.2014 11:51:22,     618.45,     1254.24,     275,     2.7,     5.5,     8.8,     19.6,     44.3,     1014.1,     104.87,     255.6,     87.5,     -177.7
72,     03.07.2014 12:01:22,     781.2,     1577.85,     304,     0.7,     4.6,     9,     19.8,     43.5,     1014.2,     104.87,     255.9,     88,     -178
73,     03.07.2014 12:11:16,     716.1,     1503.48,     294,     0.7,     4.4,     8.8,     20,     43.1,     1014.2,     104.87,     256,     88,     -177.9,     13.302,     24.63,     67.7
74,     03.07.2014 12:21:16,     945,     1935.63,     282,     2.7,     5,     8,     20.2,     41.6,     1014.2,     104.87,     255.6,     87.9,     -177.9
75,     03.07.2014 12:31:16,     727.65,     1352.73,     281,     0.6,     3.9,     9.5,     20.2,     41.4,     1014,     104.87,     255.5,     87.9,     -177.9
76,     03.07.2014 12:41:16,     601.65,     1216.05,     269,     1.9,     5.2,     9.4,     20.2,     43.3,     1014.1,     104.87,     76.1,     87.9,     -2
77,     03.07.2014 12:51:16,     588,     1175.85,     277,     1.6,     4.7,     7.6,     20.3,     43.2,     1014,     104.87,     256,     88,     -178
78,     03.07.2014 13:01:16,     563.85,     1131.63,     282,     0.4,     3.5,     7.1,     20.5,     44,     1013.9,     104.87,     76.1,     87.9,     -2
79,     03.07.2014 13:11:22,     641.55,     1312.53,     275,     1,     3.6,     6.1,     20.6,     44.3,     1013.8,     104.87,     255.4,     87.9,     -177.9,     13.298,     25.41,     67.4
80,     03.07.2014 13:21:22,     630,     1284.39,     265,     1.5,     4.5,     8.4,     20.6,     40.8,     1013.8,     104.87,     76.1,     88,     -1.9
81,     03.07.2014 13:31:22,     682.5,     1364.79,     267,     0.6,     4.3,     8.5,     20.7,     44.2,     1013.8,     104.87,     76.8,     88.1,     -1.7
82,     03.07.2014 13:41:22,     631.05,     1252.23,     288,     1.3,     4,     6.9,     20.8,     43,     1013.6,     104.87,     256.3,     87.8,     -177.8
83,     03.07.2014 13:51:22,     635.25,     1358.76,     278,     2.7,     4.8,     7.9,     20.9,     43,     1013.7,     104.87,     255.7,     87.7,     -177.7
84,     03.07.2014 14:01:22,     757.05,     1555.74,     255,     1.9,     4.6,     8.1,     20.8,     42.8,     1013.6,     104.87,     255.5,     87.9,     -177.9
85,     03.07.2014 14:11:16,     473.55,     978.87,     245,     2.5,     5,     8,     21,     43.1,     1013.6,     104.87,     255.1,     88.2,     -178.4,     13.199,     25.94,     67.3
86,     03.07.2014 14:21:16,     328.65,     673.35,     261,     2.7,     5,     8.1,     21,     42.3,     1013.5,     104.87,     255.7,     88,     -178
87,     03.07.2014 14:31:16,     283.5,     584.91,     273,     2.2,     4.5,     6.8,     21.1,     44.4,     1013.5,     104.87,     255.6,     88,     -178
88,     03.07.2014 14:41:16,     199.5,     414.06,     277,     1.3,     3.6,     6,     21,     44.3,     1013.5,     104.87,     255.7,     88.1,     -178.1
89,     03.07.2014 14:51:16,     258.3,     534.66,     271,     1.5,     3.7,     6.2,     20.9,     44.2,     1013.5,     104.87,     76,     87.9,     -2
90,     03.07.2014 15:01:16,     350.7,     717.57,     261,     1.4,     4.5,     8.4,     20.9,     45.5,     1013.3,     104.87,     255.7,     87.9,     -177.9
91,     03.07.2014 15:11:16,     298.2,     611.04,     254,     2.3,     4.1,     6.1,     21,     44.3,     1013.2,     104.87,     255.8,     88,     -178,     13.302,     24.53,     68.0
92,     03.07.2014 15:21:16,     298.2,     615.06,     264,     1,     4.2,     6.7,     21,     45.1,     1013.3,     104.87,     75.8,     87.7,     -2.1
93,     03.07.2014 15:31:16,     260.4,     538.68,     278,     0.7,     3.1,     5.4,     20.9,     44.4,     1013.3,     104.87,     75.8,     88,     -1.8
94,     03.07.2014 15:41:16,     208.95,     428.13,     274,     1,     3.7,     6.5,     20.9,     41.9,     1013.3,     104.87,     255.4,     88,     -178
95,     03.07.2014 15:51:16,     252,     520.59,     289,     1.4,     3.3,     5.8,     20.9,     43.5,     1013.3,     104.87,     255.6,     87.9,     -178
96,     03.07.2014 16:01:16,     290.85,     588.93,     285,     1.5,     3.7,     6.6,     21,     43.4,     1013.3,     104.87,     255.4,     88,     -178
97,     03.07.2014 16:11:16,     268.8,     538.68,     288,     1.2,     2.7,     5.1,     21.1,     44.9,     1013.2,     104.87,     75.6,     88,     -1.9,     13.315,     24.01,     68.2
98,     03.07.2014 16:21:16,     341.25,     689.43,     287,     1,     3.6,     6.9,     21.1,     44.5,     1013.1,     104.87,     76.2,     88,     -1.9
99,     03.07.2014 16:31:16,     236.25,     468.33,     285,     1.7,     4.2,     6.9,     21.1,     43.7,     1013.1,     104.87,     256,     88,     -178
100,     03.07.2014 16:41:16,     222.6,     448.23,     296,     1.5,     3.8,     6.6,     21.1,     42.1,     1013,     104.87,     76.2,     88,     -1.9
101,     03.07.2014 16:51:16,     652.05,     1137.66,     284,     1.7,     4,     7.4,     21.1,     42,     1013,     104.87,     255.5,     88,     -178
102,     03.07.2014 17:01:16,     601.65,     1103.49,     280,     1.6,     3.9,     6.2,     21.2,     42.4,     1012.8,     104.87,     255.9,     88,     -178
103,     03.07.2014 17:11:17,     213.15,     428.13,     282,     1.8,     4,     7.3,     21.3,     43,     1012.8,     104.87,     76.8,     88,     -2,     13.394,     24.37,     67.5
104,     03.07.2014 17:21:17,     240.45,     476.37,     277,     2.5,     4.8,     7.5,     21,     45.5,     1012.8,     104.87,     255.8,     88.1,     -178.1
105,     03.07.2014 17:31:17,     255.15,     490.44,     293,     1.7,     4.1,     7.1,     21,     43.3,     1012.7,     104.87,     75.9,     87.9,     -2
106,     03.07.2014 17:41:17,     197.4,     391.95,     294,     2.1,     3.7,     6.2,     21,     41,     1012.7,     104.87,     75.8,     87.9,     -2.1
107,     03.07.2014 17:51:17,     224.7,     440.19,     293,     1.2,     2.9,     6.1,     20.9,     40.4,     1012.6,     104.87,     75.9,     87.9,     -2
108,     03.07.2014 18:01:17,     196.35,     377.88,     298,     1,     3.2,     5.5,     20.9,     43.7,     1012.5,     104.87,     75.6,     88,     -1.9
109,     03.07.2014 18:11:16,     232.05,     446.22,     275,     1,     2.9,     5.9,     20.9,     43.8,     1012.5,     104.87,     75.8,     87.9,     -1.9,     13.417,     23.64,     68.0
110,     03.07.2014 18:21:16,     99.75,     219.09,     278,     1.4,     3,     5.4,     21,     48.5,     1012.6,     104.87,     75.6,     87.9,     -2
111,     03.07.2014 18:31:16,     78.75,     166.83,     280,     1,     2.2,     4,     20.8,     46.1,     1012.4,     104.87,     75.6,     88,     -1.9
112,     03.07.2014 18:41:16,     82.95,     176.88,     262,     1.4,     3.3,     5.1,     20.7,     47.2,     1012.3,     104.87,     75.6,     88,     -1.9
113,     03.07.2014 18:51:16,     80.85,     156.78,     265,     1.4,     3,     5.1,     20.5,     48.9,     1012.3,     104.87,     75.6,     87.9,     -1.9
114,     03.07.2014 19:01:16,     79.8,     160.8,     266,     1.1,     2.5,     5,     20.4,     47.8,     1012.2,     104.87,     255.3,     87.9,     -177.9
115,     03.07.2014 19:11:16,     161.7,     178.89,     259,     1.2,     1.9,     3.5,     20.4,     47.8,     1012.2,     104.87,     75.5,     88,     -1.9,     13.461,     22.26,     68.6
116,     03.07.2014 19:21:16,     60.9,     120.6,     261,     0.4,     1,     1.9,     20.5,     50.4,     1012.2,     104.87,     255.2,     88,     -178
117,     03.07.2014 19:31:16,     35.7,     88.44,     241,     0.3,     0.7,     1.3,     20.3,     53.7,     1012.2,     104.87,     75.4,     87.9,     -2
118,     03.07.2014 19:41:16,     69.3,     68.34,     255,     0,     0.5,     1.1,     20.2,     59.1,     1012.1,     104.87,     75.4,     88,     -1.9
119,     03.07.2014 19:51:16,     55.65,     66.33,     192,     0,     0.6,     1.3,     20,     57.8,     1012,     104.87,     75.4,     88.1,     -1.9
120,     03.07.2014 20:01:16,     23.1,     48.24,     180,     0.7,     1.3,     1.9,     19.4,     58.3,     1012,     104.87,     75.4,     88,     -1.9
121,     03.07.2014 20:11:16,     18.9,     36.18,     180,     0.5,     0.9,     1.6,     19.2,     68.7,     1012.1,     104.87,     75.4,     88,     -1.9,     12.881,     22.23,     68.1
122,     03.07.2014 20:21:16,     5.25,     22.11,     166,     0.7,     1.1,     1.4,     18.3,     70.5,     1012,     104.87,     75.4,     88,     -1.9
123,     03.07.2014 20:31:16,     1.05,     16.08,     183,     0.5,     1.2,     1.6,     17.7,     77.2,     1012,     104.87,     255.1,     88,     -178
124,     03.07.2014 20:41:16,     -1.05,     8.04,     180,     1,     1.3,     1.7,     17.1,     79.3,     1012,     104.87,     255.1,     88,     -178
125,     03.07.2014 20:51:16,     -3.15,     2.01,     189,     0.9,     1.3,     1.7,     16.7,     78.5,     1012,     104.87,     255.1,     87.9,     -177.9
126,     03.07.2014 21:01:16,     -4.2,     0,     158,     0.1,     0.9,     1.7,     17.1,     77.7,     1012,     104.87,     255.1,     88,     -178
127,     03.07.2014 21:11:16,     -5.25,     -2.01,     189,     0.2,     0.7,     1,     16.6,     77.1,     1012,     104.87,     255,     88,     -178,     12.722,     18.27,     70.1
128,     03.07.2014 21:21:16,     -5.25,     0,     181,     0.3,     0.7,     1,     16.1,     77.8,     1012,     104.87,     255.1,     87.9,     -177.9
129,     03.07.2014 21:31:16,     -4.2,     0,     193,     0.3,     0.8,     1.3,     15.8,     80.9,     1011.9,     104.87,     255,     87.9,     -177.9
130,     03.07.2014 21:41:16,     -5.25,     -4.02,     186,     0.5,     0.8,     1.2,     15.4,     79.8,     1011.8,     104.87,     255,     88,     -178.1
131,     03.07.2014 21:51:16,     -4.2,     -2.01,     187,     0.4,     0.9,     1.4,     15.1,     80.3,     1011.8,     104.87,     254.9,     88.1,     -178.1
132,     03.07.2014 22:01:16,     -5.25,     -4.02,     178,     0.6,     1,     1.4,     14.7,     79.9,     1011.8,     104.87,     255,     87.9,     -177.9
133,     03.07.2014 22:11:22,     -4.2,     -4.02,     185,     0.6,     1.1,     1.8,     14.6,     82.5,     1011.7,     104.87,     255,     88,     -178,     12.650,     15.33,     70.7
134,     03.07.2014 22:21:22,     -4.2,     -2.01,     190,     0.7,     1,     1.4,     14.6,     81,     1011.7,     104.87,     255,     88,     -178
135,     03.07.2014 22:31:22,     -4.2,     0,     205,     0.6,     0.9,     1.3,     14.7,     80.7,     1011.6,     104.87,     254.9,     88,     -178
136,     03.07.2014 22:41:22,     -4.2,     0,     194,     0.8,     1.2,     1.9,     14.4,     82,     1011.7,     104.87,     254.9,     87.9,     -177.9
137,     03.07.2014 22:51:22,     -4.2,     0,     196,     1.1,     1.6,     2,     14.3,     82.7,     1011.6,     104.87,     255,     88,     -178
138,     03.07.2014 23:01:22,     -4.2,     -2.01,     195,     1.2,     1.5,     1.9,     14.1,     83.7,     1011.5,     104.87,     255,     87.9,     -177.9
139,     03.07.2014 23:11:16,     -4.2,     -2.01,     202,     0.8,     1.2,     1.5,     14,     83.5,     1011.4,     104.87,     254.9,     88,     -178,     12.622,     13.96,     70.8
140,     03.07.2014 23:21:16,     -5.25,     -2.01,     206,     0.7,     1.1,     1.6,     14.2,     83.7,     1011.4,     104.87,     254.9,     87.9,     -177.9
141,     03.07.2014 23:31:16,     -4.2,     -2.01,     210,     0.4,     1,     1.4,     14.2,     83.6,     1011.4,     104.87,     254.9,     87.9,     -177.9
142,     03.07.2014 23:41:16,     -4.2,     0,     201,     0.6,     1,     1.5,     14.1,     84.2,     1011.4,     104.87,     255,     87.9,     -177.9
143,     03.07.2014 23:51:16,     -4.2,     -2.01,     196,     0.5,     0.9,     1.2,     13.9,     85.5,     1011.3,     104.87,     255,     88,     -178
144,     04.07.2014 00:01:16,     -4.2,     -2.01,     181,     0.4,     0.7,     1.1,     14,     87.6,     1011.3,     104.87,     254.9,     87.9,     -177.9,     12.433,     13.45,     70.7