Logger: #D10248 'TSK_Meteo' - USP_EXP2 (V2.10, Jan 24 2012)
No,     Time,     #1:W/m²:0,     #2:ÂµMol:(do.),     #5:deg:2,     #6:m/sMIN:(do.),     #7:m/sMIT:(do.),     #8:m/sMAX:(do.),     #9:Â°C:(do.),     #10:%:(do.),     #11:hPa:(do.),     #12:mm:(do.),     #14:AZ:3,     #15:EL:(do.),     #16:Roll:(do.),     #HK-Bat:V,     #HK-Temp:oC,     #HK-rH:%
(GSM Transfer OK / Signal:16)
1,     02.11.2014 00:11:16,     -3.15,     0,     195,     0.6,     1.9,     3.1,     11.7,     89.8,     1009.7,     323.44,     253.4,     88,     -178,     12.448,     11.99,     79.3
2,     02.11.2014 00:21:16,     -5.25,     -2.01,     230,     0.2,     1.2,     2.1,     11.7,     90,     1009.7,     323.44,     253.4,     88,     -178
3,     02.11.2014 00:31:16,     -4.2,     -2.01,     208,     0.9,     1.6,     2.5,     11.5,     89.8,     1009.6,     323.44,     253.4,     88,     -178
4,     02.11.2014 00:41:16,     -3.15,     -4.02,     203,     0.5,     1.3,     2.3,     11.4,     90.1,     1009.7,     323.44,     253.4,     88,     -178
5,     02.11.2014 00:51:16,     -4.2,     -2.01,     202,     0.2,     1.1,     1.8,     11.4,     90.2,     1009.7,     323.44,     253.4,     88,     -178
6,     02.11.2014 01:01:16,     -2.1,     -2.01,     198,     1.1,     1.7,     2.8,     11.4,     90.5,     1009.7,     323.44,     253.5,     88,     -178
7,     02.11.2014 01:11:16,     -4.2,     -2.01,     204,     1.2,     2,     3.2,     11.4,     90.1,     1009.6,     323.44,     253.5,     88,     -178,     12.514,     11.09,     81.1
8,     02.11.2014 01:21:16,     -4.2,     -2.01,     194,     1.5,     2.3,     3.3,     11.3,     90.3,     1009.5,     323.44,     253.6,     87.8,     -177.9
9,     02.11.2014 01:31:16,     -5.25,     -2.01,     195,     1.4,     2.1,     3.7,     11.1,     90.3,     1009.4,     323.44,     253.4,     87.9,     -177.9
10,     02.11.2014 01:41:16,     -4.2,     -2.01,     182,     1.8,     2.7,     3.5,     11.2,     90.3,     1009.2,     323.44,     253.6,     88,     -178
11,     02.11.2014 01:51:16,     -4.2,     0,     193,     1,     2.1,     3.1,     11.2,     90.4,     1009.2,     323.44,     253.4,     88.1,     -178.1
12,     02.11.2014 02:01:16,     -5.25,     -4.02,     216,     0.6,     1.5,     3.2,     11.3,     90.1,     1009.3,     323.44,     253.5,     88,     -178
13,     02.11.2014 02:11:22,     -3.15,     2.01,     256,     0.8,     1.7,     2.8,     11.1,     89.8,     1009.4,     323.44,     253.4,     88,     -178,     12.474,     10.89,     81.1
14,     02.11.2014 02:21:22,     -3.15,     -2.01,     200,     1,     2.5,     3.9,     11,     90,     1009.1,     323.44,     253.4,     87.9,     -177.9
15,     02.11.2014 02:31:22,     -5.25,     -2.01,     201,     1.7,     2.5,     3.7,     10.8,     90.4,     1009,     323.44,     253.5,     87.9,     -177.9
16,     02.11.2014 02:41:22,     -4.2,     -4.02,     198,     1.7,     2.7,     3.5,     10.9,     90.4,     1008.9,     323.44,     253.3,     88,     -178
17,     02.11.2014 02:51:22,     -3.15,     0,     201,     1.8,     2.7,     3.8,     10.9,     90.4,     1008.8,     323.44,     253.5,     88,     -178
18,     02.11.2014 03:01:22,     -4.2,     -2.01,     199,     1.4,     2.5,     3.6,     11,     90.4,     1008.6,     323.44,     253.4,     88,     -178
19,     02.11.2014 03:11:22,     -4.2,     0,     190,     1.9,     2.9,     4.1,     10.9,     90.3,     1008.3,     323.44,     253.2,     88,     -178,     12.448,     10.69,     81.2
20,     02.11.2014 03:21:22,     -5.25,     -2.01,     197,     1.4,     2.6,     4.3,     10.9,     90.3,     1008.3,     323.44,     253.4,     88,     -178
21,     02.11.2014 03:31:22,     -4.2,     -2.01,     212,     0.3,     2.4,     3.9,     10.9,     90.3,     1008.4,     323.44,     253.6,     88,     -178
22,     02.11.2014 03:41:22,     -4.2,     -2.01,     235,     0.9,     2.5,     3.8,     10.8,     90.1,     1008.4,     323.44,     253.6,     88,     -178
23,     02.11.2014 03:51:22,     -5.25,     -2.01,     212,     1.5,     2.4,     3.9,     10.7,     90.2,     1008.4,     323.44,     253.5,     88,     -178
24,     02.11.2014 04:01:22,     -5.25,     -2.01,     213,     0.8,     1.8,     3.3,     10.6,     90.3,     1008.4,     323.44,     253.4,     88,     -178
25,     02.11.2014 04:11:17,     -4.2,     -2.01,     228,     0.4,     1.2,     2.4,     10.6,     90.4,     1008.4,     323.44,     253.4,     88,     -178,     12.431,     10.55,     81.2
26,     02.11.2014 04:21:17,     -3.15,     2.01,     203,     0.7,     1.6,     2.3,     10.5,     90.3,     1008.4,     323.44,     253.4,     88,     -178
27,     02.11.2014 04:31:17,     -3.15,     -2.01,     197,     1.6,     2.6,     3.8,     10.5,     90.5,     1008.1,     323.44,     253.9,     88,     -178
28,     02.11.2014 04:41:17,     -4.2,     -4.02,     209,     1.4,     2.3,     3.8,     10.5,     90.7,     1008.2,     323.44,     253.7,     88.1,     -178.1
29,     02.11.2014 04:51:17,     -4.2,     0,     217,     0.6,     2.1,     3.6,     10.5,     90.4,     1008.2,     323.44,     253.4,     88,     -178
30,     02.11.2014 05:01:17,     -4.2,     -2.01,     234,     0.4,     1.3,     2.7,     10.4,     90.4,     1008.1,     323.44,     253.5,     88,     -178
31,     02.11.2014 05:11:16,     -3.15,     0,     211,     1,     1.7,     2.5,     10.3,     90.5,     1008,     323.44,     253.5,     88,     -178,     12.412,     10.31,     81.3
32,     02.11.2014 05:21:16,     -3.15,     -2.01,     202,     1.3,     2.1,     3,     10.2,     90.8,     1008,     323.44,     253.4,     87.9,     -177.9
33,     02.11.2014 05:31:16,     -4.2,     -2.01,     204,     1,     1.7,     2.7,     10.1,     90.8,     1007.9,     323.44,     253.4,     88,     -178
34,     02.11.2014 05:41:16,     -3.15,     0,     198,     0.6,     1.5,     2.2,     10.1,     91,     1007.9,     323.44,     253.4,     88,     -178
35,     02.11.2014 05:51:16,     -3.15,     -2.01,     203,     1.1,     1.8,     2.8,     10.2,     91.1,     1007.9,     323.44,     253.3,     88,     -178
36,     02.11.2014 06:01:16,     -3.15,     -2.01,     204,     1.1,     1.8,     3.1,     10.1,     91.1,     1007.8,     323.44,     253.4,     88.1,     -178.1
37,     02.11.2014 06:11:16,     -3.15,     0,     199,     0.8,     1.8,     2.7,     10.1,     91.1,     1007.7,     323.44,     253.4,     87.9,     -177.9,     12.385,     10.13,     81.4
38,     02.11.2014 06:21:16,     -3.15,     -2.01,     207,     1.1,     1.8,     2.7,     10.1,     91.2,     1007.8,     323.44,     253.5,     87.9,     -178
39,     02.11.2014 06:31:16,     -3.15,     -4.02,     206,     1.2,     1.9,     2.8,     10,     91.1,     1007.7,     323.44,     253.5,     88,     -178
40,     02.11.2014 06:41:16,     -3.15,     -2.01,     203,     0.9,     2,     3,     9.9,     91.2,     1007.7,     323.44,     253.5,     88.1,     -178.1
41,     02.11.2014 06:51:16,     -3.15,     0,     204,     1.1,     2.1,     3.1,     9.8,     91.1,     1007.6,     323.44,     253.3,     88,     -178
42,     02.11.2014 07:01:16,     -2.1,     0,     200,     1.3,     2.1,     3,     9.7,     91.2,     1007.6,     323.44,     253.4,     87.9,     -177.9
43,     02.11.2014 07:11:17,     -1.05,     6.03,     201,     1.5,     2,     2.9,     9.7,     91.3,     1007.6,     323.44,     253.2,     87.9,     -177.9,     12.370,     9.95,     81.4
44,     02.11.2014 07:21:17,     5.25,     16.08,     198,     0.9,     1.8,     2.6,     9.7,     91.4,     1007.7,     323.44,     253.5,     88,     -178
45,     02.11.2014 07:31:17,     17.85,     36.18,     201,     0.9,     1.7,     2.6,     9.6,     91.4,     1007.6,     323.44,     253.3,     88,     -178
46,     02.11.2014 07:41:17,     31.5,     58.29,     190,     0.7,     1.3,     2,     9.5,     91.4,     1007.6,     323.44,     253.4,     87.9,     -177.9
47,     02.11.2014 07:51:17,     38.85,     76.38,     188,     1.1,     1.7,     2.4,     9.6,     91.5,     1007.6,     323.44,     253.5,     88,     -178
48,     02.11.2014 08:01:17,     69.3,     120.6,     191,     1.3,     1.9,     2.5,     9.6,     91.5,     1007.5,     323.44,     253.6,     88,     -178
49,     02.11.2014 08:11:16,     69.3,     132.66,     201,     0.8,     1.6,     2.5,     9.7,     91.4,     1007.6,     323.44,     253.5,     88,     -178,     13.186,     10.09,     81.6
50,     02.11.2014 08:21:16,     73.5,     146.73,     198,     0.9,     1.5,     2.1,     9.8,     91.3,     1007.5,     323.44,     253.6,     88,     -178
51,     02.11.2014 08:31:16,     121.8,     223.11,     195,     1.1,     1.7,     2.6,     10,     91.3,     1007.6,     323.44,     253.7,     88,     -178
52,     02.11.2014 08:41:16,     72.45,     152.76,     203,     1,     1.9,     3,     10.1,     91,     1007.5,     323.44,     253.6,     87.9,     -177.9
53,     02.11.2014 08:51:16,     136.5,     261.3,     197,     1.4,     2.2,     2.9,     10.2,     90.8,     1007.4,     323.44,     253.5,     88,     -178
54,     02.11.2014 09:01:16,     160.65,     313.56,     196,     1.5,     2.4,     3.5,     10.4,     90.3,     1007.3,     323.44,     253.7,     87.9,     -177.9
55,     02.11.2014 09:11:16,     170.1,     333.66,     201,     1.7,     2.8,     4,     10.7,     89.4,     1007.2,     323.44,     253.9,     88.1,     -178.1,     14.490,     11.29,     81.4
56,     02.11.2014 09:21:16,     182.7,     363.81,     205,     1.8,     2.9,     4.2,     10.9,     88.4,     1007.2,     323.44,     253.8,     88,     -178
57,     02.11.2014 09:31:16,     192.15,     383.91,     217,     1.3,     2.4,     3.5,     11.1,     87.6,     1007.2,     323.44,     254,     87.9,     -177.9
58,     02.11.2014 09:41:16,     206.85,     408.03,     215,     1.8,     2.8,     3.9,     10.9,     87.4,     1007.2,     323.44,     253.9,     88,     -178
59,     02.11.2014 09:51:16,     226.8,     448.23,     209,     1.9,     3,     4.3,     11,     87.8,     1007.1,     323.44,     253.8,     87.9,     -178
60,     02.11.2014 10:01:16,     237.3,     464.31,     206,     1.4,     2.9,     4.4,     11.3,     87,     1007,     323.44,     253.9,     88,     -178.1
61,     02.11.2014 10:11:16,     246.75,     484.41,     214,     1.5,     2.7,     4,     11.6,     86.7,     1007,     323.44,     253.9,     88,     -178,     13.360,     13.56,     80.5
62,     02.11.2014 10:21:16,     259.35,     506.52,     207,     1.5,     2.7,     4.1,     11.8,     85.8,     1006.9,     323.44,     253.6,     88.1,     -178
63,     02.11.2014 10:31:16,     270.9,     530.64,     207,     2.2,     3.3,     4.5,     12,     85.4,     1006.9,     323.44,     254,     87.9,     -177.9
64,     02.11.2014 10:41:16,     279.3,     542.7,     215,     1.7,     3,     5.2,     12.3,     84.7,     1006.8,     323.44,     74.1,     88,     -1.8
65,     02.11.2014 10:51:16,     284.55,     558.78,     206,     2,     3.1,     4.9,     12.4,     84.2,     1006.7,     323.44,     253.9,     87.9,     -178
66,     02.11.2014 11:01:16,     291.9,     572.85,     206,     2,     3,     4.3,     12.5,     83.6,     1006.6,     323.44,     73.9,     87.8,     -2.1
67,     02.11.2014 11:11:17,     294,     572.85,     211,     1.8,     2.8,     4,     12.8,     83,     1006.7,     323.44,     73.9,     87.8,     -2,     13.394,     15.37,     79.8
68,     02.11.2014 11:21:17,     297.15,     582.9,     212,     1.5,     2.6,     4.1,     13.2,     82,     1006.4,     323.44,     74.2,     88,     -1.9
69,     02.11.2014 11:31:17,     301.35,     586.92,     211,     1.6,     3,     4.2,     13.5,     79.8,     1006.3,     323.44,     73.9,     88.2,     -1.7
70,     02.11.2014 11:41:17,     304.5,     592.95,     211,     2,     2.9,     4.1,     13.7,     78.9,     1006.3,     323.44,     74.4,     87.9,     -2
71,     02.11.2014 11:51:17,     303.45,     594.96,     224,     1.5,     2.6,     3.8,     14,     77.5,     1006.3,     323.44,     74.1,     88.1,     -1.8
72,     02.11.2014 12:01:17,     302.4,     588.93,     234,     1.1,     2.2,     3.3,     14.3,     77.2,     1006.3,     323.44,     74,     88,     -2
73,     02.11.2014 12:11:16,     301.35,     584.91,     243,     1.3,     2.7,     4.3,     14.6,     75.7,     1006.2,     323.44,     74.5,     88,     -1.9,     13.434,     17.28,     78.9
74,     02.11.2014 12:21:16,     297.15,     576.87,     226,     2,     2.9,     4.1,     14.7,     74.5,     1006.1,     323.44,     74.5,     87.8,     -2.1
75,     02.11.2014 12:31:16,     298.2,     578.88,     226,     1.6,     3,     4.2,     14.7,     75.1,     1006,     323.44,     74.6,     87.7,     -2.2
76,     02.11.2014 12:41:16,     292.95,     566.82,     222,     1.9,     3.1,     4.6,     14.9,     75.4,     1005.9,     323.44,     74.8,     88,     -1.9
77,     02.11.2014 12:51:16,     289.8,     558.78,     220,     1.4,     2.9,     4.3,     15,     75.1,     1005.8,     323.44,     74.6,     88,     -1.9
78,     02.11.2014 13:01:16,     295.05,     568.83,     221,     1.6,     2.9,     4.3,     15.3,     74.6,     1005.7,     323.44,     74.3,     88.1,     -1.8
79,     02.11.2014 13:11:16,     319.2,     611.04,     221,     1.4,     2.7,     4.3,     15.5,     73.3,     1005.6,     323.44,     74.3,     88,     -1.9,     13.233,     18.65,     78.4
80,     02.11.2014 13:21:16,     144.9,     295.47,     224,     1.7,     3.1,     4.6,     15.5,     73.1,     1005.5,     323.44,     74.3,     87.8,     -2.1
81,     02.11.2014 13:31:16,     159.6,     327.63,     229,     1.5,     2.7,     3.9,     15.5,     74,     1005.4,     323.44,     74.4,     88,     -2
82,     02.11.2014 13:41:16,     108.15,     225.12,     213,     1.5,     2.6,     4.1,     15.4,     75.3,     1005.1,     323.44,     74.2,     88,     -1.9
83,     02.11.2014 13:51:16,     79.8,     178.89,     209,     2,     2.8,     4.1,     15.1,     76.5,     1005.1,     323.44,     253.9,     88,     -177.9
84,     02.11.2014 14:01:16,     86.1,     188.94,     222,     1.6,     2.7,     4.3,     15,     77.3,     1005,     323.44,     74.3,     88.1,     -1.9
85,     02.11.2014 14:11:16,     61.95,     138.69,     210,     2,     3.1,     4.4,     14.9,     77.4,     1004.8,     323.44,     74.1,     88.1,     -1.8,     13.498,     17.39,     79.2
86,     02.11.2014 14:21:16,     67.2,     144.72,     213,     1.4,     2.4,     4.6,     14.7,     78.3,     1004.9,     323.44,     74.4,     88,     -1.8
87,     02.11.2014 14:31:16,     96.6,     201,     214,     1.6,     2.6,     4.3,     14.6,     78.3,     1004.8,     323.44,     253.7,     88,     -178
88,     02.11.2014 14:41:16,     96.6,     196.98,     219,     1.4,     2.5,     4.1,     14.6,     78.3,     1004.8,     323.44,     254.2,     88,     -178
89,     02.11.2014 14:51:16,     87.15,     176.88,     226,     1.3,     2.4,     3.7,     14.6,     78.3,     1004.7,     323.44,     74.3,     88,     -1.9
90,     02.11.2014 15:01:16,     97.65,     192.96,     220,     1.3,     2.2,     3.5,     14.7,     78.8,     1004.7,     323.44,     253.8,     88.1,     -178.1
91,     02.11.2014 15:11:16,     75.6,     152.76,     218,     1.3,     2.1,     3.3,     14.7,     78.6,     1004.6,     323.44,     74.1,     87.9,     -2,     13.597,     15.83,     79.9
92,     02.11.2014 15:21:16,     52.5,     110.55,     234,     1,     2.2,     3.5,     14.9,     77.4,     1004.6,     323.44,     73.9,     88,     -1.8
93,     02.11.2014 15:31:16,     39.9,     88.44,     220,     1.4,     2.2,     3.7,     14.8,     77.7,     1004.4,     323.44,     73.8,     87.9,     -1.9
94,     02.11.2014 15:41:16,     28.35,     64.32,     226,     1.2,     2.4,     4.1,     14.7,     77.6,     1004.3,     323.44,     74.1,     88.1,     -1.8
95,     02.11.2014 15:51:16,     24.15,     54.27,     222,     1.3,     2.1,     3.4,     14.6,     78.2,     1004.3,     323.44,     73.8,     88,     -1.9
96,     02.11.2014 16:01:16,     14.7,     34.17,     218,     0.4,     1.6,     3,     14.5,     78.7,     1004.4,     323.44,     74,     88,     -1.9
97,     02.11.2014 16:11:16,     6.3,     18.09,     210,     0.6,     1.5,     2.6,     14.4,     79.4,     1004.3,     323.44,     253.6,     87.9,     -178,     12.802,     15.01,     80.2
98,     02.11.2014 16:21:16,     3.15,     10.05,     209,     1.1,     1.8,     2.8,     14.3,     80,     1004.3,     323.44,     253.6,     88,     -177.9
99,     02.11.2014 16:31:16,     1.05,     6.03,     215,     0.5,     1.3,     2.4,     14.2,     80.5,     1004.2,     323.44,     73.7,     88,     -1.9
100,     02.11.2014 16:41:16,     -1.05,     2.01,     211,     0.1,     1,     1.9,     14.1,     81.1,     1004.2,     323.44,     253.5,     88,     -178
101,     02.11.2014 16:51:16,     -3.15,     2.01,     190,     0.8,     1.6,     2.2,     13.9,     81.5,     1004,     323.44,     253.4,     88,     -178
102,     02.11.2014 17:01:16,     -4.2,     -4.02,     196,     1.3,     1.9,     2.3,     13.8,     81.7,     1004,     323.44,     73.8,     88,     -1.9
103,     02.11.2014 17:11:17,     -3.15,     -2.01,     201,     1.2,     1.9,     2.9,     13.7,     81.8,     1003.9,     323.44,     73.7,     88,     -2,     12.666,     14.03,     80.5
104,     02.11.2014 17:21:17,     -4.2,     0,     201,     1.5,     2,     3.1,     13.6,     82.3,     1003.8,     323.44,     253.6,     87.9,     -177.9
105,     02.11.2014 17:31:17,     -4.2,     -4.02,     201,     1.4,     2.3,     3.3,     13.6,     82.5,     1003.7,     323.44,     253.7,     88,     -178
106,     02.11.2014 17:41:17,     -4.2,     -4.02,     207,     1.1,     2,     3.4,     13.5,     82.7,     1003.8,     323.44,     253.5,     88,     -178
107,     02.11.2014 17:51:17,     -3.15,     -2.01,     208,     1.4,     2.1,     3.1,     13.4,     83.1,     1003.7,     323.44,     73.8,     88,     -1.9
108,     02.11.2014 18:01:17,     -2.1,     -2.01,     199,     1.7,     2.5,     3.6,     13.3,     83.4,     1003.7,     323.44,     253.5,     88,     -178
109,     02.11.2014 18:11:21,     -2.1,     -2.01,     201,     1.2,     2.4,     3.5,     13.3,     83.5,     1003.7,     323.44,     253.5,     87.8,     -177.8,     12.652,     13.27,     80.8
110,     02.11.2014 18:21:21,     -3.15,     -2.01,     211,     1.5,     2.4,     3.8,     13.4,     83.5,     1003.7,     323.44,     253.6,     88,     -178
111,     02.11.2014 18:31:21,     -4.2,     0,     212,     0.9,     2.3,     3.8,     13.4,     83.6,     1003.7,     323.44,     253.6,     88.1,     -178.1
112,     02.11.2014 18:41:21,     -3.15,     0,     210,     1.4,     2.3,     3.4,     13.3,     84.2,     1003.6,     323.44,     253.6,     88,     -177.9
113,     02.11.2014 18:51:21,     -3.15,     -2.01,     207,     1.1,     2.1,     3.3,     13.2,     84.7,     1003.5,     323.44,     253.8,     88,     -178
114,     02.11.2014 19:01:21,     -3.15,     -2.01,     206,     1.2,     2.3,     3.8,     13.2,     84.8,     1003.5,     323.44,     253.5,     88,     -178
115,     02.11.2014 19:11:16,     -3.15,     -2.01,     208,     1,     1.9,     3.1,     13.1,     85,     1003.5,     323.44,     253.4,     87.9,     -177.9,     12.626,     13.01,     80.8
116,     02.11.2014 19:21:16,     -4.2,     -4.02,     199,     1.2,     1.9,     2.7,     13,     85,     1003.4,     323.44,     253.6,     88,     -178
117,     02.11.2014 19:31:16,     -3.15,     2.01,     201,     1.4,     1.9,     2.8,     12.9,     85.2,     1003.3,     323.44,     253.5,     88,     -178
118,     02.11.2014 19:41:16,     -3.15,     -2.01,     202,     1.3,     2,     3,     12.8,     85.6,     1003.2,     323.44,     253.5,     87.9,     -177.9
119,     02.11.2014 19:51:16,     -3.15,     0,     207,     0.1,     1.2,     2.5,     12.7,     85.8,     1003.2,     323.44,     253.5,     87.9,     -178
120,     02.11.2014 20:01:16,     -2.1,     0,     197,     0.1,     1.1,     2.4,     12.6,     86.1,     1003.2,     323.44,     253.5,     88,     -178
121,     02.11.2014 20:11:17,     -3.15,     -2.01,     195,     0.9,     1.6,     2.5,     12.4,     86.4,     1003.1,     323.44,     253.4,     88,     -178,     12.588,     12.43,     81.0
122,     02.11.2014 20:21:17,     -3.15,     -2.01,     199,     1,     2,     3.1,     12.4,     86.6,     1002.9,     323.44,     253.6,     88,     -178.1
123,     02.11.2014 20:31:17,     -4.2,     -2.01,     203,     1.3,     2.1,     3.5,     12.3,     86.9,     1002.9,     323.44,     253.6,     87.9,     -177.9
124,     02.11.2014 20:41:17,     -3.15,     -2.01,     201,     1.5,     2.5,     3.6,     12.3,     86.9,     1002.7,     323.44,     253.6,     88,     -177.9
125,     02.11.2014 20:51:17,     -4.2,     -6.03,     209,     1.4,     2.4,     4.2,     12.3,     87.1,     1002.6,     323.44,     253.6,     88,     -178
126,     02.11.2014 21:01:17,     -5.25,     -2.01,     213,     1.1,     1.9,     3.1,     12.3,     86.8,     1002.5,     323.44,     253.4,     88,     -178
127,     02.11.2014 21:11:16,     -4.2,     -2.01,     207,     0.8,     2,     3.1,     12.2,     87.1,     1002.4,     323.44,     253.7,     88,     -178,     12.569,     11.93,     81.1
128,     02.11.2014 21:21:16,     -5.25,     -2.01,     200,     0.9,     2,     3,     12,     87.3,     1002.2,     323.44,     253.5,     88,     -178
129,     02.11.2014 21:31:16,     -4.2,     0,     197,     1.2,     2.3,     3.6,     12,     87.5,     1002.2,     323.44,     253.7,     87.9,     -177.9
130,     02.11.2014 21:41:16,     -4.2,     -2.01,     209,     1.1,     2.2,     3.5,     12.1,     87.6,     1002.1,     323.44,     253.9,     88,     -178
131,     02.11.2014 21:51:16,     -4.2,     -2.01,     219,     0.9,     2.5,     4.3,     12.3,     86.8,     1002.1,     323.44,     253.4,     88,     -178
132,     02.11.2014 22:01:16,     -5.25,     -4.02,     207,     1.3,     2.7,     4.2,     12.3,     86.2,     1002,     323.44,     253.5,     88,     -178
133,     02.11.2014 22:11:16,     -4.2,     0,     208,     1.6,     2.6,     4.1,     12.3,     86.1,     1002,     323.44,     253.7,     88.1,     -178.1,     12.556,     11.63,     81.3
134,     02.11.2014 22:21:16,     -3.15,     -4.02,     210,     0.2,     1.9,     3.2,     12.2,     86.5,     1001.9,     323.44,     253.5,     88,     -178
135,     02.11.2014 22:31:16,     -4.2,     -2.01,     211,     0.7,     1.9,     3.4,     12.3,     86.7,     1001.7,     323.44,     253.6,     88,     -178.1
136,     02.11.2014 22:41:16,     -5.25,     -2.01,     206,     0.9,     1.9,     3.1,     12.2,     86.4,     1001.6,     323.44,     253.4,     88,     -178
137,     02.11.2014 22:51:16,     -3.15,     -2.01,     211,     0.7,     1.8,     2.8,     12.2,     86.9,     1001.4,     323.44,     253.6,     88,     -178
138,     02.11.2014 23:01:16,     -4.2,     -2.01,     206,     1,     1.9,     2.9,     12.2,     86.6,     1001.4,     323.44,     253.5,     88,     -178
139,     02.11.2014 23:11:17,     -2.1,     -2.01,     208,     0.9,     2.1,     3.2,     12.2,     86.8,     1001.3,     323.44,     253.9,     88,     -178,     12.535,     11.47,     81.3
140,     02.11.2014 23:21:17,     -1.05,     0,     216,     1.4,     2.2,     3.2,     12.3,     86.6,     1001.2,     323.44,     253.6,     88,     -178
141,     02.11.2014 23:31:17,     -1.05,     -2.01,     208,     1.5,     2.4,     3.5,     12.3,     86.7,     1001,     323.44,     253.7,     88.1,     -178.1
142,     02.11.2014 23:41:17,     -4.2,     -2.01,     209,     1.4,     2.6,     3.8,     12.5,     86.5,     1001.1,     323.44,     253.6,     88,     -178
143,     02.11.2014 23:51:17,     -5.25,     -2.01,     218,     0.9,     2,     3.8,     12.5,     86.2,     1000.9,     323.44,     253.3,     88,     -178
144,     03.11.2014 00:01:23,     -4.2,     -4.02,     211,     0.9,     2.3,     3.5,     12.4,     86.2,     1000.8,     323.44,     253.7,     88,     -178,     12.357,     11.81,     81.1