Logger: #D10248 'TSK_Meteo' - USP_EXP2 (V2.10, Jan 24 2012)
No,     Time,     #1:W/m²:0,     #2:ÂµMol:(do.),     #5:deg:2,     #6:m/sMIN:(do.),     #7:m/sMIT:(do.),     #8:m/sMAX:(do.),     #9:Â°C:(do.),     #10:%:(do.),     #11:hPa:(do.),     #12:mm:(do.),     #14:AZ:3,     #15:EL:(do.),     #16:Roll:(do.),     #HK-Bat:V,     #HK-Temp:oC,     #HK-rH:%
(GSM Transfer OK / Signal:17)
1,     13.09.2014 00:11:17,     -2.1,     -2.01,     52,     0.4,     2.9,     5.1,     15.6,     88.9,     1013.7,     264.92,     253.1,     87.7,     -177.7,     12.410,     16.69,     69.4
2,     13.09.2014 00:21:17,     -3.15,     0,     51,     1.4,     3,     5.5,     15.7,     89,     1013.7,     264.92,     253.2,     88.2,     -178.2
3,     13.09.2014 00:31:17,     -2.1,     -4.02,     54,     1.7,     3.1,     5.5,     15.7,     89.3,     1013.7,     264.92,     253.1,     87.8,     -177.8
4,     13.09.2014 00:41:17,     -1.05,     0,     51,     1.4,     3.4,     6,     15.7,     89.5,     1013.7,     264.92,     252.3,     87.9,     -177.9
5,     13.09.2014 00:51:17,     -3.15,     0,     49,     1.8,     3.4,     6,     15.7,     89.9,     1013.7,     264.92,     253.3,     87.7,     -177.7
6,     13.09.2014 01:01:17,     -2.1,     -2.01,     51,     1.4,     2.9,     5.1,     15.7,     90,     1013.7,     264.92,     253.7,     87.8,     -177.8
7,     13.09.2014 01:11:22,     -2.1,     0,     50,     1.7,     3.2,     5.7,     15.8,     89.8,     1013.7,     264.92,     252.6,     87.4,     -177.4,     12.520,     16.25,     70.5
8,     13.09.2014 01:21:22,     -3.15,     0,     51,     1.5,     2.8,     5.5,     15.9,     89.3,     1013.7,     264.92,     252.4,     87.6,     -177.6
9,     13.09.2014 01:31:22,     -3.15,     -2.01,     57,     1.1,     3,     5.2,     16,     89.2,     1013.8,     264.92,     252.9,     87.9,     -177.9
10,     13.09.2014 01:41:22,     -3.15,     0,     49,     1.2,     3,     5.3,     16,     89.3,     1013.7,     264.92,     253.3,     87.7,     -177.7
11,     13.09.2014 01:51:22,     -3.15,     -2.01,     50,     1.1,     3.5,     6.3,     16,     89,     1013.7,     264.92,     253.7,     88.1,     -178.1
12,     13.09.2014 02:01:22,     -2.1,     0,     52,     1.2,     3.7,     7,     16.1,     88.6,     1013.7,     264.92,     252.9,     88,     -178.1
13,     13.09.2014 02:11:30,     -3.15,     -2.01,     52,     1.5,     3.7,     6.9,     16.1,     88.9,     1013.6,     264.92,     (NO REPLY),     (NO REPLY),     (NO REPLY),     12.484,     16.37,     70.4
14,     13.09.2014 02:21:30,     -3.15,     0,     51,     0.3,     3.5,     6.1,     16.1,     89.1,     1013.7,     264.92,     252.6,     88.3,     -178.3
15,     13.09.2014 02:31:30,     -2.1,     -2.01,     50,     1.3,     3,     4.9,     16.1,     89,     1013.7,     264.92,     253,     87.7,     -177.8
16,     13.09.2014 02:41:30,     -2.1,     -2.01,     51,     1.2,     3.2,     6,     16.1,     89,     1013.6,     264.92,     253.1,     87.6,     -177.6
17,     13.09.2014 02:51:30,     -3.15,     -2.01,     48,     2.4,     4,     7.1,     16.1,     89,     1013.5,     264.92,     252.5,     88.1,     -178.2
18,     13.09.2014 03:01:30,     -1.05,     -2.01,     53,     1.2,     3.8,     6.7,     16.1,     88.8,     1013.5,     264.92,     253,     88,     -178
19,     13.09.2014 03:11:16,     -2.1,     0,     56,     1.2,     3.4,     5.8,     16.2,     88.7,     1013.6,     264.92,     72.8,     88.8,     -1.1,     12.471,     16.56,     70.5
20,     13.09.2014 03:21:16,     -2.1,     -2.01,     50,     1.7,     3.5,     5.7,     16.2,     89,     1013.6,     264.92,     253,     86.6,     -176.6
21,     13.09.2014 03:31:16,     -1.05,     -2.01,     51,     0.7,     3.1,     5.8,     16.2,     88.9,     1013.6,     264.92,     253.6,     88,     -178.1
22,     13.09.2014 03:41:16,     -1.05,     -2.01,     53,     0.6,     3.3,     5.8,     16.2,     89.1,     1013.6,     264.92,     252.9,     88.5,     -178.6
23,     13.09.2014 03:51:16,     -2.1,     -2.01,     56,     0.9,     3.6,     6.6,     16.2,     89.3,     1013.6,     264.92,     253.2,     88,     -178
24,     13.09.2014 04:01:16,     -2.1,     -2.01,     53,     1.4,     3.1,     6.1,     16.2,     89.6,     1013.5,     264.92,     253.2,     87.6,     -177.6
25,     13.09.2014 04:11:17,     -1.05,     -2.01,     49,     1.2,     3,     5.7,     16.1,     89.9,     1013.5,     264.92,     253.2,     88.1,     -178.1,     12.454,     16.66,     70.4
26,     13.09.2014 04:21:17,     -1.05,     0,     48,     1.4,     2.9,     5.7,     16.1,     90,     1013.5,     264.92,     253.2,     87.8,     -177.8
27,     13.09.2014 04:31:17,     -2.1,     -2.01,     52,     1.8,     3.2,     5.1,     16,     90.2,     1013.6,     264.92,     252.9,     88.2,     -178.3
28,     13.09.2014 04:41:17,     -2.1,     -2.01,     51,     1.8,     3.5,     5.7,     16,     90.4,     1013.5,     264.92,     253.1,     87.6,     -177.6
29,     13.09.2014 04:51:17,     -2.1,     -2.01,     50,     1.7,     3.7,     6.2,     16,     90.9,     1013.5,     264.92,     253.4,     88.4,     -178.4
30,     13.09.2014 05:01:17,     -1.05,     -2.01,     50,     1.7,     3.7,     7,     16,     91.2,     1013.5,     264.92,     252.8,     87.2,     -177.3
31,     13.09.2014 05:11:17,     -2.1,     -2.01,     47,     2,     4,     6.4,     16,     91.3,     1013.5,     264.92,     252.3,     87.2,     -177.3,     12.401,     16.53,     70.6
32,     13.09.2014 05:21:17,     -1.05,     -2.01,     50,     2.2,     3.8,     6.1,     15.9,     91.4,     1013.6,     264.92,     252.2,     87.2,     -177.2
33,     13.09.2014 05:31:17,     -1.05,     -2.01,     59,     2.3,     4.6,     7.9,     15.9,     91.7,     1013.5,     264.92,     253,     88.1,     -178.2
34,     13.09.2014 05:41:17,     -1.05,     -2.01,     66,     2.3,     5.4,     9.2,     15.8,     91.8,     1013.6,     264.92,     253.2,     88.7,     -178.7
35,     13.09.2014 05:51:17,     0,     4.02,     51,     1.9,     3.5,     6.7,     15.9,     92,     1013.6,     264.92,     252.8,     88.8,     -178.9
36,     13.09.2014 06:01:17,     1.05,     0,     52,     1,     3.9,     6.3,     15.8,     92.1,     1013.6,     264.92,     252.8,     87.3,     -177.3
37,     13.09.2014 06:11:16,     3.15,     8.04,     51,     2.1,     4.2,     6.3,     15.8,     92.3,     1013.6,     264.92,     73.5,     87.5,     -2.4,     12.378,     16.43,     70.6
38,     13.09.2014 06:21:16,     4.2,     14.07,     48,     1.7,     3.5,     6.7,     15.8,     92.3,     1013.6,     264.92,     253.4,     88.9,     -179
39,     13.09.2014 06:31:16,     2.1,     8.04,     49,     1.8,     3.5,     5.6,     15.8,     92.4,     1013.7,     264.92,     253.2,     88.2,     -178.3
40,     13.09.2014 06:41:16,     4.2,     12.06,     48,     1.8,     3.5,     5.8,     15.9,     92.5,     1013.7,     264.92,     253.3,     88.2,     -178.2
41,     13.09.2014 06:51:16,     5.25,     16.08,     53,     1.7,     3.4,     6.4,     15.8,     92.4,     1013.7,     264.92,     253.4,     88.2,     -178.2
42,     13.09.2014 07:01:16,     11.55,     30.15,     54,     1.4,     3.1,     6.2,     15.8,     92.5,     1013.6,     264.92,     253.4,     88.2,     -178.3
43,     13.09.2014 07:11:16,     15.75,     40.2,     54,     1.5,     3.5,     7.9,     15.8,     92.6,     1013.7,     264.92,     252.6,     87.6,     -177.6,     12.425,     16.47,     70.6
44,     13.09.2014 07:21:16,     22.05,     56.28,     53,     1.3,     3.4,     6,     15.9,     92.8,     1013.7,     264.92,     252.9,     87.1,     -177.1
45,     13.09.2014 07:31:16,     21,     56.28,     50,     1.4,     3.6,     6.3,     15.9,     92.8,     1013.7,     264.92,     253,     87.7,     -177.8
46,     13.09.2014 07:41:16,     21,     52.26,     53,     1.7,     3.5,     5.6,     16,     92.8,     1013.7,     264.92,     253,     87.8,     -177.8
47,     13.09.2014 07:51:16,     16.8,     44.22,     51,     1.8,     3.2,     5.5,     15.9,     92.9,     1013.8,     264.92,     73.9,     88.1,     -1.9
48,     13.09.2014 08:01:16,     26.25,     64.32,     50,     1.8,     3.3,     6.2,     16,     93,     1013.7,     264.92,     252.5,     87.7,     -177.7
49,     13.09.2014 08:11:16,     46.2,     108.54,     51,     1.5,     3.3,     5.9,     16,     93,     1013.7,     264.92,     253.3,     88.3,     -178.3,     12.613,     16.57,     70.6
50,     13.09.2014 08:21:16,     40.95,     100.5,     50,     2.2,     3.8,     6.2,     16.1,     93,     1013.8,     264.92,     252.9,     87.8,     -177.8
51,     13.09.2014 08:31:16,     40.95,     104.52,     51,     1.8,     3.7,     6.2,     16.1,     93,     1013.9,     264.92,     252.7,     87.7,     -177.7
52,     13.09.2014 08:41:16,     37.8,     94.47,     49,     1.5,     4,     6,     16.1,     93,     1013.9,     264.92,     253.1,     88.2,     -178.3
53,     13.09.2014 08:51:16,     45.15,     112.56,     53,     2.8,     4.3,     7.3,     16.2,     93.1,     1013.8,     264.92,     253.6,     87.2,     -177.2
54,     13.09.2014 09:01:16,     35.7,     90.45,     55,     2.4,     4.1,     7.4,     16.2,     93.1,     1013.9,     264.92,     253.4,     87.1,     -177.1
55,     13.09.2014 09:11:16,     31.5,     80.4,     56,     1.5,     4.1,     7.4,     16.3,     93,     1014,     264.92,     252.4,     88,     -178.1,     12.817,     16.89,     70.5
56,     13.09.2014 09:21:16,     31.5,     78.39,     51,     2.2,     3.8,     6.2,     16.3,     92.8,     1014,     264.92,     252.8,     87.5,     -177.5
57,     13.09.2014 09:31:16,     36.75,     90.45,     53,     1.6,     3.6,     6,     16.4,     92.5,     1014,     264.92,     253.2,     88.7,     -178.9
58,     13.09.2014 09:41:16,     57.75,     136.68,     56,     1.6,     3.3,     5.4,     16.5,     92.2,     1014,     264.92,     253.6,     88,     -178
59,     13.09.2014 09:51:16,     56.7,     134.67,     51,     1.8,     3.3,     5.3,     16.6,     91.8,     1013.9,     264.92,     253.6,     88.5,     -178.5
60,     13.09.2014 10:01:16,     48.3,     114.57,     51,     1.9,     3.3,     6.2,     16.7,     91.4,     1014,     264.95,     253.2,     88.6,     -178.6
61,     13.09.2014 10:11:16,     39.9,     96.48,     57,     0.8,     2.8,     4.8,     16.8,     91.1,     1014,     264.98,     253.2,     88.1,     -178.1,     12.948,     17.18,     70.4
62,     13.09.2014 10:21:16,     49.35,     116.58,     53,     1.1,     2.8,     5.5,     16.8,     91,     1014.1,     264.98,     253,     88.3,     -178.3
63,     13.09.2014 10:31:16,     98.7,     231.15,     52,     0.2,     2.8,     4.9,     16.9,     90.6,     1014.1,     264.98,     253.4,     87.8,     -177.8
64,     13.09.2014 10:41:16,     44.1,     104.52,     49,     0.6,     2.4,     4.4,     17,     90.2,     1014,     264.98,     (NO REPLY),     (NO REPLY),     (NO REPLY)
65,     13.09.2014 10:51:16,     67.2,     156.78,     53,     1.2,     3,     5.3,     17,     89.9,     1014,     265.14,     253.4,     87.8,     -177.9
66,     13.09.2014 11:01:16,     87.15,     201,     53,     1.3,     3.3,     5.6,     17,     90.2,     1013.9,     265.7,     253.8,     87.8,     -177.9
67,     13.09.2014 11:11:16,     91.35,     211.05,     60,     0.4,     2.2,     4.2,     17,     90.2,     1013.9,     265.74,     253.4,     87.9,     -177.9,     13.158,     17.59,     70.3
68,     13.09.2014 11:21:16,     55.65,     126.63,     52,     0.1,     2.1,     4.1,     17.1,     90.2,     1014,     265.76,     253.6,     88,     -178
69,     13.09.2014 11:31:16,     43.05,     100.5,     48,     0.6,     1.9,     3.9,     17.1,     90.1,     1014,     265.76,     253.6,     88.1,     -178.1
70,     13.09.2014 11:41:16,     34.65,     80.4,     46,     0.1,     1.7,     3,     17.1,     90.2,     1014,     265.76,     253.7,     88.1,     -178.1
71,     13.09.2014 11:51:16,     40.95,     98.49,     45,     0.8,     2.3,     4.1,     17.2,     89.8,     1014,     265.76,     253.7,     88.1,     -178.1
72,     13.09.2014 12:01:16,     68.25,     164.82,     53,     1,     2.2,     4.1,     17.2,     89.7,     1013.9,     265.76,     253.7,     88,     -178
73,     13.09.2014 12:11:27,     63,     148.74,     66,     0.2,     1.9,     4.1,     17.3,     89.5,     1014,     265.76,     253.2,     87.9,     -177.9,     12.823,     17.77,     70.2
74,     13.09.2014 12:21:27,     26.25,     64.32,     53,     0.3,     1.9,     3.7,     17.3,     89.6,     1014,     265.76,     253.3,     88,     -178
75,     13.09.2014 12:31:27,     27.3,     66.33,     52,     0.9,     3.3,     6,     17.3,     88.2,     1014.1,     265.76,     253.1,     88.2,     -178.2
76,     13.09.2014 12:41:27,     43.05,     100.5,     54,     1.2,     2.6,     4.8,     17.3,     88.1,     1014,     265.76,     253.7,     88,     -178
77,     13.09.2014 12:51:27,     75.6,     180.9,     57,     0.7,     2,     3.9,     17.4,     87.9,     1014,     265.76,     253.8,     87.9,     -177.9
78,     13.09.2014 13:01:27,     50.4,     116.58,     52,     0.3,     2,     3.6,     17.5,     87.3,     1014.1,     265.76,     253.6,     88.1,     -178.1
79,     13.09.2014 13:11:16,     45.15,     112.56,     51,     1,     2.3,     4.2,     17.5,     87.4,     1014,     265.76,     253.8,     88.4,     -178.4,     12.938,     18.14,     70.2
80,     13.09.2014 13:21:16,     47.25,     116.58,     47,     1.3,     2.9,     5.5,     17.5,     87.5,     1014,     265.76,     253.7,     88,     -178
81,     13.09.2014 13:31:16,     39.9,     104.52,     47,     0.8,     2.7,     4.7,     17.5,     86.7,     1014.1,     265.76,     253.8,     87.8,     -177.9
82,     13.09.2014 13:41:16,     16.8,     40.2,     51,     0.9,     2.1,     4.8,     17.5,     87.3,     1014,     265.88,     253.7,     87.9,     -178
83,     13.09.2014 13:51:16,     8.4,     22.11,     45,     0.7,     1.6,     2.9,     17.4,     88.6,     1014,     265.97,     253.7,     87.9,     -178
84,     13.09.2014 14:01:16,     23.1,     62.31,     49,     0.7,     2.2,     4.8,     17.2,     88.3,     1014.1,     266.39,     253.5,     88.1,     -178.1
85,     13.09.2014 14:11:16,     35.7,     96.48,     62,     0.6,     3.1,     6.9,     17.1,     88.4,     1014,     268.17,     253.5,     87.9,     -177.9,     12.908,     17.78,     70.3
86,     13.09.2014 14:21:16,     34.65,     90.45,     85,     0.3,     2.1,     5.4,     17,     88.5,     1013.7,     268.42,     254.3,     88.1,     -178.1
87,     13.09.2014 14:31:16,     38.85,     102.51,     57,     0.2,     2.1,     3.9,     16.9,     88.7,     1013.9,     268.64,     253.7,     88.1,     -178.1
88,     13.09.2014 14:41:16,     44.1,     114.57,     75,     0.3,     2,     4.8,     16.8,     89.5,     1014,     269.18,     253.4,     87.9,     -177.9
89,     13.09.2014 14:51:16,     45.15,     118.59,     100,     0.1,     1.3,     3.8,     16.8,     90.2,     1013.9,     270.12,     253.9,     88.1,     -178.1
90,     13.09.2014 15:01:16,     33.6,     82.41,     52,     0.4,     2,     3.7,     16.8,     90.3,     1013.9,     270.9,     253.3,     88,     -178
91,     13.09.2014 15:11:27,     61.95,     148.74,     55,     0.9,     2.8,     6.6,     16.8,     90.5,     1014,     271.22,     253.6,     88.1,     -178.1,     13.001,     17.46,     70.4
92,     13.09.2014 15:21:27,     31.5,     78.39,     69,     0.2,     2.8,     5.1,     16.8,     90.8,     1014.2,     271.36,     253.5,     88.1,     -178.1
93,     13.09.2014 15:31:27,     8.4,     20.1,     81,     0.2,     2.3,     4.2,     16.7,     90.7,     1014.4,     271.4,     253.7,     88,     -178
94,     13.09.2014 15:41:27,     7.35,     20.1,     76,     0.1,     2.1,     4.4,     16.7,     90.4,     1014.5,     271.44,     253.8,     88,     -178
95,     13.09.2014 15:51:27,     6.3,     16.08,     89,     0.1,     2.5,     5.2,     16.6,     90.5,     1014.5,     271.9,     (NO REPLY),     (NO REPLY),     (NO REPLY)
96,     13.09.2014 16:01:27,     4.2,     12.06,     120,     0.5,     2.7,     4.9,     16.6,     90.3,     1014.6,     272,     (NO REPLY),     (NO REPLY),     (NO REPLY)
97,     13.09.2014 16:11:22,     2.1,     8.04,     114,     0.5,     2.2,     4.2,     16.5,     90.7,     1014.6,     272.49,     253.8,     88.1,     -178.1,     12.715,     17.19,     70.5
98,     13.09.2014 16:21:22,     6.3,     18.09,     143,     0.5,     1.8,     4.4,     16.4,     90.4,     1014.4,     274.19,     253.5,     88,     -178
99,     13.09.2014 16:31:22,     9.45,     26.13,     69,     0.2,     1.8,     3.2,     16.4,     90.5,     1014.3,     274.72,     (NO REPLY),     (NO REPLY),     (NO REPLY)
100,     13.09.2014 16:41:22,     9.45,     28.14,     74,     0.2,     1.9,     4.2,     16.3,     90.7,     1014.2,     275.05,     253.7,     87.9,     -177.9
101,     13.09.2014 16:51:22,     9.45,     26.13,     56,     0.3,     2.1,     4.2,     16.3,     90.7,     1014.2,     275.19,     253.6,     88.1,     -178.1
102,     13.09.2014 17:01:22,     8.4,     22.11,     60,     0.8,     2.5,     5.2,     16.3,     90.9,     1014.2,     275.23,     253.5,     88.1,     -178.1
103,     13.09.2014 17:11:22,     13.65,     34.17,     60,     1,     2.4,     4.3,     16.2,     91,     1014.2,     275.24,     253.3,     88.2,     -178.2,     12.669,     16.83,     70.7
104,     13.09.2014 17:21:22,     13.65,     34.17,     68,     0.8,     2.3,     4,     16.2,     91,     1014.2,     275.24,     253.7,     87.7,     -177.8
105,     13.09.2014 17:31:22,     7.35,     18.09,     58,     0.6,     1.9,     3.8,     16.3,     91,     1014.4,     275.24,     253.5,     88,     -178
106,     13.09.2014 17:41:22,     7.35,     16.08,     49,     0.6,     2,     4.5,     16.3,     91.2,     1014.4,     275.24,     253.5,     88.1,     -178.1
107,     13.09.2014 17:51:22,     8.4,     18.09,     66,     0.7,     1.9,     4.5,     16.3,     90.7,     1014.4,     275.24,     253.6,     87.9,     -177.9
108,     13.09.2014 18:01:22,     7.35,     12.06,     63,     0.3,     1.5,     3.6,     16.3,     90.8,     1014.5,     275.24,     253.6,     88,     -178
109,     13.09.2014 18:11:17,     4.2,     12.06,     54,     0.8,     1.9,     3.2,     16.3,     90.9,     1014.5,     275.24,     253.6,     88,     -178,     12.575,     16.71,     70.7
110,     13.09.2014 18:21:17,     2.1,     2.01,     55,     0.1,     1.9,     4.9,     16.3,     90.7,     1014.7,     275.24,     253.2,     87.9,     -177.9
111,     13.09.2014 18:31:17,     3.15,     6.03,     57,     0.1,     2.3,     6.1,     16.4,     90.2,     1014.7,     275.24,     253.6,     88,     -178
112,     13.09.2014 18:41:17,     -1.05,     0,     49,     0.8,     1.8,     3.3,     16.4,     89.8,     1014.8,     275.24,     (NO REPLY),     (NO REPLY),     (NO REPLY)
113,     13.09.2014 18:51:17,     -1.05,     -2.01,     64,     0.2,     1.9,     3.1,     16.4,     88.4,     1014.7,     275.24,     253.5,     88,     -178
114,     13.09.2014 19:01:17,     -1.05,     -2.01,     71,     0.1,     1.9,     4.9,     16.4,     88.3,     1014.8,     275.24,     (NO REPLY),     (NO REPLY),     (NO REPLY)
115,     13.09.2014 19:11:22,     -1.05,     -2.01,     64,     0.2,     1.7,     4.1,     16.4,     88.5,     1014.9,     275.25,     253.4,     87.9,     -177.9,     12.524,     16.66,     70.8
116,     13.09.2014 19:21:22,     -2.1,     -2.01,     58,     0.1,     1.3,     2.6,     16.4,     88.9,     1015.1,     275.25,     253.6,     88,     -178
117,     13.09.2014 19:31:22,     -1.05,     -4.02,     55,     0.2,     1.8,     3.8,     16.4,     89.1,     1015.1,     275.25,     253.5,     88.1,     -178.1
118,     13.09.2014 19:41:22,     0,     0,     53,     0.2,     2.1,     5,     16.4,     89.2,     1015.1,     275.25,     (NO REPLY),     (NO REPLY),     (NO REPLY)
119,     13.09.2014 19:51:22,     -2.1,     -4.02,     59,     0.6,     1.9,     4.4,     16.4,     88.9,     1015.3,     275.25,     253.4,     87.9,     -177.9
120,     13.09.2014 20:01:22,     -1.05,     0,     64,     0.2,     1.9,     4,     16.4,     89.2,     1015.3,     275.25,     (NO REPLY),     (NO REPLY),     (NO REPLY)
121,     13.09.2014 20:11:16,     -1.05,     -2.01,     75,     0.7,     2.1,     5.8,     16.4,     88.3,     1015.3,     275.26,     253.5,     88,     -178,     12.476,     16.68,     70.8
122,     13.09.2014 20:21:16,     -2.1,     0,     72,     0.3,     1.8,     4,     16.4,     88.4,     1015.2,     275.26,     253.6,     88.1,     -178.1
123,     13.09.2014 20:31:16,     -2.1,     -2.01,     72,     0.1,     1.8,     3.7,     16.3,     88.6,     1015.2,     275.26,     253.7,     88,     -178
124,     13.09.2014 20:41:16,     -1.05,     0,     68,     0.1,     1.6,     3,     16.2,     88.1,     1015.2,     275.26,     253.7,     88,     -178
125,     13.09.2014 20:51:16,     -3.15,     -2.01,     63,     0.1,     1.5,     2.8,     16.1,     88.8,     1015.1,     275.26,     253.4,     87.9,     -177.9
126,     13.09.2014 21:01:16,     -1.05,     -2.01,     58,     0.3,     1.7,     3.2,     16.1,     89.2,     1015.1,     275.26,     253.6,     88,     -178
127,     13.09.2014 21:11:22,     -3.15,     0,     55,     0.2,     1.5,     3.1,     16.1,     89.5,     1015.1,     275.26,     253.7,     87.9,     -177.9,     12.452,     16.34,     70.9
128,     13.09.2014 21:21:22,     -2.1,     0,     51,     0.2,     1.5,     3,     16,     89.6,     1015,     275.26,     253.4,     88,     -178
129,     13.09.2014 21:31:22,     -3.15,     -2.01,     52,     1.1,     2.1,     3.3,     16.1,     89.7,     1015,     275.26,     (NO REPLY),     (NO REPLY),     (NO REPLY)
130,     13.09.2014 21:41:22,     -1.05,     0,     53,     0.9,     2.1,     3.6,     16,     89.4,     1014.9,     275.26,     253.6,     88.1,     -178.1
131,     13.09.2014 21:51:22,     -3.15,     -2.01,     47,     1.1,     2.6,     4,     16.1,     89,     1014.8,     275.26,     253.4,     88,     -178
132,     13.09.2014 22:01:22,     -2.1,     0,     51,     1.6,     3.2,     5.2,     16.1,     88.5,     1014.7,     275.26,     252.8,     88.2,     -178.2
133,     13.09.2014 22:11:28,     -3.15,     0,     51,     1.1,     3,     5.5,     16.1,     88.9,     1014.6,     275.26,     253.4,     87.8,     -177.8,     12.395,     16.14,     71.0
134,     13.09.2014 22:21:28,     -3.15,     -2.01,     43,     1.1,     3.4,     5.3,     16,     89.2,     1014.7,     275.26,     252.8,     87.9,     -177.9
135,     13.09.2014 22:31:28,     -2.1,     0,     43,     1.3,     3.3,     4.6,     16,     89.6,     1014.7,     275.26,     253,     87.2,     -177.2
136,     13.09.2014 22:41:28,     -2.1,     -2.01,     45,     1.6,     3.3,     4.9,     15.9,     89.4,     1014.6,     275.26,     253.4,     88.3,     -178.3
137,     13.09.2014 22:51:28,     -4.2,     -2.01,     50,     1.7,     3.2,     5,     15.8,     89.4,     1014.6,     275.26,     253.2,     87.9,     -178
138,     13.09.2014 23:01:28,     -4.2,     -2.01,     47,     1.6,     2.7,     4.4,     15.7,     89.9,     1014.5,     275.26,     253.4,     88,     -178
139,     13.09.2014 23:11:17,     -4.2,     -2.01,     42,     0.8,     3,     4.2,     15.7,     90.4,     1014.5,     275.26,     253.4,     87.9,     -177.9,     12.370,     16.03,     71.0
140,     13.09.2014 23:21:17,     -3.15,     0,     44,     0.8,     2.5,     3.8,     15.6,     90.4,     1014.4,     275.26,     253.3,     87.8,     -177.8
141,     13.09.2014 23:31:17,     -4.2,     -4.02,     36,     2.1,     3.1,     4.1,     15.6,     90.8,     1014.4,     275.26,     253.4,     87.9,     -177.9
142,     13.09.2014 23:41:17,     -2.1,     -2.01,     25,     1.7,     3.1,     5.2,     15.6,     90.6,     1014.4,     275.26,     253.5,     88.3,     -178.3
143,     13.09.2014 23:51:17,     -3.15,     -2.01,     19,     1.7,     2.6,     4.3,     15.5,     90.5,     1014.4,     275.26,     253.5,     87.9,     -177.9
144,     14.09.2014 00:01:16,     -2.1,     0,     24,     2.4,     3.2,     4.4,     15.6,     90.1,     1014.4,     275.26,     253.3,     88.2,     -178.3,     12.253,     15.67,     71.2