Logger: #D10248 'TSK_Meteo' - USP_EXP2 (V2.10, Jan 24 2012)
No,     Time,     #1:W/m²:0,     #2:ÂµMol:(do.),     #5:deg:2,     #6:m/sMIN:(do.),     #7:m/sMIT:(do.),     #8:m/sMAX:(do.),     #9:Â°C:(do.),     #10:%:(do.),     #11:hPa:(do.),     #12:mm:(do.),     #14:AZ:3,     #15:EL:(do.),     #16:Roll:(do.),     #HK-Bat:V,     #HK-Temp:oC,     #HK-rH:%
(GSM Transfer OK / Signal:17)
1,     22.10.2014 00:11:23,     -2.1,     -2.01,     303,     0.9,     2.8,     8.2,     10.8,     88.9,     989.7,     312.89,     254.7,     88,     -178,     12.401,     12.10,     77.3
2,     22.10.2014 00:21:23,     -1.05,     0,     323,     1,     3.7,     8,     10.8,     88,     989.9,     312.95,     253.9,     88,     -178
3,     22.10.2014 00:31:23,     -1.05,     0,     305,     0.9,     3.2,     7.1,     10.7,     87.8,     989.9,     313,     252.8,     88.3,     -178.3
4,     22.10.2014 00:41:23,     -2.1,     -2.01,     287,     0.3,     2.1,     6.3,     10.7,     88.3,     990,     313.07,     253.6,     88.1,     -178.1
5,     22.10.2014 00:51:23,     -2.1,     -2.01,     292,     0.5,     3.4,     7.6,     10.5,     87.8,     990.2,     313.43,     254.1,     88.2,     -178.3
6,     22.10.2014 01:01:23,     0,     -2.01,     284,     0.9,     3.6,     8.1,     10.5,     87.5,     990.4,     313.61,     254.3,     88.1,     -178.1
7,     22.10.2014 01:11:16,     -2.1,     -2.01,     285,     0.9,     3.7,     7.4,     10.4,     88,     990.5,     313.76,     254,     88,     -178,     12.410,     11.16,     79.0
8,     22.10.2014 01:21:16,     -2.1,     -2.01,     293,     1.6,     4.5,     8.4,     10.4,     88.1,     990.8,     313.89,     254.3,     88.2,     -178.2
9,     22.10.2014 01:31:16,     -3.15,     -2.01,     294,     1.5,     3.7,     7.1,     10.3,     87.8,     991,     314.1,     74.3,     87.9,     -1.9
10,     22.10.2014 01:41:16,     -1.05,     -2.01,     291,     0.7,     4.5,     8.5,     10.2,     87.7,     991,     314.29,     253.6,     88,     -178
11,     22.10.2014 01:51:16,     -2.1,     -2.01,     303,     0.7,     3.9,     7.6,     10.2,     87.8,     991.1,     314.44,     253.5,     88.1,     -178
12,     22.10.2014 02:01:16,     -2.1,     -4.02,     317,     0.8,     3.5,     7.7,     10.1,     87.5,     991,     314.48,     254,     87.9,     -177.9
13,     22.10.2014 02:11:16,     -2.1,     -2.01,     308,     0.7,     4,     7.4,     10,     87.5,     991.1,     314.53,     254,     87.9,     -177.9,     12.385,     10.69,     79.2
14,     22.10.2014 02:21:16,     -2.1,     -2.01,     306,     0.8,     3.9,     7.8,     9.9,     87.9,     991.2,     314.56,     253.9,     88,     -178
15,     22.10.2014 02:31:16,     -2.1,     0,     314,     0.9,     3.6,     7.1,     9.9,     88.1,     991.2,     314.63,     254,     88,     -178.1
16,     22.10.2014 02:41:16,     -3.15,     -4.02,     312,     1.2,     3.8,     8.3,     9.7,     87.6,     991.3,     314.72,     254.6,     88,     -178
17,     22.10.2014 02:51:16,     -2.1,     0,     314,     0.5,     4.1,     8.4,     9.7,     87.7,     991.4,     314.93,     253.5,     87.8,     -177.8
18,     22.10.2014 03:01:16,     -1.05,     -2.01,     299,     0.9,     4.2,     7.6,     9.6,     88.3,     991.6,     315.27,     253.9,     87.9,     -177.9
19,     22.10.2014 03:11:16,     -2.1,     -4.02,     289,     1.5,     5.2,     8,     9.5,     88,     991.9,     315.77,     253.9,     87.9,     -177.9,     12.342,     10.31,     79.3
20,     22.10.2014 03:21:16,     -2.1,     -8.04,     285,     1.7,     4.8,     8.2,     9.4,     87.7,     992,     316.23,     254.2,     88.1,     -178.1
21,     22.10.2014 03:31:16,     -1.05,     -2.01,     297,     0.7,     4.6,     7.5,     9.3,     88,     991.8,     316.33,     253.9,     88.1,     -178.1
22,     22.10.2014 03:41:16,     0,     -2.01,     294,     1,     4.8,     9.1,     9.2,     87.7,     991.8,     316.66,     254.2,     88.3,     -178.3
23,     22.10.2014 03:51:16,     -1.05,     -2.01,     297,     1.2,     4.8,     8.2,     9.1,     87.7,     992,     316.9,     253.3,     87.9,     -178
24,     22.10.2014 04:01:16,     -2.1,     -2.01,     292,     1.7,     5.1,     7.7,     9.1,     87.7,     992.1,     317.1,     254.3,     88,     -178
25,     22.10.2014 04:11:16,     -1.05,     -4.02,     296,     2.6,     5.3,     8.8,     9.1,     87.9,     992.1,     317.18,     253.7,     87.9,     -177.9,     12.338,     9.79,     79.4
26,     22.10.2014 04:21:16,     -2.1,     -2.01,     295,     1.5,     4.6,     8.1,     9,     88.1,     992.1,     317.64,     254,     88,     -178
27,     22.10.2014 04:31:16,     -1.05,     -2.01,     273,     1.2,     3.8,     7.1,     9,     87.8,     992.1,     317.96,     74.4,     88,     -1.9
28,     22.10.2014 04:41:16,     -1.05,     -2.01,     287,     0.8,     4.1,     7.5,     9,     88.2,     992.1,     318.35,     254.5,     88,     -178
29,     22.10.2014 04:51:16,     -1.05,     -2.01,     258,     0.9,     3,     5.7,     8.9,     88.3,     992,     318.69,     254.9,     87.9,     -177.9
30,     22.10.2014 05:01:16,     -1.05,     -2.01,     258,     0.3,     3.2,     6.7,     8.9,     88.1,     992,     318.91,     254.2,     87.8,     -177.9
31,     22.10.2014 05:11:17,     0,     0,     291,     0.6,     3.4,     6.2,     9,     88.9,     992.1,     319.1,     253.7,     88,     -178,     12.344,     9.47,     79.5
32,     22.10.2014 05:21:17,     -2.1,     0,     299,     1.4,     4,     7.3,     8.9,     88.4,     992,     319.32,     254,     87.9,     -178
33,     22.10.2014 05:31:17,     -1.05,     -4.02,     296,     1.4,     3.8,     6.9,     8.9,     88.3,     992,     319.49,     255.3,     88,     -178
34,     22.10.2014 05:41:17,     -1.05,     -2.01,     291,     0.6,     3.8,     5.9,     8.9,     88.4,     992.1,     319.56,     253.8,     87.9,     -177.9
35,     22.10.2014 05:51:17,     0,     0,     281,     0.9,     3.5,     5.9,     8.9,     88.4,     992.1,     319.58,     253.2,     87.9,     -177.9
36,     22.10.2014 06:01:17,     -1.05,     0,     276,     0.8,     3.3,     6.7,     8.9,     88.5,     992.2,     319.59,     253.9,     88.1,     -178.1
37,     22.10.2014 06:11:16,     -1.05,     -2.01,     284,     1.1,     3.3,     5.9,     8.9,     88.3,     992.3,     319.59,     253.9,     88,     -178,     12.323,     9.39,     79.5
38,     22.10.2014 06:21:16,     -1.05,     0,     272,     0.5,     2.7,     4.7,     9.1,     89,     992.4,     319.59,     254.5,     87.9,     -177.9
39,     22.10.2014 06:31:16,     0,     -2.01,     282,     0.9,     2.6,     5.4,     9,     88.7,     992.5,     319.59,     254.5,     88,     -178
40,     22.10.2014 06:41:16,     -1.05,     0,     285,     0.8,     2.5,     4.4,     9.1,     88.8,     992.7,     319.59,     253.6,     88,     -178.1
41,     22.10.2014 06:51:16,     -1.05,     -2.01,     282,     1.4,     3.1,     4.4,     9.1,     88.7,     992.8,     319.6,     253.9,     88,     -178
42,     22.10.2014 07:01:16,     -2.1,     0,     287,     0.7,     2.9,     5.8,     9.1,     88.8,     992.9,     319.66,     253.6,     87.9,     -177.9
43,     22.10.2014 07:11:21,     1.05,     2.01,     293,     0.9,     3.1,     5,     9.1,     88.9,     993,     319.79,     253.8,     88,     -178,     12.325,     9.50,     79.5
44,     22.10.2014 07:21:21,     2.1,     8.04,     282,     1,     2.8,     4.8,     9.1,     89.4,     993.2,     319.81,     253.6,     87.9,     -177.9
45,     22.10.2014 07:31:21,     2.1,     8.04,     203,     0.4,     1.9,     3.1,     9.1,     89.4,     993.3,     319.82,     253.5,     88,     -178
46,     22.10.2014 07:41:21,     2.1,     6.03,     218,     0.3,     2.1,     3.9,     9.2,     89.7,     993.4,     319.99,     253.6,     88.1,     -178.1
47,     22.10.2014 07:51:21,     4.2,     10.05,     235,     1.4,     2.5,     3.7,     9.2,     89.8,     993.6,     320.03,     253.5,     88.1,     -178.1
48,     22.10.2014 08:01:21,     3.15,     12.06,     178,     0.5,     2,     3,     9.3,     89.9,     993.6,     320.06,     253.5,     88.1,     -178.1
49,     22.10.2014 08:11:17,     8.4,     20.1,     186,     0.6,     1.9,     3,     9.3,     89.8,     993.7,     320.16,     253.8,     88,     -178,     12.329,     9.69,     79.5
50,     22.10.2014 08:21:17,     13.65,     32.16,     217,     0.6,     2,     3.5,     9.4,     90,     993.8,     320.19,     253.9,     88,     -178
51,     22.10.2014 08:31:17,     15.75,     38.19,     214,     0.6,     2,     3.5,     9.4,     90.2,     994,     320.19,     253.7,     88.1,     -178.1
52,     22.10.2014 08:41:17,     16.8,     40.2,     200,     0.6,     1.9,     3,     9.5,     90.1,     994.2,     320.19,     253.6,     88,     -178
53,     22.10.2014 08:51:17,     16.8,     40.2,     188,     0.4,     1.9,     3,     9.6,     90.3,     994.2,     320.23,     253.6,     88,     -178
54,     22.10.2014 09:01:17,     23.1,     50.25,     152,     0.8,     1.8,     4,     9.6,     90.2,     994.3,     320.25,     253.5,     88.1,     -178.1
55,     22.10.2014 09:11:22,     23.1,     56.28,     128,     0.5,     1.8,     3.2,     9.7,     90.1,     994.4,     320.3,     253.5,     88.1,     -178.1,     12.461,     10.18,     79.3
56,     22.10.2014 09:21:22,     29.4,     66.33,     113,     0.5,     1.8,     3.6,     9.8,     90.1,     994.6,     320.4,     253.6,     88,     -178
57,     22.10.2014 09:31:22,     24.15,     56.28,     156,     0.9,     2.3,     5,     9.8,     90,     994.7,     320.44,     253.5,     88,     -178
58,     22.10.2014 09:41:22,     34.65,     80.4,     258,     0.7,     2.8,     5.2,     9.9,     90.2,     994.9,     320.48,     253.6,     87.9,     -177.9
59,     22.10.2014 09:51:22,     36.75,     84.42,     277,     0.9,     2.3,     4.5,     9.9,     90.1,     994.8,     320.52,     253.7,     88,     -178
60,     22.10.2014 10:01:22,     43.05,     96.48,     280,     0.7,     2.1,     4.5,     10,     90.1,     995,     320.53,     253.6,     88,     -178
61,     22.10.2014 10:11:22,     45.15,     104.52,     262,     1,     2.1,     3.7,     10.1,     89.9,     995.1,     320.53,     253.7,     88,     -178,     12.728,     10.74,     79.2
62,     22.10.2014 10:21:22,     48.3,     108.54,     259,     0.6,     1.9,     3.4,     10.2,     90,     995.2,     320.53,     253.8,     88.1,     -178.1
63,     22.10.2014 10:31:22,     66.15,     152.76,     255,     0.7,     1.7,     3.6,     10.2,     90.1,     995.2,     320.53,     253.7,     88.1,     -178.1
64,     22.10.2014 10:41:22,     60.9,     138.69,     0,     0,     0,     0,     10.3,     90,     995.4,     320.53,     253.5,     87.9,     -177.9
65,     22.10.2014 10:51:22,     55.65,     126.63,     0,     0,     0,     0,     10.3,     89.5,     995.4,     320.53,     253.6,     88.1,     -178.1
66,     22.10.2014 11:01:22,     60.9,     138.69,     38,     0.3,     1.9,     4,     10.4,     89.6,     995.5,     320.53,     253.9,     88,     -178.1
67,     22.10.2014 11:11:16,     59.85,     134.67,     335,     0.7,     2,     3.6,     10.5,     89.9,     995.5,     320.53,     253.7,     88.1,     -178.1,     13.023,     11.21,     79.1
68,     22.10.2014 11:21:16,     50.4,     110.55,     344,     0.8,     2.2,     4.6,     10.6,     89.5,     995.6,     320.53,     253.8,     88.2,     -178.3
69,     22.10.2014 11:31:16,     61.95,     136.68,     2,     1.4,     2.5,     4.6,     10.7,     89.3,     995.6,     320.53,     253.6,     88,     -178
70,     22.10.2014 11:41:16,     48.3,     112.56,     1,     1.4,     2.8,     4.4,     10.7,     89.4,     995.6,     320.53,     253.7,     87.9,     -177.9
71,     22.10.2014 11:51:16,     42,     96.48,     3,     1.5,     3.1,     5.8,     10.8,     89.2,     995.8,     320.53,     253.2,     88.3,     -178.3
72,     22.10.2014 12:01:16,     37.8,     86.43,     7,     2,     3.5,     5.8,     10.8,     89,     995.9,     320.53,     253.7,     88.2,     -178.3
73,     22.10.2014 12:11:16,     33.6,     78.39,     3,     2.2,     3.6,     5.1,     11,     89.2,     996,     320.53,     253.1,     88.1,     -178.2,     12.654,     11.71,     78.9
74,     22.10.2014 12:21:16,     32.55,     76.38,     10,     2.7,     4,     6.3,     11.1,     89.1,     996.2,     320.53,     74,     87.6,     -2.2
75,     22.10.2014 12:31:16,     23.1,     54.27,     14,     3.2,     4.6,     7.7,     11.3,     88.3,     996.3,     320.53,     252.7,     88.2,     -178.4
76,     22.10.2014 12:41:16,     31.5,     74.37,     26,     2.8,     4.5,     6.8,     11.4,     88.5,     996.5,     320.53,     253.2,     88.1,     -178.1
77,     22.10.2014 12:51:16,     35.7,     78.39,     23,     3.2,     5.1,     7.1,     11.6,     87.9,     996.6,     320.53,     253,     87.9,     -177.9
78,     22.10.2014 13:01:16,     32.55,     70.35,     38,     1.5,     4.6,     8.7,     11.7,     87.1,     996.8,     320.53,     73.4,     87.9,     -2
79,     22.10.2014 13:11:17,     70.35,     154.77,     43,     1,     3.4,     6.2,     11.7,     87.4,     997,     320.53,     252.5,     88.3,     -178.5,     12.688,     12.18,     78.8
80,     22.10.2014 13:21:17,     118.65,     249.24,     41,     1.8,     4.5,     8.3,     12,     86.8,     997.1,     320.53,     253.3,     87.5,     -177.5
81,     22.10.2014 13:31:17,     82.95,     174.87,     41,     2.8,     4.4,     6.7,     12,     87.4,     997.4,     320.53,     253.2,     87.2,     -177.2
82,     22.10.2014 13:41:17,     102.9,     217.08,     33,     1.8,     3.9,     6.5,     12.2,     87.7,     997.5,     320.53,     253,     89.1,     -179.1
83,     22.10.2014 13:51:17,     81.9,     168.84,     35,     3.1,     4.8,     6.6,     12.4,     86.9,     997.7,     320.53,     72.8,     87.1,     -2.7
84,     22.10.2014 14:01:17,     119.7,     253.26,     38,     2.6,     4.3,     6.5,     12.5,     87,     998,     320.53,     252.6,     88.1,     -178.1
85,     22.10.2014 14:11:16,     141.75,     291.45,     41,     2.7,     4.9,     7.4,     12.5,     86.5,     998.3,     320.53,     67.8,     88.1,     -1.8,     13.273,     13.19,     78.5
86,     22.10.2014 14:21:16,     109.2,     227.13,     55,     2,     4.2,     6.3,     12.6,     85.7,     998.4,     320.53,     253.1,     86.7,     -177.1
87,     22.10.2014 14:31:16,     97.65,     194.97,     60,     1.8,     3.4,     6,     12.6,     84.3,     998.6,     320.53,     250.9,     86.7,     -176.9
88,     22.10.2014 14:41:16,     84,     168.84,     53,     1,     3.5,     5.9,     12.7,     84.6,     998.8,     320.53,     249.7,     87.2,     -177.5
89,     22.10.2014 14:51:16,     77.7,     164.82,     53,     2.5,     4,     6.2,     12.7,     84.3,     999,     320.53,     250,     88,     -178.5
90,     22.10.2014 15:01:16,     85.05,     172.86,     51,     1.4,     3.6,     5.8,     12.7,     84.4,     999.1,     320.53,     253.3,     87.2,     -177.2
91,     22.10.2014 15:11:16,     32.55,     68.34,     43,     1.9,     3.8,     5.1,     12.7,     84.9,     999.3,     320.53,     253.3,     88,     -178,     13.014,     13.62,     78.4
92,     22.10.2014 15:21:16,     30.45,     66.33,     43,     2.4,     3.7,     5.1,     12.8,     85.4,     999.5,     320.53,     252.8,     88.1,     -178.1
93,     22.10.2014 15:31:16,     26.25,     56.28,     47,     1.7,     3.3,     5.1,     12.7,     84.7,     999.7,     320.53,     253.1,     88.3,     -178.3
94,     22.10.2014 15:41:16,     31.5,     66.33,     45,     2,     3.7,     5.7,     12.8,     85.3,     999.8,     320.53,     73.4,     87.8,     -2.1
95,     22.10.2014 15:51:16,     33.6,     72.36,     50,     1,     3.3,     5.8,     12.8,     84.5,     1000,     320.53,     253.3,     87.9,     -177.9
96,     22.10.2014 16:01:16,     19.95,     44.22,     46,     1.3,     3.1,     4.6,     12.8,     85.2,     1000.3,     320.53,     253.2,     88.2,     -178.2
97,     22.10.2014 16:11:16,     14.7,     30.15,     36,     2.4,     3.4,     4.5,     12.8,     85.3,     1000.4,     320.53,     253.4,     88.5,     -178.5,     12.866,     13.61,     78.5
98,     22.10.2014 16:21:16,     14.7,     36.18,     38,     1.8,     3,     4.4,     12.8,     85.9,     1000.6,     320.53,     253.4,     88,     -178
99,     22.10.2014 16:31:16,     1.05,     4.02,     42,     1.6,     2.7,     4.3,     12.8,     85.5,     1000.8,     320.53,     253.2,     88.2,     -178.2
100,     22.10.2014 16:41:16,     -5.25,     -4.02,     49,     0.6,     1.9,     3.6,     12.7,     85.8,     1000.9,     320.61,     253.4,     87.9,     -177.9
101,     22.10.2014 16:51:16,     -2.1,     4.02,     45,     1.1,     2.4,     4.7,     12.7,     86.1,     1001.2,     320.62,     253.3,     88,     -178
102,     22.10.2014 17:01:16,     -2.1,     4.02,     55,     0.2,     2,     4.4,     12.6,     86.1,     1001.4,     320.62,     253.5,     88.1,     -178.1
103,     22.10.2014 17:11:16,     -5.25,     -2.01,     41,     1.5,     2.9,     4.3,     12.6,     86.2,     1001.6,     320.62,     253.5,     88.1,     -178.1,     12.726,     13.09,     78.6
104,     22.10.2014 17:21:16,     -5.25,     -2.01,     37,     1.9,     2.9,     4.2,     12.6,     87.1,     1001.9,     320.62,     253.6,     88.1,     -178.1
105,     22.10.2014 17:31:16,     -5.25,     -4.02,     45,     1.2,     2.4,     3.6,     12.4,     86.8,     1002.2,     320.62,     253.6,     87.9,     -177.9
106,     22.10.2014 17:41:16,     -5.25,     -2.01,     55,     0.4,     1.6,     3,     12.2,     87.5,     1002.3,     320.62,     253.5,     88,     -178
107,     22.10.2014 17:51:16,     -5.25,     -2.01,     42,     0.8,     1.8,     2.9,     12.2,     88.1,     1002.4,     320.62,     253.4,     88,     -178
108,     22.10.2014 18:01:16,     -4.2,     0,     26,     1.1,     2.3,     3.1,     12.2,     87.1,     1002.5,     320.62,     253.4,     88,     -178
109,     22.10.2014 18:11:16,     -4.2,     -2.01,     39,     1.1,     2,     3.2,     12.1,     86.9,     1002.6,     320.62,     253.4,     88,     -178,     12.639,     12.06,     79.0
110,     22.10.2014 18:21:16,     -3.15,     0,     41,     0.6,     1.7,     3.1,     12.1,     86.7,     1002.9,     320.62,     253.5,     88,     -178
111,     22.10.2014 18:31:16,     -5.25,     -2.01,     82,     0.5,     1.3,     2.1,     11.6,     87.1,     1003,     320.62,     253.5,     88,     -178
112,     22.10.2014 18:41:16,     -3.15,     -2.01,     57,     0.1,     1.3,     2.3,     11.6,     88.2,     1003.3,     320.62,     253.5,     88,     -178
113,     22.10.2014 18:51:16,     -3.15,     0,     53,     1,     1.9,     3,     11.9,     87.4,     1003.4,     320.62,     253.5,     87.9,     -177.9
114,     22.10.2014 19:01:16,     -4.2,     -4.02,     55,     0.9,     1.7,     2.7,     11.8,     87.7,     1003.5,     320.62,     253.4,     88,     -178
115,     22.10.2014 19:11:16,     -3.15,     -4.02,     53,     0.3,     1.7,     2.6,     11.8,     88,     1003.7,     320.62,     253.4,     87.9,     -177.9,     12.586,     11.40,     79.3
116,     22.10.2014 19:21:16,     -5.25,     -2.01,     54,     0.6,     1.8,     2.9,     11.8,     88.4,     1003.8,     320.62,     253.5,     88,     -178
117,     22.10.2014 19:31:16,     -3.15,     -2.01,     60,     0.7,     1.7,     3.1,     11.6,     88,     1004,     320.62,     253.3,     88.1,     -178.1
118,     22.10.2014 19:41:16,     -4.2,     -2.01,     96,     0,     1.2,     2.1,     11.2,     88.3,     1004.1,     320.62,     253.5,     88,     -178
119,     22.10.2014 19:51:16,     -4.2,     -4.02,     50,     0.3,     1.4,     2.3,     11.4,     89.2,     1004.3,     320.62,     253.4,     88,     -178
120,     22.10.2014 20:01:16,     -5.25,     -4.02,     39,     0.8,     2.2,     3.1,     11.7,     89.2,     1004.6,     320.62,     253.2,     88,     -178
121,     22.10.2014 20:11:23,     -4.2,     0,     20,     0.7,     1.8,     2.7,     11.6,     88.5,     1004.7,     320.62,     253.5,     87.9,     -177.9,     12.544,     11.12,     79.3
122,     22.10.2014 20:21:23,     -3.15,     0,     351,     0.7,     1.2,     2,     11.3,     89.2,     1004.7,     320.62,     253.5,     87.9,     -177.9
123,     22.10.2014 20:31:23,     -4.2,     -2.01,     358,     0.6,     1.2,     1.9,     11.3,     89.4,     1004.9,     320.62,     253.5,     88,     -178
124,     22.10.2014 20:41:23,     -4.2,     -2.01,     348,     0.5,     1.1,     1.7,     11.2,     89.9,     1005,     320.62,     253.6,     88,     -178
125,     22.10.2014 20:51:23,     -4.2,     -2.01,     357,     0.5,     1.2,     1.9,     11.2,     90.1,     1005.2,     320.62,     253.5,     87.9,     -178
126,     22.10.2014 21:01:23,     -2.1,     0,     13,     0.8,     1.5,     2.5,     11.4,     90,     1005.3,     320.62,     253.5,     88,     -178
127,     22.10.2014 21:11:17,     -2.1,     -2.01,     3,     1,     1.8,     2.8,     11.4,     89.3,     1005.5,     320.62,     253.5,     88,     -178,     12.493,     10.82,     79.4
128,     22.10.2014 21:21:17,     -3.15,     0,     6,     1.1,     2.1,     3.7,     11.5,     89.5,     1005.6,     320.62,     253.6,     88.1,     -178.1
129,     22.10.2014 21:31:17,     -3.15,     0,     7,     1.6,     3,     4.5,     11.6,     88.8,     1005.8,     320.62,     253.5,     87.7,     -177.8
130,     22.10.2014 21:41:17,     -3.15,     -2.01,     2,     2,     3,     4.4,     11.7,     88.4,     1005.9,     320.62,     253.6,     88,     -178
131,     22.10.2014 21:51:17,     -4.2,     -2.01,     0,     1.5,     2.8,     4.2,     11.7,     88.6,     1006,     320.62,     253.5,     88,     -178
132,     22.10.2014 22:01:17,     -2.1,     -2.01,     30,     1.2,     2.4,     3.5,     11.9,     88.3,     1006.1,     320.62,     253.2,     88,     -178.1
133,     22.10.2014 22:11:22,     -3.15,     -2.01,     55,     0.9,     1.8,     3,     11.8,     88.3,     1006.1,     320.62,     253.2,     88.1,     -178.1,     12.452,     11.49,     79.1
134,     22.10.2014 22:21:22,     -3.15,     0,     65,     1,     1.7,     2.5,     11.7,     88.4,     1006.1,     320.62,     253.5,     87.9,     -177.9
135,     22.10.2014 22:31:22,     -2.1,     -2.01,     47,     0.7,     1.7,     2.5,     11.7,     88.9,     1006.2,     320.62,     253.5,     88,     -178
136,     22.10.2014 22:41:22,     -2.1,     -2.01,     52,     0.7,     1.5,     2.4,     11.7,     88.9,     1006.4,     320.62,     253.3,     88,     -178
137,     22.10.2014 22:51:22,     -2.1,     -2.01,     66,     0.1,     1.1,     2.2,     11.7,     89.1,     1006.5,     320.62,     253.5,     88,     -178
138,     22.10.2014 23:01:22,     -2.1,     -2.01,     65,     0.1,     0.7,     1.4,     11.6,     89.3,     1006.6,     320.62,     253.6,     88.1,     -178.1
139,     22.10.2014 23:11:21,     -2.1,     0,     310,     0.6,     1.2,     1.8,     11.6,     89.5,     1006.6,     320.62,     253.6,     88,     -178,     12.427,     11.58,     79.1
140,     22.10.2014 23:21:21,     -2.1,     -2.01,     330,     0.4,     1,     1.4,     11.4,     89.5,     1006.8,     320.62,     253.6,     87.9,     -177.9
141,     22.10.2014 23:31:21,     -2.1,     0,     339,     0,     0.5,     1.2,     11.4,     89.9,     1006.9,     320.62,     253.4,     88,     -178
142,     22.10.2014 23:41:21,     -2.1,     -2.01,     2,     0.1,     0.8,     1.8,     11.6,     90.6,     1006.9,     320.62,     253.5,     87.9,     -177.9
143,     22.10.2014 23:51:21,     -2.1,     -2.01,     358,     0.8,     1.7,     2.6,     11.6,     89.5,     1007.1,     320.62,     253.4,     88,     -178
144,     23.10.2014 00:01:22,     -1.05,     0,     359,     0.6,     1.2,     2,     11.5,     90,     1007.2,     320.62,     253.5,     88,     -178,     12.187,     11.56,     79.1