Logger: #D10248 'TSK_Meteo' - USP_EXP2 (V2.10, Jan 24 2012)
No,     Time,     #1:W/m²:0,     #2:ÂµMol:(do.),     #5:deg:2,     #6:m/sMIN:(do.),     #7:m/sMIT:(do.),     #8:m/sMAX:(do.),     #9:Â°C:(do.),     #10:%:(do.),     #11:hPa:(do.),     #12:mm:(do.),     #14:AZ:3,     #15:EL:(do.),     #16:Roll:(do.),     #HK-Bat:V,     #HK-Temp:oC,     #HK-rH:%
(GSM Transfer OK / Signal:17)
1,     17.09.2014 00:11:23,     -5.25,     -2.01,     45,     0,     0.7,     1.7,     14.3,     84.6,     1012.3,     276.78,     253.5,     88,     -178,     12.491,     13.80,     71.2
2,     17.09.2014 00:21:23,     -4.2,     -2.01,     36,     0.1,     0.9,     1.4,     14.6,     85.8,     1012.3,     276.78,     253.4,     88,     -178
3,     17.09.2014 00:31:23,     -4.2,     -2.01,     57,     0.5,     0.9,     1.7,     14.4,     84.4,     1012.3,     276.78,     253.3,     88,     -178
4,     17.09.2014 00:41:23,     -5.25,     -2.01,     64,     0.1,     0.9,     1.4,     14.2,     85.9,     1012.3,     276.78,     253.3,     88,     -178
5,     17.09.2014 00:51:23,     -5.25,     -2.01,     61,     0.1,     0.8,     1.2,     14.1,     87,     1012.3,     276.78,     253.3,     87.9,     -177.9
6,     17.09.2014 01:01:23,     -5.25,     -2.01,     57,     0.4,     0.9,     1.2,     14,     87.4,     1012.3,     276.78,     253.3,     88,     -178
7,     17.09.2014 01:11:23,     -5.25,     -4.02,     57,     0.3,     0.8,     1.3,     13.9,     87.5,     1012.3,     276.78,     253.4,     88,     -178,     12.516,     13.21,     72.4
8,     17.09.2014 01:21:23,     -5.25,     0,     57,     0.2,     0.9,     1.3,     14,     87.8,     1012.2,     276.78,     253.4,     88,     -178
9,     17.09.2014 01:31:23,     -4.2,     -2.01,     56,     0.5,     1,     1.5,     14,     87,     1012.1,     276.78,     253.4,     88,     -178
10,     17.09.2014 01:41:23,     -4.2,     -2.01,     51,     0.7,     1.1,     1.8,     13.9,     87.3,     1012.1,     276.78,     253.4,     87.9,     -178
11,     17.09.2014 01:51:23,     -4.2,     -2.01,     55,     0.2,     0.9,     1.4,     13.9,     87.7,     1012.1,     276.78,     253.3,     87.9,     -177.9
12,     17.09.2014 02:01:23,     -4.2,     0,     58,     0.2,     0.9,     1.3,     14,     86.2,     1012,     276.78,     253.4,     88,     -178
13,     17.09.2014 02:11:22,     -5.25,     0,     61,     0.2,     0.7,     1.2,     13.9,     86.1,     1012,     276.78,     253.4,     88.1,     -178,     12.480,     12.99,     72.5
14,     17.09.2014 02:21:22,     -4.2,     -2.01,     94,     0,     0.6,     1.3,     13.9,     83.9,     1011.9,     276.78,     253.4,     87.9,     -177.9
15,     17.09.2014 02:31:22,     -4.2,     0,     66,     0,     0.5,     1.5,     14,     83.7,     1011.9,     276.78,     253.4,     88,     -178
16,     17.09.2014 02:41:22,     -5.25,     -4.02,     138,     0,     0.4,     0.9,     14.1,     82.9,     1011.8,     276.78,     253.4,     88,     -178
17,     17.09.2014 02:51:22,     -5.25,     0,     131,     0,     0.5,     1.6,     14.1,     82.7,     1011.8,     276.78,     253.4,     87.9,     -177.9
18,     17.09.2014 03:01:22,     -4.2,     -4.02,     161,     0,     0.7,     1.9,     14.2,     82.1,     1011.8,     276.78,     253.5,     88,     -178
19,     17.09.2014 03:11:16,     -4.2,     2.01,     204,     0.1,     0.9,     1.6,     14.1,     81.2,     1011.8,     276.78,     253.5,     87.9,     -177.9,     12.474,     12.49,     72.7
20,     17.09.2014 03:21:16,     -5.25,     -2.01,     197,     0.6,     1.2,     1.8,     14.1,     80.3,     1011.8,     276.78,     253.4,     87.9,     -177.9
21,     17.09.2014 03:31:16,     -4.2,     -2.01,     190,     0.4,     1.2,     1.8,     14.1,     79.9,     1011.8,     276.78,     253.3,     88,     -178
22,     17.09.2014 03:41:16,     -5.25,     -2.01,     191,     0.3,     1,     1.8,     14.1,     79.7,     1011.7,     276.78,     253.6,     88,     -178
23,     17.09.2014 03:51:16,     -4.2,     0,     193,     0.5,     1.1,     1.8,     14.1,     79.5,     1011.8,     276.78,     253.4,     88.1,     -178
24,     17.09.2014 04:01:16,     -3.15,     2.01,     194,     0.3,     0.9,     1.5,     13.9,     79.6,     1011.8,     276.78,     253.4,     88,     -178.1
25,     17.09.2014 04:11:16,     -5.25,     -2.01,     153,     0,     0.8,     1.7,     13.9,     80.2,     1011.7,     276.78,     253.4,     88,     -178,     12.450,     12.38,     72.6
26,     17.09.2014 04:21:16,     -4.2,     -2.01,     79,     0.1,     0.6,     1.3,     13.9,     82.3,     1011.7,     276.78,     253.5,     88,     -178
27,     17.09.2014 04:31:16,     -5.25,     -2.01,     50,     0.2,     0.7,     1.1,     13.7,     80.2,     1011.5,     276.78,     253.5,     87.9,     -178
28,     17.09.2014 04:41:16,     -5.25,     -4.02,     60,     0.1,     0.7,     1.5,     13.7,     79.5,     1011.5,     276.78,     253.5,     88,     -178
29,     17.09.2014 04:51:16,     -5.25,     -2.01,     69,     0,     0.8,     1.7,     13.8,     80.7,     1011.5,     276.78,     253.3,     87.9,     -178
30,     17.09.2014 05:01:16,     -5.25,     -2.01,     40,     0.7,     1.4,     2.1,     13.7,     81.2,     1011.5,     276.78,     253.3,     88,     -178
31,     17.09.2014 05:11:22,     -4.2,     0,     56,     0.8,     1.2,     1.8,     13.3,     81.5,     1011.4,     276.78,     253.4,     88,     -178.1,     12.442,     12.17,     72.7
32,     17.09.2014 05:21:22,     -5.25,     -4.02,     46,     0.8,     1.3,     2,     13.2,     82.1,     1011.5,     276.78,     253.4,     88,     -178
33,     17.09.2014 05:31:22,     -4.2,     0,     42,     0.3,     1.2,     1.9,     13.1,     83.2,     1011.6,     276.78,     253.4,     87.9,     -177.9
34,     17.09.2014 05:41:22,     -1.05,     6.03,     32,     0.5,     1.3,     1.9,     13.1,     85.8,     1011.7,     276.78,     253.4,     88,     -178
35,     17.09.2014 05:51:22,     2.1,     12.06,     26,     0.5,     1.2,     1.9,     13,     85.3,     1011.7,     276.78,     253.4,     88,     -178
36,     17.09.2014 06:01:22,     8.4,     26.13,     43,     0.1,     1.2,     2,     13.1,     85.2,     1011.8,     276.78,     253.3,     88.1,     -178.1
37,     17.09.2014 06:11:21,     15.75,     44.22,     41,     0.4,     1.3,     2.3,     13,     85.9,     1011.8,     276.78,     253.3,     88,     -178,     12.522,     12.12,     72.7
38,     17.09.2014 06:21:21,     25.2,     62.31,     40,     0.1,     0.9,     2,     13,     85,     1011.8,     276.78,     253.5,     88,     -178
39,     17.09.2014 06:31:21,     56.7,     104.52,     142,     0,     0.5,     1.6,     13.2,     79.7,     1011.9,     276.78,     253.6,     88,     -178
40,     17.09.2014 06:41:21,     77.7,     140.7,     141,     0,     0.7,     2.1,     13.8,     76.7,     1011.8,     276.78,     253.7,     88,     -178
41,     17.09.2014 06:51:21,     95.55,     182.91,     113,     0,     0.7,     1.6,     13.9,     76,     1011.8,     276.78,     253.7,     88,     -177.9
42,     17.09.2014 07:01:21,     116.55,     225.12,     133,     0,     0.8,     2.3,     14,     76.1,     1011.9,     276.78,     253.8,     88,     -178
43,     17.09.2014 07:11:16,     139.65,     267.33,     123,     0,     0.9,     2.7,     14.2,     75.1,     1011.9,     276.78,     253.8,     88,     -178,     14.449,     15.93,     73.7
44,     17.09.2014 07:21:16,     164.85,     315.57,     158,     0.1,     0.9,     2.7,     14.3,     75.6,     1012,     276.78,     (NO REPLY),     (NO REPLY),     (NO REPLY)
45,     17.09.2014 07:31:16,     186.9,     359.79,     130,     0,     0.9,     2.7,     14.5,     75.1,     1011.9,     276.78,     253.7,     87.9,     -177.9
46,     17.09.2014 07:41:16,     215.25,     408.03,     121,     0.2,     1.6,     3.2,     14.5,     74.3,     1011.9,     276.78,     (NO REPLY),     (NO REPLY),     (NO REPLY)
47,     17.09.2014 07:51:16,     237.3,     452.25,     112,     0.1,     1.5,     3.3,     14.8,     73.9,     1011.9,     276.78,     253.5,     87.9,     -177.9
48,     17.09.2014 08:01:16,     260.4,     496.47,     114,     0.1,     1.4,     3.5,     15.1,     73.5,     1012,     276.78,     253.9,     88,     -178
49,     17.09.2014 08:11:17,     284.55,     542.7,     122,     0.2,     1.5,     3.2,     15.4,     72.7,     1012,     276.78,     253.6,     88,     -178,     13.300,     19.47,     72.0
50,     17.09.2014 08:21:17,     306.6,     588.93,     104,     0.1,     1.2,     3.2,     15.7,     71.5,     1012,     276.78,     253.8,     87.9,     -177.9
51,     17.09.2014 08:31:17,     329.7,     631.14,     78,     0.1,     1.3,     2.9,     15.6,     73.9,     1012,     276.78,     253.7,     87.8,     -177.9
52,     17.09.2014 08:41:17,     351.75,     675.36,     61,     0,     1.1,     3,     15.8,     76.1,     1012,     276.78,     254.1,     88,     -178
53,     17.09.2014 08:51:17,     378,     725.61,     93,     0.1,     1.7,     3.1,     16,     72.4,     1011.9,     276.78,     253.6,     87.9,     -177.9
54,     17.09.2014 09:01:17,     402.15,     763.8,     85,     0.1,     1.5,     2.9,     16.3,     72.1,     1012,     276.78,     254,     87.9,     -177.9
55,     17.09.2014 09:11:16,     411.6,     789.93,     75,     0.1,     1.5,     3.2,     16.4,     72,     1012,     276.78,     253.6,     88,     -178,     13.336,     22.41,     70.6
56,     17.09.2014 09:21:16,     433.65,     830.13,     79,     0.2,     1.6,     3.4,     16.7,     70.6,     1011.9,     276.78,     253.5,     87.8,     -177.8
57,     17.09.2014 09:31:16,     451.5,     866.31,     82,     0,     1.6,     4.4,     17,     69.2,     1011.9,     276.78,     253.7,     88,     -178
58,     17.09.2014 09:41:16,     465.15,     896.46,     97,     0.1,     1.4,     3.5,     17.5,     69.8,     1011.9,     276.78,     253.8,     87.9,     -177.9
59,     17.09.2014 09:51:16,     483,     930.63,     97,     0.2,     1.7,     4.6,     17.7,     67.1,     1011.8,     276.78,     253.5,     87.9,     -177.9
60,     17.09.2014 10:01:16,     504,     970.83,     103,     0.2,     1.8,     3.9,     18,     67.5,     1011.6,     276.78,     253.4,     87.9,     -177.9
61,     17.09.2014 10:11:16,     512.4,     986.91,     104,     0.4,     2,     4.1,     18.3,     66.7,     1011.5,     276.78,     253.1,     87.9,     -177.9,     12.987,     23.44,     69.4
62,     17.09.2014 10:21:16,     515.55,     992.94,     116,     0.1,     2.2,     5.2,     18.5,     66.1,     1011.4,     276.78,     253.6,     87.9,     -177.9
63,     17.09.2014 10:31:16,     530.25,     1023.09,     107,     0.4,     2.4,     4.8,     18.6,     65.6,     1011.4,     276.78,     253.5,     87.9,     -177.9
64,     17.09.2014 10:41:16,     538.65,     1041.18,     103,     0.5,     2.5,     5.9,     18.9,     65.6,     1011.3,     276.78,     253.4,     87.9,     -178
65,     17.09.2014 10:51:16,     541.8,     1051.23,     104,     0.4,     2.5,     5.6,     18.8,     66.6,     1011.2,     276.78,     252.3,     88,     -178
66,     17.09.2014 11:01:16,     553.35,     1073.34,     122,     0.1,     2.3,     5.9,     19,     65.8,     1011.2,     276.78,     74.5,     88.1,     -1.8
67,     17.09.2014 11:11:16,     565.95,     1095.45,     108,     0.2,     2.6,     6.3,     19.2,     65.9,     1011.1,     276.78,     253.3,     87.9,     -177.9,     13.300,     23.65,     69.2
68,     17.09.2014 11:21:16,     567,     1095.45,     123,     0.2,     2.4,     5.1,     19.4,     63.6,     1011.1,     276.78,     253.2,     87.8,     -177.8
69,     17.09.2014 11:31:16,     562.8,     1089.42,     115,     0.2,     2.2,     5.5,     19.5,     63.5,     1011.1,     276.78,     73.6,     87.9,     -2
70,     17.09.2014 11:41:16,     572.25,     1111.53,     115,     0.4,     2.2,     5,     19.5,     63.7,     1011.1,     276.78,     253.9,     87.9,     -177.9
71,     17.09.2014 11:51:16,     531.3,     1039.17,     139,     0,     2.3,     5.1,     19.7,     61.8,     1011,     276.78,     73.6,     88,     -1.9
72,     17.09.2014 12:01:16,     555.45,     1079.37,     133,     0.3,     2.7,     5.5,     19.7,     63.1,     1011,     276.78,     73.1,     88,     -2
73,     17.09.2014 12:11:16,     551.25,     1073.34,     127,     0.4,     2.5,     5.1,     19.7,     62.6,     1010.9,     276.78,     73.6,     87.8,     -2.1,     13.074,     24.48,     69.0
74,     17.09.2014 12:21:16,     551.25,     1075.35,     133,     0.2,     2,     4.5,     19.9,     63.8,     1010.8,     276.78,     73.5,     88,     -1.9
75,     17.09.2014 12:31:16,     565.95,     1099.47,     131,     0.1,     2.6,     6.9,     19.9,     61.7,     1010.8,     276.78,     73.9,     87.9,     -1.9
76,     17.09.2014 12:41:16,     540.75,     1055.25,     129,     0.5,     2.6,     5.9,     20,     62.5,     1010.7,     276.78,     73.7,     88,     -2
77,     17.09.2014 12:51:16,     548.1,     1065.3,     143,     0.4,     2.7,     6,     20.2,     62.9,     1010.6,     276.78,     73.2,     87.9,     -2
78,     17.09.2014 13:01:16,     540.75,     1045.2,     136,     0.3,     2.5,     4.8,     20.2,     62.5,     1010.5,     276.78,     73.7,     88,     -1.9
79,     17.09.2014 13:11:16,     531.3,     1027.11,     125,     0.4,     2.5,     5.4,     20.3,     62.4,     1010.5,     276.78,     74.1,     87.8,     -2.1,     13.080,     24.90,     68.9
80,     17.09.2014 13:21:16,     526.05,     1017.06,     141,     0.5,     3,     6.8,     20.4,     60.7,     1010.4,     276.78,     73.9,     87.9,     -2
81,     17.09.2014 13:31:16,     509.25,     984.9,     135,     0.2,     2.7,     5.4,     20.5,     61.7,     1010.3,     276.78,     73.8,     88,     -1.8
82,     17.09.2014 13:41:16,     499.8,     954.75,     154,     0.2,     2.5,     5.8,     20.7,     59.9,     1010.3,     276.78,     74.2,     88,     -1.9
83,     17.09.2014 13:51:16,     490.35,     944.7,     153,     0.3,     2.4,     6.3,     20.7,     61.6,     1010.3,     276.78,     73.8,     88,     -1.9
84,     17.09.2014 14:01:16,     471.45,     900.48,     141,     0.3,     2.6,     5.6,     20.7,     60.7,     1010.3,     276.78,     73.8,     88.1,     -1.9
85,     17.09.2014 14:11:16,     458.85,     872.34,     143,     0.1,     2.7,     5.9,     20.9,     59.8,     1010.2,     276.78,     73.7,     88,     -1.9,     13.137,     25.35,     68.8
86,     17.09.2014 14:21:16,     430.5,     814.05,     129,     0.2,     2.2,     5.2,     20.9,     59.7,     1010.1,     276.78,     74.3,     87.9,     -1.9
87,     17.09.2014 14:31:16,     423.15,     804,     141,     0.3,     2.8,     5.4,     21,     59.8,     1010,     276.78,     74.2,     87.9,     -1.9
88,     17.09.2014 14:41:16,     403.2,     753.75,     138,     0.1,     2.6,     5.3,     21,     58.5,     1009.9,     276.78,     74.2,     87.9,     -2
89,     17.09.2014 14:51:16,     386.4,     719.58,     137,     0.2,     2.9,     6.5,     21.1,     59.3,     1009.8,     276.78,     74.3,     88.1,     -1.8
90,     17.09.2014 15:01:16,     363.3,     673.35,     134,     0.3,     2.5,     4.9,     21.1,     57.9,     1009.8,     276.78,     73.9,     87.9,     -1.9
91,     17.09.2014 15:11:16,     339.15,     631.14,     146,     0.3,     2.3,     4.8,     21.1,     59.2,     1009.8,     276.78,     73.8,     88.1,     -1.8,     13.387,     25.46,     68.9
92,     17.09.2014 15:21:16,     328.65,     607.02,     143,     0.3,     2.7,     5.6,     21.2,     59.1,     1009.8,     276.78,     73.9,     88,     -1.9
93,     17.09.2014 15:31:16,     306.6,     566.82,     129,     0.1,     2.1,     5.3,     21.2,     59.6,     1009.7,     276.78,     74.1,     87.9,     -2
94,     17.09.2014 15:41:16,     257.25,     486.42,     140,     0.3,     2.6,     5.6,     21.1,     58.1,     1009.7,     276.78,     74.5,     88,     -1.8
95,     17.09.2014 15:51:16,     249.9,     464.31,     150,     0.7,     2.7,     5.8,     21.1,     59,     1009.6,     276.78,     73.6,     87.9,     -2
96,     17.09.2014 16:01:16,     238.35,     434.16,     135,     0.5,     2.6,     5.6,     21,     60.3,     1009.5,     276.78,     73.9,     88.1,     -1.8
97,     17.09.2014 16:11:16,     213.15,     391.95,     143,     0.3,     1.9,     4.5,     21,     59.9,     1009.5,     276.78,     73.5,     88,     -1.9,     13.417,     25.07,     69.0
98,     17.09.2014 16:21:16,     193.2,     349.74,     129,     0.2,     2,     4.7,     21,     59.3,     1009.6,     276.78,     73.9,     87.9,     -2
99,     17.09.2014 16:31:16,     171.15,     311.55,     140,     0.5,     2.5,     7,     20.9,     59.8,     1009.5,     276.78,     73.7,     88.1,     -1.8
100,     17.09.2014 16:41:16,     150.15,     277.38,     137,     0.1,     1.9,     4.1,     20.9,     60.1,     1009.5,     276.78,     73.6,     88,     -1.9
101,     17.09.2014 16:51:16,     131.25,     239.19,     128,     0.6,     2.3,     5,     20.8,     60.7,     1009.5,     276.78,     73.2,     88.2,     -1.7
102,     17.09.2014 17:01:16,     112.35,     203.01,     120,     0.1,     1.9,     4.5,     20.7,     62,     1009.3,     276.78,     73.9,     87.9,     -1.9
103,     17.09.2014 17:11:16,     91.35,     164.82,     119,     0.1,     1.9,     4.2,     20.5,     62.5,     1009.3,     276.78,     73,     88,     -1.9,     13.413,     24.39,     69.1
104,     17.09.2014 17:21:16,     72.45,     134.67,     118,     0.1,     1.6,     4.1,     20.4,     63.8,     1009.4,     276.78,     73.8,     88,     -1.9
105,     17.09.2014 17:31:16,     52.5,     98.49,     127,     0.1,     1.4,     3.4,     20.2,     64.4,     1009.4,     276.78,     73.7,     88,     -1.9
106,     17.09.2014 17:41:16,     37.8,     74.37,     143,     0.3,     1.7,     4.5,     20,     63.6,     1009.4,     276.78,     73.8,     88,     -1.9
107,     17.09.2014 17:51:16,     23.1,     52.26,     146,     0.1,     1.4,     3.6,     19.7,     65.5,     1009.4,     276.78,     73.8,     88,     -2
108,     17.09.2014 18:01:16,     10.5,     32.16,     131,     0.1,     1.3,     3.5,     19.4,     66.6,     1009.4,     276.78,     73.7,     88,     -1.8
109,     17.09.2014 18:11:18,     3.15,     18.09,     125,     0,     1.1,     2.3,     19.1,     68.5,     1009.4,     276.78,     73.9,     88,     -1.9,     12.775,     21.99,     70.2
110,     17.09.2014 18:21:18,     -1.05,     8.04,     127,     0,     0.9,     2,     18.8,     68.9,     1009.4,     276.78,     73.9,     88,     -1.9
111,     17.09.2014 18:31:18,     -4.2,     2.01,     116,     0.1,     1.1,     2.5,     18.7,     69.3,     1009.5,     276.78,     73.8,     87.9,     -1.9
112,     17.09.2014 18:41:18,     -5.25,     0,     81,     0.1,     1,     2.3,     18.3,     71.6,     1009.5,     276.78,     253.5,     88.1,     -178.1
113,     17.09.2014 18:51:18,     -4.2,     0,     66,     0.2,     0.8,     1.9,     17.8,     73.3,     1009.5,     276.78,     253.6,     88,     -178
114,     17.09.2014 19:01:18,     -7.35,     -6.03,     71,     0.2,     0.9,     2.2,     17.5,     75.6,     1009.6,     276.78,     73.8,     88.1,     -1.8
115,     17.09.2014 19:11:17,     -6.3,     -2.01,     72,     0.1,     0.9,     1.7,     17.3,     77.2,     1009.7,     276.78,     253.4,     88,     -178,     12.692,     18.34,     71.7
116,     17.09.2014 19:21:17,     -5.25,     -2.01,     69,     0.1,     0.9,     2,     17,     78.7,     1009.7,     276.78,     73.7,     87.9,     -2
117,     17.09.2014 19:31:17,     -4.2,     0,     68,     0,     0.8,     2.1,     16.9,     79.3,     1009.8,     276.78,     253.6,     88,     -178
118,     17.09.2014 19:41:17,     -4.2,     -2.01,     70,     0,     0.7,     1.6,     16.8,     79.5,     1009.8,     276.78,     253.4,     88,     -178
119,     17.09.2014 19:51:17,     -5.25,     -2.01,     71,     0,     0.7,     1.3,     16.7,     79.1,     1009.8,     276.78,     253.4,     88,     -178
120,     17.09.2014 20:01:17,     -5.25,     -2.01,     62,     0.2,     0.8,     1.6,     16.6,     79.8,     1009.8,     276.78,     253.5,     87.9,     -177.9
121,     17.09.2014 20:11:16,     -5.25,     -2.01,     64,     0.2,     0.8,     1.4,     16.3,     79.3,     1009.7,     276.78,     253.5,     88,     -178,     12.641,     16.13,     72.2
122,     17.09.2014 20:21:16,     -6.3,     -4.02,     80,     0,     0.6,     1.5,     16.1,     80.3,     1009.8,     276.78,     253.4,     87.9,     -177.9
123,     17.09.2014 20:31:16,     -4.2,     -2.01,     78,     0,     0.7,     1.6,     16.1,     80,     1009.7,     276.78,     253.4,     88,     -178
124,     17.09.2014 20:41:16,     -3.15,     -2.01,     103,     0,     0.9,     2,     16.5,     76.5,     1009.7,     276.78,     253.5,     88,     -178
125,     17.09.2014 20:51:16,     -5.25,     -2.01,     106,     0,     0.8,     2.2,     16.7,     74.6,     1009.6,     276.78,     253.5,     88,     -178
126,     17.09.2014 21:01:16,     -5.25,     -2.01,     110,     0.1,     1,     2.2,     16.7,     73.6,     1009.6,     276.78,     253.6,     87.9,     -177.9
127,     17.09.2014 21:11:16,     -5.25,     -2.01,     139,     0,     0.9,     3.6,     16.8,     73.3,     1009.6,     276.78,     253.4,     88,     -178,     12.620,     15.09,     72.5
128,     17.09.2014 21:21:16,     -4.2,     -2.01,     137,     0.1,     1.2,     3,     16.8,     72.5,     1009.6,     276.78,     253.4,     87.9,     -177.9
129,     17.09.2014 21:31:16,     -6.3,     -4.02,     139,     0.1,     1.1,     2.8,     16.7,     72.2,     1009.6,     276.78,     253.3,     88,     -178
130,     17.09.2014 21:41:16,     -5.25,     -2.01,     117,     0,     0.9,     2.6,     16.6,     72.3,     1009.6,     276.78,     253.3,     88,     -177.9
131,     17.09.2014 21:51:16,     -5.25,     -2.01,     125,     0.1,     0.9,     2.2,     16.5,     72.7,     1009.6,     276.78,     253.5,     88,     -178
132,     17.09.2014 22:01:16,     -5.25,     -2.01,     141,     0.1,     1.1,     3.3,     16.4,     71.8,     1009.5,     276.78,     253.5,     88,     -178
133,     17.09.2014 22:11:22,     -4.2,     -2.01,     147,     0.2,     1.5,     2.9,     16.4,     71.7,     1009.5,     276.78,     253.4,     88,     -178,     12.611,     14.85,     72.4
134,     17.09.2014 22:21:22,     -5.25,     0,     137,     0,     1.1,     2.7,     16.2,     72.1,     1009.5,     276.78,     253.2,     88,     -178
135,     17.09.2014 22:31:22,     -5.25,     0,     151,     0.1,     1.2,     2.9,     16.1,     72.4,     1009.4,     276.78,     253.3,     87.8,     -177.8
136,     17.09.2014 22:41:22,     -5.25,     -4.02,     163,     0,     0.9,     2.3,     16.1,     72.4,     1009.4,     276.78,     253.4,     88,     -178
137,     17.09.2014 22:51:22,     -4.2,     -2.01,     167,     0.1,     1.1,     2.3,     16,     72,     1009.4,     276.78,     253.4,     88,     -178
138,     17.09.2014 23:01:22,     -4.2,     -4.02,     183,     0,     1,     2.2,     16,     71.5,     1009.4,     276.78,     253.5,     88,     -178
139,     17.09.2014 23:11:16,     -4.2,     0,     169,     0.1,     0.9,     2.3,     15.9,     72.5,     1009.3,     276.78,     253.5,     87.9,     -177.9,     12.567,     14.56,     72.3
140,     17.09.2014 23:21:16,     -6.3,     -2.01,     170,     0,     1,     2.3,     15.8,     72.8,     1009.2,     276.78,     253.5,     88,     -178
141,     17.09.2014 23:31:16,     -4.2,     -2.01,     174,     0,     0.8,     2.1,     15.7,     73.4,     1009.2,     276.78,     253.5,     87.8,     -177.8
142,     17.09.2014 23:41:16,     -4.2,     -2.01,     172,     0,     1.1,     2,     15.5,     73.8,     1009.2,     276.78,     253.5,     87.9,     -177.9
143,     17.09.2014 23:51:16,     -5.25,     -2.01,     126,     0,     0.6,     1.6,     15.4,     73.1,     1009.2,     276.78,     253.5,     87.9,     -177.9
144,     18.09.2014 00:01:16,     -5.25,     -2.01,     127,     0,     0.5,     1.6,     15.3,     73.9,     1009.2,     276.78,     253.4,     87.9,     -177.9,     12.399,     14.14,     72.4