Logger: #D10248 'TSK_Meteo' - USP_EXP2 (V2.10, Jan 24 2012)
No,     Time,     #1:W/m²:0,     #2:ÂµMol:(do.),     #5:deg:2,     #6:m/sMIN:(do.),     #7:m/sMIT:(do.),     #8:m/sMAX:(do.),     #9:Â°C:(do.),     #10:%:(do.),     #11:hPa:(do.),     #12:mm:(do.),     #14:AZ:3,     #15:EL:(do.),     #16:Roll:(do.),     #HK-Bat:V,     #HK-Temp:oC,     #HK-rH:%
(GSM Transfer OK / Signal:15)
1,     08.07.2014 00:11:17,     -3.15,     -6.03,     343,     1,     1.9,     2.5,     16.4,     82.3,     1007.7,     109.01,     255.1,     87.9,     -177.9,     12.421,     16.94,     67.9
2,     08.07.2014 00:21:17,     -4.2,     0,     342,     0.7,     1.7,     2.5,     16.3,     83.3,     1007.6,     109.01,     255,     87.9,     -177.9
3,     08.07.2014 00:31:17,     -4.2,     -2.01,     40,     0.5,     1.7,     2.5,     16.4,     82.4,     1007.8,     109.01,     255,     88,     -178
4,     08.07.2014 00:41:17,     -3.15,     -2.01,     47,     0.1,     1.2,     2.4,     16.5,     82.9,     1007.6,     109.01,     254.9,     87.8,     -178
5,     08.07.2014 00:51:17,     -2.1,     0,     32,     1,     1.9,     2.8,     16.6,     81.7,     1007.4,     109.01,     255,     87.9,     -177.9
6,     08.07.2014 01:01:17,     -2.1,     -2.01,     14,     1.4,     2.3,     2.9,     16.6,     84,     1007.2,     109.01,     255,     87.9,     -177.9
7,     08.07.2014 01:11:17,     -2.1,     0,     6,     1,     1.9,     3,     16.6,     84,     1007.2,     109.01,     255.1,     88,     -178,     12.552,     16.70,     69.0
8,     08.07.2014 01:21:17,     -2.1,     -2.01,     37,     0.4,     1.6,     2.6,     16.5,     81.9,     1007.1,     109.01,     255.1,     87.8,     -177.9
9,     08.07.2014 01:31:17,     -3.15,     0,     40,     1,     1.9,     2.9,     16.5,     82.7,     1007.2,     109.01,     255,     87.8,     -177.8
10,     08.07.2014 01:41:17,     -3.15,     -2.01,     44,     0.7,     2.1,     3.2,     16.5,     82.4,     1007.1,     109.01,     255,     87.8,     -177.8
11,     08.07.2014 01:51:17,     -3.15,     -2.01,     45,     1.4,     2.6,     3.7,     16.4,     84.8,     1006.9,     109.01,     255,     87.9,     -177.9
12,     08.07.2014 02:01:17,     -2.1,     -4.02,     46,     1.1,     2.3,     3.6,     16.4,     84.4,     1006.9,     109.01,     255,     88,     -178
13,     08.07.2014 02:11:17,     -1.05,     -2.01,     47,     1.4,     2.6,     4,     16.5,     86.2,     1006.8,     109.01,     255,     88.1,     -178.1,     12.514,     16.83,     69.0
14,     08.07.2014 02:21:17,     -2.1,     -2.01,     52,     0.5,     2.2,     4.9,     16.5,     87,     1006.7,     109.01,     255,     87.7,     -177.8
15,     08.07.2014 02:31:17,     -2.1,     -2.01,     39,     1.1,     2.8,     5.5,     16.3,     89,     1006.6,     109.01,     255,     87.8,     -177.9
16,     08.07.2014 02:41:17,     -3.15,     -2.01,     61,     0.4,     1.7,     3.6,     16.4,     90.2,     1006.5,     109.02,     255,     88,     -178
17,     08.07.2014 02:51:17,     -2.1,     0,     50,     0.9,     1.9,     3.2,     16.4,     90.9,     1006.3,     109.02,     255.1,     88.1,     -178.1
18,     08.07.2014 03:01:17,     -2.1,     -4.02,     44,     0.5,     2,     3.1,     16.6,     90.9,     1006.2,     109.25,     255,     87.8,     -177.8
19,     08.07.2014 03:11:22,     -2.1,     -2.01,     46,     1,     2,     3.6,     16.7,     91.2,     1006,     109.39,     255.1,     88,     -177.9,     12.486,     17.08,     68.8
20,     08.07.2014 03:21:22,     -1.05,     -2.01,     44,     1.1,     2.5,     4,     16.6,     91.1,     1005.7,     109.44,     254.9,     88,     -178
21,     08.07.2014 03:31:22,     -2.1,     -2.01,     50,     0.7,     2.3,     4.9,     16.6,     91.5,     1005.6,     109.62,     255.2,     88.2,     -178.2
22,     08.07.2014 03:41:22,     -1.05,     -2.01,     45,     0.7,     3,     5.9,     16.6,     91.3,     1005.3,     109.67,     254.8,     87.7,     -177.7
23,     08.07.2014 03:51:22,     2.1,     4.02,     45,     0.4,     2.7,     5.1,     16.6,     91.6,     1005.3,     109.69,     255,     88,     -178
24,     08.07.2014 04:01:22,     11.55,     14.07,     43,     0.8,     2.7,     4.5,     16.5,     91.9,     1005.1,     109.69,     255.1,     88.4,     -178.4
25,     08.07.2014 04:11:16,     16.8,     24.12,     43,     1,     2.6,     4.8,     16.4,     91.7,     1005,     109.69,     255,     88.1,     -178.1,     12.488,     17.19,     68.8
26,     08.07.2014 04:21:16,     19.95,     34.17,     41,     1,     3,     5.1,     16.5,     91.9,     1004.9,     109.69,     255.1,     88,     -178
27,     08.07.2014 04:31:16,     25.2,     48.24,     48,     1,     2.9,     5.8,     16.4,     92.1,     1004.8,     109.69,     255,     87.7,     -177.7
28,     08.07.2014 04:41:16,     28.35,     56.28,     51,     0.7,     2.8,     5,     16.3,     92.1,     1004.7,     109.69,     255,     88.1,     -178.1
29,     08.07.2014 04:51:16,     27.3,     56.28,     42,     0.4,     2.5,     4.6,     16.4,     92.5,     1004.4,     109.69,     255,     88,     -178
30,     08.07.2014 05:01:16,     22.05,     48.24,     58,     0.4,     1.9,     4.3,     16.5,     92.7,     1004.5,     109.69,     255.1,     88,     -178
31,     08.07.2014 05:11:16,     24.15,     52.26,     91,     0.1,     1.6,     3.7,     16.5,     92.7,     1004.5,     109.69,     255.2,     87.9,     -177.9,     12.590,     17.39,     68.7
32,     08.07.2014 05:21:16,     39.9,     86.43,     83,     0.2,     1.8,     3.5,     16.5,     92.9,     1004.4,     109.69,     254.7,     87.9,     -178
33,     08.07.2014 05:31:16,     58.8,     126.63,     62,     0.6,     2.2,     4.6,     16.6,     93,     1004.3,     109.69,     255.2,     87.8,     -177.9
34,     08.07.2014 05:41:16,     76.65,     164.82,     60,     0.2,     1.6,     3.7,     16.7,     93,     1004.3,     109.69,     255,     87.7,     -177.8
35,     08.07.2014 05:51:16,     76.65,     172.86,     54,     0.2,     1.8,     4.9,     16.8,     93.2,     1004.1,     109.69,     255.3,     88,     -177.9
36,     08.07.2014 06:01:16,     66.15,     148.74,     67,     0,     1.8,     4.3,     16.7,     93,     1004.1,     109.69,     255.2,     88,     -178
37,     08.07.2014 06:11:22,     73.5,     164.82,     62,     0.2,     1.7,     3.5,     16.9,     93.2,     1003.8,     109.69,     255.2,     88,     -178,     13.105,     17.87,     68.5
38,     08.07.2014 06:21:22,     71.4,     30.15,     80,     0,     1.7,     4.2,     16.9,     93.2,     1003.8,     109.69,     255.1,     87.9,     -177.9
39,     08.07.2014 06:31:22,     77.7,     166.83,     76,     0.1,     2,     4.9,     16.8,     93,     1003.6,     109.69,     255.2,     88,     -177.9
40,     08.07.2014 06:41:22,     58.8,     130.65,     97,     0.2,     1.9,     4.8,     16.9,     93,     1003.6,     109.69,     255,     88.1,     -178.1
41,     08.07.2014 06:51:22,     45.15,     100.5,     80,     0.1,     1.9,     4.1,     17,     93,     1003.4,     109.69,     255.1,     87.9,     -177.9
42,     08.07.2014 07:01:22,     67.2,     152.76,     77,     0.1,     2,     5.2,     17.1,     93,     1003.2,     109.69,     255.3,     88,     -178
43,     08.07.2014 07:11:16,     88.2,     194.97,     57,     0.6,     2.2,     4.1,     17.2,     93,     1003,     109.69,     255.2,     87.8,     -177.9,     13.205,     18.27,     68.4
44,     08.07.2014 07:21:16,     85.05,     186.93,     58,     0.1,     2,     4.3,     17.4,     93.1,     1002.9,     109.69,     255.3,     87.9,     -178
45,     08.07.2014 07:31:16,     127.05,     279.39,     72,     0.1,     1.8,     4,     17.5,     93,     1002.8,     109.69,     255.1,     87.8,     -177.9
46,     08.07.2014 07:41:16,     95.55,     215.07,     65,     0,     1.8,     4,     17.7,     92.9,     1002.6,     109.69,     255.1,     87.8,     -177.8
47,     08.07.2014 07:51:16,     80.85,     178.89,     60,     0.3,     2.1,     6.5,     17.7,     92.7,     1002.5,     109.69,     255.3,     87.9,     -177.9
48,     08.07.2014 08:01:16,     63,     148.74,     93,     0,     1.8,     3.9,     17.7,     92.6,     1002.5,     109.69,     255.3,     87.9,     -177.9
49,     08.07.2014 08:11:16,     63,     150.75,     91,     0.1,     1.7,     3.9,     17.8,     92.5,     1002.5,     109.69,     255.3,     87.8,     -177.9,     13.258,     18.95,     68.2
50,     08.07.2014 08:21:16,     22.05,     58.29,     164,     0.1,     2.3,     5.5,     17.9,     92.1,     1003.1,     109.69,     255.2,     87.8,     -177.8
51,     08.07.2014 08:31:16,     27.3,     70.35,     165,     0.4,     2.4,     4.3,     18.1,     91.9,     1003.1,     109.69,     255.1,     87.9,     -177.9
52,     08.07.2014 08:41:16,     31.5,     82.41,     149,     0.4,     1.8,     4.8,     18.2,     91.2,     1002.9,     109.72,     255.1,     87.9,     -177.9
53,     08.07.2014 08:51:16,     40.95,     102.51,     109,     0,     1.2,     2.3,     18.2,     91.1,     1002.9,     110.03,     255.2,     87.9,     -177.9
54,     08.07.2014 09:01:16,     35.7,     86.43,     130,     0.1,     1.1,     2.8,     18.3,     91,     1002.9,     110.04,     255.2,     87.9,     -177.9
55,     08.07.2014 09:11:23,     56.7,     136.68,     164,     0.3,     1.4,     2.3,     18.4,     90.8,     1002.9,     110.05,     255.2,     87.8,     -177.9,     13.300,     19.17,     68.2
56,     08.07.2014 09:21:23,     72.45,     172.86,     168,     0.2,     1.1,     2.4,     18.5,     90.9,     1002.7,     110.05,     255.1,     88,     -178
57,     08.07.2014 09:31:23,     81.9,     198.99,     150,     0,     1.1,     2.4,     18.6,     91,     1002.6,     110.07,     255.2,     87.9,     -177.9
58,     08.07.2014 09:41:23,     67.2,     160.8,     114,     0.1,     1.3,     2.9,     18.7,     90.8,     1001.9,     110.42,     255.2,     87.9,     -177.9
59,     08.07.2014 09:51:23,     93.45,     217.08,     81,     0.2,     1.5,     2.8,     18.7,     91.2,     1002,     110.59,     255.2,     87.8,     -177.9
60,     08.07.2014 10:01:23,     114.45,     261.3,     78,     0,     1.3,     2.7,     18.9,     91.6,     1001.4,     110.68,     255.2,     87.9,     -177.9
61,     08.07.2014 10:11:18,     169.05,     377.88,     67,     0.3,     1.7,     4.3,     19,     91.7,     1001.1,     110.82,     255.3,     88,     -178.1,     13.400,     19.67,     68.1
62,     08.07.2014 10:21:18,     157.5,     357.78,     62,     0.3,     2.3,     5.6,     19,     91.3,     1000.7,     110.84,     255.1,     88,     -177.9
63,     08.07.2014 10:31:18,     169.05,     381.9,     78,     0.1,     2.3,     5.7,     19.1,     90.7,     1000.6,     110.84,     255.3,     87.9,     -177.9
64,     08.07.2014 10:41:18,     274.05,     588.93,     87,     0.2,     2,     4.8,     19.3,     90.7,     1000.4,     112.03,     255.2,     87.8,     -177.7
65,     08.07.2014 10:51:18,     91.35,     211.05,     120,     0.3,     2.6,     5.4,     19.4,     89.9,     1000.8,     112.24,     255.3,     88,     -178
66,     08.07.2014 11:01:18,     91.35,     217.08,     108,     0.2,     2.7,     7.1,     19.4,     90,     1000.3,     114.97,     (NO REPLY),     (NO REPLY),     (NO REPLY)
67,     08.07.2014 11:11:16,     95.55,     217.08,     104,     0.1,     2.5,     8.4,     19.4,     89.9,     1000.2,     116.39,     255.6,     87.8,     -177.9,     13.466,     20.37,     67.9
68,     08.07.2014 11:21:16,     78.75,     176.88,     116,     0.4,     2.9,     6.7,     19.4,     89.5,     1000.3,     116.56,     254.9,     88,     -178
69,     08.07.2014 11:31:16,     169.05,     369.84,     98,     0.4,     2.8,     6,     19.5,     89.5,     999.8,     116.69,     255,     88,     -178
70,     08.07.2014 11:41:16,     333.9,     715.56,     64,     0.1,     2,     5.1,     19.9,     89.6,     999.5,     116.74,     255.1,     88,     -178
71,     08.07.2014 11:51:16,     584.85,     1328.61,     118,     0.2,     2.6,     6.4,     20.1,     87.7,     1000,     116.74,     254.9,     87.7,     -177.9
72,     08.07.2014 12:01:16,     180.6,     393.96,     90,     0.2,     1.9,     5,     20.3,     88.4,     999.9,     116.77,     255.3,     88,     -178.1
73,     08.07.2014 12:11:31,     92.4,     203.01,     102,     0,     1.3,     3.3,     20.4,     87.3,     1000.2,     116.77,     (NO REPLY),     (NO REPLY),     (NO REPLY),     12.993,     21.18,     67.7
74,     08.07.2014 12:21:31,     76.65,     178.89,     146,     0.2,     1.6,     3.7,     20.4,     87.5,     1000,     117.08,     255.3,     88,     -178
75,     08.07.2014 12:31:31,     205.8,     454.26,     71,     0.2,     1.9,     4.5,     20.3,     88.3,     999.6,     117.14,     255.3,     88,     -178
76,     08.07.2014 12:41:31,     155.4,     335.67,     112,     0.1,     1.5,     3.9,     20.5,     86.7,     999.6,     117.53,     255.1,     87.9,     -177.9
77,     08.07.2014 12:51:31,     307.65,     645.21,     72,     0.2,     1.9,     4.6,     20.8,     88.6,     999.4,     117.73,     255.5,     88,     -178
78,     08.07.2014 13:01:31,     106.05,     217.08,     71,     0.2,     1.8,     4.8,     21.1,     87.5,     999.4,     117.73,     (NO REPLY),     (NO REPLY),     (NO REPLY)
79,     08.07.2014 13:11:16,     191.1,     408.03,     74,     0,     1.1,     2.9,     21.2,     87,     999.3,     117.73,     255.4,     87.9,     -177.9,     13.419,     21.80,     67.8
80,     08.07.2014 13:21:16,     363.3,     753.75,     34,     0.9,     1.9,     3.1,     21.3,     87.1,     999.2,     117.73,     255.3,     88,     -178
81,     08.07.2014 13:31:16,     436.8,     934.65,     41,     1.1,     2.2,     4.3,     21.6,     88.3,     998.9,     117.73,     255.5,     88.1,     -178.1
82,     08.07.2014 13:41:16,     767.55,     1533.63,     40,     0.4,     2.3,     4.3,     22.5,     86.7,     998.7,     117.73,     255.4,     88,     -178
83,     08.07.2014 13:51:16,     766.5,     1551.72,     49,     0.1,     1.7,     4.8,     23.4,     83.3,     998.6,     117.73,     255.2,     88,     -177.9
84,     08.07.2014 14:01:16,     743.4,     1513.53,     45,     0.1,     2.3,     7,     24.1,     80.3,     998.3,     117.73,     255.6,     87.7,     -177.7
85,     08.07.2014 14:11:17,     727.65,     1469.31,     75,     0.1,     1.9,     5.6,     25,     73.6,     998.1,     117.73,     255.4,     87.8,     -177.9,     13.334,     26.68,     65.7
86,     08.07.2014 14:21:17,     724.5,     1443.18,     80,     0.1,     2.1,     4.3,     25.2,     70.9,     998.1,     117.73,     255.2,     88.1,     -178.1
87,     08.07.2014 14:31:17,     710.85,     1431.12,     84,     0.2,     1.9,     6.4,     25.7,     69.6,     997.8,     117.73,     75.9,     88.1,     -1.8
88,     08.07.2014 14:41:17,     687.75,     1372.83,     100,     0.4,     2.5,     6.3,     25.9,     69.6,     997.8,     117.73,     75.8,     87.9,     -2
89,     08.07.2014 14:51:17,     685.65,     1376.85,     109,     0.1,     2.4,     5.2,     26.1,     67.4,     997.6,     117.73,     75.2,     87.9,     -2
90,     08.07.2014 15:01:17,     547.05,     1113.54,     109,     0.1,     2,     6.1,     26.3,     66.7,     997.4,     117.73,     75.6,     88,     -1.9
91,     08.07.2014 15:11:16,     555.45,     1109.52,     97,     0,     2.1,     4.6,     26.5,     66,     997.3,     117.73,     75.9,     87.9,     -2,     13.078,     30.65,     64.6
92,     08.07.2014 15:21:16,     460.95,     922.59,     94,     0.1,     2.5,     6.2,     26.4,     65.2,     997.3,     117.73,     75.6,     87.9,     -2
93,     08.07.2014 15:31:16,     401.1,     812.04,     94,     0.1,     1.8,     4.8,     26.5,     66.6,     997.1,     117.73,     75.8,     88.1,     -1.8
94,     08.07.2014 15:41:16,     297.15,     607.02,     84,     0.2,     2.2,     6.1,     26.5,     65.2,     996.9,     117.73,     75.8,     87.9,     -2
95,     08.07.2014 15:51:16,     196.35,     416.07,     95,     0.1,     2,     5.1,     26.4,     66,     997,     117.73,     75.5,     88,     -1.9
96,     08.07.2014 16:01:16,     123.9,     271.35,     84,     0.1,     1.8,     4.5,     26.2,     68.3,     996.8,     117.73,     75.9,     87.9,     -2
97,     08.07.2014 16:11:16,     72.45,     160.8,     47,     0.1,     2.2,     4.6,     25.8,     70.2,     996.9,     117.73,     254.9,     87.9,     -177.9,     13.324,     30.27,     65.5
98,     08.07.2014 16:21:16,     42,     94.47,     57,     0.6,     2.5,     4.9,     25.1,     73.2,     996.7,     117.73,     255.4,     88.3,     -178.3
99,     08.07.2014 16:31:16,     28.35,     68.34,     49,     0.8,     2.6,     5.4,     24.8,     74,     996.6,     117.73,     255.2,     87.5,     -177.5
100,     08.07.2014 16:41:16,     18.9,     48.24,     50,     0.7,     2.7,     5.2,     24.5,     75.3,     996.3,     117.73,     255.5,     87.7,     -177.7
101,     08.07.2014 16:51:16,     11.55,     34.17,     47,     0.4,     2.8,     5.3,     24.3,     76.5,     996.3,     117.73,     75.8,     88.2,     -1.7
102,     08.07.2014 17:01:16,     9.45,     26.13,     51,     0.2,     1.8,     3.9,     24.2,     77.6,     996.9,     117.73,     255.2,     88.2,     -178.2
103,     08.07.2014 17:11:16,     -1.05,     -2.01,     105,     0.1,     4.1,     12.9,     23,     69.3,     998,     117.73,     255.8,     88.5,     -178.7,     12.777,     26.56,     67.1
104,     08.07.2014 17:21:16,     -3.15,     0,     227,     2,     5.4,     12.6,     20.2,     78.4,     998,     119.04,     75.9,     88,     -2
105,     08.07.2014 17:31:16,     0,     4.02,     182,     1.5,     3.8,     6.9,     19,     85.7,     998.7,     121.13,     255.1,     88,     -178.1
106,     08.07.2014 17:41:16,     1.05,     8.04,     85,     0.1,     2,     4.9,     18.5,     89.2,     998,     125.9,     255.3,     87.9,     -177.9
107,     08.07.2014 17:51:16,     1.05,     8.04,     63,     0.3,     1.8,     3,     18.4,     90.5,     997.8,     126.17,     255.3,     87.9,     -177.9
108,     08.07.2014 18:01:16,     1.05,     6.03,     94,     0.3,     2.4,     5,     18.4,     90.8,     998.4,     126.39,     255.8,     88,     -178
109,     08.07.2014 18:11:21,     3.15,     14.07,     76,     0.1,     2.3,     5,     18.5,     90.1,     997.9,     126.49,     255.3,     88,     -178,     12.698,     21.08,     68.8
110,     08.07.2014 18:21:21,     4.2,     12.06,     84,     0.1,     1.6,     4.8,     18.4,     89.9,     998,     126.81,     255.2,     88,     -178
111,     08.07.2014 18:31:21,     4.2,     10.05,     82,     0.1,     1.3,     3.4,     18.4,     90.3,     997.9,     127.58,     255.1,     88,     -178
112,     08.07.2014 18:41:21,     1.05,     8.04,     47,     0.2,     1.3,     2.4,     18.5,     90.6,     997.8,     128.1,     255.2,     88,     -178
113,     08.07.2014 18:51:21,     4.2,     12.06,     35,     0.1,     2,     3.2,     18.5,     91.3,     997.5,     128.73,     255.3,     88,     -178
114,     08.07.2014 19:01:21,     6.3,     16.08,     49,     0.9,     2.4,     4.6,     18.5,     91.2,     997.2,     129.05,     254.9,     87.8,     -177.7
115,     08.07.2014 19:11:22,     8.4,     20.1,     60,     0.2,     2.4,     5.3,     18.4,     91.4,     997.2,     129.24,     255.3,     87.8,     -177.8,     12.673,     19.31,     69.0
116,     08.07.2014 19:21:22,     6.3,     16.08,     71,     0.2,     1.7,     3.7,     18.3,     91.6,     997.3,     129.26,     255.2,     88,     -178
117,     08.07.2014 19:31:22,     10.5,     22.11,     57,     0.3,     1.5,     3.5,     18.3,     91.6,     997.7,     129.26,     255.2,     87.9,     -177.9
118,     08.07.2014 19:41:22,     7.35,     16.08,     68,     0.1,     1.4,     2.8,     18.3,     92,     997.7,     129.26,     255.1,     88,     -178
119,     08.07.2014 19:51:22,     5.25,     12.06,     50,     0.8,     2.2,     3.8,     18.5,     92,     997.8,     129.26,     255.2,     87.9,     -178
120,     08.07.2014 20:01:22,     3.15,     6.03,     54,     0.4,     1.6,     2.9,     18.4,     91.8,     997.8,     129.26,     255.2,     88,     -178
121,     08.07.2014 20:11:17,     1.05,     4.02,     41,     0.1,     1.2,     2.8,     18.4,     91.7,     997.8,     129.26,     255.2,     88,     -177.9,     12.611,     18.96,     69.0
122,     08.07.2014 20:21:17,     1.05,     4.02,     18,     0,     0.6,     1.4,     18.5,     91.6,     998,     129.26,     255.2,     87.9,     -177.9
123,     08.07.2014 20:31:17,     0,     0,     95,     0,     0.9,     2,     18.5,     91.5,     998.1,     129.26,     255.1,     88,     -178
124,     08.07.2014 20:41:17,     0,     0,     142,     0.1,     0.9,     1.8,     18.5,     91.5,     998.1,     129.26,     255.3,     87.8,     -177.8
125,     08.07.2014 20:51:17,     -2.1,     0,     76,     0,     0.5,     1.4,     18.5,     91.8,     998,     129.26,     255.2,     88,     -178
126,     08.07.2014 21:01:17,     -2.1,     0,     359,     0.4,     1.4,     2.4,     18.7,     91.9,     998,     129.26,     255.3,     88,     -178
127,     08.07.2014 21:11:22,     -2.1,     -4.02,     346,     1,     1.6,     2.4,     18.7,     91.5,     997.7,     129.26,     255.3,     87.9,     -177.9,     12.597,     18.90,     68.9
128,     08.07.2014 21:21:22,     -3.15,     -2.01,     21,     0.3,     1.3,     2.1,     18.7,     91.4,     997.7,     129.26,     255.2,     88,     -177.9
129,     08.07.2014 21:31:22,     -2.1,     0,     47,     0.6,     1.5,     2.3,     18.8,     91.1,     997.6,     129.26,     255.2,     88,     -178
130,     08.07.2014 21:41:22,     -3.15,     -4.02,     99,     0.1,     0.7,     1.4,     18.6,     90.7,     997.5,     129.26,     255.1,     87.9,     -178
131,     08.07.2014 21:51:22,     -4.2,     -4.02,     133,     0.2,     0.6,     1.1,     18.5,     91.2,     997.5,     129.26,     255.2,     88,     -178
132,     08.07.2014 22:01:22,     -2.1,     0,     91,     0.4,     1,     1.6,     18.3,     91.1,     997.7,     129.26,     255.3,     87.9,     -177.9
133,     08.07.2014 22:11:21,     -3.15,     -2.01,     72,     0.1,     0.7,     1.2,     18.2,     91.6,     997.7,     129.26,     255.3,     88,     -178,     12.577,     18.54,     68.9
134,     08.07.2014 22:21:21,     -2.1,     0,     46,     0.2,     0.9,     1.5,     18.2,     92.1,     997.6,     129.26,     255.1,     87.9,     -178
135,     08.07.2014 22:31:21,     -1.05,     -2.01,     62,     0.2,     0.9,     1.7,     18.3,     92,     997.6,     129.26,     255.3,     88,     -178
136,     08.07.2014 22:41:21,     -3.15,     -2.01,     55,     0.1,     0.9,     1.7,     18.4,     91.6,     997.4,     129.26,     255.3,     88,     -178
137,     08.07.2014 22:51:21,     -1.05,     -2.01,     68,     0.1,     0.9,     1.8,     18.4,     91.7,     997.4,     129.26,     255.3,     88,     -178.1
138,     08.07.2014 23:01:21,     -3.15,     0,     55,     0.5,     1.5,     2.7,     18.4,     91.3,     997.4,     129.26,     255.3,     88,     -178
139,     08.07.2014 23:11:22,     -3.15,     0,     48,     0.2,     1,     1.8,     18.4,     91.9,     997.3,     129.26,     255.2,     87.9,     -178,     12.558,     18.51,     68.9
140,     08.07.2014 23:21:22,     -3.15,     -4.02,     56,     0.1,     0.9,     2.1,     18.4,     91.6,     997.4,     129.26,     255.3,     88,     -178
141,     08.07.2014 23:31:22,     -3.15,     -2.01,     51,     0.1,     1.4,     2.8,     18.4,     91.9,     997.3,     129.26,     255.2,     88,     -178
142,     08.07.2014 23:41:22,     -3.15,     -2.01,     74,     0.1,     0.8,     2,     18.4,     92,     997.5,     129.26,     255.3,     88,     -178
143,     08.07.2014 23:51:22,     -3.15,     -2.01,     75,     0.1,     0.9,     2,     18.3,     91.9,     997.4,     129.26,     255.3,     88,     -178
144,     09.07.2014 00:01:22,     -2.1,     -2.01,     65,     0.1,     1,     1.8,     18.2,     92.2,     997.4,     129.26,     255.2,     87.7,     -177.8,     12.357,     18.41,     68.9