Logger: #D10248 'TSK_Meteo' - USP_EXP2 (V2.10, Jan 24 2012)
No,     Time,     #1:W/m²:0,     #2:ÂµMol:(do.),     #5:deg:2,     #6:m/sMIN:(do.),     #7:m/sMIT:(do.),     #8:m/sMAX:(do.),     #9:Â°C:(do.),     #10:%:(do.),     #11:hPa:(do.),     #12:mm:(do.),     #14:AZ:3,     #15:EL:(do.),     #16:Roll:(do.),     #HK-Bat:V,     #HK-Temp:oC,     #HK-rH:%
(GSM Transfer OK / Signal:15)
1,     06.08.2014 00:11:16,     -5.25,     -2.01,     299,     0.7,     1.8,     2.6,     17.1,     86,     1009.9,     199.23,     255.4,     87.9,     -177.9,     12.499,     18.15,     67.2
2,     06.08.2014 00:21:16,     -3.15,     0,     298,     0.9,     1.7,     2.7,     17,     86.1,     1009.9,     199.23,     255.4,     87.9,     -177.9
3,     06.08.2014 00:31:16,     -4.2,     -2.01,     291,     0.8,     1.8,     3.3,     16.9,     86.4,     1009.9,     199.23,     255.4,     87.9,     -177.9
4,     06.08.2014 00:41:16,     -2.1,     0,     290,     0.8,     2,     3.3,     17.1,     87.9,     1009.8,     199.23,     255.2,     88,     -178
5,     06.08.2014 00:51:16,     0,     0,     293,     1,     2.2,     3.7,     17.1,     87.2,     1009.8,     199.23,     255.4,     88.1,     -178.1
6,     06.08.2014 01:01:16,     -3.15,     -2.01,     296,     0.6,     1.7,     2.9,     17,     87.7,     1009.8,     199.23,     255.4,     87.9,     -177.9
7,     06.08.2014 01:11:16,     -3.15,     0,     291,     0.3,     1.6,     2.9,     17,     87.9,     1009.8,     199.23,     255.4,     88,     -178,     12.554,     17.23,     68.5
8,     06.08.2014 01:21:16,     -2.1,     -2.01,     290,     0.1,     1,     2.1,     17.1,     88.7,     1009.9,     199.23,     255.3,     87.9,     -177.9
9,     06.08.2014 01:31:16,     -2.1,     -2.01,     289,     0.1,     1.1,     2,     17.2,     88.7,     1009.9,     199.23,     255.4,     88,     -178
10,     06.08.2014 01:41:16,     -2.1,     -2.01,     320,     0,     1.1,     3.3,     17.2,     88.2,     1009.9,     199.23,     255.4,     87.9,     -178
11,     06.08.2014 01:51:16,     -3.15,     -2.01,     318,     0,     1.1,     2.3,     17.3,     87.9,     1009.9,     199.23,     255.3,     87.9,     -177.9
12,     06.08.2014 02:01:16,     -3.15,     0,     325,     0.1,     1,     2.8,     17.3,     88.4,     1009.8,     199.23,     255.4,     87.9,     -178
13,     06.08.2014 02:11:17,     -3.15,     -2.01,     336,     0,     0.9,     2.3,     17.3,     87.4,     1009.8,     199.23,     255.4,     87.9,     -177.9,     12.512,     17.35,     68.4
14,     06.08.2014 02:21:17,     -3.15,     -2.01,     331,     0.1,     1.1,     2,     17.3,     88,     1009.8,     199.23,     255.4,     87.9,     -177.9
15,     06.08.2014 02:31:17,     -3.15,     -2.01,     327,     0.3,     1.6,     2.8,     17.2,     87.3,     1009.7,     199.23,     255.2,     87.9,     -178
16,     06.08.2014 02:41:17,     -2.1,     -2.01,     313,     0.9,     1.6,     2.6,     17.2,     87.3,     1009.7,     199.23,     255.5,     87.9,     -178
17,     06.08.2014 02:51:17,     -3.15,     -4.02,     300,     0.3,     1.3,     2.4,     17.2,     87.7,     1009.7,     199.23,     255.3,     88.1,     -178.1
18,     06.08.2014 03:01:17,     -3.15,     -2.01,     336,     0.2,     1.2,     2.7,     17.2,     87.9,     1009.7,     199.23,     255.4,     87.9,     -177.9
19,     06.08.2014 03:11:16,     -2.1,     -2.01,     327,     0.2,     1.4,     2.8,     17.1,     87.2,     1009.7,     199.23,     255.2,     87.9,     -177.9,     12.505,     17.29,     68.4
20,     06.08.2014 03:21:16,     -3.15,     -4.02,     302,     0.2,     1.6,     2.7,     17.1,     87.1,     1009.6,     199.23,     255.5,     87.9,     -177.9
21,     06.08.2014 03:31:16,     -3.15,     0,     310,     0.2,     1.5,     3,     17.1,     87.7,     1009.6,     199.23,     255.5,     87.9,     -177.9
22,     06.08.2014 03:41:16,     -4.2,     -2.01,     314,     0.4,     1.5,     2.7,     17,     86.9,     1009.5,     199.23,     255.4,     88,     -178
23,     06.08.2014 03:51:16,     -3.15,     0,     297,     1.5,     2.4,     3.8,     16.8,     87.2,     1009.5,     199.23,     255.3,     87.9,     -177.9
24,     06.08.2014 04:01:16,     -4.2,     -4.02,     298,     0.9,     2.1,     3.3,     16.7,     87.5,     1009.5,     199.23,     255.4,     87.9,     -177.9
25,     06.08.2014 04:11:16,     -4.2,     -4.02,     296,     0.7,     1.7,     3.2,     16.6,     87.7,     1009.5,     199.23,     255.4,     88,     -178,     12.457,     16.90,     68.5
26,     06.08.2014 04:21:16,     -3.15,     -2.01,     298,     0.3,     1.5,     2.9,     16.5,     87.9,     1009.7,     199.23,     255.4,     87.9,     -177.9
27,     06.08.2014 04:31:16,     0,     6.03,     288,     0.1,     1.2,     2.5,     16.6,     87.5,     1009.7,     199.23,     255.3,     88,     -178
28,     06.08.2014 04:41:16,     2.1,     12.06,     303,     0.1,     1,     2.5,     16.6,     87.6,     1009.7,     199.23,     255.3,     87.9,     -178
29,     06.08.2014 04:51:16,     5.25,     22.11,     312,     0.1,     1.1,     2,     16.4,     87.2,     1009.6,     199.23,     255.4,     88,     -177.9
30,     06.08.2014 05:01:16,     11.55,     36.18,     299,     0.8,     1.7,     2.4,     16.2,     88.2,     1009.7,     199.23,     255.5,     88,     -178
31,     06.08.2014 05:11:16,     15.75,     48.24,     299,     0.1,     1.3,     2.5,     16.1,     88.1,     1009.8,     199.23,     255.4,     87.9,     -177.9,     12.482,     16.17,     68.8
32,     06.08.2014 05:21:16,     19.95,     64.32,     304,     0.1,     1.1,     2.2,     15.8,     87.8,     1009.9,     199.23,     255.5,     87.9,     -178
33,     06.08.2014 05:31:16,     28.35,     80.4,     298,     1,     1.8,     2.9,     15.8,     88.3,     1009.9,     199.23,     255.4,     87.9,     -178
34,     06.08.2014 05:41:16,     31.5,     90.45,     301,     1,     1.9,     2.9,     15.6,     87.3,     1009.9,     199.23,     255.4,     87.8,     -177.9
35,     06.08.2014 05:51:16,     38.85,     106.53,     307,     0.2,     1.4,     2.6,     15.7,     88.5,     1009.9,     199.23,     255.3,     88,     -178
36,     06.08.2014 06:01:16,     49.35,     134.67,     304,     0.1,     1.4,     3.1,     15.5,     88,     1010,     199.23,     255.2,     87.8,     -177.8
37,     06.08.2014 06:11:16,     147,     267.33,     300,     0.4,     1.6,     2.7,     15.5,     87.6,     1010,     199.23,     255.6,     87.9,     -177.9,     13.194,     16.01,     69.1
38,     06.08.2014 06:21:16,     159.6,     307.53,     302,     0.1,     1.2,     2.8,     15.9,     87.4,     1009.9,     199.23,     255.5,     87.9,     -177.9
39,     06.08.2014 06:31:16,     175.35,     345.72,     336,     0,     1,     2.3,     16.2,     85.3,     1010,     199.23,     255.7,     88,     -178
40,     06.08.2014 06:41:16,     224.7,     418.08,     333,     0.6,     1.6,     2.8,     16.3,     84.7,     1010,     199.23,     255.7,     87.9,     -177.9
41,     06.08.2014 06:51:16,     246.75,     462.3,     321,     0.8,     1.9,     3.3,     16.6,     83.9,     1010,     199.23,     255.7,     88,     -178
42,     06.08.2014 07:01:16,     274.05,     516.57,     326,     0.9,     2,     3.6,     16.9,     82.8,     1010,     199.23,     255.7,     88,     -178
43,     06.08.2014 07:11:23,     296.1,     556.77,     331,     0.4,     1.9,     3.6,     17.2,     81.8,     1009.9,     199.23,     255.9,     87.8,     -177.9,     13.319,     23.08,     69.0
44,     06.08.2014 07:21:23,     318.15,     603,     317,     0.5,     1.8,     3.1,     17.5,     81.6,     1009.9,     199.23,     (NO REPLY),     (NO REPLY),     (NO REPLY)
45,     06.08.2014 07:31:23,     349.65,     663.3,     337,     0.3,     1.7,     2.9,     17.7,     79.8,     1009.8,     199.23,     (NO REPLY),     (NO REPLY),     (NO REPLY)
46,     06.08.2014 07:41:23,     373.8,     715.56,     329,     0,     1.8,     3.1,     18,     78.5,     1009.7,     199.23,     255.9,     87.8,     -177.9
47,     06.08.2014 07:51:23,     404.25,     769.83,     341,     1.2,     2.2,     3.7,     18.1,     77.7,     1009.8,     199.23,     255.7,     87.9,     -177.9
48,     06.08.2014 08:01:23,     426.3,     820.08,     330,     0.6,     1.9,     3.3,     18.5,     79.1,     1009.8,     199.23,     255.9,     88,     -178
49,     06.08.2014 08:11:30,     450.45,     866.31,     315,     0.8,     2.1,     3.9,     18.7,     77.4,     1009.9,     199.23,     (NO REPLY),     (NO REPLY),     (NO REPLY),     13.252,     27.97,     67.3
50,     06.08.2014 08:21:30,     481.95,     926.61,     319,     0.4,     2.1,     3.6,     18.9,     76.5,     1009.9,     199.23,     256,     87.9,     -177.9
51,     06.08.2014 08:31:30,     525,     988.92,     325,     0.4,     2.4,     4.3,     19.1,     75.8,     1010,     199.23,     255.9,     87.8,     -177.9
52,     06.08.2014 08:41:30,     222.6,     486.42,     343,     0.3,     1.8,     4,     19.3,     74,     1010,     199.23,     255.8,     87.9,     -177.9
53,     06.08.2014 08:51:30,     651,     1222.08,     351,     0.6,     1.8,     3.3,     19.3,     74,     1010,     199.23,     255.8,     88,     -178
54,     06.08.2014 09:01:30,     198.45,     426.12,     338,     0.9,     2.1,     3.2,     19.4,     72.5,     1010,     199.23,     255.7,     88,     -178
55,     06.08.2014 09:11:27,     708.75,     1384.89,     324,     0,     2.1,     4.6,     19.5,     70.8,     1010,     199.23,     255.9,     87.9,     -177.9,     13.377,     28.91,     66.4
56,     06.08.2014 09:21:27,     236.25,     522.6,     5,     1.2,     2.2,     3.5,     19.4,     73.4,     1010,     199.23,     255.8,     87.8,     -177.8
57,     06.08.2014 09:31:27,     709.8,     1372.83,     12,     0.3,     1.4,     2.6,     19.6,     72,     1010,     199.23,     255.7,     87.8,     -177.8
58,     06.08.2014 09:41:27,     804.3,     1579.86,     346,     0,     0.6,     1.4,     20.2,     66.6,     1010,     199.23,     255.7,     87.8,     -177.8
59,     06.08.2014 09:51:27,     271.95,     578.88,     336,     0,     1.7,     3.8,     19.9,     64.3,     1010,     199.23,     255.7,     87.9,     -177.9
60,     06.08.2014 10:01:27,     170.1,     371.85,     347,     1.2,     2,     3.1,     19.8,     66.3,     1010.1,     199.23,     255.6,     87.9,     -177.9
61,     06.08.2014 10:11:16,     747.6,     1461.27,     20,     0,     0.8,     1.8,     20,     66.4,     1010.1,     199.23,     255.6,     88,     -178,     13.230,     29.38,     65.7
62,     06.08.2014 10:21:16,     816.9,     1616.04,     135,     0,     0.3,     1.1,     21,     59.1,     1010.1,     199.23,     255.7,     87.9,     -177.8
63,     06.08.2014 10:31:16,     690.9,     1390.92,     262,     0,     1,     6.3,     21.4,     57.7,     1010,     199.23,     76.1,     87.8,     -2
64,     06.08.2014 10:41:16,     784.35,     1551.72,     34,     1.2,     2.2,     3.8,     20.2,     60.5,     1010,     199.23,     255.5,     87.8,     -177.8
65,     06.08.2014 10:51:16,     786.45,     1563.78,     40,     0,     1,     2.1,     20.5,     56.5,     1010,     199.23,     255.7,     87.9,     -177.8
66,     06.08.2014 11:01:16,     807.45,     1603.98,     62,     0,     0.7,     1.7,     20.7,     54,     1009.9,     199.23,     76.1,     87.8,     -2.1
67,     06.08.2014 11:11:16,     192.15,     438.18,     196,     0,     0.7,     1.4,     21.4,     53.6,     1009.9,     199.23,     76.1,     87.9,     -2,     13.205,     30.66,     64.3
68,     06.08.2014 11:21:16,     191.1,     434.16,     237,     0.1,     0.9,     2.1,     21.6,     55.1,     1009.9,     199.23,     255.7,     87.9,     -177.9
69,     06.08.2014 11:31:16,     838.95,     1650.21,     285,     0.2,     1.8,     3.1,     21.1,     56,     1009.8,     199.23,     76.1,     87.9,     -2.1
70,     06.08.2014 11:41:16,     420,     946.71,     274,     0,     1,     2.9,     21.4,     55.8,     1009.9,     199.23,     76.2,     87.8,     -2.1
71,     06.08.2014 11:51:16,     815.85,     1634.13,     310,     1,     2,     3.1,     21.1,     56.8,     1009.9,     199.23,     76.1,     87.9,     -2
72,     06.08.2014 12:01:16,     791.7,     1589.91,     318,     0,     1.2,     2.7,     21.2,     53,     1009.8,     199.23,     75.9,     87.8,     -2.1
73,     06.08.2014 12:11:17,     814.8,     1642.17,     314,     0,     0.3,     1.2,     21.9,     51.3,     1009.8,     199.23,     75.9,     87.7,     -2.2,     12.800,     29.73,     64.8
74,     06.08.2014 12:21:17,     805.35,     1618.05,     16,     0,     0.5,     1.6,     22.1,     46,     1009.8,     199.23,     75.8,     87.9,     -2.1
75,     06.08.2014 12:31:17,     821.1,     1654.23,     80,     0,     0.7,     1.6,     21.9,     46.4,     1009.7,     199.23,     256,     88.3,     -178.3
76,     06.08.2014 12:41:17,     804.3,     1622.07,     255,     0,     1.3,     2.9,     22.3,     43.2,     1009.7,     199.23,     256.4,     87.9,     -178
77,     06.08.2014 12:51:17,     796.95,     1595.94,     274,     0.2,     1.7,     3.6,     22.3,     45.6,     1009.6,     199.23,     256.1,     87.9,     -178.1
78,     06.08.2014 13:01:17,     800.1,     1595.94,     219,     0.2,     1.9,     3.6,     22.2,     43.8,     1009.6,     199.23,     256,     87.7,     -177.9
79,     06.08.2014 13:11:16,     792.75,     1587.9,     186,     0,     1,     2.8,     22.5,     40.8,     1009.5,     199.23,     256.5,     86.7,     -176.8,     13.018,     30.95,     64.3
80,     06.08.2014 13:21:16,     781.2,     1565.79,     176,     0,     0.9,     2.2,     22.7,     41.8,     1009.5,     199.23,     255.7,     87,     -176.9
81,     06.08.2014 13:31:16,     777,     1549.71,     218,     0.1,     1.5,     2.9,     22.7,     44.4,     1009.4,     199.23,     76.1,     87.8,     -2.1
82,     06.08.2014 13:41:16,     351.75,     793.95,     235,     0.6,     2,     3.3,     22.6,     44.2,     1009.4,     199.23,     76,     87.9,     -2
83,     06.08.2014 13:51:16,     761.25,     1497.45,     257,     0.2,     1.3,     2.9,     22.7,     42,     1009.3,     199.23,     76,     87.8,     -2.1
84,     06.08.2014 14:01:16,     786.45,     1537.65,     317,     0.1,     1,     2.5,     22.8,     43.1,     1009.3,     199.23,     75.9,     87.8,     -2.1
85,     06.08.2014 14:11:16,     760.2,     1481.37,     36,     0.1,     1.3,     2.2,     22.4,     44.9,     1009.2,     199.23,     75.9,     87.7,     -2.2,     13.014,     30.49,     64.7
86,     06.08.2014 14:21:16,     186.9,     426.12,     16,     0.7,     1.8,     2.9,     22.5,     45,     1009.2,     199.23,     76,     87.9,     -2
87,     06.08.2014 14:31:16,     722.4,     1396.95,     42,     0,     1.1,     2.3,     22.6,     43.6,     1009.1,     199.23,     75.8,     87.9,     -1.9
88,     06.08.2014 14:41:16,     700.35,     1366.8,     43,     0,     0.4,     1.4,     23.3,     40.6,     1009,     199.23,     75.8,     87.7,     -2.2
89,     06.08.2014 14:51:16,     689.85,     1340.67,     67,     0,     0.9,     2.3,     23,     39.8,     1008.9,     199.23,     75.9,     87.8,     -2
90,     06.08.2014 15:01:16,     638.4,     1242.18,     89,     0,     1.1,     2.8,     23,     37.9,     1008.8,     199.23,     75.7,     87.8,     -2.1
91,     06.08.2014 15:11:22,     612.15,     1189.92,     196,     0,     0.6,     2.4,     23.8,     35.1,     1008.7,     199.23,     76.1,     87.8,     -2.1,     13.199,     30.78,     64.4
92,     06.08.2014 15:21:22,     593.25,     1131.63,     295,     0.9,     2.7,     5.9,     23.2,     38.2,     1008.6,     199.23,     75.8,     87.9,     -2
93,     06.08.2014 15:31:22,     573.3,     1087.41,     301,     0.1,     1.7,     3.8,     23.6,     37,     1008.6,     199.23,     75.9,     87.8,     -2
94,     06.08.2014 15:41:22,     517.65,     966.81,     258,     0.1,     1,     1.8,     23.8,     35.9,     1008.6,     199.23,     75.8,     87.8,     -2
95,     06.08.2014 15:51:22,     523.95,     994.95,     92,     0,     0.8,     1.4,     23.2,     38,     1008.6,     199.23,     75.7,     87.9,     -2
96,     06.08.2014 16:01:22,     493.5,     930.63,     310,     0.2,     1.2,     2.5,     23.8,     37.6,     1008.5,     199.23,     75.9,     87.9,     -2
97,     06.08.2014 16:11:16,     454.65,     848.22,     250,     0.2,     1.3,     2.6,     24,     35.9,     1008.4,     199.23,     75.8,     87.9,     -2,     13.184,     30.59,     64.4
98,     06.08.2014 16:21:16,     290.85,     574.86,     254,     0.1,     0.9,     2,     24.1,     34.4,     1008.3,     199.23,     75.8,     87.9,     -1.9
99,     06.08.2014 16:31:16,     253.05,     494.46,     230,     0,     0.8,     1.7,     24,     37.8,     1008.3,     199.23,     75.8,     88,     -1.9
100,     06.08.2014 16:41:16,     292.95,     562.8,     242,     0.4,     1.3,     2.4,     23.8,     39.6,     1008.3,     199.23,     75.8,     87.9,     -1.9
101,     06.08.2014 16:51:16,     375.9,     695.46,     256,     0,     0.5,     1.3,     24.3,     35.9,     1008.2,     199.23,     75.8,     87.8,     -2
102,     06.08.2014 17:01:16,     182.7,     379.89,     283,     0,     1.1,     2.4,     23.9,     35.9,     1008.2,     199.23,     75.9,     87.9,     -2
103,     06.08.2014 17:11:16,     169.05,     341.7,     270,     0.4,     1.4,     2.5,     23.6,     36.3,     1008.1,     199.23,     75.9,     87.9,     -2,     13.283,     29.14,     65.2
104,     06.08.2014 17:21:16,     173.25,     343.71,     244,     0.6,     1.6,     2.4,     23.4,     41.4,     1008.1,     199.23,     75.8,     87.9,     -2
105,     06.08.2014 17:31:16,     191.1,     375.87,     262,     0.5,     1.3,     2.2,     23.3,     44.1,     1008.1,     199.23,     75.8,     87.9,     -1.9
106,     06.08.2014 17:41:16,     165.9,     335.67,     242,     0.2,     1,     1.7,     23.3,     39.8,     1008.1,     199.23,     75.7,     88,     -1.9
107,     06.08.2014 17:51:16,     203.7,     381.9,     292,     0.3,     1,     1.8,     23.3,     45.8,     1008,     199.23,     75.8,     88,     -1.9
108,     06.08.2014 18:01:16,     102.9,     223.11,     300,     0.4,     0.8,     1.6,     23.3,     43,     1008.1,     199.23,     75.8,     87.9,     -2
109,     06.08.2014 18:11:17,     97.65,     207.03,     33,     0.2,     2.1,     4.9,     22.1,     63.1,     1008.1,     199.23,     75.6,     88,     -1.9,     13.370,     26.47,     66.3
110,     06.08.2014 18:21:17,     129.15,     237.18,     47,     0.6,     2.1,     4.1,     21.7,     64.3,     1008.1,     199.23,     75.5,     87.8,     -2.1
111,     06.08.2014 18:31:17,     144.9,     245.22,     55,     0.2,     1.6,     3.5,     21.6,     65.7,     1008,     199.23,     75.7,     87.8,     -2.1
112,     06.08.2014 18:41:17,     101.85,     182.91,     79,     0.4,     1.8,     4,     21.3,     66.3,     1007.9,     199.23,     75.4,     88,     -1.9
113,     06.08.2014 18:51:17,     59.85,     124.62,     49,     0.5,     1.9,     3.8,     21.2,     69.2,     1007.9,     199.23,     75.6,     87.9,     -2
114,     06.08.2014 19:01:17,     44.1,     94.47,     46,     0.3,     2.1,     3.7,     21.1,     67.3,     1008,     199.23,     75.6,     88,     -1.9
115,     06.08.2014 19:11:16,     33.6,     74.37,     67,     0.1,     1.4,     3,     20.8,     67.2,     1008,     199.23,     75.7,     88,     -1.9,     13.345,     23.86,     67.2
116,     06.08.2014 19:21:16,     21,     52.26,     76,     0.1,     1.3,     2.6,     20.6,     67.4,     1008,     199.23,     75.6,     87.8,     -2.1
117,     06.08.2014 19:31:16,     16.8,     40.2,     79,     0.4,     1.1,     1.7,     20.2,     70.3,     1008,     199.23,     75.6,     88,     -2
118,     06.08.2014 19:41:16,     9.45,     24.12,     71,     0.1,     0.9,     1.7,     20.1,     71.3,     1008.1,     199.23,     255.3,     88.1,     -178
119,     06.08.2014 19:51:16,     0,     10.05,     60,     0.3,     1,     1.8,     20.1,     73.6,     1008.1,     199.23,     75.6,     87.9,     -2
120,     06.08.2014 20:01:16,     -3.15,     4.02,     84,     0.4,     0.9,     1.9,     19.8,     72.1,     1008.2,     199.23,     255.2,     87.9,     -177.9
121,     06.08.2014 20:11:16,     -4.2,     0,     92,     0.3,     0.7,     1.1,     19.6,     73.8,     1008.2,     199.23,     255.3,     88,     -178,     12.705,     20.72,     68.2
122,     06.08.2014 20:21:16,     -6.3,     -2.01,     78,     0.1,     0.7,     1.3,     19.5,     73.5,     1008.3,     199.23,     255.2,     87.9,     -177.9
123,     06.08.2014 20:31:16,     -5.25,     -2.01,     67,     0.2,     0.7,     1.5,     19.6,     77.4,     1008.4,     199.23,     255.2,     87.8,     -177.8
124,     06.08.2014 20:41:16,     -4.2,     0,     57,     0.2,     1.2,     2,     19.4,     75.3,     1008.4,     199.23,     255.3,     87.9,     -177.9
125,     06.08.2014 20:51:16,     -5.25,     -2.01,     60,     0.2,     1,     1.8,     19.2,     75.6,     1008.3,     199.23,     255.3,     87.9,     -177.9
126,     06.08.2014 21:01:16,     -5.25,     -2.01,     58,     0.2,     1,     1.7,     19,     77.7,     1008.4,     199.23,     255.2,     87.9,     -177.9
127,     06.08.2014 21:11:17,     -6.3,     -4.02,     85,     0,     0.6,     1.3,     19,     78.4,     1008.3,     199.23,     255.3,     87.9,     -177.8,     12.666,     18.67,     68.6
128,     06.08.2014 21:21:17,     -5.25,     -2.01,     67,     0,     1.1,     2.1,     18.9,     77.4,     1008.5,     199.23,     255.2,     88,     -177.9
129,     06.08.2014 21:31:17,     -5.25,     -2.01,     83,     0.1,     0.9,     1.8,     18.7,     76.8,     1008.5,     199.23,     255.3,     87.9,     -177.8
130,     06.08.2014 21:41:17,     -6.3,     -4.02,     89,     0.3,     0.7,     1.2,     18.4,     78,     1008.4,     199.23,     255.2,     87.9,     -177.9
131,     06.08.2014 21:51:17,     -5.25,     -2.01,     69,     0,     0.7,     1.1,     18.3,     79.9,     1008.4,     199.23,     255.3,     87.9,     -177.9
132,     06.08.2014 22:01:17,     -5.25,     0,     109,     0.1,     0.7,     1.3,     18.1,     81.3,     1008.4,     199.23,     255.2,     87.9,     -177.9
133,     06.08.2014 22:11:22,     -5.25,     -4.02,     145,     0,     0.4,     0.9,     17.9,     82.5,     1008.4,     199.23,     255.3,     87.9,     -177.9,     12.643,     17.40,     68.8
134,     06.08.2014 22:21:22,     -5.25,     0,     117,     0,     0.4,     1,     17.9,     82,     1008.4,     199.23,     255.3,     87.7,     -177.8
135,     06.08.2014 22:31:22,     -4.2,     0,     72,     0.3,     0.8,     1.3,     18,     82,     1008.5,     199.23,     255.2,     87.9,     -178
136,     06.08.2014 22:41:22,     -6.3,     -2.01,     105,     0.1,     0.7,     1.2,     17.8,     84,     1008.4,     199.23,     255.3,     87.9,     -177.9
137,     06.08.2014 22:51:22,     -5.25,     -2.01,     106,     0.4,     0.9,     1.2,     17.5,     84.7,     1008.4,     199.23,     255.2,     87.9,     -177.9
138,     06.08.2014 23:01:22,     -4.2,     0,     108,     0.3,     0.9,     1.3,     17.1,     84.8,     1008.3,     199.23,     255.2,     87.8,     -177.8
139,     06.08.2014 23:11:21,     -4.2,     -2.01,     101,     0.4,     0.7,     1.2,     17.1,     85.4,     1008.3,     199.23,     255.2,     88,     -178,     12.597,     16.48,     68.9
140,     06.08.2014 23:21:21,     -4.2,     0,     169,     0.4,     1.3,     2,     17,     86.6,     1008.3,     199.23,     255.3,     87.9,     -177.9
141,     06.08.2014 23:31:21,     -5.25,     -2.01,     148,     0.2,     0.9,     1.8,     16.8,     87.2,     1008.2,     199.23,     255.2,     87.8,     -177.8
142,     06.08.2014 23:41:21,     -5.25,     -2.01,     117,     0.3,     0.8,     1.1,     16.3,     87.6,     1008.2,     199.23,     255.2,     87.9,     -177.9
143,     06.08.2014 23:51:21,     -4.2,     -2.01,     124,     0.2,     0.7,     1.1,     16.3,     89,     1008.1,     199.23,     255.2,     87.9,     -177.9
144,     07.08.2014 00:01:16,     -5.25,     -2.01,     135,     0.1,     0.9,     1.6,     16.1,     88.2,     1008.1,     199.23,     255.1,     87.9,     -177.9,     12.410,     15.88,     69.0