Logger: #D10248 'TSK_Meteo' - USP_EXP2 (V2.10, Jan 24 2012)
No,     Time,     #1:W/m²:0,     #2:ÂµMol:(do.),     #5:deg:2,     #6:m/sMIN:(do.),     #7:m/sMIT:(do.),     #8:m/sMAX:(do.),     #9:Â°C:(do.),     #10:%:(do.),     #11:hPa:(do.),     #12:mm:(do.),     #14:AZ:3,     #15:EL:(do.),     #16:Roll:(do.),     #HK-Bat:V,     #HK-Temp:oC,     #HK-rH:%
(GSM Transfer OK / Signal:16)
1,     14.01.2015 00:11:16,     -4.2,     -2.01,     261,     1.8,     3.7,     6.3,     6.2,     87,     995,     416.84,     75.3,     88,     -1.9,     12.153,     6.56,     88.1
2,     14.01.2015 00:21:16,     -3.15,     -2.01,     259,     1.6,     3.9,     6,     6.2,     86.4,     995,     416.84,     74.3,     88.1,     -1.8
3,     14.01.2015 00:31:16,     -2.1,     -2.01,     260,     1.4,     3.6,     5.7,     6.2,     86.1,     995,     416.84,     74.3,     88,     -1.9
4,     14.01.2015 00:41:16,     -3.15,     0,     265,     1.1,     3.2,     5.2,     6.2,     86.2,     995,     416.84,     74.4,     88,     -1.9
5,     14.01.2015 00:51:16,     -4.2,     0,     257,     1.9,     3.2,     4.6,     6.1,     86.5,     995.1,     416.84,     74.2,     88.1,     -1.7
6,     14.01.2015 01:01:16,     -4.2,     0,     245,     1.3,     3.6,     5.4,     6.1,     86.5,     994.9,     416.84,     74.4,     88,     -1.9
7,     14.01.2015 01:11:22,     -4.2,     -2.01,     248,     1.3,     3.6,     5.8,     6.1,     86.6,     994.8,     416.84,     74.9,     88.1,     -1.9,     12.289,     5.71,     89.9
8,     14.01.2015 01:21:22,     -3.15,     0,     251,     2.1,     4.3,     7.1,     6.2,     86.2,     994.8,     416.84,     255.2,     87.8,     -177.8
9,     14.01.2015 01:31:22,     -4.2,     -2.01,     257,     2.5,     4.7,     8,     6.3,     85.2,     994.8,     416.84,     254.7,     87.9,     -177.9
10,     14.01.2015 01:41:22,     -5.25,     -2.01,     263,     1.9,     5.1,     8.7,     6.5,     83.5,     994.8,     416.84,     76.3,     88.1,     -1.8
11,     14.01.2015 01:51:22,     -2.1,     -2.01,     266,     2.5,     4.7,     7.6,     6.5,     83,     994.9,     416.84,     75.2,     87.8,     -2
12,     14.01.2015 02:01:22,     -5.25,     -2.01,     263,     3,     5.1,     7.8,     6.5,     82.7,     995,     416.84,     75,     88.1,     -1.8
13,     14.01.2015 02:11:16,     -4.2,     0,     257,     2.1,     4.9,     8.5,     6.5,     82.4,     995,     416.84,     255.8,     87.9,     -177.9,     12.289,     5.51,     90.1
14,     14.01.2015 02:21:16,     -4.2,     -2.01,     254,     2.3,     5,     7.8,     6.4,     82.1,     995.1,     416.84,     74.2,     87.8,     -2
15,     14.01.2015 02:31:16,     -4.2,     0,     260,     3,     5.4,     9.9,     6.4,     81,     995.2,     416.84,     254.8,     88.2,     -178.2
16,     14.01.2015 02:41:16,     -4.2,     -2.01,     267,     2.1,     5.6,     9,     6.5,     78.2,     995.3,     416.84,     76.8,     88,     -1.8
17,     14.01.2015 02:51:16,     -4.2,     -2.01,     269,     2.3,     5.5,     9,     6.4,     78,     995.2,     416.84,     74.9,     88.1,     -1.7
18,     14.01.2015 03:01:16,     -3.15,     -2.01,     273,     1.7,     4.6,     7.7,     6.3,     78.7,     995.2,     416.84,     74.4,     88,     -1.9
19,     14.01.2015 03:11:17,     -3.15,     -2.01,     264,     2.8,     5.3,     8.1,     6.2,     78.5,     995.1,     416.84,     74.5,     87.8,     -2,     12.281,     5.39,     90.2
20,     14.01.2015 03:21:17,     -2.1,     -2.01,     263,     2.9,     5.4,     8.7,     6.2,     78.3,     995.1,     416.84,     75.1,     88,     -1.7
21,     14.01.2015 03:31:17,     -3.15,     -2.01,     274,     2.4,     5.3,     8.3,     6.3,     77.6,     995.1,     416.84,     75.3,     88,     -1.9
22,     14.01.2015 03:41:17,     -1.05,     0,     273,     1.5,     5.4,     9.6,     6.3,     76.8,     995.1,     416.84,     77.5,     87.7,     -2.2
23,     14.01.2015 03:51:17,     -1.05,     -2.01,     270,     2.6,     5.2,     9.3,     6.3,     77,     995.1,     416.84,     74.9,     87.8,     -2.2
24,     14.01.2015 04:01:17,     -2.1,     0,     270,     2.9,     5.6,     9.7,     6.3,     76.2,     995,     416.84,     254.8,     87.7,     -177.6
25,     14.01.2015 04:11:16,     -3.15,     -2.01,     277,     2,     5.3,     9.5,     6.2,     76.2,     995,     416.84,     74.4,     88.1,     -1.8,     12.293,     6.02,     89.9
26,     14.01.2015 04:21:16,     -3.15,     0,     284,     1,     4.9,     8.3,     6.1,     77,     995,     416.84,     74.7,     87.9,     -2
27,     14.01.2015 04:31:16,     -3.15,     -2.01,     271,     1.9,     4.3,     6.5,     6,     77.7,     995,     416.84,     74.4,     87.9,     -1.9
28,     14.01.2015 04:41:16,     -3.15,     0,     264,     1.8,     4.4,     7.3,     6,     77.5,     994.9,     416.84,     75.2,     87.9,     -2
29,     14.01.2015 04:51:16,     -4.2,     -2.01,     254,     2.6,     4.2,     6.6,     5.8,     78.1,     994.8,     416.84,     75.4,     87.9,     -1.9
30,     14.01.2015 05:01:16,     -5.25,     -2.01,     249,     1.1,     4.2,     6.9,     5.6,     78.6,     994.7,     416.84,     75.4,     88,     -1.9
31,     14.01.2015 05:11:16,     -5.25,     -2.01,     246,     1.8,     3.7,     5.9,     5.4,     79.3,     994.5,     416.84,     74.4,     88.1,     -1.9,     12.279,     5.46,     89.9
32,     14.01.2015 05:21:16,     -5.25,     -2.01,     238,     1.2,     3.5,     5.7,     5.2,     80.1,     994.3,     416.84,     75.1,     88,     -1.9
33,     14.01.2015 05:31:16,     -3.15,     -2.01,     235,     2,     3.4,     5.4,     5.1,     80.6,     994.2,     416.84,     75.6,     88,     -1.9
34,     14.01.2015 05:41:16,     -4.2,     -2.01,     225,     1.9,     3.2,     5.1,     4.9,     81.3,     994.3,     416.84,     74.3,     88,     -1.9
35,     14.01.2015 05:51:16,     -4.2,     0,     225,     1.7,     2.9,     4.8,     4.8,     82.4,     994.3,     416.84,     74.8,     88,     -1.9
36,     14.01.2015 06:01:16,     -3.15,     -2.01,     227,     1.9,     3.1,     5.3,     4.8,     82.8,     994.1,     416.84,     73.9,     87.9,     -1.9
37,     14.01.2015 06:11:17,     -2.1,     0,     224,     2.3,     3.5,     6.3,     5,     81.8,     993.9,     416.84,     73.8,     88,     -1.9,     12.268,     4.68,     90.3
38,     14.01.2015 06:21:17,     -3.15,     -4.02,     226,     2,     3.8,     6.2,     5.1,     81.4,     993.8,     416.84,     74.8,     88,     -1.9
39,     14.01.2015 06:31:17,     -2.1,     0,     229,     2.4,     3.8,     5.6,     5.2,     81,     993.7,     416.84,     74.5,     88.1,     -1.8
40,     14.01.2015 06:41:17,     -3.15,     -2.01,     226,     2.4,     3.6,     5.8,     5.2,     81.1,     993.5,     416.88,     74.3,     88.1,     -1.8
41,     14.01.2015 06:51:17,     -3.15,     0,     228,     2,     3.4,     4.9,     5.2,     81.9,     993.5,     416.94,     75.1,     87.9,     -2
42,     14.01.2015 07:01:17,     -3.15,     -2.01,     230,     2.2,     3.3,     5.3,     5.2,     82.3,     993.4,     417.03,     73.9,     87.9,     -2
43,     14.01.2015 07:11:16,     -2.1,     -2.01,     231,     1.3,     2.8,     4.8,     5.1,     83.9,     993.5,     417.41,     74.2,     88.1,     -1.9,     12.274,     5.07,     90.3
44,     14.01.2015 07:21:16,     -1.05,     -2.01,     228,     2.2,     4.9,     9.1,     5.2,     83.3,     993.1,     417.81,     75,     88.1,     -1.8
45,     14.01.2015 07:31:16,     -3.15,     -2.01,     253,     2.3,     3.8,     5.8,     5.2,     84.2,     993.3,     417.93,     74,     88,     -1.9
46,     14.01.2015 07:41:16,     -1.05,     -2.01,     291,     1.6,     3.3,     5,     5.1,     86.1,     993.4,     418.28,     73.3,     88,     -1.9
47,     14.01.2015 07:51:16,     -1.05,     0,     282,     1,     3.9,     7.3,     5.1,     85.7,     993.5,     418.32,     74,     88.1,     -1.8
48,     14.01.2015 08:01:16,     -1.05,     0,     297,     2.5,     5,     8.4,     4.8,     86.3,     993.9,     418.94,     75.3,     88.2,     -1.7
49,     14.01.2015 08:11:16,     0,     0,     280,     2.6,     8,     15.1,     4.3,     84,     993.5,     419.35,     258.3,     87.6,     -177.6,     12.257,     5.09,     90.1
50,     14.01.2015 08:21:16,     0,     2.01,     274,     3.2,     7.1,     12.7,     4.3,     84,     993.6,     419.36,     255.5,     87.9,     -177.9
51,     14.01.2015 08:31:16,     0,     4.02,     275,     3.1,     7,     11.7,     4.3,     84.3,     993.7,     419.37,     76.3,     87.5,     -2.3
52,     14.01.2015 08:41:16,     1.05,     4.02,     277,     2.9,     6.8,     10.4,     4.2,     85.2,     993.9,     419.38,     75.5,     87.7,     -2.2
53,     14.01.2015 08:51:16,     2.1,     8.04,     289,     2.7,     5.9,     8.9,     4.1,     86,     994.4,     419.38,     255.1,     87.8,     -177.8
54,     14.01.2015 09:01:16,     4.2,     12.06,     295,     2.5,     6.4,     10.7,     4.1,     86.5,     994.4,     419.43,     74.2,     87.9,     -2
55,     14.01.2015 09:11:16,     9.45,     20.1,     291,     3.6,     6.6,     10.8,     4.1,     85.5,     995,     419.44,     256.1,     88,     -178,     12.775,     4.61,     90.3
56,     14.01.2015 09:21:16,     25.2,     48.24,     301,     3.2,     7.1,     11.1,     4,     85.1,     995.2,     419.46,     255.1,     88.2,     -178.4
57,     14.01.2015 09:31:16,     23.1,     50.25,     297,     3.1,     6.2,     11.5,     4,     85.1,     995.5,     419.46,     255.2,     87.9,     -178
58,     14.01.2015 09:41:16,     18.9,     40.2,     296,     2.6,     6.3,     10.3,     4.1,     84.6,     995.7,     419.46,     75,     87.8,     -2.1
59,     14.01.2015 09:51:16,     53.55,     102.51,     292,     3.7,     7,     11.2,     4.3,     82.6,     995.7,     419.46,     255.7,     88,     -178
60,     14.01.2015 10:01:16,     33.6,     66.33,     291,     2.8,     6.2,     10.1,     4.3,     82.8,     995.9,     419.46,     74.3,     87.3,     -2.2
61,     14.01.2015 10:11:16,     35.7,     80.4,     294,     2.2,     5.7,     10.1,     4.3,     82.6,     996,     419.46,     73.7,     87.9,     -2,     12.798,     4.66,     90.5
62,     14.01.2015 10:21:16,     101.85,     190.95,     288,     2.9,     6.4,     12.4,     4.4,     79.7,     996.1,     419.46,     75.7,     87.7,     -2.1
63,     14.01.2015 10:31:16,     150.15,     198.99,     284,     3.2,     6.1,     10.6,     4.5,     80.4,     996.3,     419.46,     258.8,     88.5,     -178.5
64,     14.01.2015 10:41:16,     192.15,     349.74,     283,     2.5,     5.8,     9.8,     4.6,     78.9,     996.2,     419.46,     75.3,     87.8,     -2.2
65,     14.01.2015 10:51:16,     194.25,     335.67,     274,     2.6,     6.2,     11.2,     4.8,     79.3,     996.1,     419.46,     75.2,     88,     -1.8
66,     14.01.2015 11:01:16,     223.65,     373.86,     275,     2.9,     6.1,     10,     4.7,     80.4,     996.3,     419.46,     75.6,     87.7,     -2
67,     14.01.2015 11:11:16,     245.7,     422.1,     289,     1.5,     6,     9.6,     4.8,     79.2,     996.4,     419.46,     76.3,     87.4,     -2.2,     13.620,     5.85,     90.3
68,     14.01.2015 11:21:16,     232.05,     367.83,     287,     2.8,     6.7,     12,     5,     76.3,     996.1,     419.46,     75,     87.6,     -2.3
69,     14.01.2015 11:31:16,     267.75,     456.27,     292,     3.4,     7,     11.3,     5,     74.9,     996.3,     419.46,     75.5,     87.6,     -2
70,     14.01.2015 11:41:16,     244.65,     387.93,     293,     3.3,     7.7,     12.9,     5.1,     73.1,     996.4,     419.46,     76,     87.7,     -1.9
71,     14.01.2015 11:51:16,     103.95,     190.95,     291,     3.9,     6.7,     11.8,     5.1,     73,     996.4,     419.46,     76.4,     87.9,     -1.7
72,     14.01.2015 12:01:16,     126,     235.17,     288,     3,     7.2,     11.4,     5.2,     72.7,     996.5,     419.46,     75.6,     87.6,     -2.3
73,     14.01.2015 12:11:17,     74.55,     144.72,     289,     2.6,     6.4,     11,     5.2,     73.6,     996.7,     419.46,     75.8,     87.2,     -2.7,     13.025,     7.17,     89.6
74,     14.01.2015 12:21:17,     40.95,     78.39,     292,     2.2,     6,     11.4,     5.1,     73.4,     996.8,     419.46,     76.6,     87.9,     -1.8
75,     14.01.2015 12:31:17,     32.55,     68.34,     293,     3.3,     6,     9.5,     5.1,     72.9,     996.8,     419.46,     255.1,     87.7,     -177.7
76,     14.01.2015 12:41:17,     29.4,     58.29,     288,     2.7,     6.2,     9.7,     5.1,     72.6,     996.7,     419.46,     76.2,     87.9,     -1.9
77,     14.01.2015 12:51:17,     31.5,     64.32,     279,     2.4,     5.5,     10.6,     5.1,     73.4,     996.9,     419.46,     75,     88.3,     -1.6
78,     14.01.2015 13:01:17,     24.15,     50.25,     284,     2.2,     5.9,     10.7,     5,     72.6,     997,     419.46,     77.3,     88,     -1.8
79,     14.01.2015 13:11:16,     14.7,     34.17,     282,     0.5,     5.5,     8.8,     5,     72.3,     997.1,     419.46,     75.8,     88,     -1.8,     12.739,     6.37,     89.8
80,     14.01.2015 13:21:16,     29.4,     60.3,     288,     1.8,     5.2,     8.9,     5,     72.3,     997.3,     419.46,     74.2,     87.9,     -2
81,     14.01.2015 13:31:16,     12.6,     30.15,     280,     1.7,     5.3,     9.6,     5,     72.2,     997.4,     419.46,     76,     87.9,     -1.9
82,     14.01.2015 13:41:16,     7.35,     22.11,     279,     3.3,     6.2,     11.3,     4.9,     71.5,     997.4,     419.46,     76.3,     87.9,     -2
83,     14.01.2015 13:51:16,     8.4,     26.13,     280,     2.7,     6.8,     11,     4.9,     70.9,     997.6,     419.51,     75.6,     87.8,     -2.1
84,     14.01.2015 14:01:16,     11.55,     32.16,     277,     3,     5.5,     9,     4.8,     72.5,     997.7,     419.52,     76.2,     87.9,     -2
85,     14.01.2015 14:11:16,     9.45,     28.14,     279,     1.8,     4.8,     7.9,     4.7,     71.8,     997.8,     419.52,     75.9,     88.1,     -1.7,     12.703,     5.55,     90.1
86,     14.01.2015 14:21:16,     6.3,     20.1,     272,     2.6,     5.6,     9.5,     4.7,     71,     997.6,     419.52,     255.5,     87.7,     -177.7
87,     14.01.2015 14:31:16,     15.75,     36.18,     267,     1.7,     5.7,     10,     4.7,     70.7,     997.7,     419.52,     74.6,     87,     -2.6
88,     14.01.2015 14:41:16,     17.85,     38.19,     267,     3.4,     5.7,     8.7,     4.7,     70.3,     997.8,     419.52,     75.5,     87.7,     -2.1
89,     14.01.2015 14:51:16,     36.75,     70.35,     270,     2.6,     5.6,     9.2,     4.7,     70.5,     997.9,     419.52,     76.6,     88.1,     -1.7
90,     14.01.2015 15:01:16,     33.6,     60.3,     263,     2.9,     5.6,     7.9,     4.8,     69.7,     998.1,     419.52,     75,     88.4,     -1.3
91,     14.01.2015 15:11:17,     49.35,     88.44,     267,     2.6,     5.2,     9,     4.8,     69.9,     998.1,     419.52,     255.3,     87.9,     -177.9,     12.789,     5.25,     90.2
92,     14.01.2015 15:21:17,     35.7,     66.33,     266,     2.2,     5.1,     7.9,     4.8,     69.1,     998,     419.52,     74.6,     88.1,     -1.8
93,     14.01.2015 15:31:17,     21,     40.2,     267,     1.9,     5.3,     8,     4.8,     70.3,     998.1,     419.52,     75,     87.9,     -2
94,     14.01.2015 15:41:17,     18.9,     36.18,     267,     2.1,     5,     7.9,     4.8,     70,     998.2,     419.52,     75.2,     88.2,     -1.6
95,     14.01.2015 15:51:17,     13.65,     26.13,     263,     2.1,     5.2,     8.8,     4.8,     69.9,     998.2,     419.52,     75.3,     87.9,     -1.9
96,     14.01.2015 16:01:17,     8.4,     22.11,     258,     2,     4.7,     9.1,     4.8,     70.6,     998.3,     419.52,     74.4,     87.9,     -2
97,     14.01.2015 16:11:16,     3.15,     12.06,     260,     2.1,     4.1,     6,     4.8,     70.2,     998.3,     419.52,     74.3,     88.1,     -1.8,     12.647,     4.99,     90.1
98,     14.01.2015 16:21:16,     -1.05,     2.01,     264,     1.6,     3.3,     5.7,     4.7,     69.9,     998.3,     419.52,     75,     87.9,     -1.9
99,     14.01.2015 16:31:16,     -2.1,     0,     263,     1.4,     3,     5,     4.7,     71,     998.5,     419.52,     74.1,     88,     -1.9
100,     14.01.2015 16:41:16,     -2.1,     -2.01,     261,     0.8,     2.7,     5,     4.7,     70.8,     998.6,     419.52,     73.7,     88,     -1.9
101,     14.01.2015 16:51:16,     -2.1,     -2.01,     268,     0.6,     1.6,     2.9,     4.6,     72,     998.6,     419.52,     73.3,     87.9,     -2
102,     14.01.2015 17:01:16,     -2.1,     -2.01,     296,     0.4,     1.2,     2.7,     4.5,     72.2,     998.7,     419.52,     73.3,     88,     -1.9
103,     14.01.2015 17:11:16,     -3.15,     -2.01,     247,     0.5,     1.2,     2.4,     4.4,     73.5,     998.9,     419.55,     73.5,     87.9,     -2,     12.626,     4.57,     90.4
104,     14.01.2015 17:21:16,     -6.3,     -2.01,     262,     0.6,     2.2,     4.6,     4.4,     74.7,     998.9,     419.6,     74.5,     88.1,     -1.9
105,     14.01.2015 17:31:16,     -4.2,     -2.01,     250,     1.9,     3.9,     6.9,     4.3,     76.5,     999,     419.64,     74.5,     88,     -1.9
106,     14.01.2015 17:41:16,     -3.15,     -2.01,     262,     3.2,     5.4,     8.3,     3.4,     81.2,     999.2,     419.67,     253.7,     87.8,     -177.9
107,     14.01.2015 17:51:16,     -3.15,     -2.01,     246,     3.1,     5.3,     7.5,     2.6,     84.1,     998.9,     419.7,     75.3,     87.8,     -1.9
108,     14.01.2015 18:01:16,     -2.1,     0,     264,     2.2,     4.1,     6.8,     2.3,     86.1,     999.4,     419.7,     74.1,     87.9,     -2
109,     14.01.2015 18:11:16,     -2.1,     -2.01,     283,     1.5,     2.8,     5.1,     2.3,     86.6,     999.3,     419.73,     74.1,     88,     -1.9,     13.830,     3.91,     90.4
110,     14.01.2015 18:21:16,     -2.1,     -2.01,     277,     1,     2.2,     3.3,     2.2,     86.5,     999.4,     419.73,     73.6,     88,     -1.9
111,     14.01.2015 18:31:16,     -2.1,     -2.01,     250,     1,     2,     2.9,     2.2,     87.1,     999.5,     419.73,     73.8,     87.9,     -2
112,     14.01.2015 18:41:16,     -2.1,     0,     252,     1,     2.2,     3.2,     2,     87.7,     999.6,     419.73,     73.5,     88,     -1.9
113,     14.01.2015 18:51:16,     -3.15,     -2.01,     265,     0.9,     2,     3.6,     2,     88,     999.6,     419.73,     73.5,     87.9,     -2
114,     14.01.2015 19:01:16,     -1.05,     -2.01,     262,     0.9,     2,     3.2,     2,     88,     999.6,     419.73,     73.6,     88,     -1.9
115,     14.01.2015 19:11:17,     -2.1,     -2.01,     250,     0.9,     2.1,     3.3,     2,     88,     999.6,     419.75,     73.9,     88,     -2,     12.732,     2.93,     90.8
116,     14.01.2015 19:21:17,     -3.15,     -2.01,     241,     1.4,     2.5,     3.6,     1.9,     88.1,     999.6,     419.75,     74.3,     88.1,     -1.8
117,     14.01.2015 19:31:17,     -2.1,     -2.01,     222,     1.3,     2.1,     3.3,     1.8,     88.3,     999.6,     419.75,     73.5,     88,     -1.9
118,     14.01.2015 19:41:17,     -2.1,     0,     211,     1.3,     1.9,     2.8,     1.7,     88.6,     999.6,     419.75,     73.4,     88,     -1.9
119,     14.01.2015 19:51:17,     -1.05,     -2.01,     212,     1.2,     1.9,     2.6,     1.6,     89,     999.8,     419.75,     73.6,     88,     -1.9
120,     14.01.2015 20:01:17,     -1.05,     0,     230,     1,     2.1,     3.4,     1.5,     89.2,     1000,     419.75,     73.6,     87.9,     -2
121,     14.01.2015 20:11:16,     -2.1,     0,     237,     0.9,     1.9,     3.1,     1.5,     89.4,     1000.1,     419.75,     73.4,     87.9,     -2,     12.660,     2.39,     90.9
122,     14.01.2015 20:21:16,     -4.2,     -2.01,     228,     0.9,     1.9,     2.8,     1.5,     89.3,     1000.2,     419.75,     73.4,     88,     -1.9
123,     14.01.2015 20:31:16,     -4.2,     -2.01,     229,     0.6,     1.2,     2,     1.4,     89.5,     1000.3,     419.75,     73.4,     88,     -1.9
124,     14.01.2015 20:41:16,     -2.1,     0,     230,     0.8,     1.5,     2.1,     1.3,     89.6,     1000.4,     419.75,     73.4,     88,     -1.9
125,     14.01.2015 20:51:16,     -1.05,     0,     223,     0.7,     1.3,     1.9,     1.2,     89.8,     1000.5,     419.75,     73.3,     88,     -1.9
126,     14.01.2015 21:01:16,     -3.15,     0,     287,     0.3,     1.6,     3.6,     1.5,     90.3,     1000.9,     419.87,     72.9,     88,     -1.9
127,     14.01.2015 21:11:16,     -4.2,     -2.01,     342,     1,     1.9,     3.8,     1.2,     89.7,     1001.1,     419.87,     73.1,     88,     -1.9,     12.601,     1.77,     91.1
128,     14.01.2015 21:21:16,     -3.15,     -2.01,     326,     1,     2,     4.8,     0.9,     89.8,     1001.2,     419.87,     73.5,     88,     -1.9
129,     14.01.2015 21:31:16,     -3.15,     -2.01,     296,     0.7,     2.6,     4.8,     0.8,     90.3,     1001.4,     419.87,     73.3,     87.9,     -2
130,     14.01.2015 21:41:16,     -2.1,     -2.01,     284,     1.2,     3.5,     5.9,     0.9,     90.6,     1001.5,     419.87,     73.4,     88,     -1.9
131,     14.01.2015 21:51:16,     -2.1,     -2.01,     290,     1.2,     3.2,     5.8,     1,     90.7,     1001.7,     419.87,     73.9,     88,     -1.9
132,     14.01.2015 22:01:16,     -4.2,     -6.03,     296,     1.3,     2.2,     3.8,     1,     90.7,     1001.6,     419.87,     73.2,     87.9,     -2
133,     14.01.2015 22:11:17,     -4.2,     0,     282,     0.6,     2.3,     4.6,     1,     90.7,     1001.8,     419.87,     73.5,     87.9,     -2,     12.580,     1.51,     91.1
134,     14.01.2015 22:21:17,     -5.25,     0,     278,     0.9,     2.4,     4.4,     1.1,     90.9,     1002,     419.87,     73.7,     88,     -1.9
135,     14.01.2015 22:31:17,     -2.1,     0,     281,     0.6,     3,     6.3,     1.2,     90.9,     1002,     419.87,     73.6,     88,     -1.9
136,     14.01.2015 22:41:17,     0,     0,     295,     2.5,     5.3,     9,     1.2,     90.3,     1002.4,     419.87,     74.5,     87.8,     -2.1
137,     14.01.2015 22:51:17,     -1.05,     0,     300,     2.9,     4.9,     8.2,     1.2,     90.1,     1002.7,     419.87,     74,     88.1,     -1.8
138,     14.01.2015 23:01:17,     -1.05,     -2.01,     302,     2.3,     4.7,     9.2,     1.3,     89.8,     1002.8,     419.87,     74.2,     88,     -1.9
139,     14.01.2015 23:11:16,     -2.1,     -2.01,     300,     1.9,     4.3,     7.2,     1.4,     89.1,     1003.1,     419.87,     75.2,     87.8,     -2.1,     12.575,     1.53,     91.3
140,     14.01.2015 23:21:16,     -2.1,     -2.01,     300,     2.5,     4.3,     7,     1.5,     88.3,     1003.3,     419.87,     73.6,     87.8,     -2.1
141,     14.01.2015 23:31:16,     -3.15,     -2.01,     299,     2,     4.6,     7,     1.6,     87.1,     1003.3,     419.87,     74.5,     88.2,     -1.6
142,     14.01.2015 23:41:16,     -2.1,     0,     300,     2,     4.8,     8.5,     1.7,     85.9,     1003.4,     419.87,     73.9,     88,     -1.9
143,     14.01.2015 23:51:16,     -2.1,     -2.01,     295,     2.8,     4.8,     7,     1.8,     85.4,     1003.6,     419.87,     254.2,     88.2,     -178.2
144,     15.01.2015 00:01:16,     -2.1,     0,     291,     1.9,     4.8,     8.3,     1.8,     85.8,     1003.7,     419.87,     254.2,     88.2,     -178.2,     12.264,     2.00,     91.1
(GSM ERROR Connect GPRS: No APN / Signal:15 / 15.01.2015 00:01:16)