Logger: #D10248 'TSK_Meteo' - USP_EXP2 (V2.10, Jan 24 2012)
No,     Time,     #1:W/m²:0,     #2:ÂµMol:(do.),     #5:deg:2,     #6:m/sMIN:(do.),     #7:m/sMIT:(do.),     #8:m/sMAX:(do.),     #9:Â°C:(do.),     #10:%:(do.),     #11:hPa:(do.),     #12:mm:(do.),     #14:AZ:3,     #15:EL:(do.),     #16:Roll:(do.),     #HK-Bat:V,     #HK-Temp:oC,     #HK-rH:%
(GSM Transfer OK / Signal:16)
1,     13.02.2015 00:11:18,     -1.05,     0,     246,     1,     2.5,     4.2,     -0.2,     85.5,     1013.8,     432.52,     74.2,     88.1,     -1.8,     12.170,     1.42,     91.1
2,     13.02.2015 00:21:18,     -1.05,     0,     268,     1.3,     2.9,     4.2,     -0.4,     85.3,     1013.7,     432.52,     73.5,     88,     -1.9
3,     13.02.2015 00:31:18,     -2.1,     -2.01,     270,     1,     2.3,     3.8,     -0.4,     85.8,     1013.7,     432.52,     73.3,     88,     -1.9
4,     13.02.2015 00:41:18,     -1.05,     0,     252,     1.1,     1.9,     3.2,     -0.3,     85.5,     1013.7,     432.52,     73.2,     88.1,     -1.8
5,     13.02.2015 00:51:18,     -1.05,     -2.01,     233,     0.6,     1.9,     3,     -0.3,     85.7,     1013.7,     432.52,     73.3,     88,     -1.9
6,     13.02.2015 01:01:18,     -2.1,     -2.01,     223,     1.3,     2.4,     4,     -0.4,     86,     1013.6,     432.52,     73.6,     88,     -1.9
7,     13.02.2015 01:11:16,     -1.05,     -2.01,     255,     0.6,     2,     3.4,     -0.3,     86.1,     1013.7,     432.52,     73.8,     88.1,     -1.8,     12.376,     0.67,     93.1
8,     13.02.2015 01:21:16,     -1.05,     -2.01,     253,     1.6,     3.1,     4.8,     -0.4,     86,     1013.6,     432.52,     74,     88,     -1.9
9,     13.02.2015 01:31:16,     -1.05,     0,     247,     2,     3.4,     5.3,     -0.4,     85.7,     1013.6,     432.52,     73.9,     87.8,     -1.9
10,     13.02.2015 01:41:16,     0,     -2.01,     255,     1.2,     2.5,     4.1,     -0.3,     86.1,     1013.4,     432.52,     73.6,     88.1,     -1.8
11,     13.02.2015 01:51:16,     -1.05,     -2.01,     260,     1.7,     2.9,     4.6,     -0.3,     85.9,     1013.4,     432.52,     73.6,     88.1,     -1.8
12,     13.02.2015 02:01:16,     -1.05,     -2.01,     267,     1.8,     3.5,     5.5,     -0.3,     86.1,     1013.3,     432.52,     74.4,     88,     -1.8
13,     13.02.2015 02:11:16,     0,     -2.01,     263,     1.7,     3.2,     5.8,     -0.3,     86.3,     1013.3,     432.52,     73.7,     88,     -1.8,     13.078,     0.59,     93.2
14,     13.02.2015 02:21:16,     -2.1,     -4.02,     252,     1.3,     2.6,     4.5,     -0.2,     86.6,     1013.2,     432.52,     73.7,     88,     -2
15,     13.02.2015 02:31:16,     -1.05,     -2.01,     249,     1.1,     2.6,     4.6,     -0.3,     86.3,     1013.2,     432.52,     73.5,     88,     -1.9
16,     13.02.2015 02:41:16,     -2.1,     -2.01,     252,     1.4,     2.8,     4.6,     -0.3,     86.7,     1013.1,     432.52,     73.6,     88.1,     -1.8
17,     13.02.2015 02:51:16,     -2.1,     -4.02,     245,     1.1,     2.6,     4.7,     -0.4,     86.9,     1012.9,     432.52,     73.3,     88.1,     -1.9
18,     13.02.2015 03:01:16,     1.05,     0,     270,     1.4,     2.7,     3.9,     -0.4,     87.3,     1012.8,     432.52,     73.6,     88.1,     -1.8
19,     13.02.2015 03:11:16,     -1.05,     0,     259,     1.8,     3.2,     5,     -0.3,     87.6,     1012.8,     432.52,     73.6,     88,     -1.9,     12.660,     0.57,     93.2
20,     13.02.2015 03:21:16,     -1.05,     0,     276,     1.1,     2.8,     4.6,     -0.4,     88,     1012.7,     432.52,     73.3,     88,     -1.9
21,     13.02.2015 03:31:16,     -1.05,     -2.01,     275,     0.9,     2.9,     5,     -0.5,     88,     1012.7,     432.52,     73.6,     88.2,     -1.7
22,     13.02.2015 03:41:16,     -1.05,     -2.01,     280,     1.5,     2.9,     5.3,     -0.5,     88.5,     1012.7,     432.52,     73.4,     88,     -1.9
23,     13.02.2015 03:51:16,     -1.05,     -2.01,     274,     1.4,     3.1,     5.4,     -0.6,     88.8,     1012.7,     432.52,     74.2,     87.9,     -2
24,     13.02.2015 04:01:16,     -2.1,     -2.01,     275,     2.1,     3.7,     5.8,     -0.7,     89.2,     1012.6,     432.52,     73.8,     88,     -1.9
25,     13.02.2015 04:11:16,     -2.1,     -4.02,     226,     1.3,     2.8,     4.3,     -0.7,     89.3,     1012.6,     432.52,     73.5,     88,     -1.9,     12.478,     0.41,     93.3
26,     13.02.2015 04:21:16,     -2.1,     -2.01,     287,     0.3,     1.7,     4.2,     -0.6,     89.8,     1012.5,     432.52,     73.4,     88.1,     -1.8
27,     13.02.2015 04:31:16,     -1.05,     -2.01,     286,     1.1,     2.6,     4.8,     -0.8,     89.7,     1012.4,     432.52,     73.5,     88,     -1.9
28,     13.02.2015 04:41:16,     -1.05,     0,     274,     1.8,     3,     5.6,     -0.9,     90,     1012.4,     432.52,     73.8,     88.1,     -1.9
29,     13.02.2015 04:51:16,     -2.1,     -2.01,     278,     1.4,     3.5,     5.6,     -1.1,     90.1,     1012.4,     432.52,     74,     88,     -1.9
30,     13.02.2015 05:01:16,     -2.1,     -4.02,     245,     1.2,     2.4,     4.4,     -1.1,     90.6,     1012.3,     432.52,     253.2,     88,     -178
31,     13.02.2015 05:11:16,     -1.05,     -2.01,     214,     1.2,     2.4,     4.6,     -1.1,     91,     1012.3,     432.52,     73.5,     88.1,     -1.9,     12.397,     0.13,     93.3
32,     13.02.2015 05:21:16,     -1.05,     -2.01,     230,     1.4,     2.7,     4.5,     -1.2,     91,     1012.2,     432.52,     73.7,     88,     -1.9
33,     13.02.2015 05:31:16,     -1.05,     -2.01,     252,     1.5,     2.6,     4.3,     -1.4,     90.9,     1012.2,     432.52,     73.6,     88,     -1.9
34,     13.02.2015 05:41:16,     -1.05,     0,     233,     1,     2.5,     5.1,     -1.4,     91.1,     1012.3,     432.52,     73.5,     88.1,     -1.8
35,     13.02.2015 05:51:16,     -1.05,     -2.01,     235,     1.7,     2.9,     4.7,     -1.5,     91.1,     1012.3,     432.52,     73.2,     88.1,     -1.8
36,     13.02.2015 06:01:16,     -1.05,     0,     240,     1,     2.5,     5,     -1.5,     91.2,     1012.3,     432.52,     73.6,     88,     -1.8
37,     13.02.2015 06:11:17,     -2.1,     -2.01,     265,     1.2,     3,     4.8,     -1.5,     91.2,     1012.4,     432.52,     73.3,     88,     -1.9,     12.889,     -0.23,     93.4
38,     13.02.2015 06:21:17,     -2.1,     -2.01,     288,     0.4,     3.3,     5.2,     -1.6,     91,     1012.4,     432.52,     73.7,     88.1,     -1.8
39,     13.02.2015 06:31:17,     -3.15,     -4.02,     290,     0.7,     2.5,     4.1,     -1.7,     91.1,     1012.3,     432.52,     73.2,     88.1,     -1.8
40,     13.02.2015 06:41:17,     -1.05,     -2.01,     285,     1.7,     3.2,     5.6,     -1.7,     91,     1012.2,     432.52,     74.1,     88.2,     -1.7
41,     13.02.2015 06:51:17,     -1.05,     0,     274,     1.3,     3.3,     5,     -1.7,     90.9,     1012.1,     432.52,     73.8,     88.1,     -1.8
42,     13.02.2015 07:01:17,     -3.15,     -4.02,     254,     0.8,     2.2,     3.6,     -1.7,     90.9,     1012,     432.52,     73.2,     88,     -1.9
43,     13.02.2015 07:11:16,     -2.1,     -2.01,     287,     1.2,     2.6,     4.4,     -1.7,     90.9,     1012,     432.52,     73.4,     88.1,     -1.8,     12.565,     -0.51,     93.5
44,     13.02.2015 07:21:16,     1.05,     4.02,     262,     0.6,     2.4,     3.9,     -1.6,     91,     1012,     432.52,     73.6,     88,     -1.9
45,     13.02.2015 07:31:16,     -1.05,     -2.01,     258,     0.6,     2.6,     4.8,     -1.6,     91,     1012.1,     432.52,     73.7,     88.1,     -1.8
46,     13.02.2015 07:41:16,     0,     2.01,     244,     0.4,     1.9,     3.5,     -1.5,     91.1,     1012.1,     432.52,     73.4,     88,     -2
47,     13.02.2015 07:51:16,     1.05,     6.03,     247,     1.4,     2.3,     3.4,     -1.4,     91.1,     1012.2,     432.52,     73.7,     88,     -1.9
48,     13.02.2015 08:01:16,     3.15,     8.04,     245,     1.6,     3.4,     5.4,     -1.6,     90.8,     1012.2,     432.52,     75.1,     88,     -2
49,     13.02.2015 08:11:17,     5.25,     12.06,     245,     1.2,     3,     5.4,     -1.8,     90.8,     1012.2,     432.52,     73.7,     88,     -1.9,     13.841,     -0.53,     93.5
50,     13.02.2015 08:21:17,     7.35,     16.08,     259,     1.2,     2.9,     4.8,     -1.7,     91.1,     1012.1,     432.52,     73.7,     88.1,     -1.8
51,     13.02.2015 08:31:17,     9.45,     22.11,     264,     1.8,     3.2,     5,     -1.7,     91,     1012.2,     432.52,     73.3,     88.1,     -1.8
52,     13.02.2015 08:41:17,     15.75,     34.17,     251,     1.8,     3.1,     4.8,     -1.8,     90.8,     1012.2,     432.52,     73.8,     88,     -1.9
53,     13.02.2015 08:51:17,     19.95,     40.2,     246,     2.5,     3.6,     5.3,     -1.7,     91,     1012.2,     432.52,     74,     88.1,     -1.8
54,     13.02.2015 09:01:17,     18.9,     40.2,     266,     1.7,     3.2,     5.2,     -1.6,     91,     1012.2,     432.52,     73.6,     88.1,     -1.8
55,     13.02.2015 09:11:16,     22.05,     46.23,     277,     1.7,     2.9,     4.9,     -1.6,     91.1,     1012.2,     432.52,     73.7,     88,     -1.9,     12.851,     -0.51,     93.6
56,     13.02.2015 09:21:16,     28.35,     60.3,     233,     1.8,     3,     4.3,     -1.7,     90.9,     1012.1,     432.52,     73.4,     88.1,     -1.8
57,     13.02.2015 09:31:16,     28.35,     62.31,     222,     1.3,     3,     4.6,     -1.7,     91,     1012.1,     432.52,     73.9,     87.9,     -2
58,     13.02.2015 09:41:16,     33.6,     72.36,     241,     1.2,     2.9,     4.5,     -1.7,     90.8,     1012,     432.52,     73.6,     88.1,     -1.8
59,     13.02.2015 09:51:16,     38.85,     82.41,     236,     1.2,     2.6,     3.9,     -1.6,     91,     1011.9,     432.52,     73.6,     88.1,     -1.8
60,     13.02.2015 10:01:16,     46.2,     96.48,     228,     1.9,     3.2,     4.6,     -1.5,     90.8,     1011.7,     432.52,     73.9,     88.1,     -1.8
61,     13.02.2015 10:11:16,     47.25,     102.51,     233,     1.8,     3.1,     4.9,     -1.4,     91,     1011.7,     432.52,     73.6,     88.1,     -1.8,     13.175,     -0.25,     93.6
62,     13.02.2015 10:21:16,     52.5,     112.56,     242,     1.5,     2.6,     4,     -1.3,     90.9,     1011.6,     432.52,     73.3,     88,     -1.9
63,     13.02.2015 10:31:16,     52.5,     110.55,     222,     1.4,     2.9,     4.2,     -1.1,     91.1,     1011.6,     432.52,     73.7,     88.1,     -1.8
64,     13.02.2015 10:41:16,     53.55,     114.57,     234,     1.4,     3,     4.3,     -1.1,     90.8,     1011.6,     432.52,     73.8,     88.1,     -1.9
65,     13.02.2015 10:51:16,     68.25,     144.72,     225,     1.5,     2.9,     4.6,     -1.1,     90.8,     1011.4,     432.52,     74.8,     88,     -1.9
66,     13.02.2015 11:01:16,     61.95,     128.64,     227,     1.7,     3,     4.1,     -1.1,     90.9,     1011.5,     432.52,     74.3,     87.9,     -1.9
67,     13.02.2015 11:11:16,     64.05,     132.66,     242,     2,     3.2,     4.9,     -1,     90.9,     1011.5,     432.52,     73.8,     88,     -1.9,     14.485,     0.37,     93.4
68,     13.02.2015 11:21:16,     71.4,     146.73,     221,     1,     2.4,     4.3,     -0.8,     91.1,     1011.4,     432.52,     73.4,     88,     -1.8
69,     13.02.2015 11:31:16,     69.3,     144.72,     223,     2.1,     3.1,     4.6,     -0.8,     90.8,     1011.5,     432.52,     74.1,     88,     -2
70,     13.02.2015 11:41:16,     65.1,     136.68,     231,     1.4,     2.6,     4.8,     -0.6,     91,     1011.4,     432.52,     74,     88,     -1.9
71,     13.02.2015 11:51:16,     66.15,     138.69,     218,     2,     3.4,     5.1,     -0.6,     91,     1011.3,     432.52,     73.4,     88,     -1.9
72,     13.02.2015 12:01:16,     68.25,     142.71,     229,     1.5,     3.1,     4.7,     -0.6,     90.9,     1011.3,     432.52,     74.4,     88,     -1.8
73,     13.02.2015 12:11:17,     77.7,     164.82,     224,     2.3,     3.4,     5.7,     -0.6,     90.7,     1011.1,     432.52,     74,     88,     -1.9,     12.641,     0.90,     93.2
74,     13.02.2015 12:21:17,     74.55,     156.78,     235,     1.9,     3.3,     4.8,     -0.5,     90.9,     1010.9,     432.52,     73.7,     88,     -1.9
75,     13.02.2015 12:31:17,     92.4,     190.95,     242,     1.8,     3.5,     5.5,     -0.5,     90.8,     1010.7,     432.52,     74,     88,     -1.9
76,     13.02.2015 12:41:17,     89.25,     184.92,     207,     2.1,     3.4,     4.8,     -0.4,     90.6,     1010.5,     432.52,     73.2,     88.1,     -1.8
77,     13.02.2015 12:51:17,     80.85,     168.84,     209,     1.8,     3.4,     5.1,     -0.4,     90.6,     1010.6,     432.52,     73.4,     87.8,     -2.1
78,     13.02.2015 13:01:17,     87.15,     180.9,     212,     2,     3.1,     4.8,     -0.4,     90.6,     1010.5,     432.52,     74.1,     88,     -1.9
79,     13.02.2015 13:11:16,     78.75,     166.83,     246,     1.8,     3,     4.3,     -0.3,     90.7,     1010.5,     432.52,     73.8,     88.1,     -1.8,     13.881,     1.33,     93.1
80,     13.02.2015 13:21:16,     76.65,     160.8,     240,     2.2,     3.5,     5.4,     -0.3,     90.5,     1010.5,     432.52,     74,     88,     -1.9
81,     13.02.2015 13:31:16,     72.45,     152.76,     227,     1.3,     2.7,     4.1,     -0.2,     90.7,     1010.5,     432.52,     73.6,     88.1,     -1.8
82,     13.02.2015 13:41:16,     65.1,     134.67,     203,     1.4,     2.7,     3.9,     -0.2,     90.4,     1010.5,     432.52,     73.4,     88.1,     -1.8
83,     13.02.2015 13:51:16,     66.15,     136.68,     211,     1.6,     2.4,     3.8,     -0.1,     90.5,     1010.4,     432.52,     73.6,     88.1,     -1.7
84,     13.02.2015 14:01:16,     67.2,     138.69,     211,     1,     2.4,     4.2,     0,     90.4,     1010.2,     432.52,     73.5,     88.1,     -1.8
85,     13.02.2015 14:11:16,     57.75,     124.62,     222,     0.9,     2,     3,     0,     90.4,     1010.2,     432.52,     73.5,     88,     -1.9,     13.862,     1.63,     93.0
86,     13.02.2015 14:21:16,     54.6,     116.58,     244,     1,     2.5,     4,     0,     90.4,     1010.1,     432.52,     73.2,     88.1,     -1.8
87,     13.02.2015 14:31:16,     52.5,     112.56,     216,     1,     2.5,     3.8,     0,     90.4,     1010.1,     432.52,     73.7,     88,     -1.9
88,     13.02.2015 14:41:16,     48.3,     100.5,     190,     1.6,     2.7,     4,     0,     90.6,     1010,     432.52,     73.2,     88,     -1.9
89,     13.02.2015 14:51:16,     48.3,     100.5,     197,     1.9,     3.2,     4.5,     -0.1,     90.4,     1009.9,     432.52,     74.1,     88.1,     -1.9
90,     13.02.2015 15:01:16,     46.2,     98.49,     209,     1.2,     3,     4.3,     -0.3,     90.6,     1009.9,     432.52,     73.8,     87.9,     -2
91,     13.02.2015 15:11:16,     44.1,     90.45,     234,     1.7,     2.9,     4.6,     -0.3,     90.5,     1009.9,     432.52,     73.7,     88,     -1.9,     13.722,     1.55,     92.9
92,     13.02.2015 15:21:16,     38.85,     82.41,     240,     1.5,     2.5,     3.9,     -0.1,     90.9,     1009.7,     432.52,     73.8,     88,     -1.9
93,     13.02.2015 15:31:16,     35.7,     74.37,     201,     2.2,     3.5,     5.7,     -0.2,     90.7,     1009.6,     432.52,     73.6,     88.2,     -1.8
94,     13.02.2015 15:41:16,     30.45,     64.32,     225,     1.8,     3.1,     4.5,     -0.4,     90.6,     1009.6,     432.52,     73.6,     88,     -1.9
95,     13.02.2015 15:51:16,     24.15,     50.25,     228,     1.2,     2.3,     3.4,     -0.2,     90.9,     1009.6,     432.52,     73.6,     88.1,     -1.8
96,     13.02.2015 16:01:16,     23.1,     48.24,     200,     1.5,     3,     4.3,     -0.1,     91,     1009.5,     432.52,     73.4,     88,     -1.9
97,     13.02.2015 16:11:16,     21,     44.22,     216,     2,     3.1,     4.2,     -0.2,     90.9,     1009.4,     432.52,     73.6,     88,     -1.9,     12.931,     1.28,     93.0
98,     13.02.2015 16:21:16,     15.75,     34.17,     203,     2,     3.2,     5.5,     -0.1,     91,     1009.3,     432.52,     73.2,     87.9,     -2
99,     13.02.2015 16:31:16,     12.6,     28.14,     205,     1.5,     3.3,     5.8,     -0.1,     91.1,     1009.2,     432.52,     73.9,     88.1,     -1.8
100,     13.02.2015 16:41:16,     8.4,     18.09,     201,     1.7,     3.4,     5.3,     -0.1,     91.2,     1009.2,     432.52,     73.1,     88.2,     -1.6
101,     13.02.2015 16:51:16,     6.3,     14.07,     208,     2.3,     3.7,     5.8,     -0.2,     91,     1009.2,     432.52,     73.8,     88.1,     -1.8
102,     13.02.2015 17:01:16,     3.15,     6.03,     191,     1.5,     3.6,     5.7,     -0.2,     90.9,     1009.3,     432.52,     73.7,     88,     -1.9
103,     13.02.2015 17:11:16,     0,     4.02,     202,     2.1,     4,     5.9,     -0.3,     90.9,     1009.3,     432.52,     73.4,     88,     -1.9,     12.647,     0.99,     93.1
104,     13.02.2015 17:21:16,     0,     0,     200,     1.9,     3.4,     4.8,     -0.2,     91,     1009.2,     432.52,     73.2,     88,     -1.9
105,     13.02.2015 17:31:16,     -1.05,     0,     199,     2.2,     4.2,     6.1,     -0.1,     91,     1009.2,     432.52,     73.3,     88.1,     -1.8
106,     13.02.2015 17:41:16,     -1.05,     -2.01,     200,     1.4,     3.3,     5.5,     0,     90.9,     1009.2,     432.52,     73.2,     88.1,     -1.8
107,     13.02.2015 17:51:16,     -1.05,     -4.02,     198,     2,     3.1,     4.5,     0,     90.6,     1009.2,     432.52,     73.3,     88.1,     -1.8
108,     13.02.2015 18:01:16,     -1.05,     -2.01,     202,     2.6,     4.2,     6.5,     -0.1,     90.4,     1009.2,     432.52,     73.4,     87.9,     -1.9
109,     13.02.2015 18:11:16,     -1.05,     -2.01,     196,     1.3,     2.9,     5.2,     -0.1,     90.3,     1009.3,     432.52,     73.3,     88,     -1.9,     12.552,     0.85,     93.2
110,     13.02.2015 18:21:16,     -1.05,     0,     210,     2,     3.2,     5.8,     0,     90.4,     1009.3,     432.52,     73.4,     88,     -1.9
111,     13.02.2015 18:31:16,     -2.1,     0,     201,     1.6,     3.3,     5,     -0.1,     90.5,     1009.3,     432.52,     73.4,     88,     -1.9
112,     13.02.2015 18:41:16,     0,     0,     208,     1,     2.8,     4.5,     -0.1,     90.4,     1009.3,     432.52,     73.2,     88.1,     -1.8
113,     13.02.2015 18:51:16,     -2.1,     -2.01,     196,     1.3,     2.9,     5.5,     -0.1,     90.3,     1009.1,     432.52,     73.4,     88.1,     -1.8
114,     13.02.2015 19:01:16,     -2.1,     0,     202,     1.7,     3.3,     5.6,     -0.1,     90,     1009.1,     432.52,     73.4,     88.2,     -1.7
115,     13.02.2015 19:11:17,     -2.1,     0,     199,     1.7,     3.1,     5,     -0.1,     89.7,     1009,     432.52,     73.5,     87.9,     -2,     12.482,     0.74,     93.3
116,     13.02.2015 19:21:17,     -2.1,     0,     200,     1.3,     2.3,     3.6,     -0.1,     89.8,     1009.1,     432.52,     73.5,     88,     -1.9
117,     13.02.2015 19:31:17,     -3.15,     -2.01,     201,     1,     1.8,     2.6,     0,     89.8,     1009,     432.52,     73.5,     88,     -1.9
118,     13.02.2015 19:41:17,     -1.05,     0,     220,     1.1,     2.1,     3.1,     -0.1,     89.9,     1009,     432.52,     73.2,     88,     -1.9
119,     13.02.2015 19:51:17,     -2.1,     -2.01,     194,     1.1,     1.8,     3.4,     -0.2,     90,     1008.9,     432.52,     73.2,     88,     -1.9
120,     13.02.2015 20:01:17,     -3.15,     -4.02,     185,     1,     1.8,     3,     -0.3,     90.4,     1008.8,     432.52,     73.4,     88,     -1.9
121,     13.02.2015 20:11:17,     -2.1,     -2.01,     182,     1,     2.3,     3.9,     -0.3,     90.7,     1008.6,     432.52,     72.6,     88,     -2,     12.459,     0.43,     93.4
122,     13.02.2015 20:21:17,     -2.1,     0,     191,     1,     2.5,     3.9,     -0.5,     90.7,     1008.7,     432.52,     73.4,     88,     -1.8
123,     13.02.2015 20:31:17,     -1.05,     0,     193,     0.9,     2,     3.4,     -0.5,     91,     1008.7,     432.52,     72.9,     88,     -1.9
124,     13.02.2015 20:41:17,     -2.1,     -2.01,     180,     1.4,     2.3,     3.4,     -0.7,     91.1,     1008.5,     432.52,     73,     88,     -1.9
125,     13.02.2015 20:51:17,     -2.1,     -2.01,     179,     0.7,     2.3,     3.4,     -0.8,     91.3,     1008.4,     432.52,     72.9,     88.1,     -1.8
126,     13.02.2015 21:01:17,     -3.15,     0,     180,     0.2,     1.4,     2.4,     -0.9,     91.5,     1008.4,     432.52,     73.1,     88,     -1.9
127,     13.02.2015 21:11:16,     -4.2,     -4.02,     165,     0.1,     0.9,     1.5,     -0.9,     91.7,     1008.3,     432.52,     73.1,     88.1,     -1.8,     12.878,     -0.05,     93.3
128,     13.02.2015 21:21:16,     -4.2,     0,     144,     0.2,     0.8,     1.6,     -1,     91.9,     1008.2,     432.52,     73.1,     88,     -1.9
129,     13.02.2015 21:31:16,     -4.2,     -2.01,     161,     0.3,     1.2,     2.2,     -1,     91.9,     1008.1,     432.52,     73.1,     88,     -1.9
130,     13.02.2015 21:41:16,     -5.25,     -2.01,     161,     0.2,     1.1,     1.7,     -1.1,     91.9,     1008.1,     432.52,     72.9,     88,     -1.9
131,     13.02.2015 21:51:16,     -3.15,     0,     176,     0.4,     1.7,     2.6,     -1.4,     91.8,     1007.9,     432.52,     73.2,     88,     -1.9
132,     13.02.2015 22:01:16,     -2.1,     0,     186,     1,     1.8,     2.8,     -1.8,     91.8,     1007.8,     432.52,     72.8,     88,     -1.9
133,     13.02.2015 22:11:16,     -4.2,     0,     179,     0.3,     1.2,     1.8,     -1.9,     91.9,     1007.8,     432.52,     73,     88,     -1.9,     12.781,     -1.19,     93.8
134,     13.02.2015 22:21:16,     -3.15,     0,     151,     0.2,     1,     1.8,     -2,     92,     1007.7,     432.52,     72.9,     88.1,     -1.8
135,     13.02.2015 22:31:16,     -4.2,     0,     135,     0.2,     0.9,     2,     -2,     92,     1007.7,     432.52,     73.1,     88,     -1.9
136,     13.02.2015 22:41:16,     -3.15,     -2.01,     94,     0.1,     0.8,     1.3,     -2.1,     92,     1007.7,     432.52,     73,     88,     -1.9
137,     13.02.2015 22:51:16,     -5.25,     -4.02,     72,     0.5,     1.1,     1.7,     -2.5,     91.8,     1007.6,     432.52,     72.9,     88.1,     -1.8
138,     13.02.2015 23:01:16,     -5.25,     0,     74,     0.7,     1.1,     1.7,     -2.6,     91.7,     1007.5,     432.52,     73,     88,     -1.9
139,     13.02.2015 23:11:16,     -4.2,     0,     112,     0.3,     0.7,     1.2,     -2.5,     92,     1007.4,     432.52,     73,     88,     -1.9,     12.503,     -2.05,     93.7
140,     13.02.2015 23:21:16,     -6.3,     -2.01,     89,     0.3,     0.7,     1.1,     -2.5,     92,     1007.4,     432.52,     73,     88.1,     -1.8
141,     13.02.2015 23:31:16,     -5.25,     -2.01,     79,     0.4,     0.7,     1,     -2.5,     92.1,     1007.4,     432.52,     72.9,     88,     -1.9
142,     13.02.2015 23:41:16,     1.05,     0,     45,     0.2,     0.8,     1.5,     -2.1,     92.4,     1007.4,     432.52,     73,     88,     -1.9
143,     13.02.2015 23:51:16,     -5.25,     -2.01,     49,     0.7,     1.3,     1.8,     -1.7,     92.6,     1007.5,     432.52,     72.8,     88,     -1.9
144,     14.02.2015 00:01:16,     -4.2,     0,     100,     0.6,     0.8,     1.3,     -1.8,     92.5,     1007.3,     432.52,     72.8,     88,     -1.9,     12.158,     -2.81,     94.3