Logger: #D10248 'TSK_Meteo' - USP_EXP2 (V2.10, Jan 24 2012)
No,     Time,     #1:W/m²:0,     #2:ÂµMol:(do.),     #5:deg:2,     #6:m/sMIN:(do.),     #7:m/sMIT:(do.),     #8:m/sMAX:(do.),     #9:Â°C:(do.),     #10:%:(do.),     #11:hPa:(do.),     #12:mm:(do.),     #14:AZ:3,     #15:EL:(do.),     #16:Roll:(do.),     #HK-Bat:V,     #HK-Temp:oC,     #HK-rH:%
(GSM Transfer OK / Signal:15)
1,     15.12.2014 00:11:16,     -6.3,     -2.01,     229,     2.2,     3.5,     5.1,     1.3,     87.7,     1006.1,     343.89,     253.4,     87.8,     -177.8,     12.319,     1.71,     85.9
2,     15.12.2014 00:21:16,     -5.25,     -2.01,     229,     1.9,     3,     4.5,     1.2,     87.9,     1006.1,     343.89,     253.8,     88,     -178
3,     15.12.2014 00:31:16,     -5.25,     -2.01,     232,     1.8,     3,     4.7,     1.1,     88.4,     1006,     343.89,     253.6,     87.9,     -177.9
4,     15.12.2014 00:41:16,     -5.25,     -2.01,     231,     2,     3,     4.5,     1.1,     88.9,     1005.9,     343.89,     253.7,     87.9,     -177.9
5,     15.12.2014 00:51:16,     -5.25,     -2.01,     229,     1.9,     2.8,     3.9,     1,     89.1,     1005.8,     343.89,     253.6,     87.8,     -177.9
6,     15.12.2014 01:01:16,     -5.25,     -2.01,     223,     1.6,     3,     4.1,     0.9,     89.2,     1005.8,     343.89,     253.7,     88,     -177.9
7,     15.12.2014 01:11:16,     -5.25,     0,     222,     1.6,     2.8,     4.3,     0.8,     89.6,     1005.7,     343.89,     253.6,     88,     -178,     12.423,     0.84,     87.9
8,     15.12.2014 01:21:16,     -5.25,     -4.02,     220,     1.6,     2.8,     4.1,     0.7,     89.4,     1005.6,     343.89,     253.2,     87.9,     -177.9
9,     15.12.2014 01:31:16,     -4.2,     0,     217,     2.1,     3.4,     4.8,     0.6,     89.9,     1005.4,     343.89,     253.6,     87.9,     -177.9
10,     15.12.2014 01:41:16,     -4.2,     0,     215,     2.1,     3.5,     5.3,     0.5,     90.2,     1005.4,     343.89,     253.6,     87.9,     -177.9
11,     15.12.2014 01:51:16,     -3.15,     -2.01,     217,     2.4,     3.7,     5.4,     0.5,     90.7,     1005.4,     343.89,     254.2,     88,     -178.1
12,     15.12.2014 02:01:16,     -2.1,     -2.01,     221,     1.7,     3.7,     5.9,     0.5,     91,     1005.3,     343.89,     255,     87.8,     -177.8
13,     15.12.2014 02:11:16,     -3.15,     -2.01,     219,     2.6,     4.2,     6.6,     0.6,     91.2,     1005.3,     343.89,     254.1,     88.3,     -178.3,     12.393,     0.72,     88.3
14,     15.12.2014 02:21:16,     -4.2,     -2.01,     225,     2.5,     3.7,     5.7,     0.5,     90.9,     1005.1,     343.89,     253.3,     88,     -178
15,     15.12.2014 02:31:16,     -5.25,     -2.01,     221,     1.9,     3.4,     5.2,     0.5,     90.7,     1004.9,     343.89,     253.8,     87.8,     -177.8
16,     15.12.2014 02:41:16,     -4.2,     -2.01,     214,     2.3,     3.6,     5.1,     0.4,     90.4,     1004.9,     343.89,     253.4,     87.9,     -177.9
17,     15.12.2014 02:51:16,     -2.1,     0,     218,     1.8,     3.5,     5.3,     0.4,     90.4,     1004.8,     343.89,     253.7,     88,     -178
18,     15.12.2014 03:01:16,     -3.15,     0,     221,     1.8,     3.3,     6.8,     0.5,     90.2,     1004.5,     343.89,     253.8,     88,     -178
19,     15.12.2014 03:11:16,     -3.15,     -2.01,     219,     2.7,     4.1,     6.4,     0.4,     90,     1004.4,     343.89,     253.9,     87.6,     -177.6,     12.862,     0.81,     88.1
20,     15.12.2014 03:21:16,     -3.15,     -2.01,     216,     2.8,     4.2,     7.6,     0.4,     90,     1004.3,     343.89,     74.3,     88.2,     -1.6
21,     15.12.2014 03:31:16,     -1.05,     0,     216,     3,     4.8,     7.5,     0.4,     90.3,     1004.1,     343.89,     254.6,     87.8,     -177.8
22,     15.12.2014 03:41:16,     -2.1,     0,     222,     2.7,     4.6,     7.1,     0.4,     90.2,     1004,     343.89,     74.2,     87.9,     -2.1
23,     15.12.2014 03:51:16,     -2.1,     -2.01,     222,     2.6,     4.6,     7.8,     0.4,     90.3,     1003.9,     343.89,     253.4,     87.9,     -177.9
24,     15.12.2014 04:01:16,     -1.05,     0,     224,     2.3,     4.3,     7.1,     0.3,     90.1,     1003.9,     343.89,     253.5,     87.9,     -178
25,     15.12.2014 04:11:16,     -3.15,     -2.01,     220,     2.3,     4.6,     7.1,     0.3,     90.2,     1003.7,     343.89,     254.4,     88,     -177.9,     12.635,     0.95,     88.1
26,     15.12.2014 04:21:16,     -4.2,     0,     226,     2.8,     4.4,     7.5,     0.2,     89.9,     1003.8,     343.89,     254.3,     87.9,     -177.9
27,     15.12.2014 04:31:16,     -4.2,     -2.01,     219,     2.8,     4,     5.6,     0.1,     90,     1003.7,     343.89,     253.6,     87.7,     -177.7
28,     15.12.2014 04:41:16,     -4.2,     0,     219,     2.4,     4.1,     6.3,     0.1,     89.6,     1003.4,     343.89,     254.4,     87.9,     -178
29,     15.12.2014 04:51:16,     -5.25,     -4.02,     221,     2.1,     3.6,     5.4,     0.1,     89.6,     1003.3,     343.89,     254,     87.9,     -177.9
30,     15.12.2014 05:01:16,     -3.15,     -2.01,     214,     2.8,     4.2,     6.3,     0,     89.6,     1003.2,     343.89,     253.3,     87.6,     -177.6
31,     15.12.2014 05:11:17,     -2.1,     -2.01,     218,     2.8,     3.9,     5.5,     0,     89.5,     1003.2,     343.89,     253.5,     87.7,     -177.7,     12.533,     0.59,     88.2
32,     15.12.2014 05:21:17,     -2.1,     -2.01,     221,     2.4,     3.6,     5.6,     0,     89.2,     1003.3,     343.89,     253.9,     87.9,     -177.9
33,     15.12.2014 05:31:17,     -3.15,     0,     223,     2.2,     3.5,     5.5,     0.1,     88.9,     1003.3,     343.89,     253.7,     87.9,     -177.9
34,     15.12.2014 05:41:17,     -2.1,     0,     222,     2.4,     4,     5.6,     0.1,     88.3,     1003,     343.89,     254,     88.1,     -178.1
35,     15.12.2014 05:51:17,     -2.1,     0,     223,     2.2,     3.8,     6,     0.2,     87.9,     1003,     343.89,     254.1,     88,     -178
36,     15.12.2014 06:01:17,     -3.15,     -2.01,     223,     2.5,     4.2,     6.2,     0.3,     87,     1002.8,     343.89,     253.7,     88,     -178
37,     15.12.2014 06:11:16,     -3.15,     -2.01,     220,     2.4,     4.1,     6.3,     0.4,     86.2,     1002.7,     343.89,     254.2,     87.8,     -177.8,     12.921,     0.68,     88.2
38,     15.12.2014 06:21:16,     -3.15,     -2.01,     223,     2.4,     3.9,     5.6,     0.5,     85.3,     1002.7,     343.89,     254.5,     87.7,     -177.7
39,     15.12.2014 06:31:16,     -4.2,     -2.01,     223,     2.4,     4.1,     6,     0.6,     84.1,     1002.7,     343.89,     254.3,     87.9,     -177.9
40,     15.12.2014 06:41:16,     -2.1,     2.01,     223,     2.5,     4,     6,     0.7,     83.7,     1002.5,     343.89,     253.5,     87.8,     -177.8
41,     15.12.2014 06:51:16,     -3.15,     -2.01,     215,     2.8,     4.3,     6.9,     0.7,     83.3,     1002.2,     343.89,     253.9,     87.9,     -177.9
42,     15.12.2014 07:01:16,     -3.15,     -2.01,     218,     2.8,     4.3,     6.7,     0.7,     82.5,     1002,     343.89,     253.5,     87.8,     -177.8
43,     15.12.2014 07:11:17,     -1.05,     0,     227,     2.5,     4.1,     7.2,     0.8,     82.2,     1002.1,     343.89,     255.1,     88.1,     -178.1,     12.622,     0.87,     88.1
44,     15.12.2014 07:21:17,     -3.15,     -2.01,     221,     2.4,     4.1,     7.1,     0.8,     82.5,     1001.9,     343.89,     254.1,     87.8,     -177.9
45,     15.12.2014 07:31:17,     -3.15,     -2.01,     219,     2.8,     4.6,     6.9,     0.8,     81.7,     1001.8,     343.89,     254.1,     88.1,     -178.1
46,     15.12.2014 07:41:17,     -3.15,     0,     222,     2.8,     4.6,     7.1,     0.9,     81,     1001.7,     343.89,     253.5,     87.8,     -177.9
47,     15.12.2014 07:51:17,     -3.15,     0,     218,     2.2,     4,     6.3,     0.8,     81.8,     1001.7,     343.89,     255.2,     87.7,     -177.7
48,     15.12.2014 08:01:17,     -2.1,     0,     217,     2.3,     3.9,     7.1,     0.8,     81.9,     1001.5,     343.89,     253.7,     88,     -178
49,     15.12.2014 08:11:16,     1.05,     0,     213,     1.8,     3.9,     6,     0.8,     80.9,     1001.4,     343.89,     253.8,     88,     -178,     12.533,     0.88,     88.1
50,     15.12.2014 08:21:16,     2.1,     4.02,     218,     2.1,     4,     6.7,     1,     79.2,     1001.4,     343.89,     254.2,     88,     -178
51,     15.12.2014 08:31:16,     3.15,     10.05,     216,     2.4,     4.4,     7,     1.2,     77.6,     1001.3,     343.89,     74.7,     87.8,     -2.1
52,     15.12.2014 08:41:16,     5.25,     12.06,     218,     2.6,     4.5,     7.5,     1.2,     76.4,     1001.1,     343.89,     75.4,     87.9,     -2
53,     15.12.2014 08:51:16,     9.45,     18.09,     217,     2.3,     5.3,     9.1,     1.4,     76.9,     1001,     343.89,     254.4,     87.7,     -177.7
54,     15.12.2014 09:01:16,     17.85,     34.17,     221,     3.4,     5.2,     8,     1.4,     76.8,     1000.9,     343.89,     74.3,     87.9,     -1.9
55,     15.12.2014 09:11:16,     18.9,     38.19,     226,     2.3,     5.2,     7.9,     1.4,     76.1,     1001,     343.89,     254.4,     87.9,     -177.9,     13.826,     1.35,     88.1
56,     15.12.2014 09:21:16,     36.75,     70.35,     225,     3.4,     5.3,     9.9,     1.5,     76,     1000.9,     343.89,     255.5,     87.5,     -177.5
57,     15.12.2014 09:31:16,     23.1,     46.23,     223,     2.3,     5.6,     9.9,     1.6,     75.3,     1000.7,     343.89,     255,     88.3,     -178.3
58,     15.12.2014 09:41:16,     18.9,     42.21,     228,     2.6,     5.6,     9,     1.6,     76.4,     1000.7,     343.9,     254.9,     88,     -178
59,     15.12.2014 09:51:16,     11.55,     30.15,     224,     3.3,     5.6,     8.3,     1.6,     75.8,     1000.7,     343.9,     76,     87.8,     -2.1
60,     15.12.2014 10:01:16,     18.9,     46.23,     241,     2.7,     4.9,     8.5,     1.7,     76.8,     1001.2,     343.9,     254.6,     88.2,     -178.1
61,     15.12.2014 10:11:17,     26.25,     60.3,     239,     3.1,     4.7,     7.9,     1.6,     77.6,     1001.2,     343.9,     254.4,     87.7,     -177.8,     13.841,     2.08,     87.9
62,     15.12.2014 10:21:17,     33.6,     74.37,     234,     2.4,     4.7,     7.6,     1.7,     78.2,     1001.1,     343.9,     254.6,     88,     -178
63,     15.12.2014 10:31:17,     42,     92.46,     236,     2.9,     4.8,     7.5,     1.7,     78.4,     1001.1,     343.91,     254.4,     87.9,     -177.9
64,     15.12.2014 10:41:17,     56.7,     120.6,     231,     2.5,     4.2,     5.9,     1.8,     79.9,     1001.1,     343.91,     254.4,     88,     -178.1
65,     15.12.2014 10:51:17,     71.4,     152.76,     235,     2.2,     4.3,     7.1,     2.1,     79.8,     1000.9,     343.91,     255.2,     87.8,     -177.8
66,     15.12.2014 11:01:17,     42,     92.46,     234,     2.7,     4.5,     6.9,     2.2,     80.7,     1000.8,     343.93,     256,     87.7,     -177.8
67,     15.12.2014 11:11:16,     60.9,     132.66,     235,     2.7,     4.7,     7.8,     2.2,     81.6,     1000.7,     343.94,     253.7,     87.8,     -177.9,     14.252,     2.75,     87.8
68,     15.12.2014 11:21:16,     54.6,     118.59,     234,     2.4,     4,     6.5,     2.2,     82,     1000.7,     343.94,     253.9,     88.1,     -178.1
69,     15.12.2014 11:31:16,     37.8,     82.41,     244,     2.3,     3.8,     6.7,     2.5,     80.9,     1000.6,     343.94,     74.1,     88,     -1.9
70,     15.12.2014 11:41:16,     29.4,     68.34,     242,     2.4,     4.6,     7.4,     2.8,     78.6,     1000.5,     343.94,     255.7,     87.8,     -177.8
71,     15.12.2014 11:51:16,     19.95,     48.24,     250,     2.6,     4.3,     7.6,     2.9,     79.2,     1000.5,     343.95,     253.8,     88,     -178
72,     15.12.2014 12:01:16,     16.8,     46.23,     252,     1.7,     5.1,     8.4,     2.8,     79.5,     1000.5,     344.04,     253.6,     88.1,     -178.1
73,     15.12.2014 12:11:16,     14.7,     42.21,     260,     2.4,     5,     8.3,     2.6,     81,     1000.5,     344.13,     74.9,     88.1,     -1.8,     12.874,     3.29,     87.6
74,     15.12.2014 12:21:16,     21,     50.25,     261,     2.7,     4.7,     7.5,     2.2,     83.6,     1000.5,     344.21,     254.1,     88,     -178
75,     15.12.2014 12:31:16,     24.15,     56.28,     251,     1.1,     4.6,     7.5,     2.2,     84.7,     1000.5,     344.23,     253.6,     88,     -178
76,     15.12.2014 12:41:16,     24.15,     54.27,     250,     2.3,     4.9,     7.2,     2.3,     85.2,     1000.4,     344.24,     255.2,     87.9,     -178.1
77,     15.12.2014 12:51:16,     22.05,     50.25,     251,     2.4,     5.3,     8.7,     2.4,     85.5,     1000.3,     344.25,     75.6,     87.9,     -1.9
78,     15.12.2014 13:01:16,     29.4,     64.32,     258,     3.1,     5.2,     7.9,     2.5,     86,     1000.3,     344.26,     254.8,     88.4,     -178.4
79,     15.12.2014 13:11:16,     28.35,     64.32,     259,     2.6,     5.4,     8.4,     2.5,     86.2,     1000.5,     344.26,     77.4,     88.2,     -1.7,     13.847,     3.23,     87.7
80,     15.12.2014 13:21:16,     24.15,     54.27,     263,     1.8,     5.3,     8.7,     2.5,     86.3,     1000.5,     344.26,     253.7,     88,     -178
81,     15.12.2014 13:31:16,     23.1,     50.25,     263,     2.2,     4.9,     8.6,     2.6,     86.5,     1000.5,     344.26,     254.5,     87.9,     -177.9
82,     15.12.2014 13:41:16,     26.25,     60.3,     264,     2.3,     5,     8.7,     2.6,     87.2,     1000.5,     344.26,     255.1,     87.8,     -178
83,     15.12.2014 13:51:16,     27.3,     60.3,     268,     1.3,     5.1,     9.6,     2.6,     87.2,     1000.6,     344.27,     74.3,     87.9,     -2
84,     15.12.2014 14:01:16,     24.15,     54.27,     271,     1.4,     4.7,     8.4,     2.7,     87.4,     1000.6,     344.27,     254.8,     87.7,     -177.7
85,     15.12.2014 14:11:17,     23.1,     52.26,     274,     2.7,     4.9,     8,     2.8,     87.5,     1000.6,     344.27,     254.8,     87.9,     -177.9,     12.942,     3.41,     87.6
86,     15.12.2014 14:21:17,     17.85,     36.18,     274,     1.3,     5.1,     8.5,     2.9,     87.9,     1000.8,     344.28,     74.9,     87.9,     -1.9
87,     15.12.2014 14:31:17,     19.95,     42.21,     281,     2.6,     4.5,     7.8,     2.9,     87.9,     1000.9,     344.29,     254.8,     88,     -178
88,     15.12.2014 14:41:17,     12.6,     26.13,     276,     2.4,     5.3,     9,     3.1,     88.1,     1000.9,     344.29,     255,     87.9,     -178
89,     15.12.2014 14:51:17,     8.4,     18.09,     273,     1.6,     5.5,     9.5,     3.2,     88,     1001,     344.29,     255.7,     87.6,     -177.7
90,     15.12.2014 15:01:17,     9.45,     22.11,     274,     2.2,     5,     8.4,     3.2,     88.3,     1001.1,     344.3,     254.3,     88.5,     -178.5
91,     15.12.2014 15:11:16,     23.1,     42.21,     272,     2.9,     5.8,     9.7,     3.3,     88,     1001.1,     344.3,     254.2,     87.9,     -178,     12.800,     3.71,     87.6
92,     15.12.2014 15:21:16,     26.25,     46.23,     274,     2.3,     4.8,     7.4,     3.3,     88.1,     1001.2,     344.3,     254.9,     88.1,     -178.1
93,     15.12.2014 15:31:16,     11.55,     24.12,     272,     2.9,     5.4,     8.9,     3.4,     88,     1001.1,     344.3,     253.8,     87.8,     -177.8
94,     15.12.2014 15:41:16,     1.05,     8.04,     272,     1.6,     5,     7.8,     3.5,     87.9,     1001.2,     344.3,     74.7,     88,     -2
95,     15.12.2014 15:51:16,     1.05,     4.02,     273,     2,     5.3,     7.6,     3.6,     87.9,     1001.4,     344.3,     256.1,     88.1,     -178.1
96,     15.12.2014 16:01:16,     0,     0,     276,     2.4,     5,     8.8,     3.6,     87.7,     1001.5,     344.3,     254.5,     88,     -178
97,     15.12.2014 16:11:17,     -1.05,     0,     275,     2.7,     5.1,     8.8,     3.7,     87.3,     1001.6,     344.3,     75.3,     88.1,     -1.7,     12.664,     3.97,     87.5
98,     15.12.2014 16:21:17,     -2.1,     -2.01,     279,     1.3,     4.6,     8.1,     3.7,     87.6,     1001.6,     344.3,     256.1,     88.1,     -178.1
99,     15.12.2014 16:31:17,     -1.05,     0,     279,     1.9,     4.7,     8.6,     3.8,     87.6,     1001.7,     344.3,     254,     88,     -178
100,     15.12.2014 16:41:17,     -1.05,     -2.01,     280,     2.4,     4.6,     7.4,     3.8,     87.6,     1001.9,     344.3,     75,     88,     -1.9
101,     15.12.2014 16:51:17,     -2.1,     -2.01,     276,     2,     4.9,     8.7,     3.8,     87.8,     1001.9,     344.3,     254.8,     87.6,     -177.6
102,     15.12.2014 17:01:17,     -1.05,     -2.01,     276,     2.2,     4.9,     8.1,     3.9,     87.7,     1002,     344.3,     75.7,     87.9,     -2
103,     15.12.2014 17:11:16,     -2.1,     -4.02,     275,     2.1,     5,     8.8,     3.9,     87.7,     1002,     344.3,     76.7,     87.5,     -2.3,     12.616,     4.27,     87.5
104,     15.12.2014 17:21:16,     -2.1,     -2.01,     268,     2.5,     5.3,     8.7,     3.9,     87.2,     1001.9,     344.3,     75.1,     88,     -1.8
105,     15.12.2014 17:31:16,     -1.05,     -4.02,     272,     2.7,     5.4,     8,     4,     87,     1002,     344.3,     74.7,     88.1,     -1.8
106,     15.12.2014 17:41:16,     -2.1,     -2.01,     273,     1.9,     4.9,     8,     4,     87,     1002.1,     344.3,     254.7,     87.8,     -177.9
107,     15.12.2014 17:51:16,     -1.05,     0,     268,     3.3,     5.9,     9.5,     4.1,     86.6,     1002.2,     344.3,     74.1,     88.1,     -1.8
108,     15.12.2014 18:01:16,     -1.05,     0,     277,     2.5,     4.8,     7.7,     4.1,     86.7,     1002.5,     344.3,     253.9,     87.9,     -177.9
109,     15.12.2014 18:11:16,     -2.1,     -2.01,     274,     2,     5.3,     8.9,     4.2,     86.4,     1002.5,     344.3,     75.1,     88,     -1.8,     12.586,     4.56,     87.4
110,     15.12.2014 18:21:16,     -2.1,     0,     273,     2.3,     4.5,     7.9,     4.2,     86.7,     1002.5,     344.3,     253.8,     87.9,     -177.9
111,     15.12.2014 18:31:16,     -2.1,     -2.01,     277,     2.3,     3.9,     6.1,     4.2,     86.9,     1002.6,     344.3,     254.5,     87.9,     -177.8
112,     15.12.2014 18:41:16,     -1.05,     -2.01,     286,     1.2,     3.9,     8.2,     4.2,     87,     1002.7,     344.3,     254.1,     88.1,     -178.1
113,     15.12.2014 18:51:16,     -1.05,     0,     281,     1.4,     3.4,     6.3,     4.2,     87.2,     1002.7,     344.3,     74,     87.8,     -2.1
114,     15.12.2014 19:01:16,     -2.1,     -2.01,     280,     1.6,     3.6,     6.2,     4.2,     87,     1002.7,     344.3,     253.7,     88,     -178
115,     15.12.2014 19:11:17,     -1.05,     -4.02,     281,     2.2,     4.1,     6.9,     4.3,     86.8,     1002.8,     344.3,     73.8,     87.9,     -2,     12.552,     4.73,     87.3
116,     15.12.2014 19:21:17,     -2.1,     -4.02,     279,     2,     3.8,     6.7,     4.3,     86.9,     1002.8,     344.3,     254.2,     88,     -178
117,     15.12.2014 19:31:17,     -2.1,     0,     272,     1.9,     4.2,     6.6,     4.4,     86.9,     1002.8,     344.3,     74.5,     87.8,     -2
118,     15.12.2014 19:41:17,     -1.05,     0,     277,     1.4,     4,     7.4,     4.4,     86.8,     1003,     344.3,     74.3,     88,     -1.9
119,     15.12.2014 19:51:17,     -1.05,     0,     283,     1.2,     3.8,     6,     4.4,     86.7,     1003,     344.3,     75.2,     87.9,     -1.9
120,     15.12.2014 20:01:17,     -3.15,     0,     268,     2.4,     4.6,     7.6,     4.5,     85.9,     1003,     344.3,     75.2,     88.1,     -1.8
121,     15.12.2014 20:11:16,     -2.1,     -2.01,     273,     1.5,     4.7,     7.6,     4.6,     85.8,     1003,     344.3,     75.2,     88.1,     -1.8,     12.539,     4.74,     87.3
122,     15.12.2014 20:21:16,     -2.1,     -2.01,     267,     1.6,     4.3,     7,     4.6,     85.6,     1003,     344.3,     74.2,     87.9,     -2
123,     15.12.2014 20:31:16,     -1.05,     0,     271,     1.5,     3.7,     6.8,     4.6,     85.6,     1003,     344.3,     253.6,     87.9,     -177.9
124,     15.12.2014 20:41:16,     -1.05,     0,     269,     2.1,     4.1,     7.5,     4.7,     85.3,     1003,     344.3,     74.9,     87.9,     -2
125,     15.12.2014 20:51:16,     -1.05,     -2.01,     268,     2.2,     3.9,     6.7,     4.7,     85.3,     1003.3,     344.3,     254.4,     88,     -178
126,     15.12.2014 21:01:16,     -1.05,     -2.01,     261,     2.1,     4.2,     6.8,     4.7,     85.4,     1003.3,     344.3,     253.6,     88,     -178
127,     15.12.2014 21:11:16,     -1.05,     -2.01,     265,     1.9,     4.2,     7.1,     4.7,     85.6,     1003.4,     344.3,     74,     88,     -1.9,     12.529,     5.07,     87.3
128,     15.12.2014 21:21:16,     -2.1,     -2.01,     270,     2.4,     4.1,     7.3,     4.7,     85.5,     1003.3,     344.3,     74.4,     87.9,     -2
129,     15.12.2014 21:31:16,     -2.1,     0,     278,     2.3,     4.1,     6.4,     4.7,     85.2,     1003.3,     344.3,     254.6,     87.9,     -177.9
130,     15.12.2014 21:41:16,     -1.05,     -2.01,     276,     0.2,     3.3,     6.3,     4.6,     85.2,     1003.3,     344.3,     253.8,     87.9,     -177.9
131,     15.12.2014 21:51:16,     -2.1,     0,     262,     1.5,     3.1,     5.3,     4.5,     85.6,     1003.4,     344.3,     253.7,     87.9,     -177.9
132,     15.12.2014 22:01:16,     -2.1,     -2.01,     266,     1.5,     3.1,     5.7,     4.5,     85.5,     1003.4,     344.3,     253.7,     87.9,     -177.9
133,     15.12.2014 22:11:17,     -2.1,     0,     264,     1,     3.4,     5.4,     4.5,     85.9,     1003.4,     344.3,     253.8,     87.8,     -177.9,     12.491,     5.04,     87.3
134,     15.12.2014 22:21:17,     -2.1,     0,     265,     1.8,     4.1,     7,     4.4,     85.7,     1003.4,     344.3,     254.3,     87.8,     -177.8
135,     15.12.2014 22:31:17,     -3.15,     -4.02,     271,     2,     4.4,     6.6,     4.5,     85.8,     1003.4,     344.3,     254.3,     87.9,     -177.9
136,     15.12.2014 22:41:17,     -3.15,     -2.01,     269,     2.3,     4.5,     6.9,     4.5,     85.6,     1003.5,     344.3,     254.6,     87.9,     -177.9
137,     15.12.2014 22:51:17,     -2.1,     0,     270,     2.7,     4.7,     8.2,     4.6,     85.4,     1003.4,     344.3,     254.2,     88.2,     -178.2
138,     15.12.2014 23:01:17,     -1.05,     2.01,     270,     2.2,     5,     7.3,     4.6,     85.3,     1003.4,     344.3,     255.4,     87.7,     -177.8
139,     15.12.2014 23:11:16,     -1.05,     0,     269,     2.6,     5.4,     8.2,     4.6,     85.6,     1003.2,     344.3,     254.4,     87.8,     -177.8,     12.474,     4.87,     87.4
140,     15.12.2014 23:21:16,     -2.1,     -2.01,     275,     1.4,     4.9,     7.8,     4.6,     85.3,     1003.2,     344.3,     253.6,     87.9,     -177.9
141,     15.12.2014 23:31:16,     -2.1,     -2.01,     276,     1.9,     5.1,     9.2,     4.7,     85.2,     1003.1,     344.3,     254.4,     88,     -177.9
142,     15.12.2014 23:41:16,     -3.15,     0,     276,     2,     4.7,     8.7,     4.7,     84.9,     1003.1,     344.3,     254.4,     87.8,     -177.8
143,     15.12.2014 23:51:16,     -2.1,     -2.01,     270,     2.5,     4.9,     8.5,     4.6,     85.4,     1003.1,     344.3,     253.7,     87.9,     -177.9
144,     16.12.2014 00:01:16,     -1.05,     -2.01,     265,     2,     5.3,     9,     4.6,     85.4,     1003.1,     344.3,     75.6,     87.7,     -2.2,     12.359,     4.94,     87.4