Logger: #D10248 'TSK_Meteo' - USP_EXP2 (V2.10, Jan 24 2012)
No,     Time,     #1:W/m²:0,     #2:ÂµMol:(do.),     #5:deg:2,     #6:m/sMIN:(do.),     #7:m/sMIT:(do.),     #8:m/sMAX:(do.),     #9:Â°C:(do.),     #10:%:(do.),     #11:hPa:(do.),     #12:mm:(do.),     #14:AZ:3,     #15:EL:(do.),     #16:Roll:(do.),     #HK-Bat:V,     #HK-Temp:oC,     #HK-rH:%
(GSM Transfer OK / Signal:17)
1,     19.09.2014 00:11:17,     -4.2,     0,     85,     0,     0.5,     0.9,     15.3,     81.7,     1007.1,     276.78,     253.4,     88,     -178,     12.497,     14.89,     70.9
2,     19.09.2014 00:21:17,     -5.25,     0,     91,     0.1,     0.4,     0.9,     15.1,     82.9,     1007,     276.78,     253.3,     87.9,     -177.9
3,     19.09.2014 00:31:17,     -4.2,     -2.01,     86,     0.1,     0.6,     0.9,     15,     83.4,     1007,     276.78,     253.3,     87.9,     -177.9
4,     19.09.2014 00:41:17,     -4.2,     -2.01,     148,     0,     0.4,     0.9,     14.8,     84.2,     1006.9,     276.78,     253.4,     88,     -178
5,     19.09.2014 00:51:17,     -4.2,     0,     136,     0,     0.4,     1,     14.7,     85.6,     1006.9,     276.78,     253.3,     88,     -178
6,     19.09.2014 01:01:17,     -4.2,     -2.01,     77,     0.5,     0.8,     1.1,     14.6,     83.2,     1006.9,     276.78,     253.3,     88,     -178
7,     19.09.2014 01:11:18,     -5.25,     -2.01,     91,     0.3,     0.6,     0.9,     14.7,     83.5,     1006.9,     276.78,     253.3,     88,     -178,     12.514,     13.59,     72.4
8,     19.09.2014 01:21:18,     -4.2,     -2.01,     111,     0.1,     0.4,     0.9,     14.6,     84.2,     1006.8,     276.78,     253.4,     88,     -178
9,     19.09.2014 01:31:18,     -5.25,     -2.01,     129,     0.1,     0.5,     0.9,     14.5,     85.1,     1006.8,     276.78,     253.3,     88,     -178
10,     19.09.2014 01:41:18,     -5.25,     -4.02,     175,     0,     0.5,     1,     14.3,     86.6,     1006.8,     276.78,     253.3,     87.9,     -177.9
11,     19.09.2014 01:51:18,     -4.2,     -2.01,     199,     0,     0.5,     1.1,     14.2,     87.3,     1006.8,     276.78,     253.2,     88,     -178
12,     19.09.2014 02:01:18,     -5.25,     -2.01,     185,     0.3,     0.8,     1.1,     13.7,     87.4,     1006.8,     276.78,     253.4,     88,     -178
13,     19.09.2014 02:11:23,     -5.25,     -2.01,     177,     0.2,     0.6,     1,     13.7,     87.8,     1006.8,     276.78,     253.3,     87.9,     -178,     12.491,     13.01,     72.5
14,     19.09.2014 02:21:23,     -4.2,     2.01,     179,     0.1,     0.6,     1,     13.7,     88.6,     1006.6,     276.78,     253.4,     87.9,     -177.9
15,     19.09.2014 02:31:23,     -4.2,     0,     187,     0.1,     0.6,     1.1,     13.8,     88.4,     1006.6,     276.78,     253.3,     88,     -178
16,     19.09.2014 02:41:23,     -5.25,     -2.01,     161,     0,     0.3,     0.9,     13.8,     88.1,     1006.6,     276.78,     253.3,     88,     -178
17,     19.09.2014 02:51:23,     -4.2,     0,     101,     0,     0.5,     1.2,     13.9,     87.8,     1006.5,     276.78,     253.3,     88,     -178
18,     19.09.2014 03:01:23,     -5.25,     0,     90,     0.3,     0.9,     1.5,     13.7,     85.9,     1006.4,     276.78,     253.3,     88,     -178
19,     19.09.2014 03:11:16,     -5.25,     -2.01,     100,     0.2,     0.5,     0.9,     13.6,     87,     1006.3,     276.78,     253.4,     87.9,     -177.9,     12.459,     12.62,     72.6
20,     19.09.2014 03:21:16,     -5.25,     -2.01,     98,     0.1,     0.7,     1.2,     13.6,     87.2,     1006.3,     276.78,     253.3,     88,     -178
21,     19.09.2014 03:31:16,     -5.25,     -4.02,     129,     0,     0.5,     1,     13.3,     88.3,     1006.3,     276.78,     253.2,     88,     -178
22,     19.09.2014 03:41:16,     -4.2,     -2.01,     43,     0.3,     0.9,     1.7,     13.6,     89.4,     1006.3,     276.78,     253.4,     88,     -178
23,     19.09.2014 03:51:16,     -4.2,     0,     98,     0.4,     0.7,     1.3,     13.3,     88.8,     1006.3,     276.78,     253.2,     88,     -178
24,     19.09.2014 04:01:16,     -5.25,     -4.02,     108,     0.4,     0.8,     1.3,     12.9,     88.5,     1006.3,     276.78,     253.4,     88,     -177.9
25,     19.09.2014 04:11:16,     -5.25,     -2.01,     137,     0.1,     0.7,     1,     12.6,     89.2,     1006.2,     276.78,     253.3,     88,     -177.9,     12.440,     12.33,     72.7
26,     19.09.2014 04:21:16,     -5.25,     -4.02,     124,     0.3,     0.7,     1.1,     12.6,     90.3,     1006.2,     276.78,     253.3,     88,     -178
27,     19.09.2014 04:31:16,     -4.2,     -2.01,     143,     0.3,     0.8,     1.2,     12.6,     90.4,     1006.2,     276.78,     253.3,     88,     -178
28,     19.09.2014 04:41:16,     -5.25,     -2.01,     124,     0.6,     0.9,     1.2,     12.2,     89.9,     1006.2,     276.78,     253.3,     88,     -178
29,     19.09.2014 04:51:16,     -4.2,     -2.01,     125,     0.3,     0.7,     1,     12.3,     91.1,     1006.1,     276.78,     253.3,     87.9,     -177.9
30,     19.09.2014 05:01:16,     -5.25,     -4.02,     119,     0.1,     0.5,     1,     12.4,     91.3,     1006.1,     276.78,     253.3,     88,     -178
31,     19.09.2014 05:11:22,     -5.25,     -2.01,     140,     0.2,     0.7,     1.2,     12.6,     91.4,     1006.1,     276.78,     253.2,     87.9,     -177.9,     12.440,     11.82,     72.8
32,     19.09.2014 05:21:22,     -4.2,     -4.02,     107,     0.6,     0.9,     1.4,     12,     90.3,     1006.1,     276.78,     253.4,     88.1,     -178.1
33,     19.09.2014 05:31:22,     -5.25,     -2.01,     100,     0.2,     0.6,     1,     12.1,     91.1,     1006.1,     276.78,     253.3,     87.9,     -177.9
34,     19.09.2014 05:41:22,     -3.15,     2.01,     99,     0.4,     0.7,     1.1,     12.3,     91,     1006.1,     276.78,     253.3,     88,     -178
35,     19.09.2014 05:51:22,     1.05,     12.06,     93,     0.2,     0.7,     1.2,     12.4,     91.1,     1006.2,     276.78,     253.2,     88.1,     -178.1
36,     19.09.2014 06:01:22,     5.25,     20.1,     70,     0.3,     0.9,     1.4,     12.4,     89.8,     1006.2,     276.78,     253.3,     88,     -178
37,     19.09.2014 06:11:22,     11.55,     34.17,     84,     0.1,     0.7,     1.3,     12.4,     89.3,     1006.2,     276.78,     253.3,     87.9,     -177.9,     12.469,     11.60,     72.9
38,     19.09.2014 06:21:22,     18.9,     52.26,     88,     0.2,     0.7,     1.2,     12.4,     88.6,     1006.2,     276.78,     253.3,     88,     -178
39,     19.09.2014 06:31:22,     60.9,     94.47,     88,     0.2,     0.7,     1.1,     12.6,     88.9,     1006.3,     276.78,     253.4,     87.9,     -177.9
40,     19.09.2014 06:41:22,     85.05,     132.66,     78,     0.3,     0.7,     1.1,     12.9,     87.4,     1006.4,     276.78,     253.6,     88,     -178
41,     19.09.2014 06:51:22,     94.5,     174.87,     72,     0.2,     0.9,     1.3,     13.1,     85.9,     1006.4,     276.78,     253.5,     87.8,     -177.9
42,     19.09.2014 07:01:22,     115.5,     225.12,     75,     0.3,     0.8,     1.2,     13.4,     85,     1006.4,     276.78,     253.8,     87.9,     -177.9
43,     19.09.2014 07:11:16,     135.45,     265.32,     90,     0.1,     0.8,     1.5,     13.7,     83.1,     1006.4,     276.78,     253.7,     88,     -178,     14.452,     14.89,     74.0
44,     19.09.2014 07:21:16,     156.45,     305.52,     114,     0.2,     0.8,     1.4,     14.1,     81.4,     1006.5,     276.78,     (NO REPLY),     (NO REPLY),     (NO REPLY)
45,     19.09.2014 07:31:16,     176.4,     345.72,     122,     0,     0.6,     1.4,     14.6,     80.7,     1006.5,     276.78,     (NO REPLY),     (NO REPLY),     (NO REPLY)
46,     19.09.2014 07:41:16,     199.5,     389.94,     151,     0.1,     1,     2.1,     14.7,     79.8,     1006.6,     276.78,     253.7,     88,     -178
47,     19.09.2014 07:51:16,     221.55,     426.12,     158,     0.1,     1.5,     2.9,     14.7,     78.9,     1006.6,     276.78,     253.6,     87.9,     -177.9
48,     19.09.2014 08:01:16,     244.65,     468.33,     177,     0.3,     1.7,     2.8,     14.9,     79.9,     1006.6,     276.78,     253.8,     88,     -178
49,     19.09.2014 08:11:23,     268.8,     512.55,     201,     1.5,     2.5,     4,     14.8,     79.2,     1006.7,     276.78,     253.7,     88,     -178,     13.309,     19.19,     71.9
50,     19.09.2014 08:21:23,     291.9,     554.76,     188,     1.4,     2.3,     3.7,     15.1,     78.1,     1006.7,     276.78,     253.6,     88,     -178
51,     19.09.2014 08:31:23,     312.9,     603,     179,     0.9,     2,     2.8,     15.4,     78,     1006.8,     276.78,     253.7,     88.1,     -178.1
52,     19.09.2014 08:41:23,     338.1,     647.22,     209,     1.1,     2,     3.1,     15.6,     76.5,     1006.8,     276.78,     253.9,     87.9,     -177.8
53,     19.09.2014 08:51:23,     353.85,     679.38,     197,     1,     2,     3.2,     15.9,     76.1,     1006.8,     276.78,     253.7,     87.9,     -177.9
54,     19.09.2014 09:01:23,     372.75,     715.56,     194,     0.4,     1.9,     3.1,     16.2,     74.6,     1006.8,     276.78,     253.6,     87.9,     -178
55,     19.09.2014 09:11:16,     393.75,     759.78,     179,     0.7,     1.6,     2.9,     16.6,     74.4,     1006.8,     276.78,     253.7,     88,     -178,     13.112,     21.35,     70.9
56,     19.09.2014 09:21:16,     411.6,     799.98,     185,     0.1,     0.9,     2.1,     17,     71.5,     1006.8,     276.78,     253.7,     88,     -178
57,     19.09.2014 09:31:16,     432.6,     844.2,     202,     0,     0.7,     2.2,     17.5,     69.3,     1006.8,     276.78,     253.6,     87.9,     -177.9
58,     19.09.2014 09:41:16,     447.3,     876.36,     138,     0,     0.7,     1.7,     17.9,     67.6,     1006.8,     276.78,     253.7,     88,     -177.9
59,     19.09.2014 09:51:16,     464.1,     904.5,     126,     0.1,     1.2,     2.7,     18,     66.7,     1006.7,     276.78,     74,     87.9,     -2
60,     19.09.2014 10:01:16,     476.7,     934.65,     133,     0,     0.6,     1.7,     18.6,     66.1,     1006.7,     276.78,     253.7,     88,     -177.9
61,     19.09.2014 10:11:16,     492.45,     960.78,     129,     0.1,     1.2,     2.6,     18.7,     63.6,     1006.6,     276.78,     253.8,     87.9,     -177.9,     13.252,     24.44,     69.0
62,     19.09.2014 10:21:16,     507.15,     990.93,     148,     0.1,     1.4,     3.2,     18.9,     63.3,     1006.6,     276.78,     74.2,     87.8,     -2.1
63,     19.09.2014 10:31:16,     519.75,     1017.06,     165,     0.1,     2.1,     3.7,     19.1,     63.4,     1006.6,     276.78,     253.8,     87.9,     -177.9
64,     19.09.2014 10:41:16,     527.1,     1037.16,     166,     0,     1.3,     2.9,     19.5,     62.8,     1006.5,     276.78,     74.1,     87.9,     -2
65,     19.09.2014 10:51:16,     531.3,     1045.2,     147,     0.1,     1.4,     3,     19.5,     62.6,     1006.4,     276.78,     74.1,     88,     -1.9
66,     19.09.2014 11:01:16,     534.45,     1051.23,     145,     0,     1,     3.3,     19.9,     60.4,     1006.4,     276.78,     73.9,     87.7,     -2.2
67,     19.09.2014 11:11:16,     546,     1075.35,     166,     0.1,     1.4,     3.3,     19.8,     60.7,     1006.4,     276.78,     74.1,     87.9,     -2,     12.989,     25.59,     68.5
68,     19.09.2014 11:21:16,     553.35,     1095.45,     194,     0,     0.8,     2.6,     20.2,     59.5,     1006.5,     276.78,     74.1,     87.8,     -2.1
69,     19.09.2014 11:31:16,     552.3,     1093.44,     151,     0.1,     1.2,     3,     20,     58.7,     1006.4,     276.78,     74,     87.8,     -2.1
70,     19.09.2014 11:41:16,     546,     1081.38,     115,     0,     0.8,     2.4,     20.2,     58.4,     1006.4,     276.78,     73.9,     87.9,     -1.9
71,     19.09.2014 11:51:16,     558.6,     1105.5,     179,     0.2,     1.5,     3.3,     20.4,     59,     1006.4,     276.78,     74.2,     87.9,     -2
72,     19.09.2014 12:01:16,     558.6,     1101.48,     181,     0.2,     1.7,     3.1,     20.5,     58.3,     1006.4,     276.78,     74,     87.9,     -2
73,     19.09.2014 12:11:16,     554.4,     1095.45,     198,     0,     1.5,     3.4,     20.7,     58.3,     1006.3,     276.78,     74,     87.8,     -2.1,     13.330,     27.04,     68.2
74,     19.09.2014 12:21:16,     554.4,     1099.47,     197,     0,     1,     2.9,     21,     56.8,     1006.2,     276.78,     74.2,     87.8,     -2
75,     19.09.2014 12:31:16,     523.95,     1041.18,     270,     0,     1,     2.5,     21.1,     57.2,     1006.2,     276.78,     74.3,     88,     -1.9
76,     19.09.2014 12:41:16,     594.3,     1147.71,     257,     0.5,     1.7,     3,     21.1,     56.5,     1006.2,     276.78,     74.1,     87.9,     -2
77,     19.09.2014 12:51:16,     561.75,     1103.49,     231,     0,     1,     3.1,     21.1,     56,     1006.1,     276.78,     74,     87.9,     -2
78,     19.09.2014 13:01:16,     413.7,     842.19,     232,     0.1,     1.7,     3.6,     21.2,     56.1,     1006.1,     276.78,     74.3,     87.9,     -1.9
79,     19.09.2014 13:11:16,     348.6,     747.72,     220,     0.3,     1.8,     3.3,     21.2,     55,     1006.1,     276.78,     74,     87.9,     -1.9,     13.122,     27.93,     67.9
80,     19.09.2014 13:21:16,     648.9,     1220.07,     217,     0.9,     2,     3.5,     21.3,     56.8,     1006.1,     276.78,     74.1,     88,     -1.9
81,     19.09.2014 13:31:16,     541.8,     1049.22,     205,     0.2,     1.4,     2.6,     21.3,     55.5,     1006,     276.78,     74.3,     87.9,     -2
82,     19.09.2014 13:41:16,     474.6,     944.7,     280,     0,     0.8,     2.1,     21.6,     54.2,     1006,     276.78,     74,     87.9,     -2
83,     19.09.2014 13:51:16,     281.4,     590.94,     292,     0,     0.5,     1.2,     21.8,     53.9,     1006,     276.78,     74.1,     88,     -1.9
84,     19.09.2014 14:01:16,     465.15,     892.44,     272,     0,     0.6,     1.6,     22.2,     51.9,     1006,     276.78,     74.2,     87.9,     -2
85,     19.09.2014 14:11:17,     357,     733.65,     231,     0.1,     0.9,     1.7,     22,     53.1,     1006,     276.78,     74,     88,     -1.9,     13.296,     27.97,     68.2
86,     19.09.2014 14:21:17,     494.55,     920.58,     216,     0.3,     1.1,     2,     22,     51.2,     1006,     276.78,     74.2,     88,     -2
87,     19.09.2014 14:31:17,     296.1,     609.03,     264,     0.2,     1,     1.8,     22.1,     52,     1006,     276.78,     74.1,     87.9,     -2
88,     19.09.2014 14:41:17,     260.4,     522.6,     210,     0.3,     1.9,     3.2,     21.8,     54.4,     1006,     276.78,     74.2,     87.9,     -2
89,     19.09.2014 14:51:17,     203.7,     426.12,     192,     0.5,     1.6,     2.7,     21.6,     55,     1006,     276.78,     74.2,     88,     -1.9
90,     19.09.2014 15:01:17,     204.75,     420.09,     203,     0.9,     2.1,     3.8,     21.6,     53.5,     1005.9,     276.78,     74.1,     88.1,     -1.8
91,     19.09.2014 15:11:16,     204.75,     418.08,     211,     1.1,     2.1,     2.9,     21.4,     58.4,     1006,     276.78,     74.2,     87.9,     -2,     13.430,     27.02,     68.8
92,     19.09.2014 15:21:16,     212.1,     438.18,     205,     0.9,     2,     3,     21.4,     54.7,     1006,     276.78,     74.2,     88,     -1.9
93,     19.09.2014 15:31:16,     193.2,     408.03,     195,     0.1,     0.9,     2.3,     21.5,     55.6,     1005.9,     276.78,     74,     87.9,     -2
94,     19.09.2014 15:41:16,     301.35,     566.82,     158,     0.1,     0.7,     1.3,     21.6,     54.9,     1005.8,     276.78,     74,     88,     -1.9
95,     19.09.2014 15:51:16,     263.55,     500.49,     77,     0,     0.7,     1.8,     21.7,     53.9,     1005.8,     276.78,     74,     88,     -1.9
96,     19.09.2014 16:01:16,     217.35,     412.05,     84,     0,     0.7,     1.8,     21.9,     54.4,     1005.7,     276.78,     73.9,     88.1,     -1.8
97,     19.09.2014 16:11:16,     202.65,     389.94,     137,     0,     0.3,     1,     22.3,     53.8,     1005.6,     276.78,     73.9,     88,     -1.9,     13.464,     26.35,     68.6
98,     19.09.2014 16:21:16,     186.9,     355.77,     87,     0.2,     1,     2.2,     21.8,     57,     1005.6,     276.78,     73.9,     87.9,     -2
99,     19.09.2014 16:31:16,     159.6,     305.52,     61,     0.1,     0.8,     1.6,     21.6,     57.8,     1005.5,     276.78,     73.9,     88.1,     -1.8
100,     19.09.2014 16:41:16,     133.35,     255.27,     68,     0.1,     1,     1.9,     21.5,     58.8,     1005.5,     276.78,     73.9,     87.8,     -2
101,     19.09.2014 16:51:16,     112.35,     215.07,     63,     0.3,     1,     1.6,     21.5,     61,     1005.6,     276.78,     74,     88,     -1.9
102,     19.09.2014 17:01:16,     89.25,     164.82,     85,     0,     0.6,     1.5,     21.3,     63.4,     1005.7,     276.78,     73.9,     88.1,     -1.8
103,     19.09.2014 17:11:16,     70.35,     136.68,     73,     0,     0.6,     1.2,     21.1,     63.2,     1005.6,     276.78,     74,     87.9,     -1.9,     13.404,     26.16,     68.4
104,     19.09.2014 17:21:16,     59.85,     114.57,     66,     0.3,     0.6,     1.4,     20.8,     64.5,     1005.6,     276.78,     73.9,     88,     -1.9
105,     19.09.2014 17:31:16,     48.3,     98.49,     56,     0.2,     0.6,     1,     20.6,     67.1,     1005.6,     276.78,     73.9,     88,     -1.9
106,     19.09.2014 17:41:16,     28.35,     68.34,     63,     0.3,     0.7,     1.2,     20.1,     67.8,     1005.6,     276.78,     73.8,     88.1,     -1.8
107,     19.09.2014 17:51:16,     15.75,     44.22,     79,     0.2,     0.6,     0.9,     19.8,     68,     1005.7,     276.78,     73.8,     87.8,     -2
108,     19.09.2014 18:01:16,     5.25,     24.12,     77,     0.1,     0.4,     0.7,     19.6,     68.7,     1005.7,     276.78,     73.9,     88.1,     -1.8
109,     19.09.2014 18:11:16,     0,     12.06,     59,     0.4,     0.6,     0.9,     19.2,     74.5,     1005.7,     276.78,     73.8,     88,     -1.9,     12.766,     22.89,     70.0
110,     19.09.2014 18:21:16,     -3.15,     4.02,     53,     0.3,     0.8,     1.1,     18.8,     75,     1005.8,     276.78,     253.5,     88,     -178
111,     19.09.2014 18:31:16,     -4.2,     0,     88,     0.2,     0.6,     1,     18.6,     73.2,     1005.8,     276.78,     253.5,     88,     -178
112,     19.09.2014 18:41:16,     -5.25,     -2.01,     67,     0.1,     0.4,     0.6,     18.4,     75.8,     1005.8,     276.78,     73.9,     87.9,     -2
113,     19.09.2014 18:51:16,     -3.15,     -2.01,     64,     0.1,     0.5,     0.8,     18.2,     77.4,     1006,     276.78,     73.7,     88.1,     -1.8
114,     19.09.2014 19:01:16,     -2.1,     -2.01,     54,     0.1,     0.6,     1,     18.3,     75.9,     1006,     276.78,     73.7,     88,     -1.9
115,     19.09.2014 19:11:16,     -3.15,     -2.01,     43,     0.7,     1.3,     2.1,     18.2,     81.8,     1006.1,     276.78,     253.4,     87.9,     -177.9,     12.679,     19.03,     71.7
116,     19.09.2014 19:21:16,     -3.15,     -2.01,     45,     0.7,     1.3,     2.1,     18.1,     80.7,     1006.3,     276.78,     253.5,     88,     -178
117,     19.09.2014 19:31:16,     -2.1,     -4.02,     51,     0.2,     0.9,     1.7,     18.1,     77.9,     1006.4,     276.78,     253.5,     88,     -177.9
118,     19.09.2014 19:41:16,     -3.15,     -2.01,     108,     0,     0.3,     1,     18.1,     76.8,     1006.4,     276.78,     253.5,     87.9,     -177.9
119,     19.09.2014 19:51:16,     -3.15,     -2.01,     142,     0,     0.7,     1.5,     18.4,     74.2,     1006.5,     276.78,     73.8,     87.9,     -2
120,     19.09.2014 20:01:16,     -5.25,     -2.01,     80,     0,     0.6,     1.8,     18.2,     76.5,     1006.5,     276.78,     253.5,     88,     -178
121,     19.09.2014 20:11:16,     -5.25,     -2.01,     67,     0.2,     0.7,     1.3,     17.7,     77.7,     1006.5,     276.78,     253.4,     87.9,     -177.9,     12.656,     18.11,     71.7
122,     19.09.2014 20:21:16,     -5.25,     -2.01,     82,     0.1,     0.7,     1.5,     17.6,     78.8,     1006.6,     276.78,     253.6,     88,     -178
123,     19.09.2014 20:31:16,     -5.25,     -4.02,     119,     0.2,     0.9,     1.6,     17.5,     78.3,     1006.6,     276.78,     253.4,     87.9,     -177.9
124,     19.09.2014 20:41:16,     -4.2,     -2.01,     134,     0.6,     1.3,     2.2,     17.4,     78.1,     1006.5,     276.78,     253.4,     88,     -178
125,     19.09.2014 20:51:16,     -5.25,     -2.01,     131,     0.6,     1.3,     2.1,     17.2,     79.1,     1006.5,     276.78,     253.4,     87.9,     -177.9
126,     19.09.2014 21:01:16,     -4.2,     -2.01,     141,     0.1,     1.3,     2.3,     17.6,     78.4,     1006.5,     276.78,     253.4,     87.9,     -177.9
127,     19.09.2014 21:11:16,     -4.2,     -2.01,     119,     0.4,     0.9,     1.5,     17.4,     79.5,     1006.5,     276.78,     253.5,     88,     -178,     12.609,     16.69,     72.0
128,     19.09.2014 21:21:16,     -5.25,     0,     77,     0,     0.3,     0.9,     17.1,     81.1,     1006.5,     276.78,     253.5,     88,     -178
129,     19.09.2014 21:31:16,     -6.3,     -4.02,     57,     0,     0.6,     1,     16.9,     83.5,     1006.5,     276.78,     253.5,     87.9,     -177.9
130,     19.09.2014 21:41:16,     -3.15,     0,     78,     0.5,     0.9,     1.3,     16.5,     82.9,     1006.5,     276.78,     253.4,     87.9,     -177.9
131,     19.09.2014 21:51:16,     -5.25,     -2.01,     106,     0,     0.6,     1.1,     16.5,     85.3,     1006.6,     276.78,     253.5,     87.9,     -177.9
132,     19.09.2014 22:01:16,     -5.25,     -2.01,     114,     0.1,     0.4,     0.6,     16.3,     86,     1006.5,     276.78,     253.6,     88,     -178
133,     19.09.2014 22:11:17,     -5.25,     0,     105,     0.3,     0.7,     1,     16,     85,     1006.4,     276.78,     253.5,     88,     -178,     12.601,     15.59,     72.2
134,     19.09.2014 22:21:17,     -4.2,     0,     120,     0,     0.2,     0.8,     16,     87.2,     1006.5,     276.78,     253.5,     88,     -178
135,     19.09.2014 22:31:17,     -4.2,     -2.01,     65,     0,     0.5,     1.1,     15.9,     88.3,     1006.5,     276.78,     253.5,     87.9,     -177.9
136,     19.09.2014 22:41:17,     -5.25,     -2.01,     349,     0,     0.7,     1.3,     15.7,     88.8,     1006.5,     276.78,     253.5,     87.9,     -177.9
137,     19.09.2014 22:51:17,     -4.2,     -2.01,     355,     0,     0.5,     1.3,     15.5,     88.4,     1006.5,     276.78,     253.5,     87.9,     -177.9
138,     19.09.2014 23:01:17,     -3.15,     0,     142,     0.3,     0.7,     1.1,     14.8,     89.6,     1006.4,     276.78,     253.5,     87.9,     -177.9
139,     19.09.2014 23:11:22,     -4.2,     -4.02,     192,     0,     0.4,     1,     15.1,     90.8,     1006.4,     276.78,     253.4,     87.9,     -177.9,     12.571,     14.78,     72.3
140,     19.09.2014 23:21:22,     -4.2,     -4.02,     136,     0,     0.4,     1.1,     15.2,     90.7,     1006.4,     276.78,     253.5,     87.9,     -177.9
141,     19.09.2014 23:31:22,     -5.25,     -4.02,     143,     0,     0.7,     1.2,     14.9,     90.1,     1006.3,     276.78,     253.5,     87.9,     -177.9
142,     19.09.2014 23:41:22,     -4.2,     0,     112,     0.5,     0.8,     1.2,     14.6,     90.8,     1006.3,     276.78,     253.5,     88,     -178
143,     19.09.2014 23:51:22,     -4.2,     -2.01,     109,     0.4,     0.7,     1,     14.5,     91.4,     1006.4,     276.78,     253.4,     87.9,     -177.9
144,     20.09.2014 00:01:22,     -4.2,     0,     114,     0.4,     0.8,     1.2,     14.3,     91.4,     1006.3,     276.78,     253.3,     87.9,     -178,     12.469,     14.21,     72.4