Logger: #D10248 'TSK_Meteo' - USP_EXP2 (V2.10, Jan 24 2012)
No,     Time,     #1:W/m²:0,     #2:ÂµMol:(do.),     #5:deg:2,     #6:m/sMIN:(do.),     #7:m/sMIT:(do.),     #8:m/sMAX:(do.),     #9:Â°C:(do.),     #10:%:(do.),     #11:hPa:(do.),     #12:mm:(do.),     #14:AZ:3,     #15:EL:(do.),     #16:Roll:(do.),     #HK-Bat:V,     #HK-Temp:oC,     #HK-rH:%
(GSM Transfer OK / Signal:14)
1,     10.07.2014 00:11:23,     -5.25,     0,     45,     0.9,     1.9,     3.3,     19.4,     83.9,     999.4,     129.6,     255.2,     87.9,     -177.9,     12.552,     20.25,     67.8
2,     10.07.2014 00:21:23,     -5.25,     -2.01,     45,     0.4,     1.7,     3.7,     19.2,     84.6,     999.3,     129.6,     255.1,     88,     -178
3,     10.07.2014 00:31:23,     -6.3,     -2.01,     48,     0.4,     2,     3.7,     19.2,     85.4,     999.2,     129.6,     255,     88.1,     -178.1
4,     10.07.2014 00:41:23,     -5.25,     0,     69,     0.2,     1.5,     3.3,     19.2,     84.9,     999.4,     129.6,     255.1,     88,     -178
5,     10.07.2014 00:51:23,     -4.2,     -2.01,     82,     0.1,     1.4,     2.9,     19,     85.7,     999.4,     129.6,     255.2,     88.1,     -178.1
6,     10.07.2014 01:01:23,     -4.2,     -2.01,     65,     0.1,     1.2,     2.7,     19.1,     85.8,     999.3,     129.6,     255.2,     87.9,     -177.9
7,     10.07.2014 01:11:16,     -5.25,     -2.01,     78,     0.1,     1.1,     2.4,     19,     85.6,     999.4,     129.6,     255.2,     87.9,     -177.9,     12.588,     18.95,     69.2
8,     10.07.2014 01:21:16,     -4.2,     -4.02,     53,     0.1,     1.2,     3.9,     19,     86.4,     999.4,     129.6,     255.2,     88,     -178
9,     10.07.2014 01:31:16,     -3.15,     -2.01,     65,     0.2,     1.2,     2.5,     18.9,     86.2,     999.2,     129.6,     255.1,     87.8,     -177.8
10,     10.07.2014 01:41:16,     -5.25,     -4.02,     53,     0.2,     1.3,     2.9,     18.9,     86.5,     999.2,     129.6,     255.2,     88,     -178
11,     10.07.2014 01:51:16,     -5.25,     -2.01,     111,     0,     0.7,     1.7,     18.8,     86.9,     999.2,     129.6,     255.1,     87.9,     -177.9
12,     10.07.2014 02:01:16,     -5.25,     0,     111,     0.2,     0.8,     1.4,     18.7,     87.4,     999.3,     129.6,     255.2,     88,     -178
13,     10.07.2014 02:11:16,     -4.2,     -2.01,     109,     0.1,     0.8,     1.7,     18.6,     86.9,     999.5,     129.6,     255.1,     88,     -178,     12.544,     18.35,     69.4
14,     10.07.2014 02:21:16,     -4.2,     -2.01,     61,     0,     0.7,     1.8,     18.5,     87,     999.5,     129.6,     255.2,     87.9,     -177.9
15,     10.07.2014 02:31:16,     -4.2,     -4.02,     61,     0.1,     1,     2,     18.4,     87.1,     999.5,     129.6,     255.1,     88,     -178
16,     10.07.2014 02:41:16,     -4.2,     0,     50,     0.6,     1.7,     3.4,     18.2,     88.4,     999.3,     129.6,     255,     87.9,     -177.9
17,     10.07.2014 02:51:16,     -4.2,     -4.02,     44,     0.1,     1.9,     3.3,     18.5,     88.3,     999.2,     129.6,     255.2,     87.9,     -177.9
18,     10.07.2014 03:01:16,     -4.2,     -4.02,     44,     0.9,     2.4,     4.4,     18.6,     86.8,     999.2,     129.6,     255.1,     87.9,     -177.9
19,     10.07.2014 03:11:21,     -4.2,     -2.01,     49,     0.8,     3,     4.8,     18.6,     87,     999.3,     129.6,     255,     87.8,     -177.8,     12.518,     18.04,     69.5
20,     10.07.2014 03:21:21,     -3.15,     0,     59,     0.5,     2,     4.6,     18.5,     87,     999.4,     129.6,     255.2,     88,     -178.1
21,     10.07.2014 03:31:21,     -3.15,     0,     66,     0.3,     1.6,     3.3,     18.4,     86.9,     999.4,     129.6,     255.1,     88,     -178
22,     10.07.2014 03:41:21,     -2.1,     2.01,     70,     0.4,     1.4,     3.6,     18.4,     88.2,     999.4,     129.6,     255.1,     87.9,     -177.9
23,     10.07.2014 03:51:21,     0,     6.03,     50,     0.5,     2.1,     3.3,     18.3,     88,     999.4,     129.6,     255.1,     87.8,     -177.8
24,     10.07.2014 04:01:21,     2.1,     14.07,     56,     0.9,     2.1,     3.6,     18.2,     88,     999.4,     129.6,     255.1,     88.1,     -178.1
25,     10.07.2014 04:11:22,     6.3,     22.11,     55,     0.3,     1.9,     3.6,     18.1,     88.3,     999.4,     129.6,     255,     87.8,     -177.9,     12.520,     17.97,     69.4
26,     10.07.2014 04:21:22,     11.55,     38.19,     54,     0.4,     1.7,     2.9,     18.1,     88.6,     999.5,     129.6,     255,     87.9,     -177.9
27,     10.07.2014 04:31:22,     16.8,     50.25,     49,     0.5,     1.7,     3.3,     18,     88.6,     999.5,     129.6,     255,     88,     -178
28,     10.07.2014 04:41:22,     22.05,     66.33,     63,     0.1,     1.3,     2.9,     18.1,     89,     999.4,     129.6,     255.2,     88,     -178
29,     10.07.2014 04:51:22,     30.45,     82.41,     75,     0.1,     1.4,     3.5,     18.2,     87.7,     999.6,     129.6,     255.3,     87.9,     -177.9
30,     10.07.2014 05:01:22,     73.5,     138.69,     63,     0.2,     2,     4.3,     18.4,     87.7,     999.6,     129.6,     255.2,     87.9,     -177.9
31,     10.07.2014 05:11:22,     92.4,     172.86,     71,     0.4,     1.7,     3.8,     18.5,     86.7,     999.7,     129.6,     255.1,     88,     -178,     12.785,     18.65,     70.0
32,     10.07.2014 05:21:22,     109.2,     205.02,     63,     0.3,     1.8,     3.9,     18.6,     86.7,     999.6,     129.6,     255.2,     88,     -178
33,     10.07.2014 05:31:22,     133.35,     251.25,     71,     0.1,     1.5,     3.6,     18.7,     85.4,     999.7,     129.6,     255.3,     88.2,     -178.2
34,     10.07.2014 05:41:22,     156.45,     295.47,     59,     0.3,     2.3,     4.5,     18.7,     85.4,     999.7,     129.6,     255.7,     87.9,     -177.8
35,     10.07.2014 05:51:22,     170.1,     319.59,     81,     0.1,     1.4,     3.6,     19,     84.8,     999.9,     129.6,     255.5,     88,     -178
36,     10.07.2014 06:01:22,     203.7,     379.89,     55,     0.1,     1.8,     4.6,     19.1,     84,     1000,     129.6,     255.5,     87.6,     -177.6
37,     10.07.2014 06:11:22,     223.65,     424.11,     59,     0.1,     1.9,     4.1,     19.3,     84.6,     1000,     129.6,     255.7,     88.1,     -178.2,     14.263,     23.96,     69.5
38,     10.07.2014 06:21:22,     245.7,     470.34,     53,     0.2,     2,     4,     19.4,     83.2,     1000.1,     129.6,     255.6,     88,     -178
39,     10.07.2014 06:31:22,     270.9,     520.59,     60,     0.3,     1.7,     4.3,     19.7,     82.2,     1000.2,     129.6,     255.7,     87.9,     -177.9
40,     10.07.2014 06:41:22,     296.1,     566.82,     65,     0.3,     1.9,     5,     19.9,     81.4,     1000.3,     129.6,     256,     87.9,     -178
41,     10.07.2014 06:51:22,     321.3,     617.07,     66,     0.5,     2,     3.7,     20.1,     80.2,     1000.4,     129.6,     255.6,     88.1,     -178.1
42,     10.07.2014 07:01:22,     346.5,     665.31,     69,     0.3,     1.9,     3.8,     20.4,     79.5,     1000.5,     129.6,     255.6,     88,     -178
43,     10.07.2014 07:11:21,     372.75,     717.57,     47,     0.6,     2.3,     3.9,     20.6,     78.1,     1000.5,     129.6,     255.6,     88,     -178,     13.311,     27.86,     67.7
44,     10.07.2014 07:21:21,     395.85,     763.8,     50,     0.3,     2,     4.1,     20.8,     76.9,     1000.6,     129.6,     255.4,     88,     -178
45,     10.07.2014 07:31:21,     422.1,     816.06,     54,     0.4,     2.7,     5.6,     20.9,     75.6,     1000.7,     129.6,     255.5,     87.9,     -177.9
46,     10.07.2014 07:41:21,     450.45,     872.34,     46,     0.7,     2.6,     5.3,     21.1,     76.2,     1000.6,     129.6,     255.6,     87.8,     -177.8
47,     10.07.2014 07:51:21,     474.6,     918.57,     44,     0.5,     2.6,     6,     21.3,     74.9,     1000.7,     129.6,     255.6,     87.7,     -177.7
48,     10.07.2014 08:01:21,     497.7,     968.82,     46,     0.2,     1.9,     4,     21.5,     74.9,     1000.8,     129.6,     255.7,     87.9,     -177.9
49,     10.07.2014 08:11:16,     519.75,     1013.04,     44,     0,     2.3,     4.9,     21.7,     74.6,     1000.9,     129.6,     255.5,     88,     -178,     13.216,     29.39,     67.0
50,     10.07.2014 08:21:16,     539.7,     1055.25,     62,     0.1,     2.1,     5.3,     22.1,     72,     1001.2,     129.6,     255.5,     87.9,     -178
51,     10.07.2014 08:31:16,     561.75,     1103.49,     57,     0.2,     2.4,     4.9,     22.3,     71.1,     1001.1,     129.6,     255.6,     87.9,     -177.9
52,     10.07.2014 08:41:16,     580.65,     1143.69,     61,     0.5,     2.3,     4.9,     22.5,     70.2,     1001.1,     129.6,     255.5,     87.8,     -177.8
53,     10.07.2014 08:51:16,     602.7,     1191.93,     49,     0.5,     2.4,     7.3,     22.5,     70.5,     1001.3,     129.6,     255.2,     87.8,     -177.8
54,     10.07.2014 09:01:16,     625.8,     1240.17,     44,     1.1,     3.4,     6.6,     22.7,     69.6,     1001.2,     129.6,     75.8,     87.6,     -2.3
55,     10.07.2014 09:11:16,     645.75,     1280.37,     45,     0.3,     2.6,     5.7,     22.9,     71.3,     1001.2,     129.6,     255.6,     88.4,     -178.4,     13.273,     30.39,     66.4
56,     10.07.2014 09:21:16,     666.75,     1316.55,     48,     0.5,     2.9,     5.7,     23.2,     69.7,     1001.2,     129.6,     254.8,     88.3,     -178.3
57,     10.07.2014 09:31:16,     684.6,     1356.75,     42,     1.8,     4,     7,     23.1,     69.4,     1001.2,     129.6,     76,     87.6,     -2.3
58,     10.07.2014 09:41:16,     704.55,     1398.96,     44,     0.5,     3.8,     6.8,     23.1,     69.2,     1001.3,     129.6,     75.8,     88.2,     -1.7
59,     10.07.2014 09:51:16,     720.3,     1439.16,     44,     1.7,     3.7,     7.9,     23.4,     68.5,     1001.3,     129.6,     75.3,     88.1,     -1.8
60,     10.07.2014 10:01:16,     732.9,     1467.3,     50,     0.6,     3.5,     6.9,     23.8,     66.1,     1001.3,     129.6,     255.1,     87.7,     -177.8
61,     10.07.2014 10:11:22,     753.9,     1515.54,     55,     0.1,     2.9,     6.4,     24.1,     65.6,     1001.3,     129.6,     75.4,     88,     -1.9,     12.997,     29.81,     66.3
62,     10.07.2014 10:21:22,     762.3,     1533.63,     47,     1.3,     3.9,     6.9,     24.1,     66.4,     1001.4,     129.6,     255.2,     87.7,     -177.7
63,     10.07.2014 10:31:22,     775.95,     1567.8,     47,     0.7,     3.4,     7.4,     24.3,     65.4,     1001.4,     129.6,     255.2,     88,     -178
64,     10.07.2014 10:41:22,     789.6,     1593.93,     65,     0.4,     3.4,     7.2,     24.6,     60.4,     1001.4,     129.6,     75.4,     88,     -1.9
65,     10.07.2014 10:51:22,     793.8,     1610.01,     70,     0.6,     2.6,     5.5,     24.8,     63.3,     1001.4,     129.6,     75.7,     87.7,     -2.2
66,     10.07.2014 11:01:22,     800.1,     1628.1,     56,     0.5,     2.8,     5.9,     25,     61.5,     1001.4,     129.6,     75.7,     88.3,     -1.6
67,     10.07.2014 11:11:17,     200.55,     462.3,     55,     0.4,     2.5,     6.5,     25.3,     57.6,     1001.3,     129.6,     75.4,     88.1,     -1.8,     13.275,     30.13,     65.9
68,     10.07.2014 11:21:17,     864.15,     1756.74,     57,     0.3,     2.7,     5.9,     25.2,     58,     1001.4,     129.6,     255.6,     88.5,     -178.5
69,     10.07.2014 11:31:17,     935.55,     1901.46,     59,     0.3,     2.4,     5.7,     25.5,     57.5,     1001.4,     129.6,     75.7,     87.6,     -2.3
70,     10.07.2014 11:41:17,     206.85,     456.27,     44,     0.5,     3.7,     7.9,     25.4,     56.8,     1001.4,     129.6,     75.7,     88.5,     -1.4
71,     10.07.2014 11:51:17,     357,     814.05,     54,     0.8,     3.4,     6.6,     25.5,     56,     1001.4,     129.6,     76.1,     87.8,     -2.1
72,     10.07.2014 12:01:17,     903,     1821.06,     52,     0.7,     2.5,     5.1,     25.2,     59,     1001.5,     129.6,     254.8,     87.7,     -177.7
73,     10.07.2014 12:11:16,     874.65,     1776.84,     60,     0.7,     3.2,     6.6,     25.2,     63,     1001.5,     129.6,     255.5,     88.2,     -178.2,     13.114,     29.44,     66.5
74,     10.07.2014 12:21:16,     851.55,     1742.67,     47,     1.3,     4.6,     10.6,     25.3,     62.4,     1001.6,     129.6,     254.9,     86.7,     -176.7
75,     10.07.2014 12:31:16,     911.4,     1851.21,     48,     1.3,     5,     8.5,     25.2,     61.8,     1001.6,     129.6,     255.3,     87.7,     -177.7
76,     10.07.2014 12:41:16,     989.1,     1995.93,     46,     1.3,     4,     7.2,     25.3,     62,     1001.6,     129.6,     255.1,     87.8,     -177.9
77,     10.07.2014 12:51:16,     358.05,     661.29,     53,     0.3,     3.6,     7.8,     25.1,     63.1,     1001.7,     129.6,     254.5,     87.6,     -177.6
78,     10.07.2014 13:01:16,     887.25,     1811.01,     51,     0.8,     3.9,     8.4,     25.6,     58.5,     1001.7,     129.6,     75.6,     87.9,     -2
79,     10.07.2014 13:11:17,     206.85,     448.23,     60,     0.1,     3.3,     6.4,     25.5,     57.5,     1001.8,     129.6,     75.3,     87.4,     -2.5,     13.233,     29.38,     66.3
80,     10.07.2014 13:21:17,     840,     1704.48,     55,     0.1,     3.8,     7.9,     25.6,     56.3,     1001.8,     129.6,     75.7,     87.9,     -2
81,     10.07.2014 13:31:17,     854.7,     1726.59,     54,     0.8,     3.8,     8.7,     25.6,     53.7,     1001.7,     129.6,     76.1,     88,     -2
82,     10.07.2014 13:41:17,     809.55,     1638.15,     53,     1,     4,     8.4,     25.8,     52.3,     1001.7,     129.6,     75.9,     87.6,     -2.3
83,     10.07.2014 13:51:17,     786.45,     1591.92,     69,     0.2,     3.3,     7.4,     25.9,     51.5,     1001.7,     129.6,     75.2,     87.4,     -2.4
84,     10.07.2014 14:01:17,     775.95,     1565.79,     60,     0.6,     3.9,     8.1,     25.8,     53.1,     1001.7,     129.6,     75.7,     86.4,     -3.5
85,     10.07.2014 14:11:23,     764.4,     1539.66,     70,     0.6,     3.4,     9.4,     26,     52.2,     1001.7,     129.6,     75.8,     87.2,     -2.7,     12.938,     29.69,     66.1
86,     10.07.2014 14:21:23,     763.35,     1529.61,     90,     0.3,     2.8,     6.8,     26.1,     48,     1001.7,     129.6,     75.2,     87.1,     -2.8
87,     10.07.2014 14:31:23,     741.3,     1483.38,     96,     0.2,     3.2,     7.1,     26.1,     49.1,     1001.7,     129.6,     75.3,     87.8,     -2
88,     10.07.2014 14:41:23,     736.05,     1459.26,     101,     0.3,     3.9,     8.1,     26,     48.8,     1001.7,     129.6,     75.7,     87.6,     -2.2
89,     10.07.2014 14:51:23,     715.05,     1413.03,     92,     0.4,     3.8,     8.3,     26,     50.8,     1001.8,     129.6,     75.7,     87.6,     -2.3
90,     10.07.2014 15:01:23,     691.95,     1364.79,     108,     0.3,     3,     6.9,     26,     50.3,     1001.8,     129.6,     75.5,     88.1,     -1.8
91,     10.07.2014 15:11:17,     675.15,     1324.59,     95,     0.1,     3,     7.8,     26.1,     48.6,     1001.9,     129.6,     75.7,     88.3,     -1.5,     13.048,     30.29,     65.8
92,     10.07.2014 15:21:17,     651,     1274.34,     87,     0.1,     3.3,     7.2,     26.3,     49,     1002,     129.6,     75.7,     87.3,     -2.4
93,     10.07.2014 15:31:17,     631.05,     1230.12,     115,     0.5,     3.5,     8.4,     26,     47.3,     1002,     129.6,     75.4,     87.7,     -2.2
94,     10.07.2014 15:41:17,     607.95,     1179.87,     119,     0.5,     3.5,     7.3,     25.9,     48,     1002.1,     129.6,     75.4,     88.1,     -1.7
95,     10.07.2014 15:51:17,     590.1,     1141.68,     97,     0.6,     3.6,     7.1,     26.1,     46.8,     1002.1,     129.6,     75.4,     88.1,     -1.8
96,     10.07.2014 16:01:17,     570.15,     1097.46,     86,     0.6,     3.7,     9,     25.9,     47.7,     1002.2,     129.6,     74.6,     87.7,     -2.2
97,     10.07.2014 16:11:16,     544.95,     1043.19,     80,     0.5,     3.5,     9,     25.9,     47.6,     1002.2,     129.6,     75.8,     87.8,     -2.1,     13.260,     30.40,     65.6
98,     10.07.2014 16:21:16,     521.85,     994.95,     87,     0.5,     3.8,     7.5,     25.8,     45.5,     1002.2,     129.6,     75.7,     88.3,     -1.5
99,     10.07.2014 16:31:16,     498.75,     946.71,     90,     0.3,     3.3,     9,     25.7,     46.4,     1002.3,     129.6,     75,     87.8,     -2
100,     10.07.2014 16:41:16,     475.65,     900.48,     92,     0.4,     3.2,     8.4,     25.7,     45.7,     1002.3,     129.6,     75.4,     88.1,     -1.8
101,     10.07.2014 16:51:16,     450.45,     850.23,     99,     0.1,     3.6,     8.6,     25.5,     47.4,     1002.4,     129.6,     75.3,     88.2,     -1.6
102,     10.07.2014 17:01:16,     427.35,     797.97,     101,     0.5,     3.9,     8.5,     25.5,     44.6,     1002.4,     129.6,     74.8,     88.1,     -1.7
103,     10.07.2014 17:11:16,     404.25,     757.77,     105,     0.3,     3.3,     7.1,     25.4,     46.3,     1002.5,     129.6,     75,     87.9,     -1.9,     13.283,     30.24,     65.5
104,     10.07.2014 17:21:16,     373.8,     697.47,     111,     0.1,     3.3,     8.4,     25.3,     46.6,     1002.6,     129.6,     75.6,     88,     -1.8
105,     10.07.2014 17:31:16,     348.6,     647.22,     105,     0.8,     3.8,     8.7,     25.1,     46.9,     1002.7,     129.6,     75.2,     87.9,     -1.9
106,     10.07.2014 17:41:16,     326.55,     603,     100,     0.4,     3.7,     7.6,     24.9,     46.5,     1002.7,     129.6,     75.2,     87.8,     -2
107,     10.07.2014 17:51:16,     299.25,     548.73,     103,     0.3,     3.5,     10.1,     24.8,     48.9,     1002.7,     129.6,     74.9,     88,     -1.8
108,     10.07.2014 18:01:16,     276.15,     504.51,     92,     0.5,     3.6,     7.3,     24.8,     48.7,     1002.8,     129.6,     75.5,     88,     -1.8
109,     10.07.2014 18:11:16,     252,     460.29,     95,     0.4,     3.1,     6.6,     24.6,     48.1,     1002.9,     129.6,     75.6,     88,     -1.9,     13.334,     29.58,     65.7
110,     10.07.2014 18:21:16,     228.9,     414.06,     92,     0.4,     3.6,     7.9,     24.4,     47.5,     1003,     129.6,     253.9,     88.3,     -178.4
111,     10.07.2014 18:31:16,     203.7,     365.82,     95,     0.3,     3.4,     8.3,     24.3,     48.7,     1003.1,     129.6,     75.5,     88.1,     -1.8
112,     10.07.2014 18:41:16,     178.5,     323.61,     87,     0.1,     1.9,     4.6,     24.2,     50.4,     1003.2,     129.6,     75.5,     87.9,     -2.1
113,     10.07.2014 18:51:16,     157.5,     265.32,     84,     0.4,     3,     7,     24,     49.6,     1003.3,     129.6,     75.2,     88,     -1.9
114,     10.07.2014 19:01:16,     135.45,     180.9,     72,     0.6,     2.4,     6.1,     23.9,     52.1,     1003.4,     129.6,     75.1,     88,     -1.9
115,     10.07.2014 19:11:16,     114.45,     124.62,     65,     0.5,     2.6,     5.9,     23.5,     53.3,     1003.5,     129.6,     75,     87.7,     -2.2,     13.379,     28.37,     66.5
116,     10.07.2014 19:21:16,     94.5,     96.48,     67,     0.2,     2.6,     5.9,     23.2,     55.1,     1003.6,     129.6,     75.8,     88.3,     -1.6
117,     10.07.2014 19:31:16,     74.55,     82.41,     61,     0.3,     2.7,     5.3,     22.9,     58.9,     1003.7,     129.6,     75.4,     88.4,     -1.4
118,     10.07.2014 19:41:16,     56.7,     72.36,     58,     0.6,     2.6,     6,     22.5,     63.9,     1003.7,     129.6,     75.4,     88.1,     -1.8
119,     10.07.2014 19:51:16,     42,     60.3,     61,     0.3,     2.4,     5.3,     22,     66.4,     1003.9,     129.6,     255.5,     88,     -178
120,     10.07.2014 20:01:16,     27.3,     48.24,     55,     0.4,     2.4,     5.1,     21.8,     67.3,     1003.9,     129.6,     75.5,     87.7,     -2.2
121,     10.07.2014 20:11:22,     16.8,     36.18,     55,     0.5,     2.4,     5.3,     21.4,     69.5,     1004,     129.6,     75.5,     87.8,     -2.1,     12.834,     25.42,     67.9
122,     10.07.2014 20:21:22,     5.25,     22.11,     60,     0.2,     2.1,     4.2,     21.1,     72,     1004.2,     129.6,     75.5,     87.9,     -2
123,     10.07.2014 20:31:22,     2.1,     14.07,     56,     0.5,     2.2,     4.3,     20.8,     72.7,     1004.3,     129.6,     75.4,     87.7,     -2.2
124,     10.07.2014 20:41:22,     -1.05,     8.04,     56,     0.2,     2.3,     5,     20.5,     73.2,     1004.4,     129.6,     75.3,     88.6,     -1.3
125,     10.07.2014 20:51:22,     -3.15,     2.01,     50,     0.4,     2.4,     5.5,     20.4,     74,     1004.4,     129.6,     255.2,     88.1,     -178.1
126,     10.07.2014 21:01:22,     -5.25,     -2.01,     58,     0.3,     1.9,     4,     20.1,     74.9,     1004.5,     129.6,     255,     88,     -178
127,     10.07.2014 21:11:17,     -5.25,     0,     60,     0.2,     1.9,     5.6,     19.9,     75.7,     1004.6,     129.6,     255.1,     87.8,     -177.9,     12.681,     21.55,     69.1
128,     10.07.2014 21:21:17,     -4.2,     -2.01,     61,     0.5,     2.6,     6.1,     19.8,     75.4,     1004.6,     129.6,     255.1,     87.7,     -177.7
129,     10.07.2014 21:31:17,     -4.2,     -2.01,     56,     0.6,     2.3,     4.7,     19.6,     76.2,     1004.7,     129.6,     255.2,     88.2,     -178.2
130,     10.07.2014 21:41:17,     -4.2,     -2.01,     56,     0.8,     2.2,     5.5,     19.5,     76.5,     1004.6,     129.6,     75.4,     87.9,     -2
131,     10.07.2014 21:51:17,     -5.25,     -2.01,     58,     0.2,     2.1,     4.4,     19.3,     77,     1004.6,     129.6,     254.7,     87.6,     -177.6
132,     10.07.2014 22:01:17,     -6.3,     -2.01,     58,     0.1,     2.1,     4.6,     19.2,     79.1,     1004.6,     129.6,     255,     88.2,     -178.3
133,     10.07.2014 22:11:22,     -4.2,     -2.01,     57,     0.4,     2.3,     4.8,     19.1,     78.1,     1004.7,     129.6,     255,     87.6,     -177.7,     12.654,     19.48,     69.4
134,     10.07.2014 22:21:22,     -5.25,     -2.01,     56,     0.5,     2.6,     5,     19,     78.3,     1004.6,     129.6,     254.9,     87.9,     -178
135,     10.07.2014 22:31:22,     -4.2,     -2.01,     66,     0.1,     2.2,     4.6,     18.9,     79,     1004.6,     129.6,     75.4,     87.9,     -1.9
136,     10.07.2014 22:41:22,     -5.25,     0,     60,     0.2,     2.1,     4.7,     18.8,     80.3,     1004.7,     129.6,     255.2,     88,     -178
137,     10.07.2014 22:51:22,     -4.2,     -2.01,     57,     0.2,     2.4,     5.1,     18.7,     80.7,     1004.7,     129.6,     255.1,     87.9,     -178
138,     10.07.2014 23:01:22,     -5.25,     -4.02,     63,     0.3,     2.1,     4.5,     18.6,     79.8,     1004.7,     129.6,     254.3,     87.7,     -177.7
139,     10.07.2014 23:11:16,     -5.25,     -2.01,     62,     0.2,     2.1,     4.7,     18.6,     81.2,     1004.7,     129.6,     254.9,     87.5,     -177.5,     12.618,     18.47,     69.5
140,     10.07.2014 23:21:16,     -4.2,     -2.01,     58,     0.1,     2,     4.3,     18.4,     80.8,     1004.8,     129.6,     255,     88.3,     -178.3
141,     10.07.2014 23:31:16,     -5.25,     -4.02,     70,     0.1,     1.8,     4.5,     18.4,     82,     1004.8,     129.6,     255.3,     87.8,     -177.8
142,     10.07.2014 23:41:16,     -5.25,     -4.02,     66,     0.1,     1.7,     4.5,     18.3,     82.2,     1004.9,     129.6,     75.4,     88,     -1.9
143,     10.07.2014 23:51:16,     -5.25,     -2.01,     68,     0.1,     1.7,     4.4,     18.2,     82.4,     1004.8,     129.6,     254.8,     87.8,     -177.8
144,     11.07.2014 00:01:16,     -4.2,     -2.01,     75,     0.2,     1.8,     3.8,     18,     82.9,     1004.8,     129.6,     255.4,     87.9,     -177.9,     12.512,     17.77,     69.6
(GSM ERROR Server Transfer: Timeout 166 / Signal:15 / 11.07.2014 00:06:08)