Logger: #D10248 'TSK_Meteo' - USP_EXP2 (V2.10, Jan 24 2012)
No,     Time,     #1:W/m²:0,     #2:ÂµMol:(do.),     #5:deg:2,     #6:m/sMIN:(do.),     #7:m/sMIT:(do.),     #8:m/sMAX:(do.),     #9:Â°C:(do.),     #10:%:(do.),     #11:hPa:(do.),     #12:mm:(do.),     #14:AZ:3,     #15:EL:(do.),     #16:Roll:(do.),     #HK-Bat:V,     #HK-Temp:oC,     #HK-rH:%
(GSM Transfer OK / Signal:16)
1,     11.11.2014 00:11:17,     -4.2,     -2.01,     201,     0.7,     1.7,     2.5,     6.3,     90.7,     1005.5,     323.71,     253.2,     88,     -177.9,     12.442,     7.35,     79.8
2,     11.11.2014 00:21:17,     -4.2,     0,     202,     0.6,     1.5,     2.3,     6.3,     90.8,     1005.5,     323.71,     253.3,     87.9,     -177.9
3,     11.11.2014 00:31:17,     -4.2,     -2.01,     200,     1.3,     1.9,     2.8,     6.3,     91,     1005.5,     323.71,     253.2,     88,     -178
4,     11.11.2014 00:41:17,     -3.15,     -2.01,     201,     0.7,     1.9,     2.8,     6.2,     91.1,     1005.6,     323.71,     253.2,     87.9,     -177.9
5,     11.11.2014 00:51:17,     -1.05,     -2.01,     206,     1,     2,     3.2,     6.1,     91.2,     1005.7,     323.71,     253.2,     87.9,     -177.9
6,     11.11.2014 01:01:17,     -1.05,     -2.01,     204,     1.4,     2.4,     3.5,     6,     91.5,     1005.7,     323.71,     253,     88,     -178
7,     11.11.2014 01:11:16,     -2.1,     -4.02,     208,     1.5,     2.3,     3.6,     6,     91.7,     1005.7,     323.71,     253.3,     88,     -178,     12.461,     6.47,     83.2
8,     11.11.2014 01:21:16,     -2.1,     -2.01,     202,     1.8,     2.6,     3.7,     6,     91.9,     1005.7,     323.71,     253.5,     87.9,     -177.9
9,     11.11.2014 01:31:16,     -2.1,     -2.01,     207,     1.5,     2.4,     3.5,     5.9,     92,     1005.7,     323.71,     253.3,     88,     -178
10,     11.11.2014 01:41:16,     -2.1,     -2.01,     205,     1.4,     2.4,     3.3,     5.8,     92,     1005.7,     323.71,     253.2,     88,     -178
11,     11.11.2014 01:51:16,     -1.05,     -2.01,     201,     1.4,     2.3,     3.7,     5.8,     92.1,     1005.8,     323.71,     253.3,     87.9,     -177.9
12,     11.11.2014 02:01:16,     -1.05,     -2.01,     199,     1.4,     2.4,     3.5,     5.8,     92.3,     1005.8,     323.71,     253.5,     88,     -178
13,     11.11.2014 02:11:16,     -2.1,     -2.01,     207,     1,     2.1,     3.2,     5.7,     92.2,     1005.8,     323.71,     253.7,     88,     -178,     12.414,     6.61,     83.1
14,     11.11.2014 02:21:16,     0,     0,     210,     1.5,     2.3,     3.2,     5.8,     92.4,     1005.7,     323.71,     253.4,     88,     -178
15,     11.11.2014 02:31:16,     -2.1,     -2.01,     204,     1.7,     2.7,     4,     5.9,     92.5,     1005.8,     323.71,     253.5,     87.9,     -177.9
16,     11.11.2014 02:41:16,     -2.1,     -2.01,     207,     1.6,     2.6,     4,     5.9,     92.5,     1005.8,     323.71,     253.6,     87.8,     -177.8
17,     11.11.2014 02:51:16,     0,     0,     206,     1.5,     2.8,     4.6,     5.9,     92.5,     1005.6,     323.71,     253.5,     87.9,     -177.9
18,     11.11.2014 03:01:16,     -1.05,     0,     180,     1.2,     2.9,     5.1,     5.9,     92.6,     1005.7,     323.71,     253.2,     87.9,     -177.9
19,     11.11.2014 03:11:16,     -2.1,     -2.01,     199,     1.5,     2.6,     4.4,     5.9,     92.6,     1005.7,     323.71,     253.3,     87.9,     -177.9,     12.389,     6.61,     83.2
20,     11.11.2014 03:21:16,     -2.1,     -2.01,     211,     1.5,     2.4,     3.6,     5.9,     92.6,     1005.8,     323.71,     253.5,     87.9,     -177.9
21,     11.11.2014 03:31:16,     -1.05,     -2.01,     209,     1.4,     2.1,     2.9,     5.8,     92.5,     1005.8,     323.71,     253.4,     88,     -178
22,     11.11.2014 03:41:16,     -3.15,     -4.02,     220,     1.1,     2.1,     3,     5.6,     92.5,     1005.8,     323.71,     253.6,     88,     -178
23,     11.11.2014 03:51:16,     -3.15,     -2.01,     212,     1,     1.9,     5,     5.6,     92.6,     1005.9,     323.71,     253.2,     88,     -178
24,     11.11.2014 04:01:16,     -2.1,     -2.01,     214,     1,     2,     5,     5.7,     92.7,     1005.9,     323.71,     253.4,     88,     -178
25,     11.11.2014 04:11:16,     -2.1,     -2.01,     218,     0.6,     2.2,     3,     5.6,     92.6,     1005.9,     323.71,     253.6,     87.9,     -178,     12.368,     6.54,     83.2
26,     11.11.2014 04:21:16,     -1.05,     -4.02,     213,     1,     2.1,     3.7,     5.6,     92.7,     1005.9,     323.71,     253.4,     87.9,     -177.9
27,     11.11.2014 04:31:16,     0,     -2.01,     213,     1.5,     2.5,     3.6,     5.6,     92.7,     1005.9,     323.71,     253.2,     87.9,     -177.9
28,     11.11.2014 04:41:16,     -2.1,     -2.01,     214,     1.1,     1.9,     3.1,     5.7,     92.8,     1005.9,     323.71,     253.4,     88,     -178
29,     11.11.2014 04:51:16,     -3.15,     -2.01,     212,     1,     2.3,     3.3,     5.4,     92.6,     1006,     323.71,     253.4,     88,     -178
30,     11.11.2014 05:01:16,     -2.1,     -2.01,     218,     1.4,     2.3,     3.8,     5.5,     92.7,     1006.1,     323.71,     253.2,     88,     -178
31,     11.11.2014 05:11:21,     -2.1,     0,     213,     1.6,     2.6,     3.6,     5.5,     92.8,     1006.2,     323.71,     253.4,     88,     -178,     12.338,     6.47,     83.2
32,     11.11.2014 05:21:21,     -1.05,     0,     213,     1.6,     2.7,     4.2,     5.5,     92.8,     1006.2,     323.71,     253.3,     88,     -178
33,     11.11.2014 05:31:21,     -1.05,     -2.01,     221,     1.2,     2.6,     3.6,     5.6,     92.8,     1006.1,     323.71,     253.4,     88,     -178
34,     11.11.2014 05:41:21,     -1.05,     -2.01,     222,     1.7,     2.6,     3.6,     5.5,     92.8,     1006.2,     323.71,     253.5,     87.9,     -177.9
35,     11.11.2014 05:51:21,     -2.1,     -2.01,     221,     1.1,     2.3,     3.7,     5.5,     92.8,     1006.1,     323.71,     253.3,     88,     -178
36,     11.11.2014 06:01:21,     -1.05,     -2.01,     212,     1.2,     2.2,     3.4,     5.3,     92.7,     1006.1,     323.71,     253.3,     87.9,     -177.9
37,     11.11.2014 06:11:16,     -1.05,     -2.01,     211,     1,     2.2,     3.2,     5.3,     92.8,     1006.1,     323.71,     253.4,     88,     -178,     12.323,     6.41,     83.3
38,     11.11.2014 06:21:16,     -1.05,     0,     206,     1.3,     2.6,     3.6,     5.4,     92.9,     1006.1,     323.71,     253.2,     88,     -178
39,     11.11.2014 06:31:16,     -1.05,     0,     194,     1.1,     2.4,     4.5,     5.7,     93,     1006.2,     323.71,     253.4,     87.9,     -177.9
40,     11.11.2014 06:41:16,     -2.1,     0,     194,     1.9,     3,     4.6,     5.7,     93,     1006.1,     323.71,     253.5,     88,     -178
41,     11.11.2014 06:51:16,     -1.05,     -2.01,     193,     1.5,     3.2,     5.1,     5.7,     93,     1006.3,     323.71,     253.3,     87.9,     -177.9
42,     11.11.2014 07:01:16,     -1.05,     0,     194,     2,     3.8,     5.5,     5.8,     93,     1006.5,     323.71,     252.9,     87.9,     -177.9
43,     11.11.2014 07:11:22,     -1.05,     -2.01,     183,     2.9,     4.7,     5.9,     5.8,     93,     1006.5,     323.71,     253.5,     87.8,     -177.8,     12.304,     6.48,     83.2
44,     11.11.2014 07:21:22,     0,     2.01,     179,     2.8,     4.2,     6,     5.8,     93,     1006.5,     323.71,     253.5,     87.9,     -177.9
45,     11.11.2014 07:31:22,     1.05,     4.02,     180,     2.9,     4.4,     5.8,     6,     93.1,     1006.6,     323.71,     253.6,     88,     -178
46,     11.11.2014 07:41:22,     3.15,     10.05,     179,     2.2,     3.7,     5.1,     6.1,     93.1,     1006.6,     323.71,     253.4,     87.9,     -177.9
47,     11.11.2014 07:51:22,     6.3,     18.09,     182,     2.1,     3.7,     4.9,     6.1,     93.1,     1006.6,     323.71,     253.3,     87.9,     -177.9
48,     11.11.2014 08:01:22,     10.5,     26.13,     184,     2.6,     4,     5.9,     6,     93,     1006.6,     323.71,     253.2,     87.9,     -177.9
49,     11.11.2014 08:11:16,     13.65,     36.18,     179,     1.7,     3.7,     4.8,     6,     93.1,     1006.6,     323.71,     253.6,     88,     -178,     12.346,     6.80,     83.2
50,     11.11.2014 08:21:16,     22.05,     48.24,     0,     0,     0,     0,     6,     93,     1006.6,     323.71,     253.5,     87.9,     -177.9
51,     11.11.2014 08:31:16,     29.4,     66.33,     180,     1,     2.2,     3.1,     6,     93.1,     1006.5,     323.71,     253.2,     87.9,     -177.9
52,     11.11.2014 08:41:16,     34.65,     78.39,     197,     0.4,     2.3,     3.5,     6,     93.1,     1006.7,     323.71,     253.3,     87.9,     -177.9
53,     11.11.2014 08:51:16,     36.75,     82.41,     199,     0.3,     1.2,     2.2,     6.2,     93.1,     1006.6,     323.71,     253.4,     88,     -178
54,     11.11.2014 09:01:16,     39.9,     88.44,     177,     0.4,     1.4,     2.4,     6.3,     93.1,     1006.6,     323.71,     253.3,     88,     -177.9
55,     11.11.2014 09:11:16,     58.8,     126.63,     187,     0.5,     2,     3.5,     6.2,     93.1,     1006.6,     323.71,     253.1,     87.9,     -177.9,     12.705,     7.21,     83.1
56,     11.11.2014 09:21:16,     57.75,     126.63,     180,     0.1,     1.6,     2.7,     6.3,     93.1,     1006.6,     323.71,     253.1,     87.9,     -177.9
57,     11.11.2014 09:31:16,     46.2,     106.53,     171,     0.7,     1.6,     2.5,     6.1,     93,     1006.6,     323.71,     253.2,     87.9,     -177.9
58,     11.11.2014 09:41:16,     49.35,     112.56,     164,     0.8,     2.1,     3.8,     6.1,     93,     1006.7,     323.71,     253.4,     88,     -178
59,     11.11.2014 09:51:16,     106.05,     219.09,     173,     0.8,     1.9,     3.3,     6.2,     93,     1006.6,     323.71,     253.4,     87.9,     -178
60,     11.11.2014 10:01:16,     108.15,     229.14,     177,     0.4,     1.7,     3,     6.3,     93.1,     1006.6,     323.71,     253.4,     87.9,     -177.9
61,     11.11.2014 10:11:22,     94.5,     201,     151,     0.4,     1.6,     2.7,     6.3,     93,     1006.6,     323.71,     253.3,     88,     -178,     13.173,     7.72,     82.9
62,     11.11.2014 10:21:22,     112.35,     239.19,     160,     0.3,     1.8,     2.8,     6.1,     93,     1006.6,     323.71,     253.2,     87.9,     -177.9
63,     11.11.2014 10:31:22,     126,     265.32,     159,     0.5,     1.7,     3.2,     6.1,     92.9,     1006.6,     323.71,     253.4,     88,     -178
64,     11.11.2014 10:41:22,     86.1,     186.93,     164,     0.3,     1.7,     2.9,     6.1,     92.9,     1006.6,     323.71,     253.1,     88,     -177.9
65,     11.11.2014 10:51:22,     122.85,     261.3,     134,     0.1,     1.7,     2.9,     5.9,     92.9,     1006.5,     323.71,     253.1,     87.9,     -177.9
66,     11.11.2014 11:01:22,     114.45,     245.22,     147,     0.7,     1.9,     2.9,     6.1,     93,     1006.5,     323.71,     253,     88,     -178
67,     11.11.2014 11:11:16,     98.7,     215.07,     123,     0.3,     1.4,     2.5,     6,     93,     1006.4,     323.71,     253.3,     88.1,     -178.1,     13.281,     8.31,     82.8
68,     11.11.2014 11:21:16,     90.3,     198.99,     121,     0.4,     1.5,     2.6,     6.2,     93,     1006.4,     323.71,     253.2,     87.9,     -177.9
69,     11.11.2014 11:31:16,     121.8,     263.31,     120,     0.2,     1.8,     3.2,     6.3,     93,     1006.3,     323.71,     253.2,     88,     -178
70,     11.11.2014 11:41:16,     142.8,     301.5,     125,     0.6,     1.7,     2.8,     6.3,     93,     1006.2,     323.71,     253.3,     87.9,     -178
71,     11.11.2014 11:51:16,     120.75,     261.3,     133,     0.4,     1.6,     3.2,     6.5,     93.1,     1006.1,     323.71,     253.3,     87.9,     -177.9
72,     11.11.2014 12:01:16,     66.15,     150.75,     149,     0.3,     1.5,     2.5,     6.7,     93.1,     1006.2,     323.71,     253.1,     87.8,     -177.9
73,     11.11.2014 12:11:16,     126,     273.36,     156,     0.3,     1.8,     3.5,     6.9,     93.2,     1006.2,     323.71,     253.6,     88,     -178,     13.563,     8.89,     82.6
74,     11.11.2014 12:21:16,     98.7,     213.06,     158,     0.5,     1.7,     3,     6.9,     93.1,     1006.1,     323.71,     253,     87.9,     -177.9
75,     11.11.2014 12:31:16,     79.8,     168.84,     171,     1.1,     2.6,     4,     6.9,     93.1,     1006,     323.71,     253.3,     87.9,     -177.9
76,     11.11.2014 12:41:16,     84,     182.91,     167,     0.4,     2.4,     4.1,     7.1,     93.1,     1006,     323.71,     253.6,     88,     -178
77,     11.11.2014 12:51:16,     68.25,     148.74,     177,     1.3,     2.7,     4.7,     7.2,     93.1,     1006,     323.71,     253.6,     87.9,     -177.9
78,     11.11.2014 13:01:16,     96.6,     207.03,     167,     0.3,     2.1,     3.7,     7.2,     93.1,     1005.9,     323.71,     253.3,     88,     -178
79,     11.11.2014 13:11:17,     102.9,     219.09,     156,     0.3,     1.9,     3.4,     7.3,     93.1,     1005.7,     323.71,     253.3,     87.9,     -178,     13.283,     9.27,     82.4
80,     11.11.2014 13:21:17,     58.8,     132.66,     148,     1,     2,     3,     7.3,     93.1,     1005.8,     323.71,     253.4,     87.9,     -177.9
81,     11.11.2014 13:31:17,     90.3,     190.95,     147,     0.2,     2,     3.2,     7.4,     93.1,     1005.8,     323.71,     253.1,     88,     -178
82,     11.11.2014 13:41:17,     65.1,     140.7,     156,     1,     2.1,     3.3,     7.4,     93.1,     1005.7,     323.71,     253.6,     88,     -178
83,     11.11.2014 13:51:17,     42,     92.46,     155,     0.4,     2.2,     4.1,     7.5,     93.2,     1005.7,     323.71,     253.5,     88,     -178
84,     11.11.2014 14:01:17,     42,     94.47,     144,     0.7,     2.1,     3.5,     7.4,     93.1,     1005.6,     323.71,     253.4,     88,     -178.1
85,     11.11.2014 14:11:16,     44.1,     98.49,     147,     0.6,     2.3,     4.2,     7.4,     93.1,     1005.6,     323.71,     253.8,     88,     -178,     13.090,     9.35,     82.4
86,     11.11.2014 14:21:16,     47.25,     104.52,     154,     1.2,     2.5,     4,     7.3,     93.1,     1005.5,     323.71,     253,     87.9,     -177.9
87,     11.11.2014 14:31:16,     49.35,     106.53,     139,     0.6,     2.4,     4,     7.2,     93.1,     1005.4,     323.71,     253.2,     87.9,     -177.9
88,     11.11.2014 14:41:16,     46.2,     98.49,     143,     0.4,     2.8,     4.9,     7.3,     93.1,     1005.3,     323.71,     253,     88,     -178
89,     11.11.2014 14:51:16,     24.15,     56.28,     157,     0.9,     2.3,     4.5,     7.4,     93.2,     1005.2,     323.71,     253.1,     87.9,     -177.9
90,     11.11.2014 15:01:16,     18.9,     44.22,     150,     0.6,     2.2,     4.3,     7.5,     93.2,     1005.1,     323.71,     253.4,     87.9,     -177.9
91,     11.11.2014 15:11:17,     11.55,     30.15,     137,     0.5,     2.1,     3.7,     7.6,     93.2,     1005.2,     323.71,     253.1,     87.9,     -177.9,     12.845,     8.99,     82.6
92,     11.11.2014 15:21:17,     13.65,     30.15,     134,     0.5,     1.9,     3.6,     7.6,     93.2,     1005.2,     323.71,     253.1,     88,     -178
93,     11.11.2014 15:31:17,     8.4,     22.11,     145,     0.4,     1.6,     3.5,     7.8,     93.3,     1005.3,     323.71,     253.1,     87.9,     -177.9
94,     11.11.2014 15:41:17,     6.3,     18.09,     128,     0.4,     1.6,     2.8,     7.9,     93.3,     1005.3,     323.71,     253.3,     87.9,     -177.9
95,     11.11.2014 15:51:17,     5.25,     14.07,     119,     0.2,     1.1,     2.1,     8,     93.3,     1005.2,     323.71,     253.1,     88,     -178
96,     11.11.2014 16:01:17,     5.25,     10.05,     113,     0.2,     1,     2.4,     8.1,     93.3,     1005.1,     323.71,     253.3,     88,     -178
97,     11.11.2014 16:11:17,     2.1,     4.02,     120,     0.2,     1.3,     2.6,     8.1,     93.2,     1005,     323.71,     253.3,     88,     -178,     12.698,     8.90,     82.7
98,     11.11.2014 16:21:17,     0,     4.02,     126,     0.3,     1.7,     4.2,     8.1,     93.3,     1005,     323.71,     253.2,     87.9,     -177.9
99,     11.11.2014 16:31:17,     -1.05,     0,     123,     0.4,     1.6,     3,     8.2,     93.3,     1005,     323.71,     253.3,     88,     -178
100,     11.11.2014 16:41:17,     -1.05,     -2.01,     122,     0.4,     1.6,     2.9,     8.2,     93.3,     1004.9,     323.71,     253.3,     88,     -178
101,     11.11.2014 16:51:17,     -1.05,     0,     127,     0.3,     1.7,     3.2,     8.2,     93.2,     1004.8,     323.71,     253.1,     88,     -178
102,     11.11.2014 17:01:17,     -1.05,     -2.01,     133,     0.3,     1.7,     3,     8.1,     93.2,     1004.8,     323.71,     253.2,     87.9,     -177.9
103,     11.11.2014 17:11:17,     -1.05,     0,     122,     0.4,     2.1,     4.9,     8,     93.1,     1004.6,     323.71,     253.5,     87.9,     -177.9,     12.641,     8.93,     82.7
104,     11.11.2014 17:21:17,     -1.05,     0,     116,     0.3,     1.9,     3.8,     8,     93.2,     1004.5,     323.71,     252.7,     87.9,     -177.9
105,     11.11.2014 17:31:17,     -1.05,     -2.01,     125,     0.2,     2,     4.2,     8,     93.2,     1004.6,     323.71,     253.1,     88,     -178
106,     11.11.2014 17:41:17,     -2.1,     0,     132,     0.2,     1.7,     3.5,     7.9,     93.1,     1004.5,     323.71,     253.3,     88,     -178
107,     11.11.2014 17:51:17,     -3.15,     -2.01,     125,     0.2,     1.8,     3.7,     7.8,     93.1,     1004.5,     323.71,     253.3,     88,     -178
108,     11.11.2014 18:01:17,     -4.2,     -2.01,     110,     0.4,     1.6,     3.4,     7.6,     93,     1004.4,     323.71,     252.8,     88,     -178
109,     11.11.2014 18:11:16,     -4.2,     -2.01,     120,     0.1,     1.2,     3,     7.6,     93,     1004.3,     323.71,     253.2,     88,     -178,     12.613,     8.43,     82.8
110,     11.11.2014 18:21:16,     -3.15,     -2.01,     108,     0.5,     1.7,     2.8,     7.5,     93,     1004.3,     323.71,     253.2,     88,     -178
111,     11.11.2014 18:31:16,     -4.2,     0,     105,     0.9,     1.9,     3.4,     7.5,     93,     1004.2,     323.71,     253.1,     88,     -178
112,     11.11.2014 18:41:16,     -4.2,     -2.01,     103,     0.8,     2.1,     3.7,     7.4,     93,     1004.2,     323.71,     253,     87.9,     -177.9
113,     11.11.2014 18:51:16,     -3.15,     -2.01,     111,     0.2,     1.6,     3.8,     7.4,     92.9,     1004.1,     323.71,     253.2,     87.9,     -177.9
114,     11.11.2014 19:01:16,     -4.2,     -2.01,     109,     0.2,     1.9,     4.5,     7.4,     92.8,     1004.2,     323.71,     253.2,     87.9,     -177.9
115,     11.11.2014 19:11:16,     -3.15,     -2.01,     100,     0.8,     1.9,     3.1,     7.3,     92.6,     1004.1,     323.71,     253,     88,     -178,     12.571,     7.63,     83.1
116,     11.11.2014 19:21:16,     -3.15,     -2.01,     109,     0.1,     1.6,     3.3,     7.4,     92.5,     1004,     323.71,     253.2,     87.9,     -177.9
117,     11.11.2014 19:31:16,     -5.25,     -4.02,     105,     0.5,     2,     4.1,     7.4,     92.3,     1004,     323.71,     252.9,     87.9,     -177.9
118,     11.11.2014 19:41:16,     -3.15,     0,     116,     0.5,     1.9,     4.1,     7.4,     92.2,     1004,     323.71,     253.2,     88,     -178
119,     11.11.2014 19:51:16,     -4.2,     0,     117,     0.6,     2,     4.1,     7.4,     92.1,     1003.9,     323.71,     253.3,     87.8,     -177.9
120,     11.11.2014 20:01:16,     -4.2,     0,     122,     0.5,     2.5,     5.1,     7.5,     91.9,     1003.6,     323.71,     253.4,     88,     -178
121,     11.11.2014 20:11:16,     -3.15,     -2.01,     115,     0.4,     2,     4.7,     7.5,     91.7,     1003.7,     323.71,     253.3,     88,     -178,     12.554,     7.43,     83.2
122,     11.11.2014 20:21:16,     -3.15,     -4.02,     121,     0.5,     2.2,     5.6,     7.7,     91.5,     1003.7,     323.71,     252.8,     87.9,     -177.9
123,     11.11.2014 20:31:16,     -2.1,     0,     119,     0.7,     2.6,     5.4,     7.8,     91,     1003.6,     323.71,     251.6,     87.9,     -177.9
124,     11.11.2014 20:41:16,     -2.1,     -2.01,     117,     0.7,     3.2,     6.7,     8,     90.3,     1003.6,     323.71,     252.5,     87.9,     -177.9
125,     11.11.2014 20:51:16,     -2.1,     0,     118,     0.5,     2.4,     4.8,     7.9,     89.9,     1003.5,     323.71,     253.1,     88,     -178
126,     11.11.2014 21:01:16,     -2.1,     0,     108,     0.8,     2.2,     4.5,     7.8,     90.2,     1003.5,     323.71,     253.1,     87.9,     -178
127,     11.11.2014 21:11:22,     -2.1,     -4.02,     110,     0.6,     2.2,     4.1,     7.8,     90.6,     1003.3,     323.71,     252.8,     87.9,     -177.9,     12.541,     7.76,     83.0
128,     11.11.2014 21:21:22,     -3.15,     -2.01,     117,     0.1,     2.2,     4.8,     8,     90.1,     1003.3,     323.71,     253.1,     87.9,     -177.9
129,     11.11.2014 21:31:22,     -3.15,     0,     117,     0.4,     1.6,     3.3,     7.9,     90,     1003.2,     323.71,     253.2,     88,     -178
130,     11.11.2014 21:41:22,     -4.2,     -2.01,     117,     0.1,     1.2,     2.5,     8,     90.1,     1003.2,     323.71,     253.2,     87.9,     -177.9
131,     11.11.2014 21:51:22,     -3.15,     -2.01,     126,     0.2,     1.5,     4.1,     8,     89.7,     1003.1,     323.71,     253,     87.9,     -177.9
132,     11.11.2014 22:01:22,     -3.15,     0,     122,     0.3,     1.6,     4,     8.1,     89.3,     1003.1,     323.71,     253.5,     88,     -178
133,     11.11.2014 22:11:16,     -3.15,     -2.01,     111,     0.4,     1.5,     2.9,     7.9,     89.2,     1002.9,     323.71,     253.4,     88,     -178,     12.516,     7.80,     83.0
134,     11.11.2014 22:21:16,     -3.15,     -2.01,     126,     0.4,     1.6,     2.9,     7.9,     89.4,     1002.8,     323.71,     252.9,     87.9,     -177.9
135,     11.11.2014 22:31:16,     -3.15,     0,     125,     0.1,     1.5,     3.7,     8,     89.6,     1002.6,     323.71,     253,     88,     -178
136,     11.11.2014 22:41:16,     -3.15,     -2.01,     126,     0.2,     1.5,     3.1,     8,     89.3,     1002.7,     323.71,     253.2,     87.9,     -177.9
137,     11.11.2014 22:51:16,     -4.2,     -2.01,     110,     0.1,     1.2,     3.2,     7.9,     89.1,     1002.6,     323.71,     253.1,     88,     -178
138,     11.11.2014 23:01:16,     -3.15,     0,     118,     0.2,     1.1,     2.8,     7.7,     89.3,     1002.7,     323.71,     253.2,     88.1,     -178.1
139,     11.11.2014 23:11:16,     -3.15,     0,     97,     0.8,     1.6,     2.6,     7.5,     89.7,     1002.6,     323.71,     253.1,     88,     -178,     12.501,     7.49,     83.1
140,     11.11.2014 23:21:16,     -4.2,     0,     116,     0.1,     1.4,     3.1,     7.4,     90.2,     1002.4,     323.71,     253.3,     87.9,     -177.9
141,     11.11.2014 23:31:16,     -4.2,     -2.01,     122,     0.2,     1.2,     2.7,     7.4,     90.6,     1002.4,     323.71,     253.3,     87.9,     -178
142,     11.11.2014 23:41:16,     -3.15,     -2.01,     110,     0.6,     1.8,     3.7,     7.4,     90.5,     1002.3,     323.71,     253,     88,     -178
143,     11.11.2014 23:51:16,     -4.2,     -4.02,     99,     0.8,     1.7,     3.1,     7.4,     90.3,     1002.4,     323.71,     252.7,     88,     -178
144,     12.11.2014 00:01:16,     -3.15,     0,     98,     1.4,     2.7,     4.4,     7.4,     90.4,     1002.2,     323.71,     252.8,     88,     -178,     12.404,     7.09,     83.3