Logger: #D10248 'TSK_Meteo' - USP_EXP2 (V2.10, Jan 24 2012)
No,     Time,     #1:W/m²:0,     #2:ÂµMol:(do.),     #5:deg:2,     #6:m/sMIN:(do.),     #7:m/sMIT:(do.),     #8:m/sMAX:(do.),     #9:Â°C:(do.),     #10:%:(do.),     #11:hPa:(do.),     #12:mm:(do.),     #14:AZ:3,     #15:EL:(do.),     #16:Roll:(do.),     #HK-Bat:V,     #HK-Temp:oC,     #HK-rH:%
(GSM Transfer OK / Signal:15)
1,     21.11.2014 00:11:17,     -3.15,     0,     294,     0.5,     1.5,     2.4,     5.8,     86.2,     1019.1,     323.71,     253.2,     87.9,     -177.9,     12.022,     6.52,     82.8
2,     21.11.2014 00:21:17,     -2.1,     0,     303,     0.5,     1.5,     2.4,     5.7,     86.5,     1019.1,     323.71,     253.2,     87.9,     -177.9
3,     21.11.2014 00:31:17,     -2.1,     -2.01,     309,     0.8,     1.7,     2.7,     5.6,     86.9,     1019.1,     323.71,     252.9,     88,     -178
4,     21.11.2014 00:41:17,     -1.05,     -2.01,     298,     0.9,     1.7,     2.5,     5.6,     87,     1019.1,     323.71,     253.2,     87.9,     -177.9
5,     21.11.2014 00:51:17,     -1.05,     -2.01,     300,     1.3,     2.1,     2.7,     5.6,     87.3,     1019.1,     323.71,     253.4,     88,     -178
6,     21.11.2014 01:01:17,     -2.1,     -2.01,     295,     1.4,     2.2,     3.3,     5.7,     87,     1019.1,     323.71,     253.3,     87.9,     -177.9
7,     21.11.2014 01:11:21,     -2.1,     -2.01,     287,     0.8,     1.8,     2.8,     5.7,     87.3,     1019,     323.71,     253.3,     88,     -178,     12.189,     6.15,     84.5
8,     21.11.2014 01:21:21,     -2.1,     -4.02,     296,     0.5,     1.5,     3,     5.8,     87.1,     1019,     323.71,     253.1,     87.9,     -177.9
9,     21.11.2014 01:31:21,     -2.1,     -2.01,     328,     0.1,     0.9,     1.7,     5.7,     87,     1019,     323.71,     253.2,     87.9,     -177.9
10,     21.11.2014 01:41:21,     -1.05,     -2.01,     317,     0,     0.9,     1.9,     5.7,     87.3,     1019.1,     323.71,     253.3,     87.9,     -177.9
11,     21.11.2014 01:51:21,     -1.05,     -2.01,     303,     0.7,     1.6,     2.9,     5.7,     87.2,     1019.1,     323.71,     253.4,     87.9,     -177.9
12,     21.11.2014 02:01:21,     -2.1,     -2.01,     305,     0.6,     1.7,     3,     5.7,     87.3,     1019,     323.71,     253.2,     88,     -178
13,     21.11.2014 02:11:16,     -1.05,     -2.01,     307,     0.6,     1.7,     2.7,     5.7,     87.5,     1018.9,     323.71,     253.1,     88,     -178,     12.175,     6.29,     84.5
14,     21.11.2014 02:21:16,     -2.1,     -2.01,     309,     0.6,     1.6,     2.5,     5.6,     87.4,     1018.9,     323.71,     253.3,     88,     -177.9
15,     21.11.2014 02:31:16,     -1.05,     0,     319,     0.2,     1.2,     2,     5.7,     87.9,     1018.9,     323.71,     253.2,     88,     -178
16,     21.11.2014 02:41:16,     -2.1,     -2.01,     318,     0.3,     1.2,     2.4,     5.7,     88,     1018.9,     323.71,     253.2,     87.9,     -177.9
17,     21.11.2014 02:51:16,     -1.05,     -2.01,     322,     0.3,     1.2,     2,     5.7,     87.9,     1018.8,     323.71,     253.1,     88,     -178
18,     21.11.2014 03:01:16,     -1.05,     -2.01,     331,     0.4,     1.1,     1.9,     5.6,     87.9,     1018.6,     323.71,     253.3,     87.9,     -177.9
19,     21.11.2014 03:11:17,     -2.1,     -4.02,     298,     0.7,     1.6,     2.5,     5.7,     88.3,     1018.6,     323.71,     253.3,     88.1,     -178,     12.173,     6.26,     84.5
20,     21.11.2014 03:21:17,     -1.05,     -2.01,     321,     0.4,     1.3,     2.5,     5.6,     88.4,     1018.7,     323.71,     253.1,     87.9,     -177.9
21,     21.11.2014 03:31:17,     0,     0,     330,     0.1,     1,     1.8,     5.7,     88.8,     1018.7,     323.71,     253.1,     87.9,     -177.9
22,     21.11.2014 03:41:17,     -1.05,     -4.02,     321,     0.3,     1.1,     1.9,     5.6,     88.9,     1018.6,     323.71,     253.2,     87.9,     -177.9
23,     21.11.2014 03:51:17,     -2.1,     0,     320,     0,     0.6,     1.3,     5.7,     89.2,     1018.6,     323.71,     253.2,     88,     -178
24,     21.11.2014 04:01:17,     0,     2.01,     332,     0.5,     1,     1.7,     5.7,     89.4,     1018.5,     323.71,     253.2,     87.9,     -177.9
25,     21.11.2014 04:11:17,     -2.1,     -2.01,     321,     0.3,     1,     1.9,     5.7,     89.4,     1018.4,     323.71,     253.2,     88,     -178,     12.173,     6.25,     84.6
26,     21.11.2014 04:21:17,     -1.05,     0,     316,     0.4,     1.2,     2,     5.7,     89.5,     1018.4,     323.71,     253.2,     88,     -178
27,     21.11.2014 04:31:17,     -1.05,     -2.01,     317,     0.2,     0.9,     2.1,     5.8,     89.8,     1018.4,     323.71,     253.3,     87.8,     -177.9
28,     21.11.2014 04:41:17,     -2.1,     -2.01,     315,     0.4,     1.3,     2.4,     5.8,     89.7,     1018.4,     323.71,     253.3,     87.9,     -177.9
29,     21.11.2014 04:51:17,     -1.05,     -2.01,     306,     0.5,     1.3,     2.1,     5.7,     89.6,     1018.4,     323.71,     253.3,     88,     -178
30,     21.11.2014 05:01:17,     -1.05,     -2.01,     316,     0.2,     1.3,     2.5,     5.7,     89.9,     1018.4,     323.71,     253.2,     88,     -178
31,     21.11.2014 05:11:16,     -1.05,     -2.01,     323,     0.5,     1.1,     1.8,     5.8,     90.1,     1018.3,     323.71,     253.2,     87.9,     -177.9,     12.158,     6.40,     84.5
32,     21.11.2014 05:21:16,     -1.05,     0,     326,     0.4,     1.2,     2.3,     5.8,     90.2,     1018.2,     323.71,     253.2,     88,     -178
33,     21.11.2014 05:31:16,     -2.1,     -2.01,     310,     0.4,     1.2,     2.1,     5.8,     90.5,     1018.2,     323.71,     253.3,     88.1,     -178.1
34,     21.11.2014 05:41:16,     -1.05,     0,     298,     1,     1.8,     3,     5.8,     90.5,     1018.2,     323.71,     253.3,     88,     -178
35,     21.11.2014 05:51:16,     -1.05,     0,     309,     1,     1.7,     2.9,     5.7,     90.6,     1018.2,     323.71,     253.2,     87.9,     -177.9
36,     21.11.2014 06:01:16,     -2.1,     -2.01,     308,     0.7,     1.6,     2.7,     5.7,     90.7,     1018.1,     323.71,     253.4,     87.9,     -177.9
37,     21.11.2014 06:11:16,     -2.1,     -2.01,     298,     0.2,     1.5,     2.4,     5.7,     90.8,     1018.1,     323.71,     253.2,     88,     -178,     12.173,     6.45,     84.5
38,     21.11.2014 06:21:16,     -1.05,     -2.01,     305,     0.2,     1.4,     2.3,     5.8,     90.8,     1018,     323.71,     253.2,     88,     -178
39,     21.11.2014 06:31:16,     -2.1,     -2.01,     297,     0.6,     1.4,     2.1,     5.7,     90.5,     1018,     323.71,     253.3,     87.9,     -177.9
40,     21.11.2014 06:41:16,     -2.1,     -2.01,     286,     0.4,     1.5,     2.4,     5.7,     90.5,     1017.9,     323.71,     253.2,     87.9,     -177.9
41,     21.11.2014 06:51:16,     -2.1,     -2.01,     289,     0.3,     1.2,     2.6,     5.8,     90.5,     1017.8,     323.71,     253.4,     87.9,     -177.9
42,     21.11.2014 07:01:16,     -1.05,     -2.01,     301,     0.8,     1.7,     2.5,     5.8,     90.3,     1017.9,     323.71,     253.3,     87.8,     -177.8
43,     21.11.2014 07:11:18,     -2.1,     -2.01,     299,     1,     1.7,     2.7,     5.8,     90.5,     1018,     323.71,     253.4,     88,     -178,     12.181,     6.51,     84.5
44,     21.11.2014 07:21:18,     -1.05,     -2.01,     303,     0.1,     1.1,     2.6,     5.7,     90.5,     1018,     323.71,     253.2,     87.9,     -177.9
45,     21.11.2014 07:31:18,     -1.05,     0,     294,     0.3,     1.2,     2.5,     5.8,     90.7,     1018,     323.71,     253.2,     88,     -178
46,     21.11.2014 07:41:18,     0,     2.01,     301,     0.5,     1.4,     2.4,     5.8,     90.7,     1018.2,     323.71,     253.3,     87.9,     -177.9
47,     21.11.2014 07:51:18,     2.1,     2.01,     303,     0.7,     1.7,     2.4,     5.8,     90.9,     1018.3,     323.71,     253.4,     88,     -178
48,     21.11.2014 08:01:18,     2.1,     6.03,     297,     1.1,     2,     2.8,     5.9,     91.1,     1018.3,     323.71,     253.4,     88,     -178
49,     21.11.2014 08:11:17,     4.2,     8.04,     293,     1.4,     2.4,     3.3,     5.8,     90.8,     1018.4,     323.71,     253.5,     88,     -178,     12.162,     6.57,     84.5
50,     21.11.2014 08:21:17,     4.2,     8.04,     282,     0.1,     1.3,     3.1,     6,     91.1,     1018.4,     323.71,     253.3,     88,     -178
51,     21.11.2014 08:31:17,     6.3,     16.08,     272,     0.2,     1.2,     2.4,     5.9,     90.7,     1018.4,     323.71,     253.2,     87.9,     -177.9
52,     21.11.2014 08:41:17,     11.55,     24.12,     293,     0.4,     1.4,     2.3,     5.9,     90.7,     1018.4,     323.71,     253.4,     87.9,     -177.9
53,     21.11.2014 08:51:17,     14.7,     34.17,     303,     0.8,     1.6,     2.4,     5.8,     90.5,     1018.4,     323.71,     253.3,     87.9,     -177.9
54,     21.11.2014 09:01:17,     18.9,     44.22,     306,     0.4,     1.3,     2,     5.9,     90.7,     1018.4,     323.72,     253.3,     87.9,     -177.8
55,     21.11.2014 09:11:16,     26.25,     58.29,     316,     0.4,     1.4,     2.5,     5.9,     90.7,     1018.5,     323.72,     253.3,     87.9,     -177.9,     12.262,     6.75,     84.5
56,     21.11.2014 09:21:16,     36.75,     80.4,     304,     0.9,     1.8,     2.7,     6,     90.8,     1018.5,     323.72,     253.4,     87.9,     -177.9
57,     21.11.2014 09:31:16,     35.7,     76.38,     300,     1.2,     2.2,     2.9,     6,     90.5,     1018.6,     323.72,     253.7,     88,     -177.9
58,     21.11.2014 09:41:16,     45.15,     94.47,     294,     0.7,     2,     3,     6,     90.5,     1018.5,     323.72,     253.5,     88,     -178
59,     21.11.2014 09:51:16,     48.3,     104.52,     295,     0.8,     1.9,     2.8,     6.1,     90.6,     1018.5,     323.72,     253.4,     88,     -178
60,     21.11.2014 10:01:16,     48.3,     104.52,     298,     0.9,     1.7,     2.8,     6.1,     90.4,     1018.5,     323.72,     253.3,     88,     -178
61,     21.11.2014 10:11:22,     43.05,     94.47,     294,     0.4,     1.8,     2.8,     6.2,     90.5,     1018.6,     323.72,     253.5,     87.9,     -177.9,     12.450,     7.17,     84.3
62,     21.11.2014 10:21:22,     44.1,     96.48,     308,     0.7,     1.6,     2.5,     6.2,     90.4,     1018.6,     323.72,     253.2,     88,     -178
63,     21.11.2014 10:31:22,     40.95,     90.45,     304,     0.5,     1.4,     2.5,     6.3,     90.3,     1018.6,     323.72,     253.4,     87.9,     -177.9
64,     21.11.2014 10:41:22,     43.05,     94.47,     310,     0.4,     1.4,     2.3,     6.3,     90,     1018.6,     323.72,     253.4,     88,     -178
65,     21.11.2014 10:51:22,     53.55,     114.57,     315,     0.6,     1.5,     2.8,     6.4,     89.9,     1018.6,     323.72,     253.4,     88,     -177.9
66,     21.11.2014 11:01:22,     55.65,     122.61,     311,     0.2,     1.4,     3.1,     6.4,     89.5,     1018.6,     323.72,     253.3,     87.9,     -177.9
67,     21.11.2014 11:11:16,     48.3,     104.52,     304,     0.5,     1.8,     3.2,     6.4,     89.4,     1018.6,     323.72,     253.2,     87.8,     -177.9,     12.584,     7.66,     84.3
68,     21.11.2014 11:21:16,     50.4,     108.54,     312,     0.7,     1.7,     3,     6.5,     89,     1018.6,     323.72,     253.3,     88,     -178
69,     21.11.2014 11:31:16,     65.1,     140.7,     316,     0.5,     1.5,     2.5,     6.6,     88.9,     1018.6,     323.72,     253.7,     88,     -178
70,     21.11.2014 11:41:16,     65.1,     142.71,     306,     0.6,     1.8,     2.8,     6.6,     88.4,     1018.5,     323.72,     253.5,     88,     -178
71,     21.11.2014 11:51:16,     52.5,     114.57,     302,     1,     1.7,     2.5,     6.6,     88.3,     1018.5,     323.72,     253.1,     88,     -178
72,     21.11.2014 12:01:16,     45.15,     98.49,     307,     0.4,     1.4,     2.4,     6.6,     87.8,     1018.5,     323.72,     253.3,     88,     -178
73,     21.11.2014 12:11:16,     65.1,     140.7,     302,     0.5,     1.6,     2.6,     6.6,     87.3,     1018.4,     323.72,     253.4,     87.9,     -177.9,     12.461,     8.05,     84.1
74,     21.11.2014 12:21:16,     75.6,     160.8,     290,     0.8,     1.5,     2.6,     6.7,     87.1,     1018.3,     323.72,     253.5,     87.9,     -177.9
75,     21.11.2014 12:31:16,     47.25,     96.48,     308,     0.6,     1.2,     1.9,     6.7,     86.2,     1018.4,     323.72,     253.3,     87.9,     -177.9
76,     21.11.2014 12:41:16,     66.15,     140.7,     305,     0.8,     1.7,     2.5,     6.7,     86.4,     1018.3,     323.72,     73.5,     87.9,     -2
77,     21.11.2014 12:51:16,     72.45,     152.76,     299,     0.8,     1.7,     2.8,     6.8,     86.3,     1018.3,     323.72,     253.4,     88,     -178
78,     21.11.2014 13:01:16,     71.4,     148.74,     293,     0.9,     1.7,     2.8,     6.8,     85.6,     1018.2,     323.72,     253.5,     87.9,     -177.9
79,     21.11.2014 13:11:16,     69.3,     142.71,     287,     1,     1.8,     2.7,     6.8,     85.6,     1018.1,     323.72,     253.5,     88,     -178,     12.609,     8.40,     84.0
80,     21.11.2014 13:21:16,     58.8,     124.62,     283,     0.8,     1.6,     2.4,     6.9,     85.9,     1018.1,     323.72,     253.6,     87.9,     -177.9
81,     21.11.2014 13:31:16,     50.4,     104.52,     280,     0.9,     1.8,     3.2,     6.9,     85.9,     1018.2,     323.72,     253.4,     87.9,     -177.9
82,     21.11.2014 13:41:16,     31.5,     66.33,     304,     1,     2.2,     3.2,     6.9,     86,     1018.2,     323.72,     253.3,     87.8,     -177.9
83,     21.11.2014 13:51:16,     40.95,     86.43,     304,     0.8,     1.8,     3.3,     6.9,     86.2,     1018.2,     323.72,     253.5,     87.9,     -177.9
84,     21.11.2014 14:01:16,     36.75,     70.35,     289,     1.2,     1.9,     2.9,     6.9,     86.3,     1018.1,     323.72,     253.4,     87.9,     -177.9
85,     21.11.2014 14:11:16,     39.9,     84.42,     317,     0.6,     1.4,     2.5,     6.9,     86.5,     1018,     323.72,     253.3,     88,     -178,     12.567,     8.35,     84.0
86,     21.11.2014 14:21:16,     42,     86.43,     302,     0.9,     1.8,     2.9,     6.8,     85.9,     1017.9,     323.72,     253.5,     88,     -178
87,     21.11.2014 14:31:16,     37.8,     80.4,     296,     0.8,     1.7,     2.5,     6.8,     86,     1017.7,     323.72,     253.5,     87.9,     -177.9
88,     21.11.2014 14:41:16,     35.7,     76.38,     296,     0.9,     1.7,     2.7,     6.7,     85.9,     1017.6,     323.72,     253.3,     88,     -177.9
89,     21.11.2014 14:51:16,     33.6,     70.35,     282,     0.2,     1.4,     2.2,     6.7,     85.8,     1017.5,     323.72,     253.4,     87.9,     -177.9
90,     21.11.2014 15:01:16,     26.25,     54.27,     281,     0.9,     1.7,     2.7,     6.8,     85.6,     1017.6,     323.72,     253.4,     88,     -178
91,     21.11.2014 15:11:22,     13.65,     32.16,     295,     1,     1.7,     2.4,     6.8,     86.3,     1017.7,     323.72,     253.5,     88,     -178,     12.491,     7.99,     84.1
92,     21.11.2014 15:21:22,     9.45,     22.11,     281,     1.1,     2,     2.9,     6.8,     85.6,     1017.7,     323.72,     253.5,     88,     -178
93,     21.11.2014 15:31:22,     8.4,     22.11,     286,     0.7,     1.6,     2.4,     6.8,     85.9,     1017.8,     323.72,     253.4,     88,     -178
94,     21.11.2014 15:41:22,     6.3,     18.09,     302,     0.8,     2,     3,     6.6,     85.7,     1017.8,     323.72,     253.4,     87.9,     -177.9
95,     21.11.2014 15:51:22,     4.2,     10.05,     290,     0.9,     1.8,     2.5,     6.6,     86.1,     1017.7,     323.72,     253.4,     87.9,     -177.9
96,     21.11.2014 16:01:22,     2.1,     6.03,     277,     1.1,     1.9,     2.7,     6.6,     86.2,     1017.6,     323.72,     253.4,     88,     -178
97,     21.11.2014 16:11:16,     -1.05,     0,     268,     0.7,     1.7,     2.7,     6.6,     86.8,     1017.5,     323.72,     253.4,     88.1,     -178,     12.342,     7.41,     84.3
98,     21.11.2014 16:21:16,     -1.05,     0,     248,     0.6,     1.5,     2.2,     6.4,     86,     1017.5,     323.72,     253.5,     88,     -178
99,     21.11.2014 16:31:16,     -1.05,     0,     247,     0.5,     1.4,     2.4,     6.3,     85.5,     1017.5,     323.72,     253.4,     88,     -178
100,     21.11.2014 16:41:16,     -2.1,     0,     246,     0.8,     1.4,     2.2,     6.3,     85.7,     1017.4,     323.72,     253.4,     87.9,     -178
101,     21.11.2014 16:51:16,     -2.1,     -2.01,     240,     0.4,     1.2,     2,     6.3,     86,     1017.4,     323.72,     253.4,     87.9,     -177.9
102,     21.11.2014 17:01:16,     -2.1,     0,     225,     0.6,     1.2,     1.9,     6.2,     86.4,     1017.5,     323.72,     253.3,     87.9,     -177.9
103,     21.11.2014 17:11:16,     -1.05,     -2.01,     226,     0.5,     1,     1.5,     6.2,     86.9,     1017.4,     323.72,     253.3,     88,     -178,     12.276,     6.75,     84.5
104,     21.11.2014 17:21:16,     -3.15,     -2.01,     255,     0.5,     1.4,     2.2,     6.1,     87.5,     1017.5,     323.72,     253.3,     87.9,     -177.9
105,     21.11.2014 17:31:16,     -3.15,     -4.02,     254,     0.3,     1.3,     2,     6.1,     87.3,     1017.5,     323.72,     253.4,     87.9,     -177.9
106,     21.11.2014 17:41:16,     -2.1,     0,     254,     0.7,     1.2,     2,     6.1,     87.2,     1017.5,     323.72,     253.3,     88,     -178
107,     21.11.2014 17:51:16,     -2.1,     0,     233,     0,     1,     2,     6.1,     87.2,     1017.5,     323.72,     253.2,     87.9,     -178
108,     21.11.2014 18:01:16,     -2.1,     0,     293,     0,     0.7,     1.3,     6.1,     87.2,     1017.6,     323.72,     253.2,     88,     -178
109,     21.11.2014 18:11:16,     -2.1,     -4.02,     331,     0.5,     1.1,     1.6,     6,     87.4,     1017.6,     323.72,     253.3,     88,     -178,     12.221,     6.37,     84.7
110,     21.11.2014 18:21:16,     -1.05,     -2.01,     307,     0.5,     1.1,     1.7,     5.9,     87.7,     1017.6,     323.72,     253.2,     88,     -178
111,     21.11.2014 18:31:16,     -3.15,     -2.01,     321,     0.4,     0.8,     1.5,     5.9,     88.1,     1017.6,     323.72,     253.2,     88,     -178
112,     21.11.2014 18:41:16,     -1.05,     -2.01,     312,     0.2,     0.8,     1.6,     5.9,     88.6,     1017.6,     323.72,     253.4,     88,     -178
113,     21.11.2014 18:51:16,     -2.1,     0,     214,     0.8,     1.4,     1.8,     5.8,     88.8,     1017.7,     323.72,     253.3,     87.9,     -177.9
114,     21.11.2014 19:01:16,     -1.05,     2.01,     221,     0.5,     1.2,     1.7,     5.9,     89.3,     1017.7,     323.72,     253.3,     87.9,     -177.9
115,     21.11.2014 19:11:17,     -3.15,     -2.01,     224,     0.2,     1,     1.6,     5.9,     89.4,     1017.6,     323.72,     253.2,     88,     -178,     12.206,     6.13,     84.7
116,     21.11.2014 19:21:17,     -2.1,     -2.01,     203,     0.5,     1,     1.5,     5.8,     89.6,     1017.6,     323.72,     253.2,     88,     -178
117,     21.11.2014 19:31:17,     -2.1,     -2.01,     200,     0.3,     1,     1.5,     5.7,     89.6,     1017.6,     323.72,     253.2,     87.9,     -178
118,     21.11.2014 19:41:17,     -3.15,     -2.01,     239,     0.3,     1,     1.5,     5.7,     89.9,     1017.6,     323.72,     253.2,     88,     -178
119,     21.11.2014 19:51:17,     -2.1,     -4.02,     200,     0.6,     1.2,     1.9,     5.6,     89.7,     1017.6,     323.72,     253.1,     88,     -178
120,     21.11.2014 20:01:17,     -2.1,     0,     203,     0.6,     1.2,     2,     5.6,     89.9,     1017.6,     323.72,     253.2,     88,     -178
121,     21.11.2014 20:11:16,     -2.1,     0,     211,     0.8,     1.3,     1.8,     5.6,     89.9,     1017.7,     323.72,     253.2,     87.9,     -177.9,     12.173,     5.91,     84.7
122,     21.11.2014 20:21:16,     -2.1,     0,     230,     0.6,     1.3,     1.9,     5.6,     90.3,     1017.8,     323.72,     253.3,     87.9,     -177.9
123,     21.11.2014 20:31:16,     -3.15,     -2.01,     211,     0.6,     1.2,     1.8,     5.5,     90.2,     1017.9,     323.72,     253.2,     88,     -178
124,     21.11.2014 20:41:16,     -3.15,     -2.01,     207,     0.7,     1.2,     1.6,     5.4,     90.4,     1018,     323.72,     253.3,     88,     -178
125,     21.11.2014 20:51:16,     -2.1,     -4.02,     223,     1,     1.4,     2,     5.4,     90.6,     1018,     323.72,     253.3,     87.9,     -177.9
126,     21.11.2014 21:01:16,     -3.15,     0,     221,     0.7,     1.2,     1.8,     5.3,     90.3,     1018.1,     323.72,     253.3,     87.9,     -177.9
127,     21.11.2014 21:11:16,     -2.1,     0,     230,     0.3,     1.2,     2.1,     5.3,     90.1,     1018.1,     323.72,     253.5,     87.9,     -177.9,     12.166,     5.69,     84.8
128,     21.11.2014 21:21:16,     -3.15,     0,     237,     0.9,     1.8,     2.7,     5.1,     89.8,     1018.1,     323.72,     253.2,     88,     -178
129,     21.11.2014 21:31:16,     -3.15,     -2.01,     225,     0.9,     1.7,     2.6,     5.1,     89.8,     1018.1,     323.72,     253.2,     87.9,     -177.9
130,     21.11.2014 21:41:16,     -4.2,     -2.01,     204,     1.1,     1.5,     2.3,     4.8,     89.8,     1018.1,     323.72,     253.1,     87.9,     -177.9
131,     21.11.2014 21:51:16,     -3.15,     0,     188,     1,     1.7,     2.6,     4.5,     90,     1018.1,     323.72,     253.4,     87.9,     -177.9
132,     21.11.2014 22:01:16,     -4.2,     2.01,     205,     0.9,     1.7,     2.5,     4.2,     90.2,     1018.1,     323.72,     253.2,     88,     -178
133,     21.11.2014 22:11:16,     -2.1,     -2.01,     187,     0.9,     1.9,     2.9,     4,     90.6,     1018.1,     323.72,     253.2,     88,     -178,     12.162,     4.86,     84.9
134,     21.11.2014 22:21:16,     -2.1,     -2.01,     203,     1.5,     2.4,     3.5,     4,     91.3,     1018.1,     323.72,     253.3,     88,     -178
135,     21.11.2014 22:31:16,     -1.05,     -2.01,     202,     1.6,     2.8,     4.3,     3.7,     91.4,     1018.1,     323.72,     253.3,     88,     -178
136,     21.11.2014 22:41:16,     -2.1,     -2.01,     201,     1.8,     2.6,     3.7,     3.5,     91.6,     1018.1,     323.72,     253.3,     87.9,     -177.9
137,     21.11.2014 22:51:16,     -1.05,     -2.01,     206,     2,     3.1,     4.5,     3.2,     91.7,     1018.1,     323.72,     253.5,     88,     -178
138,     21.11.2014 23:01:16,     -2.1,     -2.01,     209,     1.7,     2.8,     4.1,     2.9,     91.9,     1018.1,     323.72,     253.9,     87.9,     -177.9
139,     21.11.2014 23:11:16,     -2.1,     -2.01,     210,     1.6,     2.6,     4.3,     2.8,     92.1,     1018.1,     323.72,     253.3,     87.9,     -177.9,     12.433,     4.42,     85.0
140,     21.11.2014 23:21:16,     -3.15,     -4.02,     215,     1.3,     2.4,     3.4,     3,     92.4,     1018,     323.72,     253.6,     88,     -178
141,     21.11.2014 23:31:16,     -2.1,     -2.01,     218,     1.3,     2.4,     3.4,     2.9,     92.4,     1017.9,     323.72,     253.5,     88,     -178
142,     21.11.2014 23:41:16,     -2.1,     -2.01,     225,     1.1,     1.9,     2.8,     2.9,     92.4,     1018,     323.72,     253.5,     87.9,     -177.9
143,     21.11.2014 23:51:16,     -3.15,     -4.02,     230,     0.8,     1.8,     2.7,     2.7,     92.4,     1018.1,     323.72,     253.1,     87.9,     -177.9
144,     22.11.2014 00:01:17,     -2.1,     -2.01,     220,     0.7,     1.9,     2.7,     2.7,     92.4,     1018.1,     323.72,     253.1,     88,     -178,     12.550,     3.94,     85.2
(GSM ERROR Connect GPRS: No APN / Signal:15 / 22.11.2014 00:01:17)