Logger: #D10248 'TSK_Meteo' - USP_EXP2 (V2.10, Jan 24 2012)
No,     Time,     #1:W/m²:0,     #2:ÂµMol:(do.),     #5:deg:2,     #6:m/sMIN:(do.),     #7:m/sMIT:(do.),     #8:m/sMAX:(do.),     #9:Â°C:(do.),     #10:%:(do.),     #11:hPa:(do.),     #12:mm:(do.),     #14:AZ:3,     #15:EL:(do.),     #16:Roll:(do.),     #HK-Bat:V,     #HK-Temp:oC,     #HK-rH:%
(GSM Transfer OK / Signal:13)
1,     04.01.2015 00:11:17,     -2.1,     -2.01,     332,     3.4,     5.7,     9.4,     3.6,     81.7,     1004,     383.94,     253.7,     87.9,     -177.9,     12.541,     4.51,     87.4
2,     04.01.2015 00:21:17,     -2.1,     0,     330,     2.2,     5.5,     9.2,     3.6,     81.1,     1004.1,     383.94,     73.9,     87.8,     -2.1
3,     04.01.2015 00:31:17,     -1.05,     0,     332,     2.5,     5.1,     9.1,     3.7,     81.2,     1004.3,     383.94,     74,     88.1,     -1.8
4,     04.01.2015 00:41:17,     -1.05,     -2.01,     336,     2.4,     4.9,     9.4,     3.7,     81.5,     1004.6,     383.94,     72.7,     88,     -1.9
5,     04.01.2015 00:51:17,     -1.05,     0,     338,     3,     4.8,     8.8,     3.6,     81.3,     1004.7,     383.94,     253,     87.9,     -177.9
6,     04.01.2015 01:01:17,     -1.05,     0,     339,     2.5,     4.5,     7.2,     3.6,     81.8,     1004.8,     383.94,     253.1,     88,     -178
7,     04.01.2015 01:11:16,     -1.05,     0,     341,     2.7,     5.1,     8.3,     3.7,     81.4,     1005,     383.94,     73.3,     87.7,     -2.2,     12.535,     4.22,     89.3
8,     04.01.2015 01:21:16,     -2.1,     -2.01,     337,     2.7,     5.1,     9.3,     3.6,     81.6,     1004.8,     383.94,     74.2,     87.9,     -2
9,     04.01.2015 01:31:16,     -3.15,     -2.01,     335,     2.9,     5.5,     8.4,     3.5,     81.5,     1004.9,     383.94,     74.2,     87.7,     -2.2
10,     04.01.2015 01:41:16,     -2.1,     -2.01,     335,     2.2,     4.7,     8,     3.5,     82.1,     1005.1,     383.94,     74.3,     88.2,     -1.7
11,     04.01.2015 01:51:16,     -2.1,     -2.01,     337,     2.5,     4.9,     7.5,     3.6,     81.9,     1005.3,     383.94,     74.5,     88.1,     -1.8
12,     04.01.2015 02:01:16,     -2.1,     -2.01,     332,     2.8,     5.1,     8.5,     3.5,     82.3,     1005.4,     383.94,     75.3,     88,     -1.9
13,     04.01.2015 02:11:17,     -2.1,     0,     332,     2.4,     5.5,     9.3,     3.4,     82.5,     1005.6,     383.94,     74.5,     88.1,     -1.8,     12.518,     4.11,     89.4
14,     04.01.2015 02:21:17,     -3.15,     -4.02,     333,     2.8,     5.3,     8.9,     3.4,     82.7,     1005.9,     383.94,     75.7,     87.5,     -2.3
15,     04.01.2015 02:31:17,     -2.1,     0,     332,     2.4,     4.8,     8.1,     3.4,     83,     1006,     383.94,     253,     88.3,     -178.3
16,     04.01.2015 02:41:17,     -3.15,     -2.01,     336,     2.3,     4.5,     7.5,     3.4,     83.2,     1006.1,     383.94,     74.2,     87.8,     -2.1
17,     04.01.2015 02:51:17,     -2.1,     0,     338,     2.4,     4.6,     8.3,     3.4,     82.8,     1006.3,     383.94,     73.6,     87.6,     -2.3
18,     04.01.2015 03:01:17,     -3.15,     -4.02,     338,     2.9,     4.9,     7.8,     3.5,     82.6,     1006.4,     383.94,     73.9,     88,     -1.9
19,     04.01.2015 03:11:16,     -3.15,     -2.01,     337,     2.5,     4.6,     6.6,     3.5,     82.7,     1006.5,     383.94,     254.1,     88.1,     -178.1,     12.921,     3.93,     89.4
20,     04.01.2015 03:21:16,     -4.2,     -2.01,     334,     2.1,     4.2,     7.3,     3.5,     82.6,     1006.6,     383.94,     253.5,     87.7,     -177.8
21,     04.01.2015 03:31:16,     -2.1,     -2.01,     341,     2.6,     4.5,     7.4,     3.6,     81.6,     1006.9,     383.94,     73.2,     87.8,     -2.1
22,     04.01.2015 03:41:16,     -4.2,     -4.02,     339,     2.4,     4.9,     8.5,     3.7,     80.6,     1006.8,     383.94,     74.1,     87.8,     -2.1
23,     04.01.2015 03:51:16,     -3.15,     0,     338,     3,     5.3,     8.5,     3.8,     79.8,     1007,     383.94,     252.6,     88.5,     -178.5
24,     04.01.2015 04:01:16,     -1.05,     0,     343,     2.7,     5.2,     9.8,     3.9,     79.7,     1007.1,     383.94,     73.5,     88,     -1.8
25,     04.01.2015 04:11:16,     -3.15,     -2.01,     341,     3,     6,     10.5,     3.9,     79.2,     1007.2,     383.94,     74,     88.5,     -1.4,     12.717,     3.81,     89.5
26,     04.01.2015 04:21:16,     -2.1,     0,     343,     2.9,     5.9,     9.1,     3.9,     78.7,     1007.2,     383.94,     74.2,     86.4,     -3.5
27,     04.01.2015 04:31:16,     -4.2,     -2.01,     343,     3.5,     6.2,     10.9,     3.9,     78.2,     1007.4,     383.94,     75.1,     88.4,     -1.4
28,     04.01.2015 04:41:16,     -2.1,     0,     341,     3.1,     6.3,     11.1,     3.8,     78.7,     1007.6,     383.94,     74.7,     87.1,     -2.6
29,     04.01.2015 04:51:16,     -3.15,     -2.01,     343,     3.2,     5.7,     8.9,     3.7,     79.4,     1007.8,     383.94,     253.2,     86.2,     -176.2
30,     04.01.2015 05:01:16,     -4.2,     -2.01,     343,     3.1,     5.1,     8.8,     3.6,     79.9,     1007.9,     383.94,     254,     88.1,     -178.2
31,     04.01.2015 05:11:17,     -4.2,     -4.02,     342,     3,     5.2,     7.4,     3.6,     80,     1008.1,     383.94,     73.3,     87.5,     -2.4,     12.624,     3.77,     89.4
32,     04.01.2015 05:21:17,     -2.1,     -2.01,     343,     3.2,     5.4,     8.6,     3.6,     80.2,     1008.3,     383.94,     253.9,     88.2,     -178.2
33,     04.01.2015 05:31:17,     -2.1,     0,     338,     3.4,     5.7,     9.2,     3.5,     80.3,     1008.3,     383.94,     254.9,     87.7,     -177.7
34,     04.01.2015 05:41:17,     -3.15,     0,     338,     2.5,     5.2,     9.2,     3.4,     81.2,     1008.6,     383.94,     74,     88.1,     -1.8
35,     04.01.2015 05:51:17,     -3.15,     -2.01,     341,     3.1,     5.1,     7.8,     3.4,     81,     1008.8,     383.94,     252.8,     87.6,     -177.6
36,     04.01.2015 06:01:17,     -3.15,     0,     338,     3.1,     5.3,     8.4,     3.3,     81.1,     1008.8,     383.94,     73.8,     88.2,     -1.6
37,     04.01.2015 06:11:16,     -3.15,     0,     338,     2.7,     6,     10.7,     3.4,     80.5,     1008.9,     383.94,     73.5,     87.6,     -2.3,     12.567,     3.70,     89.5
38,     04.01.2015 06:21:16,     -3.15,     0,     338,     3.1,     5.2,     8.4,     3.3,     80.8,     1009.1,     383.94,     73.9,     87.3,     -2.5
39,     04.01.2015 06:31:16,     -3.15,     -2.01,     339,     2.8,     5.4,     8.4,     3.3,     80.6,     1009.2,     383.94,     253.7,     87.3,     -177.3
40,     04.01.2015 06:41:16,     -5.25,     -2.01,     342,     2.6,     5,     7.6,     3.2,     80.5,     1009.3,     383.94,     74.9,     87.5,     -2.3
41,     04.01.2015 06:51:16,     -5.25,     -2.01,     341,     2.7,     5.2,     7.8,     3.1,     80.6,     1009.4,     383.94,     74.1,     88,     -1.9
42,     04.01.2015 07:01:16,     -5.25,     -2.01,     344,     2.7,     4.9,     7.6,     3,     80.2,     1009.5,     383.94,     73.6,     88.3,     -1.6
43,     04.01.2015 07:11:17,     -5.25,     -2.01,     342,     2.6,     4.5,     8.2,     2.9,     80,     1009.7,     383.94,     253.8,     88.2,     -178.2,     12.518,     3.04,     89.5
44,     04.01.2015 07:21:17,     -4.2,     -2.01,     339,     2.6,     4.3,     6.8,     2.8,     80,     1009.8,     383.94,     252.8,     87.8,     -177.8
45,     04.01.2015 07:31:17,     -5.25,     -2.01,     337,     1.9,     3.9,     7,     2.6,     80.9,     1010,     383.94,     73.5,     88,     -2
46,     04.01.2015 07:41:17,     -5.25,     -2.01,     336,     1.8,     3.4,     6,     2.5,     81.6,     1010.1,     383.94,     253.2,     87.9,     -177.9
47,     04.01.2015 07:51:17,     -5.25,     -4.02,     336,     1.7,     3.1,     4.9,     2.3,     82.1,     1010.2,     383.94,     73.5,     87.9,     -2
48,     04.01.2015 08:01:17,     -3.15,     0,     332,     1.8,     3.6,     5.6,     2.4,     82.2,     1010.3,     383.94,     73.2,     88,     -2
49,     04.01.2015 08:11:16,     -2.1,     2.01,     333,     2.1,     3.9,     6.3,     2.3,     82.3,     1010.5,     383.94,     73,     87.9,     -2,     12.499,     2.10,     89.8
50,     04.01.2015 08:21:16,     -1.05,     2.01,     335,     2.2,     3.9,     6.4,     2.4,     81.8,     1010.6,     383.94,     73.8,     88,     -1.9
51,     04.01.2015 08:31:16,     3.15,     10.05,     335,     1.3,     3.8,     6.3,     2.3,     81.9,     1010.8,     383.94,     74.2,     87.9,     -2
52,     04.01.2015 08:41:16,     8.4,     22.11,     334,     2.4,     4.1,     6.1,     2.4,     81.5,     1010.9,     383.94,     253.7,     88,     -178
53,     04.01.2015 08:51:16,     21,     36.18,     336,     2.1,     4.2,     6.4,     2.4,     81.6,     1011.2,     383.94,     253.5,     88,     -177.9
54,     04.01.2015 09:01:16,     33.6,     54.27,     337,     2.7,     4.3,     7.3,     2.5,     81.5,     1011.4,     383.94,     74.3,     87.9,     -1.9
55,     04.01.2015 09:11:16,     50.4,     76.38,     335,     2.3,     4.2,     6.3,     2.5,     81.5,     1011.5,     383.94,     253.8,     87.7,     -177.7,     14.424,     2.25,     90.2
56,     04.01.2015 09:21:16,     33.6,     70.35,     334,     2.4,     4.6,     6.9,     2.6,     81.2,     1011.6,     383.94,     73.3,     87.9,     -2
57,     04.01.2015 09:31:16,     42,     82.41,     336,     2.8,     4.8,     8.7,     2.7,     80.6,     1011.7,     383.94,     74.2,     87.8,     -2.1
58,     04.01.2015 09:41:16,     28.35,     72.36,     338,     2.6,     4.9,     8.1,     2.8,     80.6,     1011.9,     383.94,     73.3,     87.5,     -2.3
59,     04.01.2015 09:51:16,     94.5,     162.81,     339,     2.4,     4.9,     7.7,     2.9,     80.2,     1012.1,     383.94,     73.8,     88.3,     -1.7
60,     04.01.2015 10:01:16,     107.1,     184.92,     339,     2.4,     4.8,     7.5,     3.1,     79.4,     1012.2,     383.94,     73.7,     88.1,     -1.8
61,     04.01.2015 10:11:16,     121.8,     215.07,     344,     2.8,     4.9,     8.5,     3.3,     78.6,     1012.5,     383.94,     74.6,     88.4,     -1.5,     13.498,     3.23,     90.0
62,     04.01.2015 10:21:16,     132.3,     235.17,     345,     3,     4.9,     7.9,     3.4,     77.5,     1012.7,     383.94,     73.5,     88.5,     -1.4
63,     04.01.2015 10:31:16,     162.75,     283.41,     347,     2.9,     4.7,     7.2,     3.6,     77,     1012.8,     383.94,     73.8,     88.1,     -1.8
64,     04.01.2015 10:41:16,     163.8,     293.46,     345,     2.9,     5.2,     7.9,     3.7,     76,     1012.9,     383.94,     74.7,     87.5,     -2.4
65,     04.01.2015 10:51:16,     176.4,     297.48,     343,     2.2,     4.7,     7.1,     3.8,     76.7,     1013.2,     383.94,     253.8,     87.9,     -177.9
66,     04.01.2015 11:01:16,     178.5,     321.6,     339,     2.6,     5.4,     9.8,     3.9,     76.2,     1013.2,     383.94,     254.1,     88.2,     -178.4
67,     04.01.2015 11:11:17,     181.65,     323.61,     345,     3.1,     5.9,     9.6,     4.1,     74.3,     1013.3,     383.94,     74,     87.9,     -2.1,     13.614,     5.26,     89.4
68,     04.01.2015 11:21:17,     202.65,     359.79,     349,     3.7,     5.8,     10.7,     4.3,     72.1,     1013.3,     383.94,     253.1,     86.9,     -176.9
69,     04.01.2015 11:31:17,     138.6,     305.52,     351,     4.4,     7,     11.1,     4.5,     70.3,     1013.4,     383.94,     73.3,     88.4,     -1.3
70,     04.01.2015 11:41:17,     68.25,     146.73,     352,     3.6,     7.3,     11,     4.5,     69.4,     1013.5,     383.94,     253.4,     88.6,     179.1
71,     04.01.2015 11:51:17,     201.6,     391.95,     350,     4,     6.7,     10.1,     4.5,     68.6,     1013.5,     383.94,     73.8,     87.5,     -2.3
72,     04.01.2015 12:01:17,     101.85,     211.05,     350,     4,     6.9,     10.1,     4.6,     68.4,     1013.7,     383.94,     76,     89.2,     -0.1
73,     04.01.2015 12:11:16,     252,     430.14,     354,     4.2,     7.1,     12.7,     4.6,     67.2,     1013.8,     383.94,     253.7,     87.1,     -177.1,     13.567,     6.19,     89.1
74,     04.01.2015 12:21:16,     101.85,     196.98,     349,     3.4,     6,     9.2,     4.7,     69.8,     1013.9,     383.94,     254.1,     85.2,     -175.2
75,     04.01.2015 12:31:16,     95.55,     186.93,     351,     2.6,     6.3,     10.4,     4.6,     69.1,     1013.9,     383.94,     75.4,     87.8,     -1.9
76,     04.01.2015 12:41:16,     107.1,     207.03,     353,     3.3,     6.2,     10.6,     4.6,     68.4,     1014,     383.94,     73.3,     85.8,     -4
77,     04.01.2015 12:51:16,     111.3,     209.04,     355,     3.5,     6.7,     11.5,     4.6,     68.4,     1014.1,     383.94,     252.7,     87.4,     -177.4
78,     04.01.2015 13:01:16,     123.9,     233.16,     355,     3.4,     6.2,     10.7,     4.6,     68.8,     1014.1,     383.94,     253.2,     84.8,     -174.8
79,     04.01.2015 13:11:17,     116.55,     219.09,     351,     2.6,     6,     9.2,     4.7,     69.9,     1014.2,     383.94,     253.6,     86.9,     -176.9,     13.737,     5.99,     89.0
80,     04.01.2015 13:21:17,     95.55,     182.91,     349,     3.4,     6.3,     10.3,     4.7,     70,     1014.3,     383.94,     74.9,     88.2,     -1.6
81,     04.01.2015 13:31:17,     94.5,     182.91,     348,     3.4,     6.3,     9.7,     4.7,     70.6,     1014.4,     383.94,     254.5,     89,     -179
82,     04.01.2015 13:41:17,     121.8,     231.15,     346,     4.2,     6.6,     10.3,     4.7,     70.5,     1014.5,     383.94,     255.4,     87.1,     -177.1
83,     04.01.2015 13:51:17,     76.65,     142.71,     349,     3.5,     6.4,     10.6,     4.7,     71,     1014.6,     383.94,     74.9,     86.3,     -3.5
84,     04.01.2015 14:01:17,     74.55,     146.73,     345,     2.9,     6.4,     12,     4.7,     70.1,     1014.7,     383.94,     73.3,     86.9,     -3
85,     04.01.2015 14:11:16,     66.15,     126.63,     351,     2.8,     5.5,     10,     4.7,     71.4,     1014.7,     383.94,     74.5,     87.7,     -2.2,     13.763,     5.83,     89.0
86,     04.01.2015 14:21:16,     55.65,     112.56,     351,     3.2,     6,     9.9,     4.7,     71.6,     1014.7,     383.94,     74.4,     86.6,     -3.3
87,     04.01.2015 14:31:16,     29.4,     74.37,     347,     4,     6.3,     10.2,     4.6,     72.4,     1014.7,     383.94,     74.5,     86.5,     -3.4
88,     04.01.2015 14:41:16,     48.3,     102.51,     348,     4.1,     6.9,     12.1,     4.5,     72,     1014.9,     383.94,     73.9,     87.8,     -2.1
89,     04.01.2015 14:51:16,     35.7,     76.38,     355,     2.7,     6.2,     10.5,     4.5,     71.3,     1015,     383.94,     252.4,     87.8,     -177.9
90,     04.01.2015 15:01:16,     33.6,     68.34,     355,     3.1,     5.9,     11.7,     4.5,     71.5,     1015.3,     383.94,     74.7,     87.7,     -2.2
91,     04.01.2015 15:11:16,     32.55,     58.29,     356,     3.4,     6,     10.8,     4.6,     71.3,     1015.4,     383.94,     74,     86.4,     -3.5,     13.695,     5.24,     89.1
92,     04.01.2015 15:21:16,     44.1,     68.34,     355,     2.6,     5.9,     10,     4.6,     71.3,     1015.5,     383.94,     253.1,     87,     -177
93,     04.01.2015 15:31:16,     22.05,     38.19,     359,     3.4,     6.5,     10.8,     4.6,     71.3,     1015.7,     383.94,     73.6,     89.3,     -0.6
94,     04.01.2015 15:41:16,     8.4,     24.12,     357,     3.2,     6.2,     11.1,     4.5,     70.6,     1015.7,     383.94,     75.2,     88.7,     -1.2
95,     04.01.2015 15:51:16,     4.2,     18.09,     359,     3.4,     5.9,     9.1,     4.4,     71.4,     1015.8,     383.94,     74.1,     87,     -2.8
96,     04.01.2015 16:01:16,     1.05,     8.04,     3,     3,     5.2,     8.3,     4.3,     73.2,     1015.9,     383.94,     253.1,     88.1,     -178.2
97,     04.01.2015 16:11:17,     0,     4.02,     2,     3,     5.2,     9,     4.3,     71.4,     1016.2,     383.94,     73.1,     87.4,     -2.5,     12.847,     4.80,     89.2
98,     04.01.2015 16:21:17,     -2.1,     0,     1,     3.7,     6,     9.3,     4.2,     70,     1016.4,     383.94,     253.5,     86.9,     -177.1
99,     04.01.2015 16:31:17,     -4.2,     0,     0,     3.3,     5.5,     9.3,     4,     70.9,     1016.6,     383.94,     72.7,     88.3,     -1.5
100,     04.01.2015 16:41:17,     -3.15,     -2.01,     0,     3.7,     5.5,     8.1,     4,     70,     1016.8,     383.94,     253.6,     88.2,     -178.2
101,     04.01.2015 16:51:17,     -4.2,     0,     1,     3.3,     5.1,     7.9,     3.9,     71.1,     1017,     383.94,     253.8,     87.4,     -177.4
102,     04.01.2015 17:01:17,     -2.1,     -2.01,     358,     2.3,     5,     8.4,     3.8,     71.7,     1017.1,     383.94,     253.4,     88.3,     -178.3
103,     04.01.2015 17:11:16,     -4.2,     0,     357,     2.7,     5.3,     9.1,     3.8,     73.2,     1017.2,     383.94,     253.6,     87.9,     -177.9,     12.728,     4.05,     89.5
104,     04.01.2015 17:21:16,     -5.25,     -2.01,     352,     2.8,     5.1,     7.6,     3.6,     73.6,     1017.4,     383.94,     74.4,     87.7,     -2.1
105,     04.01.2015 17:31:16,     -4.2,     -2.01,     0,     2.7,     5.1,     8.1,     3.6,     74,     1017.5,     383.94,     73.3,     88.3,     -1.6
106,     04.01.2015 17:41:16,     -3.15,     -2.01,     2,     3,     5.3,     8.1,     3.5,     75,     1017.6,     383.94,     73.7,     87.7,     -2.1
107,     04.01.2015 17:51:16,     -3.15,     -2.01,     355,     3,     5.1,     7.9,     3.5,     74.3,     1017.6,     383.94,     253.8,     88.2,     -178.2
108,     04.01.2015 18:01:16,     -4.2,     0,     0,     3,     4.9,     8.1,     3.4,     73.8,     1017.6,     383.94,     253.7,     88.3,     -178.3
109,     04.01.2015 18:11:17,     -3.15,     0,     0,     2.8,     4.7,     7.2,     3.2,     74.3,     1017.7,     383.94,     73.5,     89.5,     -0.3,     13.818,     3.34,     89.6
110,     04.01.2015 18:21:17,     -4.2,     0,     356,     2.8,     5.1,     8.2,     3.1,     74.4,     1017.7,     383.94,     252.8,     88.5,     -178.5
111,     04.01.2015 18:31:17,     -4.2,     -2.01,     355,     1.9,     4.6,     8.2,     3,     75.3,     1017.8,     383.94,     73.2,     87.6,     -2.3
112,     04.01.2015 18:41:17,     -4.2,     -2.01,     354,     2.4,     4.6,     7.2,     3,     75.3,     1017.8,     383.94,     73.9,     87.9,     -2
113,     04.01.2015 18:51:17,     -4.2,     -2.01,     354,     2.7,     4.5,     6.9,     3,     74.8,     1017.8,     383.94,     72.5,     88.7,     -1.1
114,     04.01.2015 19:01:17,     -4.2,     0,     355,     2.9,     4.8,     7.6,     3,     73.9,     1017.9,     383.94,     252.8,     86.7,     -176.7
115,     04.01.2015 19:11:16,     -5.25,     -2.01,     348,     2.3,     5.6,     9.3,     3.1,     73.8,     1018.3,     383.94,     253.1,     88,     -178.2,     12.777,     2.51,     89.8
116,     04.01.2015 19:21:16,     -4.2,     0,     354,     2.9,     5.2,     8.7,     3.2,     73.4,     1018.4,     383.94,     253.7,     86.4,     -176.4
117,     04.01.2015 19:31:16,     -4.2,     -2.01,     350,     2.5,     4.5,     6.8,     3.2,     75.2,     1018.5,     383.94,     74.5,     87.7,     -2.2
118,     04.01.2015 19:41:16,     -3.15,     -2.01,     345,     1.8,     5.1,     8.3,     3.3,     75.1,     1018.7,     383.94,     74.7,     88.5,     -1.4
119,     04.01.2015 19:51:16,     -4.2,     0,     348,     2.9,     4.7,     7,     3.2,     75.5,     1018.8,     383.94,     253.3,     87.8,     -177.8
120,     04.01.2015 20:01:16,     -3.15,     -2.01,     345,     2.4,     4.2,     6.9,     3.1,     76.3,     1019,     383.94,     73,     88.1,     -1.8
121,     04.01.2015 20:11:16,     -3.15,     0,     343,     1.8,     3.4,     5.5,     3,     77.4,     1019,     383.94,     73.5,     88,     -1.9,     12.677,     2.61,     89.8
122,     04.01.2015 20:21:16,     -5.25,     -2.01,     328,     1.4,     2.7,     4.4,     2.7,     79.1,     1018.9,     383.94,     73.7,     88,     -1.9
123,     04.01.2015 20:31:16,     -5.25,     -2.01,     330,     1.1,     3,     5.1,     2.5,     79.9,     1019,     383.94,     73.8,     87.9,     -2
124,     04.01.2015 20:41:16,     -3.15,     -2.01,     337,     2.2,     3.6,     5.8,     2.5,     79.6,     1019,     383.94,     73.8,     88,     -1.9
125,     04.01.2015 20:51:16,     -3.15,     -2.01,     337,     1.9,     3.6,     5.8,     2.5,     79.3,     1019.2,     383.94,     73.9,     87.8,     -2.1
126,     04.01.2015 21:01:16,     -4.2,     0,     335,     2,     3.8,     6.6,     2.5,     79,     1019.2,     383.94,     73.2,     87.9,     -2.1
127,     04.01.2015 21:11:16,     -4.2,     -2.01,     331,     2.1,     3.4,     6.2,     2.3,     79.5,     1019.2,     383.94,     73.4,     87.9,     -2,     12.620,     2.17,     89.8
128,     04.01.2015 21:21:16,     -5.25,     -2.01,     328,     1.1,     3.1,     4.8,     2.2,     79.8,     1019.4,     383.94,     73.1,     88,     -1.9
129,     04.01.2015 21:31:16,     -4.2,     -2.01,     329,     1.7,     3.1,     4.7,     2.2,     80.1,     1019.3,     383.94,     73.2,     88,     -2
130,     04.01.2015 21:41:16,     -4.2,     0,     327,     1.8,     2.9,     4.8,     2.1,     81,     1019.3,     383.94,     73.5,     87.9,     -2
131,     04.01.2015 21:51:16,     -3.15,     -2.01,     323,     1.2,     2.9,     4.9,     2,     81.4,     1019.4,     383.94,     73.6,     87.9,     -2
132,     04.01.2015 22:01:16,     -4.2,     -2.01,     319,     1.1,     2.7,     4.3,     2,     82.2,     1019.4,     383.94,     73.6,     88,     -2
133,     04.01.2015 22:11:16,     -3.15,     -2.01,     320,     1.5,     2.9,     4.4,     2.2,     82.3,     1019.4,     383.94,     73.4,     87.9,     -2,     12.592,     1.67,     90.0
134,     04.01.2015 22:21:16,     -4.2,     -6.03,     324,     1.3,     2.9,     5,     2.3,     82.6,     1019.2,     383.94,     74,     87.8,     -2
135,     04.01.2015 22:31:16,     -3.15,     0,     327,     1.8,     3.2,     6,     2.4,     82.3,     1019.2,     383.94,     73.7,     88,     -1.9
136,     04.01.2015 22:41:16,     -3.15,     0,     328,     2,     3.5,     5.6,     2.6,     82.1,     1019.2,     383.94,     73.5,     88,     -1.9
137,     04.01.2015 22:51:16,     -2.1,     -2.01,     333,     2,     3.9,     6.7,     2.7,     81.5,     1019.3,     383.94,     253.5,     87.8,     -177.8
138,     04.01.2015 23:01:16,     -2.1,     0,     332,     2.2,     3.9,     6.7,     2.8,     81.3,     1019.2,     383.94,     73.3,     87.9,     -2
139,     04.01.2015 23:11:16,     -3.15,     -2.01,     331,     1.8,     3.6,     5.7,     2.9,     81.7,     1019.2,     383.94,     73.2,     87.9,     -2,     12.554,     2.18,     90.0
140,     04.01.2015 23:21:16,     -2.1,     -2.01,     330,     2.1,     3.8,     6.8,     3,     81.6,     1019.3,     383.94,     73.6,     87.9,     -2
141,     04.01.2015 23:31:16,     -2.1,     0,     333,     2,     3.8,     6.3,     3,     81.8,     1019.3,     383.94,     73.5,     87.9,     -2
142,     04.01.2015 23:41:16,     -3.15,     -2.01,     331,     1.9,     3.7,     6.1,     3.1,     82,     1019.3,     383.94,     73.5,     87.9,     -2
143,     04.01.2015 23:51:16,     -2.1,     -2.01,     335,     2,     3.8,     7.2,     3.1,     81.9,     1019.3,     383.94,     74.2,     88.1,     -1.8
144,     05.01.2015 00:01:16,     -2.1,     0,     333,     2.4,     4.4,     6.8,     3.3,     81.3,     1019.4,     383.94,     74.8,     88,     -1.9,     12.535,     2.79,     89.9