Logger: #D10248 'TSK_Meteo' - USP_EXP2 (V2.10, Jan 24 2012)
No,     Time,     #1:W/m²:0,     #2:ÂµMol:(do.),     #5:deg:2,     #6:m/sMIN:(do.),     #7:m/sMIT:(do.),     #8:m/sMAX:(do.),     #9:Â°C:(do.),     #10:%:(do.),     #11:hPa:(do.),     #12:mm:(do.),     #14:AZ:3,     #15:EL:(do.),     #16:Roll:(do.),     #HK-Bat:V,     #HK-Temp:oC,     #HK-rH:%
(GSM Transfer OK / Signal:14)
1,     19.06.2014 00:11:16,     -3.15,     -2.01,     321,     0.3,     2.4,     3.9,     14.3,     79.1,     1008.6,     69.37,     255,     88,     -178,     12.414,     15.32,     67.9
2,     19.06.2014 00:21:16,     -1.05,     -2.01,     323,     0.8,     2.5,     4.7,     14.4,     78.8,     1008.6,     69.37,     255,     87.8,     -177.8
3,     19.06.2014 00:31:16,     -1.05,     0,     328,     1.3,     3.5,     7,     14.4,     74.4,     1008.5,     69.37,     255.1,     87.9,     -177.9
4,     19.06.2014 00:41:16,     -1.05,     0,     333,     1,     4.4,     7,     14.3,     73.2,     1008.6,     69.37,     255,     87.8,     -177.8
5,     19.06.2014 00:51:16,     -1.05,     -2.01,     335,     1.3,     4.2,     7.1,     14.3,     68.6,     1008.4,     69.37,     255.2,     87.8,     -177.8
6,     19.06.2014 01:01:16,     -2.1,     -4.02,     337,     1.7,     3.7,     6.5,     14.3,     69.3,     1008.3,     69.37,     255.1,     87.6,     -177.7
7,     19.06.2014 01:11:16,     -2.1,     0,     333,     1.6,     3.4,     6.1,     14.3,     69.3,     1008.2,     69.37,     255.1,     88,     -178,     12.531,     14.85,     70.4
8,     19.06.2014 01:21:16,     -2.1,     -2.01,     326,     0.8,     2.8,     5,     14.3,     71.3,     1008.2,     69.37,     255.2,     88,     -178
9,     19.06.2014 01:31:16,     -3.15,     -2.01,     312,     0.4,     3,     5.3,     14.2,     69.1,     1008.1,     69.37,     255,     88,     -178
10,     19.06.2014 01:41:16,     -2.1,     -4.02,     312,     1.1,     2.9,     5.9,     14.3,     70.7,     1008,     69.37,     255,     88,     -178
11,     19.06.2014 01:51:16,     -2.1,     -2.01,     306,     1.1,     2.7,     5.1,     14.3,     71.4,     1007.8,     69.37,     255,     87.9,     -177.9
12,     19.06.2014 02:01:16,     -2.1,     0,     293,     0.7,     3.1,     5.1,     14.2,     69.5,     1007.6,     69.37,     255.1,     87.8,     -177.8
13,     19.06.2014 02:11:21,     -2.1,     0,     294,     1.9,     3.3,     6.4,     14.2,     68.9,     1007.5,     69.37,     255.3,     87.8,     -177.8,     12.484,     14.81,     70.4
14,     19.06.2014 02:21:21,     -2.1,     0,     290,     1.5,     3.7,     5.4,     14.2,     69.6,     1007.4,     69.37,     255.2,     87.9,     -177.9
15,     19.06.2014 02:31:21,     -2.1,     -2.01,     293,     1.3,     3.7,     5.9,     14.1,     69.1,     1007.3,     69.37,     255.1,     88,     -178
16,     19.06.2014 02:41:21,     -2.1,     -2.01,     292,     1.5,     3.1,     4.9,     14.1,     70.5,     1007.2,     69.37,     255.3,     88,     -177.9
17,     19.06.2014 02:51:21,     -2.1,     -2.01,     292,     2.2,     3.7,     6,     14,     70.5,     1007.2,     69.37,     255.2,     87.8,     -177.8
18,     19.06.2014 03:01:21,     -1.05,     0,     296,     0.9,     3.7,     6.1,     14.1,     71.1,     1007.1,     69.37,     255.1,     87.8,     -177.9
19,     19.06.2014 03:11:16,     -1.05,     -2.01,     292,     1.9,     3.8,     6.3,     14,     70.8,     1007,     69.37,     255.7,     88,     -178,     12.465,     14.65,     70.5
20,     19.06.2014 03:21:16,     -3.15,     0,     291,     1.6,     3.6,     7.3,     13.9,     71,     1006.9,     69.37,     255.2,     87.8,     -177.9
21,     19.06.2014 03:31:16,     -1.05,     0,     292,     1.6,     3.8,     7,     13.9,     70.5,     1006.9,     69.37,     255.4,     87.8,     -177.8
22,     19.06.2014 03:41:16,     0,     2.01,     294,     1.3,     3.6,     5.8,     13.8,     71.6,     1006.8,     69.37,     255.2,     87.8,     -177.9
23,     19.06.2014 03:51:16,     -1.05,     0,     298,     1.1,     3.6,     7.2,     13.9,     72.7,     1006.7,     69.37,     255.3,     87.9,     -178
24,     19.06.2014 04:01:16,     2.1,     4.02,     290,     2.3,     4.5,     7.6,     13.8,     72.9,     1006.6,     69.37,     255.6,     88,     -178
25,     19.06.2014 04:11:16,     1.05,     6.03,     289,     1.9,     4.5,     8,     13.8,     75,     1006.6,     69.37,     255.5,     87.9,     -178,     12.429,     14.56,     70.5
26,     19.06.2014 04:21:16,     3.15,     12.06,     295,     2.4,     4.4,     7.5,     13.8,     74,     1006.5,     69.37,     255.1,     87.8,     -177.9
27,     19.06.2014 04:31:16,     9.45,     20.1,     293,     2.4,     4.8,     7.7,     13.7,     73.8,     1006.4,     69.37,     255.3,     88.2,     -178.2
28,     19.06.2014 04:41:16,     9.45,     22.11,     300,     2.4,     4.3,     7.5,     13.7,     73.4,     1006.3,     69.37,     255.2,     87.9,     -178
29,     19.06.2014 04:51:16,     10.5,     22.11,     301,     1.2,     4.1,     7.1,     13.7,     73.3,     1006.2,     69.37,     255.2,     88,     -178
30,     19.06.2014 05:01:16,     12.6,     30.15,     299,     1.9,     4.2,     7.7,     13.7,     75.2,     1006.1,     69.37,     255.1,     87.9,     -177.9
31,     19.06.2014 05:11:16,     17.85,     38.19,     308,     1,     4.2,     9.8,     13.7,     70.5,     1006.1,     69.37,     255,     88.1,     -178,     12.459,     14.51,     70.5
32,     19.06.2014 05:21:16,     28.35,     58.29,     311,     0.7,     3.6,     8,     13.8,     69.1,     1005.9,     69.37,     255.2,     87.9,     -177.9
33,     19.06.2014 05:31:16,     29.4,     62.31,     297,     1.2,     3.5,     5.9,     13.9,     70.3,     1005.8,     69.37,     255.1,     87.9,     -177.9
34,     19.06.2014 05:41:16,     27.3,     58.29,     289,     1.3,     4.3,     6.9,     13.8,     69.9,     1005.7,     69.37,     255.1,     87.7,     -177.8
35,     19.06.2014 05:51:16,     23.1,     48.24,     292,     1.3,     4.4,     7.7,     13.7,     72,     1005.7,     69.37,     255.6,     88.1,     -178.1
36,     19.06.2014 06:01:16,     31.5,     70.35,     292,     2.2,     4.6,     7.3,     13.6,     73.4,     1005.6,     69.37,     76,     87.8,     -2.1
37,     19.06.2014 06:11:17,     28.35,     64.32,     296,     1.9,     4.4,     7,     13.6,     75.7,     1005.6,     69.37,     256,     88,     -178,     12.641,     14.69,     70.4
38,     19.06.2014 06:21:17,     47.25,     98.49,     300,     1.3,     4.4,     7.7,     13.5,     75.1,     1005.4,     69.37,     75.6,     87.9,     -2
39,     19.06.2014 06:31:17,     52.5,     110.55,     299,     1.2,     4.5,     7.8,     13.6,     75.9,     1005.4,     69.37,     256.3,     88,     -178
40,     19.06.2014 06:41:17,     77.7,     160.8,     294,     2.5,     4.5,     8.3,     13.6,     76.7,     1005.3,     69.37,     255.5,     87.8,     -177.8
41,     19.06.2014 06:51:17,     77.7,     162.81,     294,     2.3,     4.7,     7.6,     13.7,     76.1,     1005.3,     69.37,     254.3,     87.9,     -177.8
42,     19.06.2014 07:01:17,     82.95,     170.85,     298,     2.3,     4.6,     7,     13.7,     77.2,     1005.3,     69.37,     255.6,     87.9,     -177.9
43,     19.06.2014 07:11:16,     89.25,     184.92,     296,     1.8,     4.5,     7.6,     13.8,     76.8,     1005.2,     69.37,     255.3,     87.6,     -177.6,     13.196,     14.95,     70.3
44,     19.06.2014 07:21:16,     100.8,     198.99,     300,     1.5,     4.3,     8.1,     13.8,     76.8,     1005.1,     69.37,     255.2,     87.8,     -177.7
45,     19.06.2014 07:31:16,     102.9,     207.03,     297,     1.8,     4.3,     8.3,     13.9,     76.8,     1005.1,     69.37,     256.5,     87.8,     -177.9
46,     19.06.2014 07:41:16,     107.1,     221.1,     300,     1.5,     4.2,     7,     14.1,     76.4,     1005.1,     69.37,     75.9,     87.8,     -2.2
47,     19.06.2014 07:51:16,     85.05,     182.91,     299,     1.5,     4.6,     8.7,     14.2,     77.4,     1005.1,     69.37,     75.9,     88,     -1.9
48,     19.06.2014 08:01:16,     81.9,     168.84,     307,     1.4,     4,     8.7,     14.2,     76.8,     1005,     69.37,     255.4,     88,     -178
49,     19.06.2014 08:11:16,     72.45,     156.78,     314,     0.4,     3.8,     7.3,     14.2,     76.3,     1005.1,     69.37,     255.1,     88,     -178.1,     13.309,     15.75,     70.0
50,     19.06.2014 08:21:16,     112.35,     239.19,     314,     1.1,     4.8,     10.1,     14.2,     76,     1005.1,     69.37,     256.2,     88.1,     -178.1
51,     19.06.2014 08:31:16,     130.2,     277.38,     314,     1.6,     4.9,     9.3,     14.2,     75.5,     1005,     69.37,     255.5,     88,     -178
52,     19.06.2014 08:41:16,     105,     46.23,     317,     1.8,     4.4,     8.3,     14.3,     75,     1004.9,     69.37,     255.1,     87.8,     -177.8
53,     19.06.2014 08:51:16,     110.25,     239.19,     322,     0.7,     3.7,     8.2,     14.3,     75.5,     1005,     69.37,     255.2,     88,     -178
54,     19.06.2014 09:01:16,     119.7,     263.31,     324,     0.6,     4.7,     9.2,     14.3,     75.2,     1005,     69.37,     75.8,     87.7,     -2.3
55,     19.06.2014 09:11:16,     169.05,     363.81,     324,     1.8,     4.5,     8.8,     14.4,     76.1,     1004.9,     69.37,     255.4,     87.9,     -177.9,     13.612,     16.05,     70.0
56,     19.06.2014 09:21:16,     178.5,     389.94,     320,     0.8,     4.1,     10.2,     14.4,     75.6,     1004.8,     69.37,     255.9,     87.7,     -177.7
57,     19.06.2014 09:31:16,     238.35,     504.51,     327,     1.9,     4.8,     9.2,     14.5,     75.6,     1004.8,     69.37,     255.1,     88.2,     -178.2
58,     19.06.2014 09:41:16,     153.3,     337.68,     313,     0.9,     3.9,     8.2,     14.6,     77.3,     1004.9,     69.37,     255.4,     88,     -178.1
59,     19.06.2014 09:51:16,     241.5,     506.52,     305,     1.4,     4.2,     7.6,     14.5,     78.5,     1004.9,     69.37,     255.3,     88,     -177.9
60,     19.06.2014 10:01:16,     189,     395.97,     304,     2,     4.9,     10.1,     14.4,     79.2,     1004.7,     69.37,     254.8,     87.9,     -177.9
61,     19.06.2014 10:11:16,     330.75,     691.44,     304,     0.4,     4.7,     9.7,     14.3,     80,     1004.7,     69.37,     255.5,     87.8,     -177.8,     13.472,     16.79,     69.8
62,     19.06.2014 10:21:16,     212.1,     440.19,     301,     2,     5,     9.7,     14.3,     80.2,     1004.6,     69.37,     255.2,     88,     -178
63,     19.06.2014 10:31:16,     371.7,     775.86,     313,     1.8,     4.8,     8.4,     14.7,     77.7,     1004.5,     69.37,     255.2,     88,     -177.9
64,     19.06.2014 10:41:16,     749.7,     1503.48,     317,     0.7,     4.1,     7.1,     15.1,     76.9,     1004.4,     69.37,     255.3,     88,     -178.1
65,     19.06.2014 10:51:16,     414.75,     876.36,     314,     0.8,     5.5,     10.1,     15.5,     72.6,     1004.4,     69.37,     255.9,     87.7,     -177.8
66,     19.06.2014 11:01:16,     160.65,     347.73,     312,     1.6,     4.6,     8.5,     15.7,     74.2,     1004.4,     69.37,     255,     87.5,     -177.5
67,     19.06.2014 11:11:16,     318.15,     675.36,     310,     1.7,     4.9,     9.7,     15.2,     77.9,     1004.5,     69.37,     255.7,     87.9,     -177.9,     13.413,     18.41,     69.3
68,     19.06.2014 11:21:16,     480.9,     1023.09,     325,     1.3,     5.3,     8.9,     14.6,     82.5,     1004.3,     69.37,     255.5,     88,     -178
69,     19.06.2014 11:31:16,     324.45,     681.39,     323,     1.4,     4.1,     8.1,     14.7,     82,     1004.2,     69.37,     255,     87.5,     -177.5
70,     19.06.2014 11:41:16,     463.05,     946.71,     311,     0.8,     4.2,     8.1,     15,     82.2,     1004.1,     69.37,     255.4,     87.8,     -177.8
71,     19.06.2014 11:51:16,     371.7,     757.77,     317,     1.6,     4.7,     8.7,     15.3,     77.8,     1004.1,     69.37,     76.4,     87.8,     -2.1
72,     19.06.2014 12:01:16,     265.65,     542.7,     320,     2.1,     5.7,     9.1,     15.6,     75.8,     1004,     69.37,     255.9,     88.2,     -178.2
73,     19.06.2014 12:11:17,     383.25,     787.92,     331,     1.3,     5.4,     9.4,     15.6,     74.2,     1003.9,     69.37,     255.3,     87.5,     -177.5,     13.154,     18.82,     69.2
74,     19.06.2014 12:21:17,     788.55,     1636.14,     326,     2.4,     5.9,     9.8,     16.1,     69.9,     1003.8,     69.37,     256,     87.5,     -177.5
75,     19.06.2014 12:31:17,     582.75,     988.92,     331,     2.3,     6.4,     12.4,     16.6,     65.1,     1003.5,     69.37,     255,     88.3,     -178.3
76,     19.06.2014 12:41:17,     361.2,     725.61,     331,     2,     6.2,     11.4,     17,     62.8,     1003.5,     69.37,     256.1,     88.1,     -178.1
77,     19.06.2014 12:51:17,     510.3,     1011.03,     335,     2,     5.9,     10.7,     17.2,     62.6,     1003.6,     69.37,     255.4,     87.4,     -177.4
78,     19.06.2014 13:01:17,     561.75,     1159.77,     325,     2.3,     5.8,     10,     16.9,     62.4,     1003.4,     69.37,     256,     87.6,     -177.7
79,     19.06.2014 13:11:17,     221.55,     438.18,     325,     0.5,     3.9,     8,     17.5,     57.3,     1003.4,     69.37,     75.7,     87.9,     -2,     13.396,     20.21,     68.9
80,     19.06.2014 13:21:17,     206.85,     412.05,     328,     1.2,     5.8,     11.5,     17.1,     57.1,     1003.4,     69.37,     76.4,     87.7,     -2.2
81,     19.06.2014 13:31:17,     401.1,     801.99,     314,     1.3,     4.7,     8.6,     17,     59.9,     1003.5,     69.37,     75.7,     88.2,     -1.7
82,     19.06.2014 13:41:17,     453.6,     912.54,     322,     1.7,     4.7,     9.2,     17.1,     59.1,     1003.4,     69.37,     256.2,     87.8,     -177.8
83,     19.06.2014 13:51:17,     368.55,     757.77,     332,     2.3,     5.8,     9.8,     17.3,     57.9,     1003.4,     69.37,     76,     87.9,     -2
84,     19.06.2014 14:01:17,     382.2,     751.74,     331,     2.6,     5.8,     11.4,     17.4,     56.4,     1003.5,     69.37,     255.3,     87.2,     -177.2
85,     19.06.2014 14:11:17,     391.65,     785.91,     344,     3.7,     6.6,     11.5,     17.1,     55.6,     1003.4,     69.37,     75.5,     86.9,     -3,     13.313,     20.39,     68.9
86,     19.06.2014 14:21:17,     270.9,     534.66,     336,     3.1,     7.3,     13.1,     17.1,     54.1,     1003.4,     69.37,     74.6,     86.6,     -3.3
87,     19.06.2014 14:31:17,     292.95,     584.91,     334,     3.5,     6.4,     10.6,     17,     57.8,     1003.4,     69.37,     76.1,     87.8,     -2
88,     19.06.2014 14:41:17,     747.6,     1453.23,     327,     2.8,     6.4,     11.4,     16.7,     58.5,     1003.4,     69.37,     256.2,     87.1,     -177.1
89,     19.06.2014 14:51:17,     239.4,     462.3,     333,     2,     6.3,     11.3,     17,     55.4,     1003.3,     69.37,     76.4,     88.7,     -1.1
90,     19.06.2014 15:01:17,     268.8,     536.67,     333,     2.2,     6.7,     11.1,     16.7,     54.6,     1003.3,     69.37,     255.1,     87.1,     -177.1
91,     19.06.2014 15:11:16,     270.9,     544.71,     323,     0.9,     5.2,     9.7,     16.7,     54.3,     1003.1,     69.37,     76.5,     88.4,     -1.5,     13.345,     20.00,     69.1
92,     19.06.2014 15:21:16,     131.25,     271.35,     336,     0.7,     6.3,     12.5,     16.5,     55.6,     1003.1,     69.37,     75.8,     86.3,     -3.6
93,     19.06.2014 15:31:16,     202.65,     416.07,     323,     2.4,     5,     9.9,     16.4,     58.1,     1003.2,     69.37,     254.6,     87.8,     -177.8
94,     19.06.2014 15:41:16,     221.55,     440.19,     327,     1.4,     5.3,     9.6,     16.4,     56.7,     1003.1,     69.37,     256.3,     87.9,     -177.9
95,     19.06.2014 15:51:16,     186.9,     375.87,     312,     1.6,     4.7,     10.8,     16.4,     57.8,     1003,     69.37,     255.6,     88.2,     -178.2
96,     19.06.2014 16:01:16,     130.2,     275.37,     322,     1.1,     4.9,     9.1,     16.4,     58.4,     1002.8,     69.37,     255.7,     87.3,     -177.3
97,     19.06.2014 16:11:16,     110.25,     231.15,     313,     1.1,     4.9,     10.4,     16.3,     57.8,     1002.8,     69.37,     256.4,     87.6,     -177.6,     13.531,     18.97,     69.4
98,     19.06.2014 16:21:16,     254.1,     506.52,     324,     1.8,     5.4,     11.2,     16.2,     58.3,     1002.7,     69.37,     255.5,     87.7,     -177.7
99,     19.06.2014 16:31:16,     117.6,     239.19,     320,     1.5,     4.4,     8.3,     16.4,     60.4,     1002.7,     69.37,     75.6,     87.9,     -2
100,     19.06.2014 16:41:16,     132.3,     275.37,     325,     1.3,     5.3,     9.3,     16.1,     58.5,     1002.6,     69.37,     75.7,     87.3,     -2.6
101,     19.06.2014 16:51:16,     66.15,     134.67,     324,     2,     6.4,     11.6,     15.9,     57.6,     1002.7,     69.37,     256,     87.7,     -177.7
102,     19.06.2014 17:01:16,     203.7,     410.04,     323,     2,     4.8,     9.4,     15.9,     60.1,     1002.5,     69.37,     255.2,     87.3,     -177.3
103,     19.06.2014 17:11:16,     149.1,     309.54,     308,     1.2,     5.4,     12,     15.9,     58.7,     1002.4,     69.37,     256.3,     88.5,     -178.6,     13.559,     18.14,     69.7
104,     19.06.2014 17:21:16,     151.2,     305.52,     323,     1.8,     5.8,     10.6,     15.9,     60.3,     1002.4,     69.37,     255.4,     87.7,     -177.7
105,     19.06.2014 17:31:16,     189,     369.84,     308,     0.9,     5.6,     10.6,     15.6,     62.2,     1002.3,     69.37,     255.6,     88,     -178.1
106,     19.06.2014 17:41:16,     215.25,     412.05,     318,     1.4,     5,     9.6,     15.7,     60.6,     1002.3,     69.37,     255.5,     87.9,     -177.9
107,     19.06.2014 17:51:16,     119.7,     235.17,     324,     0.9,     5.2,     10.6,     15.8,     60.3,     1002.2,     69.37,     254.9,     89.3,     -179.5
108,     19.06.2014 18:01:16,     122.85,     237.18,     328,     1.3,     5.4,     10.8,     15.7,     61,     1002.3,     69.37,     255.8,     88,     -178.1
109,     19.06.2014 18:11:16,     30.45,     62.31,     309,     1.4,     6.2,     12.2,     15.6,     62.8,     1002.2,     69.37,     256.9,     87,     -177.2,     13.508,     17.82,     69.6
110,     19.06.2014 18:21:16,     66.15,     136.68,     316,     2,     5.5,     11.6,     15.3,     64.9,     1002.2,     69.37,     255.7,     87.8,     -177.8
111,     19.06.2014 18:31:16,     64.05,     126.63,     324,     2,     4.7,     8.1,     15.3,     63.8,     1002.1,     69.37,     255.4,     87.5,     -177.5
112,     19.06.2014 18:41:16,     61.95,     122.61,     318,     0.6,     3.4,     7.1,     15.3,     65,     1002.1,     69.37,     255.3,     88.4,     -178.5
113,     19.06.2014 18:51:16,     111.3,     205.02,     310,     1.3,     5.5,     11.6,     15.3,     63.4,     1002.1,     69.37,     254.2,     87.9,     -177.9
114,     19.06.2014 19:01:16,     72.45,     132.66,     325,     2,     4.8,     8.1,     15.3,     63.6,     1002.1,     69.37,     255.2,     87.6,     -177.7
115,     19.06.2014 19:11:16,     56.7,     114.57,     322,     0.5,     6.3,     11.3,     15.1,     63.7,     1002.1,     69.37,     255.2,     87.8,     -177.9,     13.570,     16.89,     69.9
116,     19.06.2014 19:21:16,     53.55,     102.51,     318,     1.9,     5.3,     9.7,     15,     64.8,     1002.1,     69.37,     255.6,     88.1,     -178.1
117,     19.06.2014 19:31:16,     40.95,     82.41,     330,     1.2,     5.6,     10.4,     14.9,     67,     1002.1,     69.37,     255,     89.1,     -179.2
118,     19.06.2014 19:41:16,     32.55,     70.35,     329,     2,     5.7,     10.1,     14.6,     68,     1002.1,     69.37,     254.6,     87.4,     -177.4
119,     19.06.2014 19:51:16,     30.45,     62.31,     326,     1.8,     6.2,     12.7,     14.3,     68.3,     1002.1,     69.37,     256.2,     88.6,     -178.6
120,     19.06.2014 20:01:16,     17.85,     34.17,     324,     1.9,     5.3,     9.6,     14.2,     68.3,     1002.2,     69.37,     255.9,     88.1,     -178.2
121,     19.06.2014 20:11:16,     14.7,     34.17,     323,     1.5,     4.6,     8.9,     14.1,     70.6,     1002.2,     69.37,     254.6,     87.4,     -177.4,     12.906,     15.68,     70.2
122,     19.06.2014 20:21:16,     8.4,     22.11,     325,     1.1,     5.2,     10.3,     14,     69.5,     1002.1,     69.37,     256.5,     87.6,     -177.7
123,     19.06.2014 20:31:16,     3.15,     12.06,     330,     2.4,     5.9,     10.9,     14,     68.6,     1002.2,     69.37,     256.4,     88,     -177.9
124,     19.06.2014 20:41:16,     1.05,     4.02,     329,     3.1,     5.8,     9.8,     14,     67.8,     1002.3,     69.37,     76.4,     88.3,     -1.6
125,     19.06.2014 20:51:16,     -1.05,     2.01,     318,     1,     4.5,     8.7,     14,     69.3,     1002.2,     69.37,     256,     87.6,     -177.6
126,     19.06.2014 21:01:16,     -3.15,     2.01,     319,     2.1,     5.2,     10.7,     13.9,     70.3,     1002.3,     69.37,     255.5,     88.2,     -178.3
127,     19.06.2014 21:11:16,     -2.1,     -2.01,     320,     0.9,     4.7,     9.9,     13.8,     71.2,     1002.3,     69.37,     255.7,     87.9,     -177.9,     12.703,     14.70,     70.5
128,     19.06.2014 21:21:16,     -3.15,     -2.01,     323,     1.1,     4.6,     10.1,     13.8,     70.5,     1002.2,     69.37,     255.5,     88,     -178.1
129,     19.06.2014 21:31:16,     -3.15,     -2.01,     319,     0.4,     5.5,     11.2,     13.8,     70.1,     1002.1,     69.37,     255.3,     88.1,     -178.1
130,     19.06.2014 21:41:16,     -2.1,     -2.01,     320,     1.7,     5,     9.5,     13.8,     71.8,     1002.1,     69.37,     255.4,     87.6,     -177.6
131,     19.06.2014 21:51:16,     -3.15,     0,     322,     1.9,     5.3,     11.5,     13.7,     71.4,     1002.1,     69.37,     255.3,     88.2,     -178.2
132,     19.06.2014 22:01:16,     -4.2,     -2.01,     316,     2,     4.6,     8.1,     13.5,     73.7,     1001.9,     69.37,     255.7,     87.7,     -177.7
133,     19.06.2014 22:11:16,     -4.2,     -2.01,     315,     1.7,     4.7,     8.9,     13.3,     74.5,     1001.8,     69.37,     255.2,     88,     -178,     12.630,     14.21,     70.5
134,     19.06.2014 22:21:16,     -3.15,     -2.01,     321,     1.6,     4.4,     8.6,     13.4,     74.5,     1001.8,     69.37,     255.2,     87.7,     -177.8
135,     19.06.2014 22:31:16,     -2.1,     -2.01,     316,     1.1,     4.4,     8.6,     13.6,     73.3,     1001.8,     69.37,     76.2,     87.6,     -2.3
136,     19.06.2014 22:41:16,     -3.15,     -2.01,     314,     1.2,     5,     9.9,     13.6,     75.1,     1001.8,     69.37,     76.8,     87.4,     -2.5
137,     19.06.2014 22:51:16,     -2.1,     0,     317,     0.6,     5,     9.8,     13.7,     73,     1001.9,     69.37,     255.5,     87.4,     -177.5
138,     19.06.2014 23:01:16,     -3.15,     -2.01,     323,     1.7,     4.4,     9,     13.6,     74.4,     1001.9,     69.37,     75.4,     87.7,     -2.2
139,     19.06.2014 23:11:21,     -4.2,     0,     321,     1.2,     5.2,     9.2,     13.5,     73.7,     1001.9,     69.37,     256,     88.2,     -178.2,     12.611,     13.89,     70.5
140,     19.06.2014 23:21:21,     -3.15,     -2.01,     326,     2.2,     4.9,     9.5,     13.4,     73.8,     1001.8,     69.37,     256.1,     87.2,     -177.2
141,     19.06.2014 23:31:21,     -3.15,     0,     324,     1.9,     4.7,     10,     13.4,     74.8,     1001.7,     69.37,     76.7,     87.9,     -2
142,     19.06.2014 23:41:21,     -5.25,     -4.02,     320,     0.3,     4.7,     8.2,     13.4,     76,     1001.6,     69.37,     75.3,     87.5,     -2.4
143,     19.06.2014 23:51:21,     -3.15,     -2.01,     325,     1.2,     5.1,     10.9,     13.4,     75.3,     1001.7,     69.37,     255.2,     87.8,     -177.8
144,     20.06.2014 00:01:16,     -2.1,     0,     329,     2.5,     4.6,     7.8,     13.4,     75.7,     1001.8,     69.37,     75.6,     87.4,     -2.5,     12.365,     13.43,     70.7