Logger: #D10248 'TSK_Meteo' - USP_EXP2 (V2.10, Jan 24 2012)
No,     Time,     #1:W/m²:0,     #2:ÂµMol:(do.),     #5:deg:2,     #6:m/sMIN:(do.),     #7:m/sMIT:(do.),     #8:m/sMAX:(do.),     #9:Â°C:(do.),     #10:%:(do.),     #11:hPa:(do.),     #12:mm:(do.),     #14:AZ:3,     #15:EL:(do.),     #16:Roll:(do.),     #HK-Bat:V,     #HK-Temp:oC,     #HK-rH:%
(GSM Transfer OK / Signal:17)
1,     29.09.2014 00:11:16,     -4.2,     -2.01,     198,     0.1,     0.7,     1,     11.9,     90.6,     1015.5,     288.41,     253.4,     87.9,     -177.9,     12.397,     12.15,     72.6
2,     29.09.2014 00:21:16,     -4.2,     0,     197,     0,     0.3,     0.8,     12,     91.1,     1015.4,     288.41,     253.5,     88,     -178
3,     29.09.2014 00:31:16,     -2.1,     0,     227,     0,     0.3,     0.7,     12.1,     91.2,     1015.4,     288.41,     253.4,     88,     -178
4,     29.09.2014 00:41:16,     -3.15,     0,     189,     0,     0.9,     1.6,     12.1,     90.4,     1015.4,     288.41,     253.5,     87.9,     -177.9
5,     29.09.2014 00:51:16,     -3.15,     -2.01,     193,     0.3,     0.8,     1.3,     11.7,     90.6,     1015.2,     288.41,     253.5,     88.1,     -178.1
6,     29.09.2014 01:01:16,     -3.15,     -2.01,     194,     0,     0.4,     0.8,     11.9,     91.2,     1015.2,     288.41,     253.6,     87.9,     -177.9
7,     29.09.2014 01:11:21,     -4.2,     -2.01,     227,     0,     0.5,     1.2,     12,     91.2,     1015.2,     288.41,     253.5,     87.9,     -177.9,     12.493,     11.45,     74.2
8,     29.09.2014 01:21:21,     -3.15,     0,     193,     0.3,     0.7,     1.1,     12.1,     90.9,     1015.1,     288.41,     253.5,     87.9,     -177.9
9,     29.09.2014 01:31:21,     -3.15,     -2.01,     196,     0.1,     0.6,     1,     11.9,     90.7,     1015,     288.41,     253.5,     88,     -178
10,     29.09.2014 01:41:21,     -3.15,     -2.01,     199,     0,     0.4,     1,     12,     91.2,     1015,     288.41,     253.5,     88,     -178
11,     29.09.2014 01:51:21,     -2.1,     0,     192,     0.2,     0.6,     1.1,     12,     91,     1014.8,     288.41,     253.4,     88,     -178
12,     29.09.2014 02:01:21,     -3.15,     -2.01,     188,     0,     0.6,     1.2,     11.9,     91,     1014.7,     288.41,     253.6,     87.9,     -177.9
13,     29.09.2014 02:11:23,     -3.15,     -2.01,     194,     0,     0.3,     1,     12,     91.4,     1014.6,     288.41,     253.5,     88.1,     -178.1,     12.484,     11.47,     74.2
14,     29.09.2014 02:21:23,     -4.2,     -2.01,     161,     0,     0.5,     1,     12.1,     91.6,     1014.5,     288.41,     253.5,     88,     -178
15,     29.09.2014 02:31:23,     -3.15,     -4.02,     174,     0,     0.5,     0.9,     12,     91.2,     1014.6,     288.41,     253.6,     88,     -178
16,     29.09.2014 02:41:23,     -2.1,     0,     186,     0.5,     0.9,     1.3,     11.8,     91.2,     1014.5,     288.41,     253.5,     87.9,     -177.9
17,     29.09.2014 02:51:23,     -4.2,     -2.01,     190,     0.3,     0.7,     1.1,     11.7,     91.2,     1014.6,     288.41,     253.5,     87.9,     -177.9
18,     29.09.2014 03:01:23,     -3.15,     -2.01,     176,     0.2,     0.6,     1,     11.7,     91.5,     1014.5,     288.41,     253.5,     87.9,     -177.9
19,     29.09.2014 03:11:17,     -3.15,     -4.02,     177,     0.3,     0.8,     1.3,     11.7,     91.3,     1014.4,     288.41,     253.6,     87.9,     -177.9,     12.454,     11.39,     74.2
20,     29.09.2014 03:21:17,     -4.2,     -2.01,     185,     0.6,     1,     1.3,     11.2,     91.1,     1014.3,     288.41,     253.5,     88,     -178
21,     29.09.2014 03:31:17,     -2.1,     -2.01,     199,     0.3,     0.7,     1.1,     11.2,     91.6,     1014.3,     288.41,     253.6,     88,     -178
22,     29.09.2014 03:41:17,     -3.15,     -2.01,     207,     0.5,     0.8,     1.1,     11.4,     91.6,     1014.3,     288.41,     253.6,     88,     -178
23,     29.09.2014 03:51:17,     -3.15,     -6.03,     208,     0.6,     1.1,     1.5,     11.4,     91.6,     1014.4,     288.41,     253.6,     88,     -178
24,     29.09.2014 04:01:17,     -3.15,     -2.01,     209,     0.2,     0.8,     1.3,     11.5,     91.7,     1014.4,     288.41,     253.5,     88,     -178
25,     29.09.2014 04:11:22,     -2.1,     -4.02,     191,     0.4,     0.9,     1.4,     11.5,     91.4,     1014.3,     288.41,     253.5,     87.9,     -177.9,     12.404,     11.32,     74.2
26,     29.09.2014 04:21:22,     -4.2,     -2.01,     196,     0.1,     0.6,     1.1,     11.3,     91.3,     1014.3,     288.41,     253.5,     88,     -178
27,     29.09.2014 04:31:22,     -3.15,     -2.01,     198,     0,     0.5,     1,     11.5,     91.8,     1014.3,     288.41,     253.5,     88,     -178
28,     29.09.2014 04:41:22,     -2.1,     -2.01,     198,     0.2,     0.7,     1.2,     11.5,     91.5,     1014.3,     288.41,     253.5,     87.9,     -177.9
29,     29.09.2014 04:51:22,     -4.2,     -2.01,     197,     0.3,     0.8,     1.3,     11.3,     91.1,     1014.3,     288.41,     253.5,     88,     -177.9
30,     29.09.2014 05:01:22,     -4.2,     -2.01,     191,     0.6,     1,     1.3,     11,     91.1,     1014.4,     288.41,     253.5,     88,     -178
31,     29.09.2014 05:11:21,     -2.1,     -2.01,     196,     0.4,     0.7,     1.1,     11,     91.6,     1014.4,     288.41,     253.5,     87.9,     -177.9,     12.387,     11.17,     74.2
32,     29.09.2014 05:21:21,     -4.2,     -2.01,     191,     0.5,     0.9,     1.3,     11,     91.5,     1014.2,     288.41,     253.5,     88,     -178
33,     29.09.2014 05:31:21,     -3.15,     -2.01,     205,     0.2,     0.6,     1.1,     11,     91.7,     1014.3,     288.41,     253.5,     87.9,     -178
34,     29.09.2014 05:41:21,     -3.15,     -2.01,     196,     0.4,     1,     1.5,     11.1,     92,     1014.2,     288.41,     253.5,     87.8,     -177.9
35,     29.09.2014 05:51:21,     -2.1,     -2.01,     209,     0.3,     1,     1.4,     11.3,     92.1,     1014.2,     288.41,     253.6,     88,     -178
36,     29.09.2014 06:01:21,     -2.1,     0,     213,     0.8,     1.2,     1.7,     11.4,     92,     1014.3,     288.41,     253.5,     88,     -178
37,     29.09.2014 06:11:17,     0,     4.02,     210,     0.9,     1.3,     1.8,     11.4,     91.8,     1014.4,     288.41,     253.6,     87.9,     -177.9,     12.363,     11.21,     74.3
38,     29.09.2014 06:21:17,     3.15,     12.06,     216,     0.4,     0.9,     1.4,     11.4,     91.9,     1014.5,     288.41,     253.6,     88,     -178
39,     29.09.2014 06:31:17,     10.5,     24.12,     213,     0.2,     0.5,     1.1,     11.5,     91.9,     1014.5,     288.41,     253.5,     88.1,     -178.1
40,     29.09.2014 06:41:17,     16.8,     38.19,     248,     0,     0.5,     0.9,     11.6,     92.1,     1014.8,     288.41,     253.6,     87.8,     -177.9
41,     29.09.2014 06:51:17,     30.45,     66.33,     270,     0,     0.6,     1.3,     11.7,     92.1,     1014.8,     288.41,     253.5,     88,     -178
42,     29.09.2014 07:01:17,     42,     88.44,     183,     0.5,     0.9,     1.4,     11.6,     91.9,     1014.7,     288.41,     253.5,     87.9,     -178
43,     29.09.2014 07:11:17,     47.25,     104.52,     183,     0.3,     0.8,     1.3,     11.5,     91.7,     1014.6,     288.41,     253.6,     88,     -178,     12.641,     11.52,     74.2
44,     29.09.2014 07:21:17,     54.6,     116.58,     205,     0.6,     1,     1.5,     11.4,     91.7,     1014.8,     288.41,     253.7,     88,     -178
45,     29.09.2014 07:31:17,     68.25,     146.73,     204,     0.4,     1,     1.6,     11.4,     91.7,     1014.8,     288.41,     253.7,     88,     -178
46,     29.09.2014 07:41:17,     79.8,     168.84,     213,     0.3,     0.8,     1.2,     11.6,     91.9,     1014.9,     288.41,     253.7,     88,     -178
47,     29.09.2014 07:51:17,     99.75,     209.04,     182,     0,     0.4,     1,     11.8,     91.9,     1014.8,     288.41,     253.7,     88,     -178
48,     29.09.2014 08:01:17,     158.55,     311.55,     179,     0.1,     0.6,     1.1,     11.9,     91.4,     1014.8,     288.41,     253.7,     88,     -178
49,     29.09.2014 08:11:22,     127.05,     265.32,     151,     0.1,     0.8,     1.7,     12.2,     90.8,     1014.9,     288.41,     253.8,     87.9,     -177.9,     13.481,     12.57,     74.1
50,     29.09.2014 08:21:22,     124.95,     265.32,     212,     0.3,     1.7,     2.9,     12.3,     90.8,     1014.9,     288.41,     253.9,     87.9,     -177.9
51,     29.09.2014 08:31:22,     140.7,     297.48,     201,     0,     0.7,     1.9,     12.6,     90.8,     1015,     288.41,     253.8,     87.9,     -177.9
52,     29.09.2014 08:41:22,     147,     311.55,     200,     0.4,     1.1,     2,     12.7,     90,     1014.9,     288.41,     253.8,     88,     -178
53,     29.09.2014 08:51:22,     158.55,     335.67,     216,     0.2,     1.2,     1.9,     12.8,     89.2,     1015,     288.41,     253.9,     88,     -178
54,     29.09.2014 09:01:22,     149.1,     315.57,     235,     0.6,     1.3,     2.4,     13,     88.6,     1015,     288.41,     253.7,     88,     -178
55,     29.09.2014 09:11:21,     158.55,     341.7,     230,     0,     0.7,     1.6,     13.2,     88.4,     1015,     288.41,     253.7,     87.8,     -177.9,     13.457,     14.14,     73.6
56,     29.09.2014 09:21:21,     155.4,     329.64,     237,     0.2,     0.9,     1.8,     13.3,     87.6,     1015,     288.41,     253.9,     88.1,     -178.1
57,     29.09.2014 09:31:21,     158.55,     335.67,     226,     0.2,     0.9,     1.7,     13.5,     87.3,     1015,     288.41,     253.8,     88,     -177.9
58,     29.09.2014 09:41:21,     240.45,     486.42,     223,     0.1,     0.6,     1.3,     13.8,     86.5,     1015,     288.41,     253.7,     87.9,     -177.9
59,     29.09.2014 09:51:21,     223.65,     474.36,     234,     0.1,     0.7,     1.5,     14.1,     85.1,     1015.1,     288.41,     253.8,     87.9,     -177.9
60,     29.09.2014 10:01:21,     240.45,     522.6,     198,     0,     0.6,     1.4,     14.5,     83.9,     1015,     288.41,     253.7,     88,     -178
61,     29.09.2014 10:11:16,     456.75,     902.49,     209,     0,     0.2,     0.9,     15.4,     81.8,     1015,     288.41,     253.7,     87.9,     -177.9,     13.523,     16.58,     73.0
62,     29.09.2014 10:21:16,     472.5,     944.7,     179,     0.2,     0.8,     1.3,     15.3,     78.9,     1014.9,     288.41,     253.8,     87.9,     -177.9
63,     29.09.2014 10:31:16,     473.55,     948.72,     206,     0,     0.6,     1.3,     15.8,     77.9,     1015,     288.41,     253.8,     87.8,     -177.9
64,     29.09.2014 10:41:16,     481.95,     966.81,     240,     0,     0.4,     0.9,     16.8,     74.7,     1014.9,     288.41,     253.8,     87.9,     -177.9
65,     29.09.2014 10:51:16,     488.25,     974.85,     323,     0,     0.3,     0.6,     17.2,     71.7,     1015,     288.41,     253.8,     87.7,     -177.8
66,     29.09.2014 11:01:16,     471.45,     946.71,     33,     0.1,     0.5,     0.8,     16.3,     72.8,     1015,     288.41,     253.8,     87.9,     -177.9
67,     29.09.2014 11:11:17,     496.65,     994.95,     71,     0,     0.2,     0.5,     17.2,     69.9,     1014.9,     288.41,     74.1,     87.9,     -2,     13.171,     22.63,     70.2
68,     29.09.2014 11:21:17,     285.6,     598.98,     129,     0,     0.2,     0.6,     18.3,     65.5,     1014.9,     288.41,     74.2,     87.9,     -2
69,     29.09.2014 11:31:17,     495.6,     988.92,     114,     0,     0.2,     0.6,     18.6,     63.3,     1014.8,     288.41,     74.2,     87.9,     -2
70,     29.09.2014 11:41:17,     438.9,     892.44,     47,     0.1,     0.3,     0.6,     18.1,     64.1,     1014.9,     288.41,     74.1,     88,     -1.9
71,     29.09.2014 11:51:17,     367.5,     751.74,     67,     0,     0.3,     0.6,     18.1,     64.8,     1014.8,     288.41,     74.1,     87.8,     -2.1
72,     29.09.2014 12:01:17,     454.65,     918.57,     163,     0,     0.4,     0.8,     18.7,     62.7,     1014.7,     288.41,     74.4,     87.9,     -1.9
73,     29.09.2014 12:11:17,     439.95,     898.47,     153,     0.1,     0.5,     0.9,     18.8,     62.9,     1014.6,     288.41,     74.3,     87.9,     -1.9,     13.124,     25.37,     69.7
74,     29.09.2014 12:21:17,     467.25,     934.65,     120,     0,     0.5,     0.8,     18.5,     62.8,     1014.6,     288.41,     74.2,     87.8,     -2.1
75,     29.09.2014 12:31:17,     473.55,     960.78,     115,     0,     0.2,     0.9,     19.4,     60.1,     1014.6,     288.41,     74.2,     87.8,     -2.1
76,     29.09.2014 12:41:17,     441,     892.44,     116,     0,     0.6,     1.5,     19.1,     60.9,     1014.5,     288.41,     74.3,     88,     -1.9
77,     29.09.2014 12:51:17,     333.9,     685.41,     119,     0,     0.6,     2.7,     20.1,     57.6,     1014.5,     288.41,     74.4,     87.9,     -2
78,     29.09.2014 13:01:17,     494.55,     970.83,     253,     0.1,     1.5,     3.1,     19.6,     58.5,     1014.5,     288.41,     74.4,     87.8,     -2
79,     29.09.2014 13:11:17,     459.9,     912.54,     314,     0,     1.5,     3.6,     19.5,     59.5,     1014.5,     288.41,     74.2,     87.8,     -2.1,     12.993,     27.02,     69.4
80,     29.09.2014 13:21:17,     426.3,     880.38,     6,     0,     0.7,     2,     19.6,     60.5,     1014.4,     288.41,     74.2,     87.9,     -2
81,     29.09.2014 13:31:17,     481.95,     938.67,     41,     0,     1.5,     3,     19.2,     60.6,     1014.3,     288.41,     74.2,     87.8,     -2
82,     29.09.2014 13:41:17,     357,     709.53,     62,     0,     1.1,     2.7,     19.5,     61.6,     1014.2,     288.41,     74.1,     88,     -1.9
83,     29.09.2014 13:51:17,     367.5,     729.63,     294,     0,     0.5,     2,     20.1,     59.6,     1014.2,     288.41,     74.1,     87.9,     -1.9
84,     29.09.2014 14:01:17,     357,     713.55,     105,     0,     0.4,     0.7,     20.1,     57.7,     1014.1,     288.41,     74.2,     87.9,     -2
85,     29.09.2014 14:11:16,     247.8,     486.42,     192,     0.1,     0.5,     0.8,     20.4,     56.6,     1014.2,     288.41,     74.1,     88,     -1.9,     13.120,     26.77,     69.4
86,     29.09.2014 14:21:16,     337.05,     689.43,     204,     0.3,     0.8,     1.3,     20.3,     57.4,     1014.1,     288.41,     74.2,     88.1,     -1.8
87,     29.09.2014 14:31:16,     236.25,     486.42,     132,     0,     0.2,     0.6,     20.6,     57,     1014.2,     288.41,     74.2,     88,     -1.9
88,     29.09.2014 14:41:16,     282.45,     574.86,     124,     0,     0.5,     1.4,     20.1,     59.5,     1014.2,     288.41,     74.2,     87.9,     -2
89,     29.09.2014 14:51:16,     197.4,     416.07,     0,     0.1,     0.6,     1.4,     20.2,     59.4,     1014.2,     288.41,     74.1,     88,     -1.9
90,     29.09.2014 15:01:16,     133.35,     285.42,     41,     0.1,     1,     1.8,     19.7,     60.9,     1014.3,     288.41,     74.2,     88,     -1.9
91,     29.09.2014 15:11:16,     216.3,     432.15,     31,     0.1,     0.4,     0.9,     19.9,     60.8,     1014.2,     288.41,     74.1,     87.9,     -2,     13.266,     25.56,     70.3
92,     29.09.2014 15:21:16,     233.1,     462.3,     94,     0,     0.4,     0.9,     20.1,     60.5,     1014.3,     288.41,     74.1,     87.8,     -2
93,     29.09.2014 15:31:16,     243.6,     472.35,     104,     0,     0.3,     0.8,     20.2,     59.3,     1014.2,     288.41,     74.1,     88,     -1.9
94,     29.09.2014 15:41:16,     231,     450.24,     41,     0,     0.4,     0.8,     20.4,     58.7,     1014.2,     288.41,     74.1,     88,     -1.9
95,     29.09.2014 15:51:16,     119.7,     257.28,     22,     0,     0.5,     1,     20.2,     61.5,     1014.3,     288.41,     74.1,     87.9,     -2
96,     29.09.2014 16:01:16,     112.35,     247.23,     20,     0.4,     1,     1.9,     19.9,     67.2,     1014.2,     288.41,     74,     88,     -1.9
97,     29.09.2014 16:11:17,     105,     213.06,     52,     0.5,     1.1,     1.8,     19.6,     66.1,     1014.3,     288.41,     74,     88,     -2,     13.434,     25.05,     70.3
98,     29.09.2014 16:21:17,     159.6,     283.41,     50,     0.7,     1.1,     1.9,     19.5,     65.9,     1014.3,     288.41,     74,     88,     -1.9
99,     29.09.2014 16:31:17,     153.3,     275.37,     67,     0.3,     1.2,     2.1,     19.6,     66.2,     1014.3,     288.41,     74.1,     88,     -1.9
100,     29.09.2014 16:41:17,     109.2,     194.97,     42,     0.1,     1.1,     2.1,     19.5,     67.3,     1014.4,     288.41,     74,     88,     -1.9
101,     29.09.2014 16:51:17,     74.55,     124.62,     69,     0.1,     1.1,     1.9,     19.5,     67,     1014.5,     288.41,     74,     88,     -1.9
102,     29.09.2014 17:01:17,     36.75,     72.36,     51,     0.3,     1.1,     2.3,     19.4,     68,     1014.5,     288.41,     74,     88.1,     -1.8
103,     29.09.2014 17:11:16,     29.4,     64.32,     47,     0.4,     1.1,     1.7,     19.1,     70,     1014.5,     288.41,     73.9,     88,     -1.9,     13.006,     23.12,     70.9
104,     29.09.2014 17:21:16,     11.55,     34.17,     118,     0,     0.5,     0.9,     18.8,     73.7,     1014.5,     288.41,     73.9,     88,     -1.9
105,     29.09.2014 17:31:16,     11.55,     30.15,     163,     0.4,     0.7,     1,     18.2,     74.8,     1014.4,     288.41,     74,     88,     -1.9
106,     29.09.2014 17:41:16,     3.15,     18.09,     111,     0,     0.5,     0.9,     17.9,     78.2,     1014.4,     288.41,     74,     88,     -1.9
107,     29.09.2014 17:51:16,     -1.05,     8.04,     62,     0.3,     0.6,     0.9,     17.6,     81,     1014.3,     288.41,     74,     87.9,     -1.9
108,     29.09.2014 18:01:16,     -3.15,     0,     51,     0.3,     0.7,     1.2,     17.3,     82.9,     1014.4,     288.41,     73.9,     88,     -1.9
109,     29.09.2014 18:11:16,     -4.2,     0,     105,     0.1,     0.3,     0.7,     16.9,     82.2,     1014.4,     288.41,     253.7,     88,     -178,     12.715,     19.17,     72.9
110,     29.09.2014 18:21:16,     -5.25,     -4.02,     56,     0,     0.4,     0.6,     16.7,     82,     1014.4,     288.41,     253.7,     88,     -178
111,     29.09.2014 18:31:16,     -3.15,     -2.01,     42,     0.4,     0.8,     1.5,     16.7,     84.6,     1014.5,     288.41,     253.7,     88,     -178
112,     29.09.2014 18:41:16,     -3.15,     -4.02,     42,     0.6,     0.8,     1,     16.5,     85.8,     1014.6,     288.41,     253.6,     88,     -178
113,     29.09.2014 18:51:16,     -4.2,     -4.02,     59,     0,     0.6,     1,     16.3,     85.1,     1014.6,     288.41,     253.6,     88,     -178
114,     29.09.2014 19:01:16,     -6.3,     -2.01,     11,     0,     0.6,     1,     16.2,     86.4,     1014.7,     288.41,     253.6,     87.9,     -177.9
115,     29.09.2014 19:11:21,     -3.15,     0,     15,     0.3,     0.6,     0.9,     16,     86.8,     1014.7,     288.41,     253.7,     88,     -178,     12.666,     16.85,     73.5
116,     29.09.2014 19:21:21,     -2.1,     -2.01,     25,     0.7,     1.1,     1.5,     15.9,     87.2,     1014.7,     288.41,     253.6,     88,     -178
117,     29.09.2014 19:31:21,     -4.2,     -2.01,     9,     0.1,     0.8,     1.3,     15.8,     87.7,     1014.7,     288.41,     253.6,     87.9,     -177.9
118,     29.09.2014 19:41:21,     -3.15,     -2.01,     5,     0.1,     0.4,     0.7,     15.7,     87.5,     1014.7,     288.41,     253.5,     88.1,     -178.1
119,     29.09.2014 19:51:21,     -3.15,     -4.02,     357,     0,     0.2,     0.8,     15.7,     87.8,     1014.6,     288.41,     253.6,     87.8,     -177.9
120,     29.09.2014 20:01:21,     -3.15,     -4.02,     27,     0.4,     0.9,     1.4,     15.7,     87.5,     1014.6,     288.41,     253.6,     88,     -178
121,     29.09.2014 20:11:16,     -2.1,     0,     44,     0,     0.4,     0.9,     15.8,     87.3,     1014.7,     288.41,     253.6,     88,     -178,     12.645,     15.96,     73.6
122,     29.09.2014 20:21:16,     -1.05,     -2.01,     49,     0.2,     1.4,     2.2,     15.8,     85.5,     1014.6,     288.41,     253.4,     88,     -178
123,     29.09.2014 20:31:16,     -2.1,     -2.01,     59,     0,     0.9,     2,     16,     85,     1014.6,     288.41,     253.5,     87.9,     -177.9
124,     29.09.2014 20:41:16,     -2.1,     -2.01,     48,     0,     0.4,     0.9,     16,     84.3,     1014.7,     288.41,     253.5,     88,     -178
125,     29.09.2014 20:51:16,     -3.15,     -4.02,     193,     0.1,     0.5,     0.9,     15.9,     84.9,     1014.7,     288.41,     253.6,     88,     -178
126,     29.09.2014 21:01:16,     -1.05,     0,     104,     0.3,     0.7,     1,     15.9,     83.9,     1014.6,     288.41,     253.5,     87.9,     -177.9
127,     29.09.2014 21:11:22,     -3.15,     -4.02,     94,     0.3,     0.6,     1,     15.8,     84.5,     1014.5,     288.41,     253.6,     88,     -178,     12.607,     15.94,     73.5
128,     29.09.2014 21:21:22,     -2.1,     -4.02,     73,     0.1,     0.6,     1.6,     15.8,     84.8,     1014.6,     288.41,     253.5,     88,     -178
129,     29.09.2014 21:31:22,     -1.05,     -2.01,     46,     0.4,     1.1,     1.7,     15.9,     85,     1014.6,     288.41,     253.6,     88,     -178
130,     29.09.2014 21:41:22,     -2.1,     -2.01,     88,     0,     0.4,     1,     15.9,     84.8,     1014.6,     288.41,     253.6,     87.9,     -178
131,     29.09.2014 21:51:22,     -2.1,     -2.01,     98,     0,     0.5,     0.9,     15.9,     85,     1014.6,     288.41,     253.6,     88,     -178
132,     29.09.2014 22:01:22,     -4.2,     -2.01,     49,     0.1,     0.6,     1.2,     15.9,     84.5,     1014.6,     288.41,     253.6,     88,     -178
133,     29.09.2014 22:11:17,     -3.15,     -2.01,     57,     0.2,     0.5,     0.9,     15.8,     84,     1014.6,     288.42,     253.6,     88,     -178,     12.584,     16.01,     73.4
134,     29.09.2014 22:21:17,     -3.15,     -2.01,     32,     0.2,     0.5,     0.8,     15.9,     85.3,     1014.7,     288.43,     253.7,     88,     -178.1
135,     29.09.2014 22:31:17,     -4.2,     -2.01,     299,     0.5,     1.8,     2.9,     15.8,     86.2,     1015,     288.46,     253.7,     88,     -178
136,     29.09.2014 22:41:17,     -3.15,     -2.01,     28,     0.3,     1.2,     2.7,     15.5,     87,     1014.9,     288.65,     253.6,     88,     -178
137,     29.09.2014 22:51:17,     -4.2,     -4.02,     77,     0.6,     1,     1.9,     15.4,     88.2,     1014.9,     288.68,     253.6,     88,     -178
138,     29.09.2014 23:01:17,     -2.1,     -2.01,     10,     0,     0.9,     1.9,     15.3,     88.4,     1014.9,     288.68,     253.5,     88,     -178
139,     29.09.2014 23:11:16,     -2.1,     -2.01,     109,     0.5,     1,     1.6,     15.3,     88.9,     1014.8,     288.68,     253.7,     88,     -178,     12.575,     15.74,     73.4
140,     29.09.2014 23:21:16,     -3.15,     0,     175,     0.3,     1.1,     1.7,     15.2,     89.3,     1014.8,     288.68,     253.7,     88,     -178
141,     29.09.2014 23:31:16,     -2.1,     -2.01,     172,     0.3,     0.9,     1.5,     15.3,     89.4,     1014.8,     288.68,     253.6,     88,     -178
142,     29.09.2014 23:41:16,     -2.1,     0,     155,     0.4,     1.3,     2.1,     15.2,     89.1,     1014.6,     288.81,     253.5,     87.9,     -177.9
143,     29.09.2014 23:51:16,     -2.1,     -2.01,     196,     0.7,     1.9,     3.4,     15.2,     88.6,     1014.7,     288.84,     254.2,     87.9,     -177.9
144,     30.09.2014 00:01:16,     -3.15,     -2.01,     206,     1.1,     2,     2.7,     15.2,     88.8,     1014.6,     288.87,     253.8,     88,     -178,     12.488,     15.54,     73.5
(GSM ERROR Server Transfer: Timeout 166 / Signal:18 / 30.09.2014 00:02:45)