Logger: #D10248 'TSK_Meteo' - USP_EXP2 (V2.10, Jan 24 2012)
No,     Time,     #1:W/m²:0,     #2:ÂµMol:(do.),     #5:deg:2,     #6:m/sMIN:(do.),     #7:m/sMIT:(do.),     #8:m/sMAX:(do.),     #9:Â°C:(do.),     #10:%:(do.),     #11:hPa:(do.),     #12:mm:(do.),     #14:AZ:3,     #15:EL:(do.),     #16:Roll:(do.),     #HK-Bat:V,     #HK-Temp:oC,     #HK-rH:%
(GSM Transfer OK / Signal:16)
1,     25.07.2014 00:11:16,     -5.25,     0,     42,     0.8,     3.3,     5.2,     18.7,     82.7,     1009.7,     142.48,     254.6,     88.1,     -178.1,     12.425,     18.91,     66.3
2,     25.07.2014 00:21:16,     -5.25,     -2.01,     39,     1.6,     4.1,     5.7,     18.6,     82.3,     1009.5,     142.48,     254.9,     88,     -178
3,     25.07.2014 00:31:16,     -4.2,     0,     40,     2.2,     3.9,     5.3,     18.5,     83,     1009.4,     142.48,     75.2,     87.6,     -2.3
4,     25.07.2014 00:41:16,     -4.2,     -4.02,     33,     3.1,     4.2,     5.3,     18.3,     83.2,     1009.2,     142.48,     254.7,     87.3,     -177.4
5,     25.07.2014 00:51:16,     -2.1,     0,     33,     2.1,     4.1,     5.7,     18.3,     82.8,     1009,     142.48,     254.8,     88,     -177.9
6,     25.07.2014 01:01:16,     -3.15,     -2.01,     42,     1.9,     3.9,     5.3,     18.3,     83.8,     1009,     142.48,     255,     87.7,     -177.7
7,     25.07.2014 01:11:16,     -2.1,     -2.01,     42,     2,     3.7,     6,     18.4,     82.3,     1008.9,     142.48,     255.4,     88,     -177.9,     12.522,     18.58,     67.5
8,     25.07.2014 01:21:16,     -4.2,     -4.02,     47,     1.7,     3.2,     5.6,     18.4,     81.8,     1008.9,     142.48,     254.7,     87.9,     -177.9
9,     25.07.2014 01:31:16,     -1.05,     -2.01,     59,     0.3,     2.5,     5,     18.3,     82.5,     1009,     142.48,     255.2,     87.9,     -177.9
10,     25.07.2014 01:41:16,     -3.15,     -4.02,     83,     0,     1.1,     2.6,     18.2,     83.7,     1009,     142.48,     255.2,     87.8,     -177.8
11,     25.07.2014 01:51:16,     -1.05,     0,     43,     0.7,     2.3,     4,     18.2,     83,     1008.8,     142.48,     255.2,     88,     -178
12,     25.07.2014 02:01:16,     -2.1,     -2.01,     46,     0.3,     2.5,     4.1,     18.2,     83.1,     1008.8,     142.48,     255,     87.8,     -177.8
13,     25.07.2014 02:11:22,     -2.1,     -2.01,     47,     0.8,     2.2,     4.2,     18.3,     84,     1008.7,     142.48,     255,     88.1,     -178.1,     12.501,     18.56,     67.4
14,     25.07.2014 02:21:22,     -2.1,     -2.01,     47,     0.1,     2.3,     4,     18.2,     84.2,     1008.6,     142.48,     255.2,     87.8,     -177.8
15,     25.07.2014 02:31:22,     -2.1,     -4.02,     46,     0.9,     2.4,     4.2,     18.2,     84.8,     1008.5,     142.48,     254.8,     88.4,     -178.5
16,     25.07.2014 02:41:22,     -3.15,     -2.01,     46,     1.5,     2.9,     4.7,     18.2,     85.4,     1008.5,     142.48,     254.5,     88,     -178
17,     25.07.2014 02:51:22,     -2.1,     -2.01,     49,     0.6,     2.3,     4.2,     18.1,     82.8,     1008.4,     142.48,     254.8,     88.2,     -178.2
18,     25.07.2014 03:01:22,     -3.15,     -2.01,     44,     0.5,     2.4,     4,     18.2,     83.6,     1008.4,     142.48,     255,     87.6,     -177.6
19,     25.07.2014 03:11:16,     -3.15,     -2.01,     58,     0.3,     1.9,     3.7,     18.2,     83,     1008.4,     142.48,     255.2,     88,     -178,     12.454,     18.45,     67.5
20,     25.07.2014 03:21:16,     -3.15,     -2.01,     44,     0.7,     2,     3.5,     18.1,     83.6,     1008.4,     142.48,     254.8,     88.1,     -178.1
21,     25.07.2014 03:31:16,     -2.1,     0,     48,     0.9,     2.4,     4.1,     18,     83.7,     1008.3,     142.48,     255,     88.1,     -178.1
22,     25.07.2014 03:41:16,     -3.15,     -2.01,     58,     0.4,     1.7,     4.1,     18,     84.6,     1008.4,     142.48,     255,     88,     -178
23,     25.07.2014 03:51:16,     -4.2,     0,     54,     0.5,     1.6,     3.4,     17.9,     84.8,     1008.4,     142.48,     255.1,     88,     -178
24,     25.07.2014 04:01:16,     -3.15,     2.01,     62,     0.2,     1.3,     2.7,     17.9,     85.1,     1008.4,     142.48,     255.1,     88,     -178
25,     25.07.2014 04:11:16,     -1.05,     4.02,     85,     0,     1.2,     3.4,     17.8,     85.3,     1008.4,     142.48,     255,     88,     -178,     12.431,     17.93,     67.7
26,     25.07.2014 04:21:16,     3.15,     10.05,     85,     0.3,     1.4,     2.7,     17.8,     85.7,     1008.5,     142.48,     254.8,     87.8,     -177.9
27,     25.07.2014 04:31:16,     6.3,     16.08,     67,     0.2,     1.7,     4.1,     17.8,     85.5,     1008.4,     142.48,     255,     88,     -178
28,     25.07.2014 04:41:16,     11.55,     26.13,     66,     0.3,     1.6,     3.2,     17.9,     85.4,     1008.3,     142.48,     255.1,     87.9,     -177.9
29,     25.07.2014 04:51:16,     15.75,     34.17,     68,     0.2,     1.7,     4.2,     18,     85.1,     1008.4,     142.48,     255,     87.8,     -177.9
30,     25.07.2014 05:01:16,     22.05,     50.25,     74,     0.1,     1.4,     3.2,     18,     85.6,     1008.4,     142.48,     255.1,     87.8,     -177.8
31,     25.07.2014 05:11:22,     32.55,     68.34,     65,     0.1,     1.7,     4.3,     18.1,     85.3,     1008.4,     142.48,     255.1,     88,     -178,     12.539,     17.83,     67.8
32,     25.07.2014 05:21:22,     38.85,     80.4,     70,     0.2,     1.7,     3.7,     18.2,     84.7,     1008.4,     142.48,     255.2,     87.9,     -177.9
33,     25.07.2014 05:31:22,     42,     88.44,     64,     0.1,     1.7,     4.6,     18.2,     85.1,     1008.4,     142.48,     255.5,     88.2,     -178.2
34,     25.07.2014 05:41:22,     57.75,     114.57,     63,     0.1,     1.8,     3.7,     18.2,     83.8,     1008.5,     142.48,     254.9,     87.9,     -177.9
35,     25.07.2014 05:51:22,     77.7,     156.78,     65,     0.1,     1.5,     3.4,     18.3,     83.2,     1008.5,     142.48,     255.1,     87.8,     -177.8
36,     25.07.2014 06:01:22,     103.95,     194.97,     65,     0.1,     1.6,     3.3,     18.5,     82.8,     1008.5,     142.48,     255.2,     87.9,     -177.9
37,     25.07.2014 06:11:21,     137.55,     255.27,     67,     0.1,     1.8,     3.6,     18.7,     81.4,     1008.5,     142.48,     255.3,     88,     -178,     13.264,     19.23,     67.8
38,     25.07.2014 06:21:21,     155.4,     295.47,     63,     0.1,     1.9,     4.1,     18.8,     80.3,     1008.5,     142.48,     255.3,     87.9,     -177.9
39,     25.07.2014 06:31:21,     116.55,     247.23,     67,     0.1,     1.7,     4.1,     19.1,     79.4,     1008.6,     142.48,     255.3,     87.9,     -177.9
40,     25.07.2014 06:41:21,     117.6,     243.21,     64,     0.1,     1.8,     4.2,     19.2,     75.4,     1008.6,     142.48,     255.3,     87.9,     -177.9
41,     25.07.2014 06:51:21,     157.5,     329.64,     56,     0.4,     2.1,     4.3,     19.3,     77.6,     1008.5,     142.48,     255.4,     88,     -178
42,     25.07.2014 07:01:21,     176.4,     363.81,     70,     0.2,     1.6,     3.4,     19.5,     76.6,     1008.6,     142.48,     255.4,     88,     -178
43,     25.07.2014 07:11:16,     266.7,     524.61,     63,     0.1,     1.2,     2.6,     19.7,     75.8,     1008.6,     142.48,     255.2,     87.9,     -177.9,     14.248,     21.41,     67.0
44,     25.07.2014 07:21:16,     237.3,     486.42,     95,     0.1,     1.1,     2.4,     20,     74.4,     1008.6,     142.48,     255.3,     87.9,     -177.9
45,     25.07.2014 07:31:16,     183.75,     381.9,     86,     0.1,     1.4,     2.9,     20,     71.6,     1008.6,     142.48,     255.2,     87.9,     -177.9
46,     25.07.2014 07:41:16,     196.35,     410.04,     94,     0.1,     1.5,     3.9,     20,     72.9,     1008.6,     142.48,     255.1,     87.9,     -177.9
47,     25.07.2014 07:51:16,     194.25,     404.01,     70,     0.3,     1.8,     3.5,     20.1,     72.7,     1008.6,     142.48,     255.1,     87.9,     -177.9
48,     25.07.2014 08:01:16,     203.7,     418.08,     60,     0.4,     1.9,     3.8,     20.1,     72.6,     1008.6,     142.48,     255.2,     87.8,     -177.8
49,     25.07.2014 08:11:17,     267.75,     546.72,     64,     0.3,     1.9,     4,     20.2,     72.9,     1008.6,     142.48,     255.2,     87.9,     -177.9,     13.260,     23.10,     66.3
50,     25.07.2014 08:21:17,     302.4,     615.06,     62,     0.2,     1.8,     4.9,     20.4,     70.8,     1008.6,     142.48,     255.3,     87.8,     -177.8
51,     25.07.2014 08:31:17,     313.95,     639.18,     62,     0.1,     1.7,     3.2,     20.7,     68.8,     1008.6,     142.48,     255.2,     88,     -178
52,     25.07.2014 08:41:17,     271.95,     564.81,     52,     0,     1.4,     2.9,     20.9,     70.3,     1008.6,     142.48,     255.4,     87.9,     -178
53,     25.07.2014 08:51:17,     330.75,     679.38,     55,     0.2,     1.4,     2.6,     21.1,     68.1,     1008.5,     142.48,     255.3,     87.9,     -177.9
54,     25.07.2014 09:01:17,     441,     888.42,     36,     0.6,     1.9,     3.2,     21.2,     68.9,     1008.6,     142.48,     255.2,     87.9,     -177.9
55,     25.07.2014 09:11:16,     355.95,     719.58,     44,     0.5,     2.2,     4.1,     21.4,     68.9,     1008.5,     142.48,     255.3,     88,     -177.9,     13.213,     24.76,     66.0
56,     25.07.2014 09:21:16,     361.2,     731.64,     37,     0.5,     2,     3.7,     21.6,     68.7,     1008.5,     142.48,     255.3,     88,     -178
57,     25.07.2014 09:31:16,     423.15,     852.24,     47,     0.1,     1.8,     3.9,     22.1,     68.7,     1008.4,     142.48,     255.1,     87.8,     -177.9
58,     25.07.2014 09:41:16,     401.1,     822.09,     41,     1.2,     2.6,     4.5,     22.2,     67.5,     1008.4,     142.48,     255.2,     87.7,     -177.8
59,     25.07.2014 09:51:16,     589.05,     1175.85,     44,     0.1,     1.9,     3.9,     22.7,     65.5,     1008.3,     142.48,     255.4,     87.9,     -177.9
60,     25.07.2014 10:01:16,     582.75,     1159.77,     47,     0.7,     2.6,     5.5,     23,     61.7,     1008.2,     142.48,     255.5,     87.9,     -177.9
61,     25.07.2014 10:11:16,     605.85,     1208.01,     51,     0.6,     2.3,     5.2,     23.4,     60.4,     1008.2,     142.48,     75.8,     87.7,     -2.3,     13.148,     27.12,     65.2
62,     25.07.2014 10:21:16,     774.9,     1539.66,     47,     0.3,     2.9,     5.3,     23.8,     56.2,     1008.1,     142.48,     255.4,     87.8,     -177.9
63,     25.07.2014 10:31:16,     767.55,     1529.61,     71,     0.1,     2.1,     5.5,     24.7,     51.8,     1008,     142.48,     255.5,     87.6,     -177.6
64,     25.07.2014 10:41:16,     746.55,     1499.46,     96,     0.4,     2.3,     5.5,     25.1,     49.9,     1008,     142.48,     75.7,     87.7,     -2.2
65,     25.07.2014 10:51:16,     809.55,     1605.99,     81,     0.1,     2.4,     6.7,     25.6,     44.8,     1007.9,     142.48,     254.6,     87.9,     -177.9
66,     25.07.2014 11:01:16,     695.1,     1400.97,     97,     0.2,     3.1,     7.5,     25.8,     43.8,     1007.9,     142.48,     75.9,     87.8,     -2.1
67,     25.07.2014 11:11:16,     916.65,     1827.09,     106,     0.1,     2.5,     6.2,     26,     43.7,     1007.8,     142.48,     76.6,     88,     -1.9,     12.931,     30.56,     63.8
68,     25.07.2014 11:21:16,     859.95,     1718.55,     110,     0.4,     3.1,     6.4,     26.1,     37.9,     1007.9,     142.48,     75.1,     87.8,     -2.1
69,     25.07.2014 11:31:16,     823.2,     1648.2,     119,     0.4,     3.1,     8.2,     26.1,     38,     1007.8,     142.48,     76,     87.8,     -2.1
70,     25.07.2014 11:41:16,     338.1,     697.47,     134,     0.3,     3.2,     9.9,     26,     38.4,     1007.8,     142.48,     75.4,     87.8,     -2.1
71,     25.07.2014 11:51:16,     237.3,     492.45,     139,     0.3,     2.7,     7.3,     25.6,     39,     1007.8,     142.48,     75.3,     88.1,     -1.9
72,     25.07.2014 12:01:16,     361.2,     745.71,     149,     0.3,     3,     6.3,     25.2,     42.7,     1007.9,     142.48,     75.6,     88.1,     -1.8
73,     25.07.2014 12:11:16,     421.05,     846.21,     163,     0.2,     3.8,     9,     25.4,     41.8,     1007.7,     142.48,     255,     87.9,     -177.9,     13.135,     29.85,     64.6
74,     25.07.2014 12:21:16,     626.85,     1336.65,     167,     1.3,     4.4,     8.3,     25.4,     42.9,     1007.7,     142.48,     75.6,     88,     -1.9
75,     25.07.2014 12:31:16,     1005.9,     1979.85,     170,     0.7,     4.4,     9.3,     25.5,     43.8,     1007.7,     142.48,     76,     88.3,     -1.6
76,     25.07.2014 12:41:16,     451.5,     938.67,     152,     0.1,     3.2,     6.9,     26,     42.8,     1007.8,     142.48,     76.3,     87.7,     -2.2
77,     25.07.2014 12:51:16,     276.15,     584.91,     151,     0.3,     2.8,     6.9,     25.6,     44.1,     1007.8,     142.48,     75.8,     87.9,     -2
78,     25.07.2014 13:01:16,     290.85,     623.1,     123,     0.1,     2.7,     6.8,     25.4,     43.8,     1007.8,     142.48,     75.6,     87.8,     -2
79,     25.07.2014 13:11:17,     278.25,     600.99,     131,     0.1,     2.3,     6,     25.4,     44.7,     1007.8,     142.48,     75.8,     87.9,     -2,     13.286,     29.57,     64.7
80,     25.07.2014 13:21:17,     278.25,     584.91,     115,     0.6,     3.3,     7,     25.1,     44.4,     1007.9,     142.48,     75.3,     87.9,     -2
81,     25.07.2014 13:31:17,     265.65,     560.79,     121,     0.2,     2.7,     6.9,     25,     45.3,     1007.8,     142.48,     75.7,     88,     -1.9
82,     25.07.2014 13:41:17,     160.65,     345.72,     119,     0.1,     2.4,     5.5,     24.8,     45.2,     1007.9,     142.48,     75.3,     87.9,     -2
83,     25.07.2014 13:51:17,     117.6,     259.29,     131,     0.2,     2.2,     4.8,     24.6,     46,     1007.9,     142.48,     75.4,     88,     -1.9
84,     25.07.2014 14:01:17,     122.85,     273.36,     144,     0.2,     2,     4.8,     24.5,     46.6,     1007.8,     142.48,     75.7,     88,     -1.9
85,     25.07.2014 14:11:17,     205.8,     450.24,     143,     0.1,     1.9,     4.6,     24.4,     47.5,     1007.6,     142.48,     75.6,     87.9,     -2,     13.326,     27.77,     65.5
86,     25.07.2014 14:21:17,     206.85,     440.19,     128,     0,     1.9,     4.9,     24.5,     47.3,     1007.5,     142.48,     75.7,     87.9,     -2
87,     25.07.2014 14:31:17,     158.55,     345.72,     118,     0.1,     1.5,     4.4,     24.5,     47.6,     1007.4,     142.48,     75.2,     88,     -1.9
88,     25.07.2014 14:41:17,     148.05,     317.58,     113,     0.2,     1.8,     5.1,     24.4,     49,     1007.4,     142.48,     75.6,     88,     -1.9
89,     25.07.2014 14:51:17,     193.2,     416.07,     114,     0.1,     2.1,     4.8,     24.5,     46.6,     1007.3,     142.48,     255.2,     88,     -178
90,     25.07.2014 15:01:17,     150.15,     329.64,     112,     0.2,     2.5,     7.6,     24.5,     47,     1007.3,     142.48,     75.6,     87.7,     -2.1
91,     25.07.2014 15:11:16,     166.95,     363.81,     114,     0.2,     1.9,     4.3,     24.5,     46.9,     1007.2,     142.48,     75.1,     88,     -1.9,     13.387,     26.97,     65.7
92,     25.07.2014 15:21:16,     165.9,     363.81,     102,     0,     2,     4.3,     24.5,     46.9,     1007,     142.48,     75.4,     87.9,     -2
93,     25.07.2014 15:31:16,     105,     233.16,     105,     0.2,     2.3,     7.2,     24.6,     45.4,     1007.1,     142.48,     254.9,     88,     -177.9
94,     25.07.2014 15:41:16,     85.05,     192.96,     117,     0.1,     2.7,     5.5,     24.5,     43.3,     1007,     142.48,     75.5,     88.1,     -1.8
95,     25.07.2014 15:51:16,     45.15,     106.53,     105,     0.1,     2.2,     5.1,     24.4,     44.4,     1007.1,     142.48,     75.4,     88,     -1.9
96,     25.07.2014 16:01:16,     32.55,     78.39,     116,     0.2,     2.3,     6.2,     24.2,     44.6,     1007.1,     142.48,     75.3,     88,     -1.9
97,     25.07.2014 16:11:16,     52.5,     122.61,     108,     0.1,     1.8,     5.6,     24,     45.7,     1007,     142.48,     75.5,     87.9,     -2,     13.425,     25.99,     65.9
98,     25.07.2014 16:21:16,     107.1,     231.15,     94,     0.1,     1.7,     5.3,     23.9,     47,     1007,     142.48,     75.6,     87.9,     -2
99,     25.07.2014 16:31:16,     223.65,     470.34,     106,     0.1,     2.2,     5,     24,     46.9,     1006.9,     142.48,     75.3,     87.9,     -2
100,     25.07.2014 16:41:16,     179.55,     381.9,     110,     0.3,     2.6,     6.9,     24.1,     48.1,     1006.9,     142.48,     75.7,     87.9,     -2
101,     25.07.2014 16:51:16,     90.3,     192.96,     122,     0.2,     2,     5.2,     24.1,     47.9,     1006.8,     142.48,     255,     88,     -178
102,     25.07.2014 17:01:16,     107.1,     231.15,     105,     0.1,     2.2,     6,     24,     48.3,     1006.8,     142.48,     75.6,     88,     -1.9
103,     25.07.2014 17:11:16,     153.3,     323.61,     100,     0.2,     2.1,     4.5,     23.9,     49.1,     1006.7,     142.48,     254.9,     87.9,     -178,     13.413,     25.54,     65.9
104,     25.07.2014 17:21:16,     142.8,     295.47,     109,     0.1,     2.8,     6.9,     23.9,     49.5,     1006.6,     142.48,     75.1,     87.9,     -2
105,     25.07.2014 17:31:16,     120.75,     255.27,     113,     0.2,     2.3,     5.8,     23.9,     49.6,     1006.6,     142.48,     255,     87.9,     -177.8
106,     25.07.2014 17:41:16,     145.95,     303.51,     105,     0.2,     2.1,     6.3,     23.7,     50.9,     1006.6,     142.48,     75.4,     87.9,     -2
107,     25.07.2014 17:51:16,     136.5,     279.39,     107,     0.3,     2.7,     8.7,     23.7,     51,     1006.5,     142.48,     255,     87.8,     -177.8
108,     25.07.2014 18:01:16,     45.15,     92.46,     106,     0.5,     2.8,     7,     23.5,     52.9,     1006.6,     142.48,     75.8,     88,     -1.9
109,     25.07.2014 18:11:16,     42,     88.44,     107,     0.4,     2.4,     5.8,     23.4,     54.3,     1006.6,     142.48,     253.7,     88,     -178,     13.489,     25.27,     65.9
110,     25.07.2014 18:21:16,     43.05,     92.46,     120,     0.2,     1.8,     4.6,     23.2,     56.9,     1006.7,     142.48,     75.6,     87.9,     -2
111,     25.07.2014 18:31:16,     38.85,     82.41,     113,     0.1,     1.6,     3.4,     23.1,     57.2,     1006.6,     142.48,     255,     87.9,     -177.9
112,     25.07.2014 18:41:16,     43.05,     94.47,     113,     0.2,     1.6,     3.9,     22.9,     57.6,     1006.6,     142.48,     255.1,     87.9,     -177.9
113,     25.07.2014 18:51:16,     51.45,     112.56,     116,     0.3,     1.8,     3.7,     22.8,     58.6,     1006.7,     142.48,     254.9,     88,     -178
114,     25.07.2014 19:01:16,     44.1,     94.47,     117,     0.1,     1.7,     4.5,     22.8,     59.8,     1006.7,     142.48,     255.3,     87.9,     -177.9
115,     25.07.2014 19:11:16,     33.6,     74.37,     129,     0.1,     1.8,     5.5,     22.7,     61.9,     1006.8,     142.48,     255,     87.9,     -177.9,     13.324,     24.07,     66.3
116,     25.07.2014 19:21:16,     21,     48.24,     145,     0.1,     2,     4.5,     22.5,     63,     1006.8,     142.48,     255.1,     87.9,     -177.9
117,     25.07.2014 19:31:16,     11.55,     28.14,     151,     0.6,     2.7,     6.3,     22.4,     65.3,     1006.9,     142.48,     255.1,     88,     -178
118,     25.07.2014 19:41:16,     1.05,     14.07,     139,     0.3,     2.4,     4.6,     22.2,     66,     1006.9,     142.48,     255,     87.9,     -177.9
119,     25.07.2014 19:51:16,     4.2,     14.07,     144,     0.2,     2.1,     5,     21.9,     67.9,     1007,     142.48,     255.4,     88,     -178
120,     25.07.2014 20:01:16,     2.1,     10.05,     158,     0.5,     2.6,     5.9,     21.8,     67.1,     1007.1,     142.48,     255.2,     88,     -178
121,     25.07.2014 20:11:16,     0,     6.03,     150,     0.5,     2.7,     6.8,     21.7,     66.6,     1007.2,     142.48,     255,     87.9,     -177.9,     12.730,     22.79,     66.6
122,     25.07.2014 20:21:16,     0,     4.02,     165,     0.2,     2.4,     4.4,     21.6,     68.3,     1007.2,     142.48,     255.2,     87.9,     -177.9
123,     25.07.2014 20:31:16,     -3.15,     0,     161,     0.4,     2.1,     5,     21.5,     68.1,     1007.2,     142.48,     255.1,     87.9,     -177.9
124,     25.07.2014 20:41:16,     -3.15,     -2.01,     152,     0.5,     2.1,     5.7,     21.3,     69.2,     1007.3,     142.48,     255,     87.9,     -177.9
125,     25.07.2014 20:51:16,     -3.15,     0,     148,     0.1,     1.6,     3.2,     21.1,     71.1,     1007.4,     142.48,     255.1,     87.9,     -177.9
126,     25.07.2014 21:01:16,     -3.15,     -2.01,     118,     0.1,     1.2,     2.3,     20.9,     70.6,     1007.4,     142.48,     255,     87.9,     -177.9
127,     25.07.2014 21:11:16,     -4.2,     -4.02,     86,     0.2,     1.3,     2.6,     20.7,     74.5,     1007.4,     142.48,     255.1,     87.9,     -177.9,     12.675,     21.71,     66.9
128,     25.07.2014 21:21:16,     -5.25,     -4.02,     103,     0.1,     1.4,     2.6,     20.5,     74.9,     1007.4,     142.48,     255.1,     87.9,     -177.9
129,     25.07.2014 21:31:16,     -4.2,     -2.01,     92,     0.1,     1.3,     2.9,     20.4,     75.7,     1007.4,     142.48,     255,     87.9,     -177.9
130,     25.07.2014 21:41:16,     -4.2,     -2.01,     97,     0.1,     1.4,     2.9,     20.2,     76.2,     1007.3,     142.48,     255,     88,     -178
131,     25.07.2014 21:51:16,     -4.2,     -2.01,     100,     0.1,     1.1,     2.5,     20,     77.3,     1007.3,     142.48,     255.1,     87.9,     -177.9
132,     25.07.2014 22:01:16,     -5.25,     -2.01,     101,     0,     1.2,     2.5,     19.8,     78.2,     1007.3,     142.48,     255,     87.9,     -177.9
133,     25.07.2014 22:11:16,     -5.25,     -2.01,     115,     0.1,     1.3,     3.3,     19.7,     79,     1007.4,     142.48,     255.1,     88,     -178,     12.637,     20.15,     67.3
134,     25.07.2014 22:21:16,     -5.25,     -2.01,     100,     0,     1.4,     3.5,     19.7,     79.1,     1007.4,     142.48,     255.1,     88,     -177.9
135,     25.07.2014 22:31:16,     -5.25,     -4.02,     97,     0.3,     1.3,     3.9,     19.7,     79.2,     1007.5,     142.48,     255.1,     88,     -178
136,     25.07.2014 22:41:16,     -3.15,     -2.01,     108,     0.1,     1.1,     2.5,     19.6,     79.6,     1007.6,     142.48,     255.1,     87.9,     -177.9
137,     25.07.2014 22:51:16,     -2.1,     0,     114,     0.1,     1,     2,     19.6,     80,     1007.7,     142.48,     255.1,     87.9,     -177.9
138,     25.07.2014 23:01:16,     -1.05,     -2.01,     107,     0,     0.8,     2.1,     19.6,     79.9,     1007.6,     142.48,     255,     87.9,     -178
139,     25.07.2014 23:11:16,     -1.05,     -2.01,     94,     0.1,     0.9,     1.9,     19.7,     80.7,     1007.6,     142.48,     255.1,     88,     -178,     12.613,     19.43,     67.4
140,     25.07.2014 23:21:16,     -2.1,     0,     78,     0,     0.9,     2.3,     19.6,     80.3,     1007.7,     142.48,     255.2,     87.9,     -177.9
141,     25.07.2014 23:31:16,     -2.1,     -2.01,     83,     0,     0.6,     1,     19.6,     80.6,     1007.6,     142.48,     255.1,     88,     -178
142,     25.07.2014 23:41:16,     -1.05,     0,     96,     0,     0.5,     1.2,     19.6,     80.8,     1007.6,     142.48,     255.1,     87.9,     -177.9
143,     25.07.2014 23:51:16,     -3.15,     -4.02,     91,     0.2,     0.8,     1.5,     19.6,     80.2,     1007.6,     142.48,     255.2,     88,     -178
144,     26.07.2014 00:01:22,     -3.15,     -2.01,     89,     0.2,     0.8,     1.5,     19.5,     80.4,     1007.5,     142.48,     255.1,     87.9,     -177.9,     12.520,     19.71,     67.2