Logger: #D10248 'TSK_Meteo' - USP_EXP2 (V2.10, Jan 24 2012)
No,     Time,     #1:W/m²:0,     #2:ÂµMol:(do.),     #5:deg:2,     #6:m/sMIN:(do.),     #7:m/sMIT:(do.),     #8:m/sMAX:(do.),     #9:Â°C:(do.),     #10:%:(do.),     #11:hPa:(do.),     #12:mm:(do.),     #14:AZ:3,     #15:EL:(do.),     #16:Roll:(do.),     #HK-Bat:V,     #HK-Temp:oC,     #HK-rH:%
(GSM Transfer OK / Signal:15)
1,     25.08.2014 00:11:17,     -4.2,     0,     300,     1.2,     2.3,     3.4,     10.5,     79.5,     1007.8,     224.58,     255.4,     87.9,     -177.9,     12.480,     10.53,     69.1
2,     25.08.2014 00:21:17,     -5.25,     -4.02,     296,     0.7,     2.3,     3.5,     10.5,     80.2,     1007.8,     224.58,     255.4,     87.9,     -177.9
3,     25.08.2014 00:31:17,     -4.2,     -2.01,     294,     1.3,     2.4,     3.5,     10.4,     81.1,     1007.7,     224.58,     255.3,     87.9,     -177.9
4,     25.08.2014 00:41:17,     -5.25,     -2.01,     289,     1.1,     2.3,     3.4,     10.4,     81.7,     1007.7,     224.58,     255.2,     87.8,     -177.8
5,     25.08.2014 00:51:17,     -4.2,     0,     283,     0.3,     2.5,     3.5,     10.3,     82.9,     1007.7,     224.58,     255.4,     87.9,     -177.9
6,     25.08.2014 01:01:17,     -5.25,     -2.01,     286,     0.5,     2.4,     4.1,     10.2,     83.2,     1007.6,     224.58,     255.5,     87.9,     -177.9
7,     25.08.2014 01:11:16,     -4.2,     -2.01,     292,     1.8,     2.9,     4.8,     10.1,     83,     1007.5,     224.58,     255.4,     87.8,     -177.9,     12.505,     9.65,     70.5
8,     25.08.2014 01:21:16,     -6.3,     -4.02,     290,     1.6,     3,     4.9,     10,     83.8,     1007.5,     224.58,     255.3,     87.9,     -177.9
9,     25.08.2014 01:31:16,     -4.2,     -2.01,     293,     0.9,     2.6,     4.1,     10,     84.2,     1007.5,     224.58,     255.4,     87.9,     -177.9
10,     25.08.2014 01:41:16,     -5.25,     -2.01,     293,     1.4,     2.8,     4.3,     10,     84.1,     1007.4,     224.58,     255.3,     87.9,     -177.9
11,     25.08.2014 01:51:16,     -4.2,     0,     297,     1.5,     2.6,     4,     9.7,     84.4,     1007.4,     224.58,     255.3,     88,     -178
12,     25.08.2014 02:01:16,     -5.25,     -2.01,     302,     0.9,     2.4,     3.6,     9.5,     85.2,     1007.3,     224.58,     255.5,     87.9,     -177.9
13,     25.08.2014 02:11:21,     -4.2,     -2.01,     293,     1,     2.6,     3.9,     9.6,     85.8,     1007.3,     224.58,     255.5,     88,     -178,     12.471,     9.29,     70.6
14,     25.08.2014 02:21:21,     -4.2,     -2.01,     293,     1.5,     2.7,     4.3,     9.7,     87.1,     1007.3,     224.58,     255.4,     87.9,     -177.9
15,     25.08.2014 02:31:21,     -5.25,     -2.01,     296,     1.3,     2.7,     3.9,     9.5,     86.3,     1007.2,     224.58,     255.7,     87.9,     -177.9
16,     25.08.2014 02:41:21,     -4.2,     0,     291,     1.6,     2.7,     4.1,     9.5,     87.3,     1007.2,     224.58,     255.1,     87.9,     -178
17,     25.08.2014 02:51:21,     -5.25,     -4.02,     293,     1.4,     2.8,     4.6,     9.4,     87.2,     1007.2,     224.58,     255.2,     87.8,     -177.9
18,     25.08.2014 03:01:21,     -5.25,     0,     297,     1.1,     2.1,     3.6,     9.3,     87.3,     1007.1,     224.58,     255.2,     87.9,     -177.9
19,     25.08.2014 03:11:17,     -4.2,     -6.03,     293,     1.1,     2.2,     3.2,     9.2,     87,     1007,     224.58,     255.5,     88,     -178,     12.429,     8.97,     70.6
20,     25.08.2014 03:21:17,     -5.25,     -2.01,     280,     1.1,     2.7,     4,     9.2,     87.9,     1006.9,     224.58,     255.4,     87.9,     -177.9
21,     25.08.2014 03:31:17,     -5.25,     -2.01,     283,     1.5,     2.7,     4.1,     9.2,     88.4,     1006.9,     224.58,     255.3,     87.9,     -177.9
22,     25.08.2014 03:41:17,     -4.2,     0,     284,     0.7,     2.3,     4,     9.2,     88.3,     1006.8,     224.58,     255.5,     87.9,     -177.9
23,     25.08.2014 03:51:17,     -4.2,     -2.01,     287,     0.4,     2.2,     4,     9.1,     88.1,     1006.9,     224.58,     255.3,     87.9,     -178
24,     25.08.2014 04:01:17,     -6.3,     -4.02,     285,     0.2,     2,     3.6,     9.1,     88.4,     1006.8,     224.58,     255.4,     87.8,     -177.8
25,     25.08.2014 04:11:16,     -5.25,     -2.01,     282,     0.7,     2,     4,     9.1,     89,     1006.8,     224.58,     255.2,     87.9,     -177.9,     12.389,     8.67,     70.7
26,     25.08.2014 04:21:16,     -5.25,     -2.01,     285,     0.9,     2.1,     3.2,     9,     88.7,     1006.7,     224.58,     255.3,     87.7,     -177.8
27,     25.08.2014 04:31:16,     -4.2,     -2.01,     285,     0.3,     2,     3.4,     9,     88.9,     1006.8,     224.58,     255.3,     87.8,     -177.9
28,     25.08.2014 04:41:16,     -5.25,     -2.01,     284,     0.3,     1.9,     3.2,     9,     88.9,     1006.7,     224.58,     255.3,     87.9,     -177.9
29,     25.08.2014 04:51:16,     -3.15,     2.01,     278,     0.5,     2.3,     3.8,     9.2,     89.5,     1006.7,     224.58,     255.3,     88.1,     -178.1
30,     25.08.2014 05:01:16,     -2.1,     4.02,     248,     0.5,     2.2,     3.6,     9.2,     88.6,     1006.7,     224.58,     255.4,     87.8,     -177.8
31,     25.08.2014 05:11:17,     1.05,     10.05,     225,     1.6,     2.5,     4,     9,     88.9,     1006.6,     224.58,     255.2,     87.9,     -177.9,     12.346,     8.59,     70.8
32,     25.08.2014 05:21:17,     9.45,     22.11,     255,     1,     2.3,     3.4,     9.1,     89,     1006.7,     224.58,     255.4,     87.7,     -177.8
33,     25.08.2014 05:31:17,     15.75,     40.2,     280,     1,     2.6,     4.2,     9,     88.1,     1006.7,     224.58,     255.7,     87.9,     -177.9
34,     25.08.2014 05:41:17,     26.25,     60.3,     270,     0.9,     2.9,     4.9,     9.1,     88.7,     1006.8,     224.58,     255.3,     88,     -178
35,     25.08.2014 05:51:17,     27.3,     70.35,     277,     1.5,     2.5,     4.4,     9.2,     88,     1006.8,     224.58,     255.3,     87.8,     -177.9
36,     25.08.2014 06:01:17,     65.1,     122.61,     276,     1.6,     2.9,     4.9,     9.3,     87.5,     1006.8,     224.58,     255.5,     87.9,     -177.8
37,     25.08.2014 06:11:16,     94.5,     178.89,     274,     1.3,     2.9,     4.3,     9.5,     86.9,     1006.8,     224.58,     255.6,     88,     -178,     13.137,     9.29,     71.1
38,     25.08.2014 06:21:16,     138.6,     263.31,     260,     0.2,     1.6,     2.8,     9.9,     85.8,     1006.8,     224.58,     255.6,     87.8,     -177.9
39,     25.08.2014 06:31:16,     166.95,     311.55,     275,     0.7,     2.6,     4.5,     10,     85.4,     1006.8,     224.58,     255.9,     87.8,     -177.8
40,     25.08.2014 06:41:16,     175.35,     327.63,     274,     1.6,     3.1,     5,     10.1,     84,     1006.8,     224.58,     256,     88,     -177.9
41,     25.08.2014 06:51:16,     153.3,     291.45,     278,     1.1,     2.8,     5.1,     10.3,     84,     1006.8,     224.58,     255.7,     87.9,     -177.9
42,     25.08.2014 07:01:16,     183.75,     343.71,     283,     0.5,     2.7,     5.1,     10.5,     83.9,     1006.8,     224.58,     255.6,     87.9,     -177.9
43,     25.08.2014 07:11:16,     208.95,     404.01,     290,     0.5,     2.6,     4.2,     10.6,     83.3,     1006.8,     224.58,     255.8,     87.8,     -177.9,     13.584,     14.97,     70.7
44,     25.08.2014 07:21:16,     278.25,     514.56,     283,     0.9,     3,     5,     10.8,     82.9,     1006.7,     224.58,     255.7,     87.7,     -177.8
45,     25.08.2014 07:31:16,     306.6,     572.85,     289,     0.5,     2.5,     4.3,     11.1,     82.9,     1006.8,     224.58,     255.8,     87.8,     -177.8
46,     25.08.2014 07:41:16,     330.75,     615.06,     284,     0.6,     3.2,     6.3,     11.3,     80.7,     1006.7,     224.58,     256,     88,     -178
47,     25.08.2014 07:51:16,     359.1,     671.34,     284,     1.5,     3.2,     6.3,     11.4,     79,     1006.7,     224.58,     255.9,     88,     -178
48,     25.08.2014 08:01:16,     381.15,     713.55,     279,     0.8,     3.5,     5.5,     11.4,     78.5,     1006.7,     224.58,     256,     87.8,     -177.8
49,     25.08.2014 08:11:17,     401.1,     753.75,     273,     1.9,     3.6,     6.1,     11.7,     79.9,     1006.8,     224.58,     256.1,     88,     -177.9,     13.351,     19.20,     69.5
50,     25.08.2014 08:21:17,     422.1,     795.96,     287,     0.7,     3.7,     5.9,     11.9,     77.7,     1006.7,     224.58,     256.4,     87.8,     -177.9
51,     25.08.2014 08:31:17,     445.2,     840.18,     272,     0.8,     3.5,     5.5,     12.1,     76.3,     1006.7,     224.58,     256.1,     88,     -178
52,     25.08.2014 08:41:17,     467.25,     884.4,     270,     1.6,     3.5,     5.8,     12.3,     75,     1006.7,     224.58,     255.8,     87.9,     -177.9
53,     25.08.2014 08:51:17,     488.25,     928.62,     278,     0.8,     4,     7.3,     12.5,     75.8,     1006.8,     224.58,     256.9,     87.9,     -177.9
54,     25.08.2014 09:01:17,     509.25,     968.82,     265,     0.1,     3.5,     5.9,     12.6,     75.2,     1006.8,     224.58,     256.3,     87.9,     -177.9
55,     25.08.2014 09:11:16,     523.95,     1002.99,     268,     0.7,     4,     6.7,     12.9,     75.2,     1006.7,     224.58,     256,     88,     -178,     13.213,     20.41,     68.3
56,     25.08.2014 09:21:16,     573.3,     1087.41,     274,     2,     3.6,     6.3,     12.9,     73.1,     1006.6,     224.58,     255.9,     87.9,     -177.9
57,     25.08.2014 09:31:16,     586.95,     1129.62,     285,     0.9,     3.2,     6,     13.1,     72.6,     1006.7,     224.58,     256.4,     87.9,     -177.9
58,     25.08.2014 09:41:16,     607.95,     1161.78,     292,     2,     4.2,     7.5,     13.3,     71,     1006.6,     224.58,     255.8,     87.7,     -177.7
59,     25.08.2014 09:51:16,     665.7,     1270.32,     284,     0.9,     3.9,     6.4,     13.5,     70.5,     1006.6,     224.58,     256.3,     87.9,     -177.9
60,     25.08.2014 10:01:16,     750.75,     1431.12,     287,     1.6,     4.2,     6.5,     13.7,     68.8,     1006.6,     224.58,     255.9,     87.7,     -177.8
61,     25.08.2014 10:11:27,     752.85,     1441.17,     278,     1.4,     3.9,     6.6,     13.8,     65.9,     1006.6,     224.58,     256.4,     87.9,     -177.9,     13.288,     20.75,     67.6
62,     25.08.2014 10:21:27,     780.15,     1489.41,     286,     1.5,     4.3,     8,     14.1,     67.5,     1006.6,     224.58,     256.3,     87.8,     -177.7
63,     25.08.2014 10:31:27,     240.45,     482.4,     267,     1.3,     3.6,     6,     14.1,     64.8,     1006.6,     224.58,     76.2,     87.8,     -2.1
64,     25.08.2014 10:41:27,     880.95,     1696.44,     275,     1,     4.4,     7,     14.1,     62.9,     1006.5,     224.58,     76.2,     87.7,     -2.2
65,     25.08.2014 10:51:27,     899.85,     1686.39,     266,     1.1,     4.6,     8.8,     14.3,     61.7,     1006.5,     224.58,     75.9,     87.1,     -2.6
66,     25.08.2014 11:01:27,     243.6,     492.45,     256,     2,     4.5,     6.5,     14.4,     60.3,     1006.4,     224.58,     255.1,     87.9,     -177.9
67,     25.08.2014 11:11:16,     174.3,     361.8,     270,     1.3,     4.5,     8,     14.2,     60.2,     1006.4,     224.58,     256.3,     87.8,     -177.8,     13.292,     20.81,     67.1
68,     25.08.2014 11:21:16,     147,     283.41,     293,     2,     4.6,     7.9,     14.4,     60.8,     1006.4,     224.58,     256.1,     87.9,     -177.9
69,     25.08.2014 11:31:16,     130.2,     259.29,     301,     1.7,     3.7,     7.1,     14.2,     60.3,     1006.3,     224.59,     255.7,     87.8,     -177.8
70,     25.08.2014 11:41:16,     213.15,     428.13,     309,     0.5,     3,     6.3,     14.1,     60.6,     1006.3,     224.59,     255.7,     87.9,     -177.9
71,     25.08.2014 11:51:16,     756,     1614.03,     305,     1.3,     3.8,     6.6,     14.5,     56.9,     1006.1,     224.59,     255.4,     88,     -178
72,     25.08.2014 12:01:16,     851.55,     1660.26,     304,     1.2,     4,     7.9,     15,     52.9,     1006,     224.59,     257,     87.9,     -177.8
73,     25.08.2014 12:11:16,     885.15,     1718.55,     269,     2.7,     5.2,     8.1,     14.6,     56.9,     1006,     224.59,     256.9,     87.8,     -177.8,     13.016,     18.61,     68.3
74,     25.08.2014 12:21:16,     927.15,     1800.96,     270,     2.2,     4.4,     6.9,     15,     54.3,     1005.8,     224.59,     76.7,     87.8,     -2
75,     25.08.2014 12:31:16,     830.55,     1616.04,     257,     2.4,     5.1,     9.6,     15.4,     51,     1005.7,     224.59,     256.6,     87.9,     -177.8
76,     25.08.2014 12:41:16,     769.65,     1491.42,     253,     2.5,     5.2,     8.1,     15.1,     54.4,     1005.7,     224.59,     256,     87.9,     -178
77,     25.08.2014 12:51:16,     793.8,     1676.34,     258,     2.2,     4.5,     6.8,     15.1,     53.8,     1005.6,     224.59,     255.7,     87.7,     -177.7
78,     25.08.2014 13:01:16,     268.8,     544.71,     251,     1.4,     4,     6.7,     15.5,     54,     1005.4,     224.59,     256.3,     87.8,     -177.8
79,     25.08.2014 13:11:17,     784.35,     1511.52,     249,     2,     6.3,     11.2,     15.8,     48.3,     1005.3,     224.59,     257.3,     87.6,     -177.6,     13.192,     20.10,     67.5
80,     25.08.2014 13:21:17,     807.45,     1555.74,     263,     1.9,     5.5,     8.9,     15.8,     45.3,     1005.3,     224.59,     255.8,     88,     -178
81,     25.08.2014 13:31:17,     170.1,     337.68,     263,     2.2,     5,     8.5,     15.8,     50,     1005.3,     224.59,     76.1,     87.7,     -2.2
82,     25.08.2014 13:41:17,     233.1,     474.36,     270,     2.7,     4.9,     7.5,     16,     46.7,     1005.2,     224.59,     256.2,     88,     -177.9
83,     25.08.2014 13:51:17,     221.55,     464.31,     282,     1.3,     3.6,     6.7,     16,     48.6,     1005.2,     224.59,     256.5,     88.2,     -178.2
84,     25.08.2014 14:01:17,     86.1,     164.82,     286,     1.9,     4.3,     8.8,     16,     49.8,     1005.4,     224.59,     256.9,     87.9,     -177.9
85,     25.08.2014 14:11:17,     173.25,     357.78,     332,     2.5,     6.6,     12.5,     14.4,     61.5,     1005.6,     224.59,     257.3,     89.4,     -179.6,     13.402,     19.52,     67.8
86,     25.08.2014 14:21:17,     279.3,     560.79,     356,     3.2,     5.9,     9.3,     14,     62.7,     1005.6,     224.59,     75.7,     88.4,     -1.5
87,     25.08.2014 14:31:17,     364.35,     707.52,     346,     1.8,     5,     8.4,     13.9,     67.2,     1005.5,     224.59,     255.9,     88,     -178
88,     25.08.2014 14:41:17,     727.65,     1374.84,     335,     2.7,     4.8,     7.2,     14.2,     66.5,     1005.5,     224.59,     76.7,     87.6,     -2.2
89,     25.08.2014 14:51:17,     640.5,     1214.04,     336,     2.1,     4.3,     7.2,     14.5,     62.7,     1005.4,     224.59,     76.5,     87.5,     -2.3
90,     25.08.2014 15:01:17,     144.9,     301.5,     330,     1.7,     4.2,     7.3,     14.8,     59.2,     1005.3,     224.59,     255.5,     88.4,     -178.4
91,     25.08.2014 15:11:21,     133.35,     271.35,     331,     1.9,     4.2,     7.9,     14.3,     60.3,     1005.4,     224.59,     255.9,     88.2,     -178.2,     13.529,     18.15,     68.4
92,     25.08.2014 15:21:21,     413.7,     814.05,     321,     1.5,     3.3,     7.4,     14,     60.9,     1005.3,     224.59,     255.4,     87.9,     -177.9
93,     25.08.2014 15:31:21,     287.7,     580.89,     325,     0.9,     3,     6.9,     14.5,     57.6,     1005.2,     224.59,     255.7,     88,     -178
94,     25.08.2014 15:41:21,     217.35,     434.16,     340,     2.1,     3.7,     5.9,     14.4,     57.4,     1005.1,     224.59,     76,     87.9,     -2
95,     25.08.2014 15:51:21,     132.3,     273.36,     329,     0.9,     4.3,     8.1,     14.3,     60.4,     1005.2,     224.59,     255.5,     87.9,     -177.9
96,     25.08.2014 16:01:21,     91.35,     192.96,     334,     1.8,     4.3,     8,     13.9,     63.4,     1005,     224.59,     255.8,     87.6,     -177.6
97,     25.08.2014 16:11:16,     101.85,     215.07,     309,     1.3,     2.8,     4.4,     13.8,     63.7,     1004.9,     224.59,     255.6,     87.9,     -177.9,     13.521,     17.06,     68.9
98,     25.08.2014 16:21:16,     82.95,     166.83,     296,     0.7,     2.2,     3.6,     13.9,     65,     1004.8,     224.59,     255.6,     88,     -178
99,     25.08.2014 16:31:16,     117.6,     235.17,     286,     0.4,     2.2,     4,     14,     62.1,     1004.7,     224.59,     255.8,     87.9,     -177.9
100,     25.08.2014 16:41:16,     163.8,     325.62,     287,     0.7,     2.1,     3.5,     14.1,     64.6,     1004.6,     224.59,     255.6,     87.9,     -177.9
101,     25.08.2014 16:51:16,     183.75,     361.8,     290,     0.7,     2.2,     4,     14.2,     60.4,     1004.5,     224.59,     255.5,     87.8,     -177.8
102,     25.08.2014 17:01:16,     139.65,     283.41,     290,     0.7,     2,     3.7,     14.6,     62.1,     1004.3,     224.59,     255.6,     87.9,     -177.9
103,     25.08.2014 17:11:18,     286.65,     488.43,     290,     1.3,     2.6,     4.1,     14.6,     59.6,     1004.2,     224.59,     255.6,     87.9,     -177.9,     13.593,     16.34,     69.0
104,     25.08.2014 17:21:18,     247.8,     434.16,     301,     0.7,     2.2,     4.3,     14.9,     58.6,     1004.1,     224.59,     255.5,     87.9,     -177.9
105,     25.08.2014 17:31:18,     207.9,     363.81,     322,     1,     2.6,     6,     15.2,     56.1,     1004.1,     224.59,     255.9,     88,     -178
106,     25.08.2014 17:41:18,     164.85,     287.43,     321,     1,     2.7,     4.7,     15.3,     56.5,     1004.1,     224.59,     255.6,     87.9,     -177.9
107,     25.08.2014 17:51:18,     48.3,     124.62,     328,     1.1,     2.1,     4.1,     15.1,     57.9,     1004.2,     224.59,     255.6,     87.9,     -177.9
108,     25.08.2014 18:01:18,     17.85,     52.26,     346,     0.9,     1.9,     2.8,     14.9,     60,     1004.1,     224.59,     255.6,     88.1,     -178.1
109,     25.08.2014 18:11:17,     25.2,     60.3,     13,     2.4,     5.9,     9.4,     13.8,     61.7,     1004.2,     224.59,     254.9,     86.1,     -176.2,     12.874,     17.13,     68.1
110,     25.08.2014 18:21:17,     30.45,     64.32,     17,     3.1,     4.5,     6.4,     13.6,     62.5,     1004.2,     224.59,     76,     87.9,     -2
111,     25.08.2014 18:31:17,     21,     48.24,     22,     1.9,     3.5,     5.3,     13.4,     64.8,     1004.1,     224.59,     255.4,     88.7,     -178.7
112,     25.08.2014 18:41:17,     25.2,     32.16,     39,     1.1,     2.4,     4.1,     13.3,     64,     1004.1,     224.59,     255.4,     87.9,     -177.9
113,     25.08.2014 18:51:17,     14.7,     28.14,     71,     0.3,     1.3,     2.3,     13,     65.9,     1003.9,     224.59,     255.3,     87.9,     -177.9
114,     25.08.2014 19:01:17,     9.45,     22.11,     81,     0.3,     1.1,     1.7,     12.9,     65.2,     1003.9,     224.59,     255.3,     87.8,     -177.9
115,     25.08.2014 19:11:16,     2.1,     12.06,     121,     0.2,     0.9,     1.5,     12.8,     67.3,     1003.8,     224.59,     255.4,     88,     -178,     12.766,     14.81,     69.4
116,     25.08.2014 19:21:16,     -2.1,     0,     111,     0.1,     0.6,     1.1,     12.7,     68.3,     1003.8,     224.59,     255.3,     87.8,     -177.8
117,     25.08.2014 19:31:16,     -4.2,     0,     167,     0.2,     0.9,     1.5,     12.5,     72.1,     1003.8,     224.59,     255.3,     87.9,     -177.9
118,     25.08.2014 19:41:16,     -5.25,     -2.01,     180,     0.9,     1.4,     1.9,     12.1,     74.2,     1003.9,     224.59,     255.3,     87.9,     -177.9
119,     25.08.2014 19:51:16,     -4.2,     -4.02,     190,     0.9,     1.8,     2.5,     11.8,     73.9,     1004,     224.59,     255.3,     87.9,     -177.9
120,     25.08.2014 20:01:16,     -6.3,     -2.01,     181,     0.3,     1.1,     2,     11.7,     75.1,     1003.9,     224.59,     255.3,     87.9,     -177.9
121,     25.08.2014 20:11:23,     -3.15,     -2.01,     172,     0.4,     1.1,     1.7,     11.4,     75.7,     1003.9,     224.59,     255.3,     88,     -177.9,     12.673,     12.41,     70.1
122,     25.08.2014 20:21:23,     -3.15,     -2.01,     197,     0.2,     1.2,     2.2,     11.5,     76.4,     1003.9,     224.59,     255.4,     87.9,     -177.9
123,     25.08.2014 20:31:23,     -4.2,     0,     208,     0.9,     1.6,     2.2,     11.5,     74.6,     1003.8,     224.59,     255.2,     87.9,     -177.9
124,     25.08.2014 20:41:23,     -5.25,     -2.01,     191,     0,     0.7,     1.5,     11.8,     77,     1003.8,     224.59,     255.3,     87.9,     -177.9
125,     25.08.2014 20:51:23,     -3.15,     -2.01,     209,     0,     0.6,     1.3,     11.9,     76.3,     1003.7,     224.59,     255.3,     88,     -178
126,     25.08.2014 21:01:23,     -4.2,     -2.01,     197,     0.5,     1,     1.4,     11.8,     77.8,     1003.7,     224.59,     255.4,     87.8,     -177.9
127,     25.08.2014 21:11:23,     -5.25,     -2.01,     222,     0.4,     1.3,     2.1,     11.8,     77.7,     1003.6,     224.59,     255.2,     88,     -178,     12.613,     11.33,     70.3
128,     25.08.2014 21:21:23,     -6.3,     0,     163,     0.1,     1.1,     1.9,     11.4,     80.1,     1003.6,     224.59,     255.3,     87.9,     -177.9
129,     25.08.2014 21:31:23,     -6.3,     -4.02,     157,     0.1,     1,     1.9,     11.1,     81.3,     1003.5,     224.59,     255.2,     88,     -178
130,     25.08.2014 21:41:23,     -6.3,     -2.01,     172,     0.2,     1.2,     1.7,     10.7,     82.8,     1003.4,     224.59,     255.2,     87.7,     -177.8
131,     25.08.2014 21:51:23,     -5.25,     -4.02,     174,     0.5,     1.1,     1.6,     10.3,     83.4,     1003.4,     224.59,     255.2,     87.9,     -177.9
132,     25.08.2014 22:01:23,     -4.2,     0,     178,     0.4,     1,     1.4,     10.4,     84.3,     1003.3,     224.59,     255.2,     87.9,     -177.9
133,     25.08.2014 22:11:16,     -4.2,     -2.01,     206,     0.4,     0.8,     1.3,     10.3,     84.2,     1003.3,     224.59,     255.2,     87.9,     -177.9,     12.586,     10.09,     70.5
134,     25.08.2014 22:21:16,     -4.2,     0,     155,     0.4,     0.9,     1.3,     10.1,     85.2,     1003.2,     224.59,     255.1,     87.8,     -177.8
135,     25.08.2014 22:31:16,     -4.2,     -4.02,     167,     0.3,     1,     1.5,     9.9,     86.3,     1003.2,     224.59,     255.2,     87.9,     -177.9
136,     25.08.2014 22:41:16,     -5.25,     0,     186,     0.6,     1.2,     1.6,     9.7,     86.7,     1003.2,     224.59,     255.2,     87.9,     -177.9
137,     25.08.2014 22:51:16,     -5.25,     -2.01,     198,     0.7,     1.4,     1.9,     9.4,     86.2,     1003,     224.59,     255.1,     88,     -178
138,     25.08.2014 23:01:16,     -4.2,     -2.01,     169,     0.1,     1,     1.6,     9.5,     87.9,     1003,     224.59,     255.2,     87.9,     -177.9
139,     25.08.2014 23:11:21,     -5.25,     -2.01,     134,     0.3,     0.8,     1.3,     9.5,     88.4,     1003,     224.59,     255.2,     87.9,     -177.9,     12.567,     9.11,     70.6
140,     25.08.2014 23:21:21,     -5.25,     -2.01,     139,     0.1,     0.6,     1,     9.4,     87.9,     1002.9,     224.59,     255.1,     87.8,     -177.8
141,     25.08.2014 23:31:21,     -5.25,     -2.01,     180,     0,     1,     1.7,     9.2,     87.9,     1002.8,     224.59,     255.2,     87.9,     -177.9
142,     25.08.2014 23:41:21,     -6.3,     -2.01,     178,     0.5,     1.2,     1.8,     8.7,     88.4,     1002.7,     224.59,     255.1,     87.8,     -177.9
143,     25.08.2014 23:51:21,     -5.25,     -2.01,     144,     0,     0.5,     1.2,     9.2,     89.7,     1002.7,     224.59,     255.2,     87.8,     -177.8
144,     26.08.2014 00:01:21,     -4.2,     -2.01,     170,     0.6,     1.2,     2,     8.9,     89.3,     1002.6,     224.59,     255.1,     87.9,     -177.9,     12.471,     8.42,     70.8