Logger: #D10248 'TSK_Meteo' - USP_EXP2 (V2.10, Jan 24 2012)
No,     Time,     #1:W/m²:0,     #2:ÂµMol:(do.),     #5:deg:2,     #6:m/sMIN:(do.),     #7:m/sMIT:(do.),     #8:m/sMAX:(do.),     #9:Â°C:(do.),     #10:%:(do.),     #11:hPa:(do.),     #12:mm:(do.),     #14:AZ:3,     #15:EL:(do.),     #16:Roll:(do.),     #HK-Bat:V,     #HK-Temp:oC,     #HK-rH:%
(GSM Transfer OK / Signal:15)
1,     12.11.2014 00:11:18,     -3.15,     0,     98,     1.3,     2.7,     5.3,     7.3,     90.4,     1002.2,     323.71,     252.8,     87.9,     -177.9,     12.404,     7.64,     81.5
2,     12.11.2014 00:21:18,     -3.15,     -4.02,     102,     1.3,     2.7,     5.5,     7.4,     90.4,     1002.1,     323.71,     252.8,     87.9,     -177.9
3,     12.11.2014 00:31:18,     -3.15,     -4.02,     104,     0.9,     2.1,     4,     7.4,     90.3,     1002,     323.71,     252.6,     87.9,     -177.9
4,     12.11.2014 00:41:18,     -3.15,     -2.01,     106,     1.1,     2.7,     5.1,     7.4,     90.6,     1001.9,     323.71,     252.8,     88,     -178
5,     12.11.2014 00:51:18,     -2.1,     -2.01,     115,     0.7,     2.9,     6.2,     7.5,     90.6,     1001.8,     323.71,     252.2,     88.1,     -178.1
6,     12.11.2014 01:01:18,     -1.05,     0,     122,     0.7,     2.8,     6.2,     7.7,     90.6,     1001.8,     323.71,     253.1,     88,     -178
7,     12.11.2014 01:11:16,     -1.05,     0,     125,     0.6,     2.8,     6,     7.7,     90.5,     1001.8,     323.71,     252.4,     88,     -178,     12.408,     7.53,     83.1
8,     12.11.2014 01:21:16,     -2.1,     -2.01,     115,     0.7,     2.6,     5.2,     7.7,     90.8,     1001.6,     323.71,     253.5,     87.9,     -178
9,     12.11.2014 01:31:16,     -1.05,     0,     105,     0.1,     2,     4.1,     7.7,     91,     1001.6,     323.71,     253.2,     88,     -178
10,     12.11.2014 01:41:16,     -1.05,     -2.01,     118,     0.6,     2.2,     4,     7.6,     91.2,     1001.5,     323.71,     253.4,     87.9,     -177.9
11,     12.11.2014 01:51:16,     -1.05,     0,     116,     0.9,     2.5,     5,     7.6,     91.4,     1001.4,     323.71,     253.1,     88,     -178
12,     12.11.2014 02:01:16,     0,     -2.01,     114,     0.6,     2.6,     5.7,     7.6,     91.7,     1001.2,     323.71,     253.2,     88,     -178
13,     12.11.2014 02:11:16,     0,     0,     110,     0.6,     2.6,     5.3,     7.6,     91.9,     1001.2,     323.71,     253.5,     88,     -178,     12.380,     8.05,     82.9
14,     12.11.2014 02:21:16,     -1.05,     0,     124,     0.6,     2.8,     5.9,     7.5,     92.1,     1001.1,     323.71,     253.5,     88,     -178
15,     12.11.2014 02:31:16,     -3.15,     0,     122,     0.4,     2.6,     5.7,     7.5,     92.2,     1001,     323.71,     253.4,     88,     -178
16,     12.11.2014 02:41:16,     -1.05,     -2.01,     120,     0.1,     2.1,     5.7,     7.5,     92.4,     1000.9,     323.71,     253.7,     87.9,     -177.9
17,     12.11.2014 02:51:16,     -1.05,     -2.01,     123,     0.3,     3,     5.5,     7.4,     92.4,     1000.7,     323.71,     253.2,     88,     -178
18,     12.11.2014 03:01:16,     -2.1,     -2.01,     125,     0.3,     2.7,     5.8,     7.3,     92.5,     1000.6,     323.71,     252.9,     88,     -178
19,     12.11.2014 03:11:16,     0,     0,     132,     0.7,     2.4,     5.5,     7.3,     92.5,     1000.7,     323.71,     252.8,     87.9,     -177.9,     12.344,     8.07,     82.9
20,     12.11.2014 03:21:16,     -1.05,     0,     139,     0.5,     2.7,     5.2,     7.2,     92.6,     1000.7,     323.71,     252.7,     88,     -178
21,     12.11.2014 03:31:16,     0,     0,     134,     0.4,     2.7,     6.7,     7.2,     92.7,     1000.6,     323.71,     253.1,     88,     -178
22,     12.11.2014 03:41:16,     -2.1,     -2.01,     126,     0.8,     2.9,     5.2,     7.2,     92.7,     1000.6,     323.71,     253.2,     88,     -178
23,     12.11.2014 03:51:16,     -2.1,     -2.01,     121,     0.9,     2.7,     7.1,     7.3,     92.8,     1000.5,     323.71,     253,     87.9,     -177.9
24,     12.11.2014 04:01:16,     -1.05,     -2.01,     96,     0.8,     3,     6.4,     7.3,     92.9,     1000.5,     323.71,     253.4,     88,     -177.9
25,     12.11.2014 04:11:16,     -1.05,     -2.01,     0,     0,     0,     0,     7.4,     92.9,     1000.3,     323.71,     253.4,     88,     -178,     12.332,     8.05,     83.0
26,     12.11.2014 04:21:16,     0,     -2.01,     121,     0.2,     2.5,     5.8,     7.6,     92.9,     1000.2,     323.71,     253,     88,     -178
27,     12.11.2014 04:31:16,     -1.05,     -2.01,     121,     0.9,     2.6,     5.1,     7.6,     93,     1000.2,     323.71,     253.5,     88.1,     -178
28,     12.11.2014 04:41:16,     -1.05,     -2.01,     127,     0.2,     2.3,     4.8,     7.7,     93,     1000.1,     323.71,     253.1,     87.9,     -177.9
29,     12.11.2014 04:51:16,     -1.05,     -2.01,     125,     0.7,     2.9,     5.4,     7.9,     93,     1000.1,     323.71,     253.1,     87.9,     -177.8
30,     12.11.2014 05:01:16,     -1.05,     -4.02,     119,     0.6,     2.7,     6.5,     8,     93,     1000,     323.71,     252.9,     88,     -178
31,     12.11.2014 05:11:16,     -2.1,     -4.02,     116,     0.1,     2.7,     5.8,     8.1,     93.1,     999.9,     323.71,     253.9,     88,     -178,     12.310,     8.36,     82.9
32,     12.11.2014 05:21:16,     -2.1,     -2.01,     127,     0.6,     3.1,     6.7,     8.2,     93.1,     999.7,     323.71,     252.7,     88,     -178
33,     12.11.2014 05:31:16,     0,     0,     124,     0.5,     3.1,     5.8,     8.3,     93.1,     999.7,     323.71,     253,     87.9,     -177.9
34,     12.11.2014 05:41:16,     -1.05,     0,     128,     0.6,     3.1,     6.1,     8.4,     93.1,     999.6,     323.71,     252.7,     87.9,     -177.9
35,     12.11.2014 05:51:16,     -2.1,     -2.01,     122,     0.9,     3.2,     6.1,     8.4,     93.1,     999.6,     323.71,     253.1,     88,     -178
36,     12.11.2014 06:01:16,     -1.05,     -2.01,     126,     0.6,     3,     7.6,     8.5,     93.1,     999.6,     323.71,     252.7,     88,     -178
37,     12.11.2014 06:11:16,     -1.05,     -2.01,     133,     1.1,     3,     5.4,     8.6,     93.1,     999.6,     323.71,     252.8,     88,     -178,     12.325,     8.87,     82.8
38,     12.11.2014 06:21:16,     -2.1,     0,     143,     0.5,     2.8,     5.6,     8.6,     93,     999.6,     323.71,     253.2,     88,     -178
39,     12.11.2014 06:31:16,     -2.1,     -2.01,     145,     0.8,     3.5,     7.6,     8.7,     93,     999.6,     323.71,     253.3,     87.9,     -178
40,     12.11.2014 06:41:16,     -1.05,     0,     141,     0.7,     3.2,     6.6,     8.7,     93,     999.6,     323.71,     252.8,     87.9,     -177.9
41,     12.11.2014 06:51:16,     -2.1,     -2.01,     143,     1,     3.4,     6.4,     8.8,     93,     999.6,     323.71,     253.1,     88,     -178
42,     12.11.2014 07:01:16,     -1.05,     0,     136,     0.7,     2.4,     4.6,     8.8,     93,     999.6,     323.71,     253.1,     87.7,     -177.7
43,     12.11.2014 07:11:23,     -1.05,     0,     141,     0.5,     2.9,     6.9,     8.9,     93,     999.6,     323.71,     253.6,     88,     -178.1,     12.321,     9.27,     82.6
44,     12.11.2014 07:21:23,     -2.1,     -2.01,     144,     0.3,     2.8,     6,     8.9,     93,     999.6,     323.71,     253.1,     87.9,     -177.9
45,     12.11.2014 07:31:23,     -1.05,     0,     134,     0.2,     2.1,     4.9,     9,     93,     999.6,     323.71,     253.6,     88,     -178
46,     12.11.2014 07:41:23,     0,     2.01,     142,     0.7,     2.7,     5.6,     9,     93,     999.6,     323.71,     253.3,     88,     -178
47,     12.11.2014 07:51:23,     2.1,     4.02,     170,     1.1,     3.4,     7,     9.1,     93,     999.6,     323.71,     252.9,     88,     -178
48,     12.11.2014 08:01:23,     4.2,     10.05,     143,     0.6,     2.9,     6.4,     9.1,     93,     999.6,     323.71,     252.7,     87.9,     -177.9
49,     12.11.2014 08:11:16,     4.2,     12.06,     129,     1.1,     2.7,     4.7,     9.1,     93,     999.7,     323.71,     253.1,     88.1,     -178.1,     12.317,     9.57,     82.6
50,     12.11.2014 08:21:16,     6.3,     20.1,     133,     0.5,     2.3,     4.8,     9.2,     93,     999.6,     323.71,     252.5,     88.1,     -178.1
51,     12.11.2014 08:31:16,     11.55,     28.14,     136,     0.6,     2.3,     5.5,     9.3,     93,     999.4,     323.71,     253.3,     88,     -178
52,     12.11.2014 08:41:16,     15.75,     36.18,     146,     0.3,     2.9,     6.7,     9.3,     93,     999.4,     323.71,     253.5,     88,     -178
53,     12.11.2014 08:51:16,     18.9,     46.23,     149,     0.6,     2.8,     6.3,     9.4,     93,     999.3,     323.71,     253.4,     87.9,     -177.9
54,     12.11.2014 09:01:16,     16.8,     42.21,     157,     1.1,     2.9,     6,     9.5,     93,     999.5,     323.71,     253.6,     88,     -178
55,     12.11.2014 09:11:22,     15.75,     36.18,     142,     1,     3.1,     5.6,     9.5,     92.9,     999.5,     323.71,     252.8,     88.1,     -178,     12.399,     9.98,     82.5
56,     12.11.2014 09:21:22,     19.95,     48.24,     150,     0.2,     2.4,     5.3,     9.6,     92.9,     999.4,     323.71,     253.8,     88,     -177.9
57,     12.11.2014 09:31:22,     27.3,     64.32,     146,     0.9,     3.3,     7.9,     9.7,     92.9,     999.1,     323.71,     253.4,     88,     -178
58,     12.11.2014 09:41:22,     30.45,     70.35,     140,     0.7,     2.7,     5.6,     9.8,     92.8,     999,     323.71,     253.4,     87.9,     -177.9
59,     12.11.2014 09:51:22,     23.1,     54.27,     141,     0.5,     2.5,     5,     9.9,     92.8,     999.1,     323.71,     253.2,     88,     -177.9
60,     12.11.2014 10:01:22,     15.75,     36.18,     146,     0.2,     2.4,     4.4,     9.9,     92.7,     999.1,     323.71,     252.6,     88,     -178
61,     12.11.2014 10:11:16,     6.3,     16.08,     155,     0.6,     2.6,     5.3,     10,     92.6,     999.3,     323.71,     253,     88,     -178,     12.387,     10.43,     82.4
62,     12.11.2014 10:21:16,     9.45,     24.12,     149,     0.4,     2.8,     5,     10,     92.4,     999.3,     323.71,     253.1,     88,     -178
63,     12.11.2014 10:31:16,     16.8,     40.2,     153,     0.6,     2,     3.7,     10,     92.3,     999.3,     323.71,     253.3,     87.9,     -177.9
64,     12.11.2014 10:41:16,     22.05,     52.26,     139,     0.4,     1.9,     4.4,     10.1,     92.3,     999.2,     323.71,     253.3,     88.1,     -178
65,     12.11.2014 10:51:16,     40.95,     94.47,     144,     0.4,     1.9,     4.8,     10.1,     92.3,     999.2,     323.71,     253.3,     87.9,     -177.9
66,     12.11.2014 11:01:16,     54.6,     122.61,     151,     0.3,     2.3,     5.2,     10.2,     92.3,     999.2,     323.71,     253.2,     88,     -178
67,     12.11.2014 11:11:17,     35.7,     82.41,     150,     0.6,     2.7,     4.4,     10.3,     92.1,     999.3,     323.71,     253,     87.9,     -177.9,     12.626,     10.77,     82.3
68,     12.11.2014 11:21:17,     32.55,     74.37,     158,     1.3,     3,     6,     10.3,     91.9,     999.3,     323.71,     253.5,     87.9,     -177.9
69,     12.11.2014 11:31:17,     30.45,     70.35,     158,     0.5,     2.9,     5.1,     10.3,     91.5,     999.1,     323.71,     253.5,     88.1,     -178.1
70,     12.11.2014 11:41:17,     32.55,     76.38,     157,     0.8,     2.7,     4.9,     10.3,     91.3,     999.1,     323.71,     253.2,     88,     -178
71,     12.11.2014 11:51:17,     23.1,     58.29,     166,     1.4,     3.2,     5.6,     10.3,     90.9,     999.1,     323.71,     253.3,     88,     -178
72,     12.11.2014 12:01:17,     22.05,     54.27,     160,     0.8,     2.4,     4.7,     10.3,     91,     999.1,     323.71,     253.5,     87.9,     -177.9
73,     12.11.2014 12:11:16,     21,     50.25,     151,     0.6,     2,     3.5,     10.3,     91.1,     999,     323.71,     253.5,     87.9,     -177.9,     12.329,     11.05,     82.2
74,     12.11.2014 12:21:16,     22.05,     52.26,     147,     0.6,     1.7,     3.8,     10.3,     91.3,     998.9,     323.71,     253.3,     88,     -177.9
75,     12.11.2014 12:31:16,     29.4,     66.33,     151,     0.4,     1.8,     3.8,     10.3,     91.2,     998.9,     323.71,     253.1,     87.9,     -177.9
76,     12.11.2014 12:41:16,     19.95,     48.24,     155,     0.4,     2.5,     4.4,     10.3,     90.9,     999,     323.71,     253.4,     88,     -178
77,     12.11.2014 12:51:16,     18.9,     44.22,     144,     0.9,     2.3,     3.8,     10.3,     90.7,     998.9,     323.71,     253.4,     87.9,     -177.9
78,     12.11.2014 13:01:16,     29.4,     66.33,     137,     0.3,     2.2,     3.7,     10.3,     90.8,     998.8,     323.71,     253.7,     88,     -178
79,     12.11.2014 13:11:16,     30.45,     74.37,     132,     0.4,     2.2,     4.1,     10.3,     90.8,     998.7,     323.71,     253.3,     88,     -178,     12.491,     11.01,     82.3
80,     12.11.2014 13:21:16,     29.4,     68.34,     143,     0.8,     2.2,     4.1,     10.3,     90.9,     998.6,     323.71,     253.3,     87.9,     -177.9
81,     12.11.2014 13:31:16,     31.5,     74.37,     137,     0.3,     2.3,     4.1,     10.3,     91,     998.6,     323.71,     253.1,     88,     -178
82,     12.11.2014 13:41:16,     23.1,     54.27,     137,     0.4,     2.5,     4.8,     10.2,     90.7,     998.6,     323.71,     253.5,     87.9,     -177.9
83,     12.11.2014 13:51:16,     25.2,     60.3,     145,     0.9,     2.4,     4.3,     10.3,     90.6,     998.6,     323.71,     253.2,     88,     -178
84,     12.11.2014 14:01:16,     23.1,     54.27,     146,     0.7,     2.5,     4.6,     10.3,     90.6,     998.6,     323.71,     253.2,     87.9,     -177.9
85,     12.11.2014 14:11:16,     16.8,     40.2,     154,     0.6,     2.4,     4.6,     10.3,     90.6,     998.6,     323.71,     253.2,     87.9,     -177.9,     12.493,     11.10,     82.2
86,     12.11.2014 14:21:16,     17.85,     40.2,     147,     0.4,     2.4,     4.6,     10.2,     90.5,     998.5,     323.71,     253.3,     88,     -178
87,     12.11.2014 14:31:16,     19.95,     46.23,     143,     0.9,     3,     5.6,     10.2,     90.4,     998.4,     323.71,     253.1,     87.9,     -177.9
88,     12.11.2014 14:41:16,     14.7,     32.16,     152,     0.8,     2.5,     4.2,     10.2,     90.5,     998.2,     323.71,     253.4,     88,     -178
89,     12.11.2014 14:51:16,     13.65,     32.16,     141,     0.3,     2.4,     4.5,     10.2,     90.4,     998.3,     323.71,     253.4,     87.9,     -177.9
90,     12.11.2014 15:01:16,     8.4,     20.1,     143,     0.3,     2.6,     4.4,     10.2,     90.2,     998.3,     323.71,     253.6,     88,     -178
91,     12.11.2014 15:11:16,     7.35,     20.1,     141,     0.1,     2,     4.1,     10.2,     90.3,     998.3,     323.71,     253.3,     88,     -178,     12.382,     11.06,     82.3
92,     12.11.2014 15:21:16,     7.35,     16.08,     152,     0.6,     1.9,     3.6,     10.2,     90.2,     998.3,     323.71,     253.2,     87.9,     -177.9
93,     12.11.2014 15:31:16,     3.15,     10.05,     141,     0.8,     2.3,     3.9,     10.2,     90.1,     998.3,     323.71,     253.3,     88,     -178
94,     12.11.2014 15:41:16,     3.15,     8.04,     142,     0.6,     2.1,     3.8,     10.3,     90.1,     998.2,     323.71,     253.3,     88,     -178
95,     12.11.2014 15:51:16,     1.05,     4.02,     151,     0.8,     2.3,     4.2,     10.3,     89.8,     998.3,     323.71,     253.4,     88.1,     -178.1
96,     12.11.2014 16:01:16,     2.1,     4.02,     155,     0.8,     2.2,     3.8,     10.3,     89.5,     998.4,     323.71,     253.3,     88,     -178
97,     12.11.2014 16:11:16,     0,     0,     158,     1,     2.3,     4.4,     10.3,     89.4,     998.5,     323.71,     253.2,     87.9,     -177.9,     12.351,     10.94,     82.4
98,     12.11.2014 16:21:16,     0,     0,     156,     0.7,     2.5,     5,     10.4,     89,     998.5,     323.71,     253.3,     87.9,     -177.9
99,     12.11.2014 16:31:16,     0,     0,     153,     0.5,     2.1,     5.2,     10.4,     89,     998.4,     323.71,     253.7,     88,     -178.1
100,     12.11.2014 16:41:16,     -1.05,     -6.03,     155,     0.9,     2.4,     4.8,     10.4,     88.8,     998.5,     323.71,     253.3,     87.9,     -177.9
101,     12.11.2014 16:51:16,     -1.05,     -2.01,     160,     0.3,     2.2,     4.5,     10.4,     88.9,     998.5,     323.71,     253.5,     88,     -178
102,     12.11.2014 17:01:16,     -2.1,     -2.01,     165,     0.6,     2.6,     5.7,     10.4,     88.4,     998.6,     323.71,     253.4,     88,     -178
103,     12.11.2014 17:11:16,     -1.05,     -2.01,     167,     0.7,     3.4,     5.7,     10.4,     88,     998.6,     323.71,     253.1,     88.1,     -178.1,     12.327,     10.94,     82.4
104,     12.11.2014 17:21:16,     -3.15,     -2.01,     169,     0.5,     2.4,     4.6,     10.4,     88.1,     998.6,     323.71,     253.3,     88,     -177.9
105,     12.11.2014 17:31:16,     -1.05,     -2.01,     169,     0.9,     2.1,     4.3,     10.4,     88.4,     998.8,     323.71,     253.4,     88,     -178
106,     12.11.2014 17:41:16,     -1.05,     -2.01,     178,     0.8,     2.1,     4.4,     10.4,     88.5,     998.8,     323.71,     253.1,     87.9,     -177.9
107,     12.11.2014 17:51:16,     -1.05,     -2.01,     172,     1,     2.7,     4.3,     10.4,     88.5,     998.8,     323.71,     253.5,     88,     -178
108,     12.11.2014 18:01:16,     -1.05,     -2.01,     187,     1.6,     3,     4.9,     10.5,     88.2,     998.9,     323.71,     253.4,     88,     -178
109,     12.11.2014 18:11:16,     -1.05,     -2.01,     194,     0.8,     2.4,     4.4,     10.5,     88.1,     998.9,     323.71,     253.7,     88,     -178,     12.325,     10.99,     82.4
110,     12.11.2014 18:21:16,     0,     0,     195,     1.1,     2.1,     4.1,     10.5,     88,     999,     323.71,     253.5,     88,     -178
111,     12.11.2014 18:31:16,     -1.05,     0,     199,     1.2,     2.2,     3.4,     10.5,     88.2,     999,     323.71,     253.6,     87.9,     -178
112,     12.11.2014 18:41:16,     -1.05,     -2.01,     187,     0.7,     2,     3.9,     10.4,     88.2,     999.1,     323.71,     253.4,     88,     -178
113,     12.11.2014 18:51:16,     -2.1,     -2.01,     182,     0.8,     2,     3.6,     10.4,     88.2,     999.1,     323.71,     253.4,     87.9,     -177.9
114,     12.11.2014 19:01:16,     -1.05,     0,     174,     0.4,     1.2,     2.4,     10.4,     88.4,     999.2,     323.71,     253.4,     87.9,     -177.9
115,     12.11.2014 19:11:17,     -2.1,     -2.01,     179,     0.5,     1.3,     2.6,     10.4,     88.5,     999.2,     323.71,     253.3,     88.1,     -178.1,     12.334,     10.98,     82.4
116,     12.11.2014 19:21:17,     -1.05,     0,     169,     0.5,     1.3,     2.2,     10.4,     88.6,     999.2,     323.71,     253.3,     88,     -178
117,     12.11.2014 19:31:17,     -3.15,     0,     163,     0.2,     1.2,     2.2,     10.4,     88.7,     999.2,     323.71,     253.4,     87.9,     -177.9
118,     12.11.2014 19:41:17,     -1.05,     -2.01,     151,     0.2,     0.9,     1.7,     10.4,     88.8,     999.2,     323.71,     253.4,     88,     -178
119,     12.11.2014 19:51:17,     -1.05,     -2.01,     154,     0.3,     1,     1.8,     10.3,     89,     999.2,     323.71,     253.3,     88,     -178
120,     12.11.2014 20:01:17,     0,     -2.01,     158,     0.2,     1.1,     1.8,     10.3,     89.1,     999.2,     323.71,     253.3,     88,     -178
121,     12.11.2014 20:11:16,     -1.05,     -2.01,     154,     0.5,     1.5,     2.9,     10.3,     89.1,     999.2,     323.71,     253.4,     87.9,     -177.9,     12.323,     10.91,     82.4
122,     12.11.2014 20:21:16,     -2.1,     -6.03,     166,     1.1,     2.1,     3.3,     10.3,     89.1,     999.3,     323.71,     253.3,     87.9,     -177.9
123,     12.11.2014 20:31:16,     0,     0,     137,     0.2,     0.9,     2.2,     10.3,     89.5,     999.4,     323.71,     253.4,     87.9,     -177.9
124,     12.11.2014 20:41:16,     -1.05,     -2.01,     118,     0,     0.8,     1.7,     10.3,     89.8,     999.5,     323.71,     253.4,     88,     -178
125,     12.11.2014 20:51:16,     -2.1,     -4.02,     133,     0.1,     0.9,     1.7,     10.2,     90,     999.6,     323.71,     253.5,     87.9,     -177.9
126,     12.11.2014 21:01:16,     -1.05,     -2.01,     169,     0.1,     0.6,     1.1,     10.2,     90.2,     999.7,     323.71,     253.5,     88,     -178
127,     12.11.2014 21:11:16,     -1.05,     -2.01,     188,     0.3,     0.7,     1.1,     10.3,     90.3,     999.7,     323.71,     253.5,     87.9,     -177.9,     12.332,     10.86,     82.4
128,     12.11.2014 21:21:16,     -1.05,     -2.01,     192,     0,     0.3,     0.7,     10.2,     90.3,     999.8,     323.71,     253.4,     88,     -178
129,     12.11.2014 21:31:16,     -1.05,     0,     205,     0,     0.2,     0.5,     10.2,     90.4,     999.9,     323.71,     253.4,     88,     -178
130,     12.11.2014 21:41:16,     -2.1,     -8.04,     91,     0,     0.5,     0.8,     10.3,     90.5,     1000,     323.71,     253.4,     88,     -178
131,     12.11.2014 21:51:16,     -2.1,     -4.02,     76,     0.3,     0.7,     1.1,     10.2,     90.5,     1000,     323.71,     253.4,     88,     -178
132,     12.11.2014 22:01:16,     -2.1,     -2.01,     50,     0.4,     0.8,     1.1,     10.1,     90.6,     1000,     323.71,     253.4,     88,     -178
133,     12.11.2014 22:11:17,     -2.1,     -2.01,     24,     0.7,     0.9,     1.5,     10.2,     90.9,     1000,     323.71,     253.3,     87.9,     -177.9,     12.336,     10.82,     82.5
134,     12.11.2014 22:21:17,     0,     0,     14,     0.7,     1.1,     1.5,     10.1,     90.8,     1000.1,     323.71,     253.4,     88,     -178
135,     12.11.2014 22:31:17,     -2.1,     -4.02,     46,     0.5,     1.3,     1.7,     10.1,     90.8,     1000.2,     323.71,     253.2,     88,     -178
136,     12.11.2014 22:41:17,     -2.1,     -4.02,     84,     0.2,     0.7,     1.2,     10,     90.8,     1000.3,     323.71,     253.5,     88,     -178
137,     12.11.2014 22:51:17,     -2.1,     -2.01,     68,     0,     0.3,     0.8,     10,     91,     1000.4,     323.71,     253.3,     88,     -178
138,     12.11.2014 23:01:17,     -1.05,     0,     116,     0,     0.3,     0.6,     10,     90.9,     1000.4,     323.71,     253.4,     88.1,     -178.1
139,     12.11.2014 23:11:17,     -3.15,     0,     104,     0,     0.3,     0.7,     10,     90.9,     1000.5,     323.71,     253.4,     88,     -177.9,     12.321,     10.67,     82.5
140,     12.11.2014 23:21:17,     0,     0,     55,     0,     0.6,     1.4,     10,     91.1,     1000.5,     323.71,     253.4,     88,     -178
141,     12.11.2014 23:31:17,     -2.1,     -2.01,     18,     0.6,     1.1,     1.6,     9.9,     91,     1000.5,     323.71,     253.4,     88,     -178
142,     12.11.2014 23:41:17,     -1.05,     -2.01,     17,     0.6,     1.1,     1.5,     9.9,     91.2,     1000.6,     323.71,     253.5,     88.1,     -178.1
143,     12.11.2014 23:51:17,     -1.05,     -2.01,     16,     0.8,     1.2,     1.6,     9.9,     91.2,     1000.6,     323.71,     253.3,     88,     -178
144,     13.11.2014 00:01:17,     -1.05,     -2.01,     29,     1,     1.4,     1.9,     9.9,     91.2,     1000.6,     323.71,     253.4,     88,     -178,     12.247,     10.60,     82.5