Logger: #D10248 'TSK_Meteo' - USP_EXP2 (V2.10, Jan 24 2012)
No,     Time,     #1:W/m²:0,     #2:ÂµMol:(do.),     #5:deg:2,     #6:m/sMIN:(do.),     #7:m/sMIT:(do.),     #8:m/sMAX:(do.),     #9:Â°C:(do.),     #10:%:(do.),     #11:hPa:(do.),     #12:mm:(do.),     #14:AZ:3,     #15:EL:(do.),     #16:Roll:(do.),     #HK-Bat:V,     #HK-Temp:oC,     #HK-rH:%
(GSM Transfer OK / Signal:17)
1,     25.09.2014 00:11:17,     -2.1,     0,     287,     0.8,     3.1,     5.1,     12.6,     77.3,     1000.2,     287.14,     254.2,     88,     -178,     12.408,     13.27,     71.7
2,     25.09.2014 00:21:17,     -4.2,     -2.01,     293,     0.5,     3.2,     6.2,     12.5,     77.5,     1000.3,     287.14,     253.6,     87.9,     -177.9
3,     25.09.2014 00:31:17,     -2.1,     0,     290,     0.5,     2.9,     5.8,     12.4,     78.6,     1000.3,     287.14,     253.5,     87.9,     -177.9
4,     25.09.2014 00:41:17,     -4.2,     -2.01,     291,     1.2,     2.7,     4.7,     12.4,     78.7,     1000.3,     287.14,     253.6,     87.9,     -177.9
5,     25.09.2014 00:51:17,     -3.15,     2.01,     284,     1.1,     3,     4.7,     12.4,     79.5,     1000.3,     287.14,     253.6,     88,     -178
6,     25.09.2014 01:01:17,     -4.2,     -2.01,     288,     0.9,     2.8,     5.6,     12.3,     79.6,     1000.3,     287.14,     253.5,     88.1,     -178.1
7,     25.09.2014 01:11:22,     -5.25,     -2.01,     297,     1.5,     2.7,     4.2,     12.1,     80.5,     1000.5,     287.14,     253.7,     87.9,     -178,     12.516,     12.23,     73.3
8,     25.09.2014 01:21:22,     -4.2,     -2.01,     300,     0.9,     3.3,     5.3,     12,     81.4,     1000.7,     287.14,     253.9,     88.1,     -178.1
9,     25.09.2014 01:31:22,     -2.1,     -2.01,     306,     1.2,     3,     5,     11.9,     82.3,     1000.7,     287.14,     253.7,     87.8,     -177.8
10,     25.09.2014 01:41:22,     -2.1,     -2.01,     298,     1.2,     3.4,     5.5,     12.1,     82.2,     1000.7,     287.14,     254.2,     88.1,     -178.1
11,     25.09.2014 01:51:22,     -3.15,     -4.02,     299,     1.5,     2.9,     4.8,     12.1,     82.6,     1000.7,     287.14,     253.7,     88,     -178
12,     25.09.2014 02:01:22,     -1.05,     -4.02,     295,     1.5,     2.9,     4.5,     12.1,     82.3,     1000.8,     287.14,     253.7,     88.1,     -178.1
13,     25.09.2014 02:11:16,     -1.05,     0,     296,     1.3,     2.8,     4.6,     12.1,     82.7,     1000.8,     287.14,     253.9,     87.8,     -177.9,     12.486,     12.24,     73.3
14,     25.09.2014 02:21:16,     -2.1,     -2.01,     291,     1,     2.5,     4.2,     12.2,     83.4,     1000.7,     287.14,     253.9,     87.9,     -177.9
15,     25.09.2014 02:31:16,     -1.05,     -2.01,     300,     1.4,     3,     5.2,     12.1,     82.8,     1000.8,     287.14,     253.7,     87.9,     -177.9
16,     25.09.2014 02:41:16,     -3.15,     -2.01,     296,     1,     3,     5.1,     12.2,     83.6,     1000.8,     287.14,     253.5,     87.9,     -177.9
17,     25.09.2014 02:51:16,     -2.1,     -2.01,     293,     0.9,     3.1,     5.5,     12.2,     83.9,     1000.9,     287.14,     253.9,     87.8,     -177.9
18,     25.09.2014 03:01:16,     -3.15,     0,     292,     0.8,     3.4,     5.9,     12.2,     84.4,     1000.9,     287.14,     253.9,     88,     -178
19,     25.09.2014 03:11:16,     -2.1,     -4.02,     302,     1.8,     3.2,     5.6,     12.1,     84.3,     1000.9,     287.14,     253.7,     88,     -178,     12.461,     12.52,     73.2
20,     25.09.2014 03:21:16,     -3.15,     -2.01,     304,     1.3,     3,     4.9,     12,     85.1,     1001.1,     287.14,     253.7,     88,     -178
21,     25.09.2014 03:31:16,     -2.1,     0,     305,     1.2,     2.9,     4.7,     12.1,     84.9,     1001.2,     287.14,     254,     88,     -178
22,     25.09.2014 03:41:16,     -3.15,     -4.02,     307,     1.1,     3,     6.4,     12.1,     85.5,     1001.2,     287.14,     253.7,     88,     -178
23,     25.09.2014 03:51:16,     -3.15,     2.01,     306,     1.6,     3,     4.7,     12,     85.4,     1001.2,     287.14,     253.9,     87.9,     -177.9
24,     25.09.2014 04:01:16,     -4.2,     -2.01,     304,     1.7,     3.1,     6.6,     12,     85.6,     1001.2,     287.14,     253.4,     88,     -178
25,     25.09.2014 04:11:22,     -4.2,     -2.01,     296,     1.8,     3.6,     5.7,     12,     85.8,     1001.1,     287.14,     254.1,     88.1,     -178,     12.427,     12.18,     73.4
26,     25.09.2014 04:21:22,     -3.15,     2.01,     295,     2,     3.6,     5.7,     11.9,     85.3,     1001.1,     287.14,     253.7,     88.1,     -178.1
27,     25.09.2014 04:31:22,     -3.15,     0,     293,     1.6,     3.2,     5.7,     11.9,     85.5,     1001.1,     287.14,     254.2,     87.9,     -177.9
28,     25.09.2014 04:41:22,     -2.1,     0,     298,     1.5,     3.5,     5.8,     11.8,     86.1,     1001.1,     287.14,     253.9,     87.9,     -177.9
29,     25.09.2014 04:51:22,     -3.15,     0,     302,     1.7,     3.3,     5.4,     11.7,     86.5,     1001.1,     287.14,     253.5,     88,     -178
30,     25.09.2014 05:01:22,     -4.2,     -2.01,     299,     1.7,     3.5,     6.2,     11.7,     86.9,     1001.1,     287.14,     253.8,     87.9,     -177.9
31,     25.09.2014 05:11:16,     -4.2,     -4.02,     301,     1.7,     3.6,     5.9,     11.7,     87.1,     1001.2,     287.14,     253.9,     87.9,     -177.9,     12.401,     11.78,     73.5
32,     25.09.2014 05:21:16,     -3.15,     -2.01,     294,     2.4,     3.7,     5.7,     11.7,     86.8,     1001.2,     287.14,     254,     88.1,     -178.1
33,     25.09.2014 05:31:16,     -2.1,     -2.01,     297,     2.3,     4.4,     7.5,     11.8,     86.1,     1001.3,     287.14,     253.4,     87.9,     -178
34,     25.09.2014 05:41:16,     -2.1,     -2.01,     298,     1.5,     3.8,     6.6,     11.9,     86.1,     1001.5,     287.14,     253.1,     88,     -178
35,     25.09.2014 05:51:16,     -1.05,     0,     303,     2.1,     3.9,     6.3,     12,     85.7,     1001.6,     287.14,     253.9,     88,     -178
36,     25.09.2014 06:01:16,     0,     0,     300,     0.9,     4,     7.1,     12,     85.2,     1001.7,     287.14,     253.7,     88.1,     -178
37,     25.09.2014 06:11:17,     2.1,     6.03,     303,     1.4,     3.9,     6.2,     12,     85.4,     1001.8,     287.14,     253.7,     88,     -178,     12.393,     12.09,     73.5
38,     25.09.2014 06:21:17,     4.2,     10.05,     297,     2,     4.2,     6.8,     12.1,     85.1,     1001.9,     287.14,     253.4,     87.9,     -177.9
39,     25.09.2014 06:31:17,     12.6,     30.15,     292,     2.5,     4.2,     6.8,     12.1,     84.6,     1001.8,     287.14,     254.1,     88,     -178.1
40,     25.09.2014 06:41:17,     16.8,     36.18,     293,     2.4,     4.4,     7.5,     12.2,     84.6,     1002,     287.14,     254,     87.9,     -177.9
41,     25.09.2014 06:51:17,     10.5,     22.11,     303,     1.8,     4,     6.7,     12.3,     84.7,     1002.1,     287.14,     253.8,     88,     -178
42,     25.09.2014 07:01:17,     21,     44.22,     303,     1.6,     3.8,     6.6,     12.4,     85,     1002.3,     287.14,     253.6,     87.8,     -177.8
43,     25.09.2014 07:11:16,     50.4,     104.52,     306,     0.9,     3.5,     6.6,     12.4,     84.2,     1002.2,     287.14,     254,     88.1,     -178.1,     12.510,     12.74,     73.2
44,     25.09.2014 07:21:16,     51.45,     110.55,     305,     2,     4.1,     8.8,     12.5,     84.4,     1002.4,     287.14,     253.5,     87.9,     -178
45,     25.09.2014 07:31:16,     64.05,     134.67,     310,     1.2,     3.6,     7.2,     12.6,     84.1,     1002.5,     287.14,     254.7,     88.1,     -178.1
46,     25.09.2014 07:41:16,     134.4,     277.38,     305,     1.9,     4.4,     8,     12.7,     82.8,     1002.5,     287.14,     254,     88.1,     -178.1
47,     25.09.2014 07:51:16,     136.5,     277.38,     313,     1.3,     3.9,     7,     12.9,     82.1,     1002.8,     287.14,     254.4,     87.9,     -177.9
48,     25.09.2014 08:01:16,     154.35,     315.57,     322,     1.4,     3.7,     7.4,     13,     80.6,     1003,     287.14,     254,     87.9,     -177.9
49,     25.09.2014 08:11:17,     88.2,     184.92,     318,     1.3,     3.7,     6.5,     13,     79.9,     1003.1,     287.14,     253.2,     88,     -178,     13.256,     14.12,     72.9
50,     25.09.2014 08:21:17,     131.25,     267.33,     323,     1.5,     3.6,     6.9,     13.1,     79.4,     1003.2,     287.14,     255.1,     88.1,     -178.1
51,     25.09.2014 08:31:17,     161.7,     327.63,     321,     0.6,     3.3,     7.2,     13.2,     79.9,     1003.2,     287.14,     254.8,     88.1,     -178.1
52,     25.09.2014 08:41:17,     290.85,     588.93,     308,     1.9,     3.8,     6.4,     13.4,     78.1,     1003.3,     287.14,     254.3,     87.9,     -177.9
53,     25.09.2014 08:51:17,     203.7,     406.02,     310,     1.7,     4.2,     7.5,     13.5,     76.5,     1003.4,     287.14,     253.7,     88,     -178
54,     25.09.2014 09:01:17,     405.3,     767.82,     312,     1.9,     4.4,     7.5,     13.5,     75.9,     1003.3,     287.14,     254.3,     87.9,     -177.9
55,     25.09.2014 09:11:17,     232.05,     448.23,     309,     0.7,     4.3,     8.2,     13.9,     74.1,     1003.4,     287.14,     75.3,     88,     -1.8,     13.165,     15.93,     72.7
56,     25.09.2014 09:21:17,     135.45,     283.41,     309,     2,     5.4,     9.2,     13.9,     73.5,     1003.5,     287.14,     254.8,     87.8,     -177.9
57,     25.09.2014 09:31:17,     481.95,     930.63,     312,     2.2,     4.9,     10.3,     14.1,     73.8,     1003.6,     287.14,     254.7,     88.2,     -178.2
58,     25.09.2014 09:41:17,     252,     496.47,     300,     2.3,     5.2,     9.6,     14.2,     72,     1003.6,     287.14,     254.4,     88,     -178
59,     25.09.2014 09:51:17,     719.25,     1370.82,     297,     1.6,     5.4,     10.3,     14.4,     70.8,     1003.5,     287.14,     256.6,     87.6,     -177.7
60,     25.09.2014 10:01:17,     283.5,     552.75,     299,     2.8,     5.8,     11.1,     14.5,     68.6,     1003.4,     287.14,     76,     88.3,     -1.6
61,     25.09.2014 10:11:16,     392.7,     846.21,     302,     2.4,     6,     12.7,     14.4,     69.9,     1003.5,     287.14,     255.4,     87.8,     -177.8,     13.508,     18.27,     71.5
62,     25.09.2014 10:21:16,     357,     719.58,     301,     1,     5.6,     11,     14.7,     68.8,     1003.7,     287.14,     74.4,     87.9,     -2
63,     25.09.2014 10:31:16,     303.45,     619.08,     311,     1.9,     5.1,     8.5,     14.8,     68.4,     1003.5,     287.14,     254.5,     88.1,     -178.1
64,     25.09.2014 10:41:16,     359.1,     707.52,     318,     0.8,     4.9,     8.9,     14.6,     69.7,     1003.6,     287.14,     254.3,     87.9,     -177.9
65,     25.09.2014 10:51:16,     324.45,     653.25,     323,     0.5,     5.4,     11,     14.6,     67.2,     1003.8,     287.14,     74.8,     88,     -1.9
66,     25.09.2014 11:01:16,     235.2,     474.36,     326,     1.5,     5.1,     11.2,     14.8,     67.3,     1003.8,     287.14,     253.7,     87.9,     -177.9
67,     25.09.2014 11:11:16,     250.95,     514.56,     331,     1.6,     4.3,     8.5,     15,     65.6,     1003.8,     287.14,     254.3,     87.8,     -177.8,     13.387,     18.05,     71.8
68,     25.09.2014 11:21:16,     337.05,     723.6,     341,     1.1,     5.4,     9.4,     15,     61.8,     1004,     287.14,     74.4,     87.5,     -2.3
69,     25.09.2014 11:31:16,     673.05,     1218.06,     325,     1.9,     4.5,     8.9,     15,     63.7,     1004,     287.14,     253.4,     88.4,     -178.4
70,     25.09.2014 11:41:16,     688.8,     1332.63,     339,     1.6,     4.9,     10.8,     15.3,     61.1,     1003.9,     287.14,     74.9,     88.5,     -1.4
71,     25.09.2014 11:51:16,     235.2,     500.49,     328,     1.8,     5.6,     8.6,     15.5,     59.2,     1003.9,     287.14,     75.7,     87.9,     -2
72,     25.09.2014 12:01:16,     213.15,     436.17,     326,     2.8,     5.9,     9.7,     15.4,     59.3,     1003.9,     287.14,     254.5,     88.4,     -178.5
73,     25.09.2014 12:11:16,     571.2,     1407,     312,     2.4,     6,     10.9,     15.7,     59.6,     1004,     287.14,     254.7,     87.5,     -177.5,     13.233,     18.73,     71.6
74,     25.09.2014 12:21:16,     149.1,     301.5,     306,     2.1,     5.8,     11,     15.3,     60.7,     1004.1,     287.14,     254.3,     88,     -178
75,     25.09.2014 12:31:16,     226.8,     458.28,     309,     2,     5.6,     10.9,     15.1,     61.9,     1004.1,     287.14,     253.8,     87.8,     -177.9
76,     25.09.2014 12:41:16,     105,     229.14,     315,     0.8,     4.1,     7.1,     15,     66.4,     1004.2,     287.14,     253.8,     88,     -178.1
77,     25.09.2014 12:51:16,     21,     52.26,     332,     1.2,     3.6,     7,     15,     65.3,     1004.5,     287.14,     74.5,     87.9,     -2
78,     25.09.2014 13:01:16,     30.45,     76.38,     353,     2,     4.2,     8.2,     14.7,     70.1,     1004.6,     287.22,     253.4,     87.9,     -177.8
79,     25.09.2014 13:11:16,     85.05,     188.94,     357,     1.8,     4.5,     7.6,     14.3,     69.1,     1004.7,     287.22,     254.8,     88,     -178,     13.508,     17.11,     72.3
80,     25.09.2014 13:21:16,     129.15,     271.35,     332,     1,     3.9,     7.6,     14.3,     68,     1004.8,     287.22,     253.8,     87.9,     -177.9
81,     25.09.2014 13:31:16,     555.45,     1103.49,     327,     1.6,     4.1,     7.8,     14.8,     65.4,     1004.8,     287.22,     253.7,     88.1,     -178.2
82,     25.09.2014 13:41:16,     714,     1388.91,     330,     1.8,     4,     7.3,     15.1,     65,     1004.8,     287.22,     252.4,     87.7,     -177.8
83,     25.09.2014 13:51:16,     94.5,     196.98,     328,     1.5,     4.9,     8.8,     15.5,     63.6,     1004.8,     287.22,     73.8,     88.1,     -1.8
84,     25.09.2014 14:01:16,     18.9,     48.24,     326,     1.3,     4.4,     7.9,     15.3,     64.8,     1005.1,     287.22,     254.3,     87.7,     -177.8
85,     25.09.2014 14:11:16,     48.3,     106.53,     328,     1.9,     4.9,     9.8,     13.9,     72.7,     1005.2,     287.68,     74.3,     87.9,     -2,     13.514,     16.94,     72.1
86,     25.09.2014 14:21:16,     157.5,     325.62,     322,     1.2,     3.3,     5.5,     13.8,     74.5,     1005.4,     287.68,     253.8,     87.9,     -177.9
87,     25.09.2014 14:31:16,     208.95,     436.17,     325,     1,     3.1,     5.8,     13.9,     72.5,     1005.4,     287.68,     254.4,     87.8,     -177.8
88,     25.09.2014 14:41:16,     122.85,     261.3,     327,     1.1,     2.8,     5.7,     14.2,     71.7,     1005.6,     287.68,     253.7,     87.9,     -177.9
89,     25.09.2014 14:51:16,     86.1,     188.94,     313,     1.1,     2.6,     4.4,     14.2,     71.8,     1005.7,     287.68,     253.9,     88.1,     -178
90,     25.09.2014 15:01:16,     21,     50.25,     322,     1.1,     3.1,     5.6,     14.1,     72.2,     1005.7,     287.68,     253.5,     87.9,     -177.9
91,     25.09.2014 15:11:16,     49.35,     112.56,     355,     2.3,     5.6,     10.6,     12.8,     76.4,     1006,     288.27,     254.5,     88,     -178,     13.328,     15.53,     72.6
92,     25.09.2014 15:21:16,     149.1,     309.54,     355,     1.6,     3.6,     6.2,     12.6,     76.1,     1005.9,     288.27,     253.7,     87.8,     -177.8
93,     25.09.2014 15:31:16,     154.35,     315.57,     351,     1.1,     2.6,     4.8,     12.7,     76.2,     1005.8,     288.27,     253.7,     87.8,     -177.8
94,     25.09.2014 15:41:16,     190.05,     377.88,     339,     0.3,     3.4,     5.3,     12.9,     76.3,     1005.8,     288.27,     253.4,     87.9,     -177.9
95,     25.09.2014 15:51:16,     91.35,     192.96,     339,     1.3,     2.7,     4.7,     13.1,     76.1,     1005.9,     288.27,     253.7,     88,     -178
96,     25.09.2014 16:01:16,     57.75,     124.62,     346,     0.4,     2,     3.8,     13.2,     75.7,     1006,     288.27,     253.6,     88,     -178
97,     25.09.2014 16:11:16,     34.65,     80.4,     346,     0.5,     1.3,     2.1,     13.3,     76.4,     1006,     288.27,     253.7,     87.9,     -177.9,     13.623,     14.61,     72.9
98,     25.09.2014 16:21:16,     18.9,     46.23,     340,     0.3,     1,     1.8,     13.3,     77.1,     1006.2,     288.27,     253.7,     88,     -178
99,     25.09.2014 16:31:16,     9.45,     22.11,     347,     0.4,     1,     1.8,     13.4,     77.3,     1006.4,     288.27,     253.7,     88,     -178
100,     25.09.2014 16:41:16,     4.2,     24.12,     320,     0.2,     2.4,     6.5,     13.2,     77.7,     1006.7,     288.27,     253.5,     88,     -178
101,     25.09.2014 16:51:16,     15.75,     42.21,     344,     0.7,     3.2,     6.1,     12.6,     82.6,     1006.7,     288.29,     254,     88.1,     -178.1
102,     25.09.2014 17:01:16,     6.3,     20.1,     341,     0.6,     1.9,     3.1,     12.5,     84,     1006.9,     288.29,     253.7,     88,     -178
103,     25.09.2014 17:11:17,     7.35,     22.11,     334,     0.4,     1.5,     2.7,     12.5,     84.9,     1007,     288.29,     253.7,     88.1,     -178.1,     12.715,     13.65,     73.2
104,     25.09.2014 17:21:17,     7.35,     22.11,     323,     0.4,     2.8,     7.1,     12.4,     83.6,     1007,     288.31,     253.3,     87.7,     -177.8
105,     25.09.2014 17:31:17,     6.3,     18.09,     320,     1.2,     2.9,     7.1,     12.5,     85.4,     1007,     288.32,     253.7,     88,     -178
106,     25.09.2014 17:41:17,     1.05,     6.03,     305,     0.5,     2.7,     5.6,     12.4,     85.4,     1007,     288.34,     74.3,     87.8,     -2
107,     25.09.2014 17:51:17,     -1.05,     2.01,     298,     1.7,     3.6,     6.2,     12.3,     85.7,     1007.1,     288.35,     254.5,     87.8,     -177.8
108,     25.09.2014 18:01:17,     -1.05,     2.01,     304,     1.9,     4.4,     8.5,     12.2,     87.2,     1007.3,     288.35,     254.4,     87.8,     -177.8
109,     25.09.2014 18:11:16,     -2.1,     0,     324,     1.3,     3.2,     6,     12.1,     88.1,     1007.5,     288.36,     253.5,     88,     -178,     12.656,     12.97,     73.3
110,     25.09.2014 18:21:16,     -2.1,     -2.01,     327,     1.2,     2.3,     5.6,     12,     89,     1007.5,     288.36,     254.1,     88,     -178
111,     25.09.2014 18:31:16,     -2.1,     -4.02,     285,     0.6,     2,     4.1,     11.9,     89.4,     1007.6,     288.36,     254.4,     88,     -178
112,     25.09.2014 18:41:16,     -2.1,     -2.01,     313,     0.8,     2,     4.2,     12,     89.8,     1007.7,     288.36,     253.4,     88,     -178
113,     25.09.2014 18:51:16,     -2.1,     -2.01,     308,     0.7,     2.4,     4.8,     11.9,     89.7,     1007.8,     288.36,     254.2,     88,     -178
114,     25.09.2014 19:01:16,     -3.15,     -2.01,     304,     0.5,     2.1,     3.6,     11.8,     89.9,     1007.8,     288.36,     253.9,     88,     -178
115,     25.09.2014 19:11:16,     -2.1,     -2.01,     316,     1,     2.1,     3.9,     11.8,     89.9,     1008,     288.36,     253.8,     87.9,     -178,     12.620,     12.62,     73.4
116,     25.09.2014 19:21:16,     -2.1,     0,     316,     1,     2.9,     5,     11.8,     89.7,     1007.9,     288.36,     253.8,     87.9,     -177.9
117,     25.09.2014 19:31:16,     -2.1,     2.01,     294,     1,     3.3,     5.5,     11.9,     89.2,     1007.9,     288.36,     254.4,     87.9,     -178
118,     25.09.2014 19:41:16,     -1.05,     -2.01,     300,     1,     3.5,     6.9,     11.9,     88.6,     1007.9,     288.38,     253.7,     87.8,     -177.9
119,     25.09.2014 19:51:16,     -2.1,     -2.01,     297,     1.4,     3.2,     4.9,     11.9,     88.6,     1008,     288.38,     253.8,     87.8,     -177.8
120,     25.09.2014 20:01:16,     -3.15,     -4.02,     300,     1.2,     2.7,     5.7,     11.9,     88.9,     1008,     288.38,     254,     88,     -178
121,     25.09.2014 20:11:22,     -2.1,     -4.02,     295,     0.6,     3.2,     4.9,     11.9,     88.9,     1008.1,     288.38,     254.2,     88,     -178,     12.594,     12.46,     73.4
122,     25.09.2014 20:21:22,     -2.1,     0,     295,     2,     4.3,     7.4,     11.9,     88.5,     1008,     288.38,     254.1,     87.9,     -177.9
123,     25.09.2014 20:31:22,     -1.05,     -2.01,     295,     2.3,     4.7,     7.9,     12,     88.5,     1007.9,     288.38,     254.4,     88,     -178.1
124,     25.09.2014 20:41:22,     -2.1,     -2.01,     292,     2.7,     4.8,     8.8,     12.1,     88.4,     1007.8,     288.38,     255.1,     87.9,     -177.9
125,     25.09.2014 20:51:22,     -2.1,     -2.01,     298,     2,     3.6,     5.6,     12.1,     88.1,     1007.9,     288.38,     254.4,     87.9,     -177.9
126,     25.09.2014 21:01:22,     -3.15,     -2.01,     299,     1.1,     2.8,     4.5,     12.1,     88.2,     1008,     288.38,     253.7,     88,     -178
127,     25.09.2014 21:11:22,     -3.15,     -2.01,     295,     1.3,     3,     5.4,     12,     88.5,     1008,     288.38,     253.9,     87.9,     -177.9,     12.573,     12.43,     73.4
128,     25.09.2014 21:21:22,     -2.1,     -4.02,     291,     0.3,     2.9,     5.4,     12.1,     87.9,     1008.1,     288.38,     254.4,     87.9,     -178
129,     25.09.2014 21:31:22,     -2.1,     -2.01,     295,     1.3,     3.5,     5.6,     12.1,     87.3,     1008.1,     288.38,     254.3,     87.9,     -177.9
130,     25.09.2014 21:41:22,     -2.1,     0,     295,     1.9,     3.9,     6,     12.2,     87.7,     1008.2,     288.38,     254.4,     87.9,     -177.9
131,     25.09.2014 21:51:22,     -2.1,     -2.01,     298,     2.1,     3.9,     5.9,     12.2,     88.4,     1008.3,     288.38,     254.3,     88.1,     -178.1
132,     25.09.2014 22:01:22,     -2.1,     -2.01,     299,     1.6,     4.3,     7.3,     12.2,     87.7,     1008.4,     288.38,     254,     88,     -178
133,     25.09.2014 22:11:21,     -1.05,     -2.01,     302,     1.8,     3.7,     5.8,     12.2,     88.6,     1008.4,     288.38,     254,     88,     -178,     12.546,     12.59,     73.4
134,     25.09.2014 22:21:21,     -3.15,     -4.02,     304,     1.3,     3.8,     6.1,     12.2,     88.8,     1008.5,     288.38,     253.8,     87.8,     -177.9
135,     25.09.2014 22:31:21,     -2.1,     -2.01,     302,     1,     3.8,     6.1,     12.2,     88.7,     1008.5,     288.38,     254.8,     88,     -177.9
136,     25.09.2014 22:41:21,     -3.15,     0,     304,     1.5,     3.8,     7.1,     12.3,     87.9,     1008.5,     288.38,     253.8,     88,     -178
137,     25.09.2014 22:51:21,     -3.15,     -2.01,     301,     1.6,     3.3,     5.7,     12.3,     87.8,     1008.5,     288.38,     254,     87.9,     -177.9
138,     25.09.2014 23:01:21,     -2.1,     -4.02,     303,     1.4,     2.7,     4.8,     12.3,     88.1,     1008.4,     288.38,     253.4,     87.9,     -177.9
139,     25.09.2014 23:11:17,     -3.15,     -2.01,     290,     0.8,     2.9,     4.5,     12.2,     88.1,     1008.4,     288.38,     254,     88,     -178,     12.546,     12.69,     73.3
140,     25.09.2014 23:21:17,     -1.05,     0,     294,     1.2,     2.6,     4.2,     12.2,     88.6,     1008.4,     288.38,     253.7,     88,     -177.9
141,     25.09.2014 23:31:17,     -2.1,     -2.01,     296,     1.2,     2.3,     4,     12.3,     88.5,     1008.5,     288.38,     253.6,     88,     -178
142,     25.09.2014 23:41:17,     -1.05,     -2.01,     290,     0.8,     2.4,     3.6,     12.3,     88,     1008.5,     288.38,     254,     87.9,     -177.9
143,     25.09.2014 23:51:17,     -3.15,     -4.02,     297,     0.4,     2.6,     4.7,     12.2,     87.1,     1008.5,     288.38,     253.7,     87.9,     -177.9
144,     26.09.2014 00:01:16,     -2.1,     0,     294,     1.1,     3.5,     6.1,     12.3,     86.6,     1008.6,     288.38,     254.1,     88,     -178,     12.452,     12.71,     73.4