Logger: #D10248 'TSK_Meteo' - USP_EXP2 (V2.10, Jan 24 2012)
No,     Time,     #1:W/m²:0,     #2:ÂµMol:(do.),     #5:deg:2,     #6:m/sMIN:(do.),     #7:m/sMIT:(do.),     #8:m/sMAX:(do.),     #9:Â°C:(do.),     #10:%:(do.),     #11:hPa:(do.),     #12:mm:(do.),     #14:AZ:3,     #15:EL:(do.),     #16:Roll:(do.),     #HK-Bat:V,     #HK-Temp:oC,     #HK-rH:%
(GSM Transfer OK / Signal:15)
1,     02.12.2014 00:11:16,     -2.1,     -2.01,     165,     1.2,     2.9,     4.8,     -3.6,     77.4,     1011.2,     330.94,     252.4,     87.9,     -177.9,     12.476,     -2.35,     85.4
2,     02.12.2014 00:21:16,     -2.1,     0,     161,     1.4,     3.3,     5.2,     -3.5,     77.8,     1011.1,     330.94,     252.1,     87.9,     -177.9
3,     02.12.2014 00:31:16,     -1.05,     -2.01,     164,     1.1,     3.8,     6.6,     -3.7,     76.4,     1011.2,     330.94,     252.4,     87.9,     -177.9
4,     02.12.2014 00:41:16,     -2.1,     0,     152,     0.7,     2.5,     4.8,     -3.5,     76.7,     1011.2,     330.94,     72.6,     87.9,     -2
5,     02.12.2014 00:51:16,     -3.15,     -2.01,     157,     0.9,     3.2,     5.8,     -3.6,     77,     1011.2,     330.94,     252.2,     88,     -177.9
6,     02.12.2014 01:01:16,     -2.1,     -2.01,     167,     0.8,     3.8,     7,     -3.6,     76.1,     1011.1,     330.94,     252.3,     87.9,     -177.9
7,     02.12.2014 01:11:17,     -1.05,     0,     175,     1.2,     3.5,     6.5,     -3.6,     77,     1011.1,     330.94,     252.4,     87.9,     -177.9,     13.818,     -2.81,     87.5
8,     02.12.2014 01:21:17,     -2.1,     -2.01,     155,     0.5,     2.7,     5.1,     -3.6,     76.9,     1011.1,     330.94,     252.1,     87.8,     -177.9
9,     02.12.2014 01:31:17,     -1.05,     -2.01,     154,     0.7,     3,     5.7,     -3.7,     75.7,     1011,     330.94,     252.1,     87.9,     -177.9
10,     02.12.2014 01:41:17,     -1.05,     0,     159,     0.6,     2.7,     5.3,     -3.5,     76.4,     1011.1,     330.94,     252.5,     87.9,     -177.9
11,     02.12.2014 01:51:17,     -1.05,     -2.01,     157,     1,     3.1,     5.2,     -3.6,     76.1,     1010.9,     330.94,     252.5,     87.8,     -177.8
12,     02.12.2014 02:01:17,     -1.05,     -2.01,     152,     0.6,     2.9,     5.7,     -3.5,     77.1,     1011,     330.94,     252.2,     87.9,     -177.9
13,     02.12.2014 02:11:16,     -1.05,     -2.01,     143,     1,     2.7,     5.1,     -3.5,     76.9,     1010.9,     330.94,     252.4,     87.9,     -177.9,     12.611,     -2.75,     87.5
14,     02.12.2014 02:21:16,     -2.1,     -2.01,     163,     0.6,     2.9,     6.2,     -3.5,     76.4,     1010.9,     330.94,     252.6,     88,     -178
15,     02.12.2014 02:31:16,     -2.1,     0,     168,     0.6,     3.5,     5.8,     -3.5,     75.9,     1010.9,     330.94,     252.3,     88,     -178
16,     02.12.2014 02:41:16,     -1.05,     -2.01,     169,     1.1,     3.5,     6.7,     -3.4,     77.1,     1010.9,     330.94,     252.5,     87.9,     -177.9
17,     02.12.2014 02:51:16,     -2.1,     -2.01,     142,     0.7,     2.7,     5.7,     -3.4,     76,     1010.9,     330.94,     252.2,     87.9,     -177.9
18,     02.12.2014 03:01:16,     -2.1,     -2.01,     155,     1,     3.3,     6.5,     -3.6,     75.4,     1010.8,     330.94,     252.1,     87.9,     -177.9
19,     02.12.2014 03:11:16,     -2.1,     -2.01,     173,     1.5,     4,     7.4,     -3.5,     76.4,     1010.8,     330.94,     72.6,     88.1,     -1.8,     12.491,     -2.57,     87.5
20,     02.12.2014 03:21:16,     -2.1,     0,     149,     0.8,     2.9,     6,     -3.5,     75.9,     1010.9,     330.94,     252.2,     88,     -178
21,     02.12.2014 03:31:16,     -1.05,     2.01,     148,     0.7,     2.9,     5.2,     -3.4,     76.9,     1010.9,     330.94,     252,     87.9,     -177.9
22,     02.12.2014 03:41:16,     -3.15,     -2.01,     166,     0.8,     3.4,     5.6,     -3.4,     77.9,     1010.8,     330.94,     252.5,     87.9,     -177.9
23,     02.12.2014 03:51:16,     -2.1,     0,     154,     0.9,     2.8,     4.9,     -3.4,     76.1,     1010.7,     330.94,     252.4,     88,     -178
24,     02.12.2014 04:01:16,     0,     0,     154,     0.8,     3.2,     6.7,     -3.5,     75.2,     1010.7,     330.94,     251.9,     88,     -178
25,     02.12.2014 04:11:16,     0,     0,     143,     0.9,     3.2,     5.5,     -3.5,     76.3,     1010.7,     330.94,     252.3,     88,     -178,     12.433,     -2.51,     87.5
26,     02.12.2014 04:21:16,     -1.05,     -2.01,     159,     0.8,     3.2,     5.9,     -3.4,     77.5,     1010.7,     330.94,     252,     87.8,     -177.8
27,     02.12.2014 04:31:16,     -2.1,     -2.01,     154,     1,     3.5,     6.4,     -3.5,     75.8,     1010.7,     330.94,     252.6,     87.9,     -177.9
28,     02.12.2014 04:41:16,     -1.05,     0,     162,     0.8,     3,     5.4,     -3.4,     76.1,     1010.7,     330.94,     252.4,     87.6,     -177.6
29,     02.12.2014 04:51:16,     -2.1,     -2.01,     156,     0.6,     2.6,     6,     -3.3,     76.8,     1010.6,     330.94,     252.1,     87.8,     -177.8
30,     02.12.2014 05:01:16,     -2.1,     -2.01,     153,     1.1,     2.8,     6.2,     -3.3,     79,     1010.5,     330.94,     252.5,     87.9,     -177.9
31,     02.12.2014 05:11:16,     -1.05,     -2.01,     152,     1.1,     2.9,     6.2,     -3.4,     77,     1010.6,     330.94,     252.2,     87.9,     -177.9,     12.819,     -2.45,     87.5
32,     02.12.2014 05:21:16,     -2.1,     -4.02,     149,     0.9,     2.6,     4.9,     -3.3,     78.6,     1010.6,     330.94,     252.6,     88,     -178
33,     02.12.2014 05:31:16,     -1.05,     0,     147,     0.9,     3,     6.2,     -3.5,     78.6,     1010.6,     330.94,     252.4,     87.9,     -177.9
34,     02.12.2014 05:41:16,     -1.05,     -2.01,     146,     0.9,     3,     6.2,     -3.5,     77.9,     1010.6,     330.94,     253.1,     87.8,     -177.8
35,     02.12.2014 05:51:16,     -2.1,     -2.01,     138,     0.8,     2.5,     5,     -3.5,     78,     1010.5,     330.94,     252.2,     87.9,     -177.9
36,     02.12.2014 06:01:16,     -1.05,     -2.01,     143,     0.9,     2.6,     5.9,     -3.4,     78.2,     1010.7,     330.94,     252,     87.9,     -177.9
37,     02.12.2014 06:11:16,     -2.1,     -2.01,     149,     1.1,     2.5,     4.7,     -3.4,     76.8,     1010.6,     330.94,     252.4,     88,     -178,     12.503,     -2.49,     87.5
38,     02.12.2014 06:21:16,     0,     -2.01,     174,     1,     3.2,     5.7,     -3.4,     78.2,     1010.6,     330.94,     252.2,     87.9,     -177.9
39,     02.12.2014 06:31:16,     -2.1,     -2.01,     141,     0.7,     2.5,     5.1,     -3.5,     77.1,     1010.6,     330.94,     252,     87.9,     -177.9
40,     02.12.2014 06:41:16,     -1.05,     0,     149,     0.8,     2.7,     5,     -3.4,     78,     1010.7,     330.94,     252.1,     87.8,     -177.8
41,     02.12.2014 06:51:16,     -1.05,     -2.01,     146,     0.9,     3.2,     6.3,     -3.5,     77.4,     1010.7,     330.94,     252.6,     87.8,     -177.8
42,     02.12.2014 07:01:16,     -2.1,     -2.01,     156,     1.3,     3,     5.7,     -3.5,     77.8,     1010.7,     330.94,     252.4,     87.9,     -177.9
43,     02.12.2014 07:11:16,     -1.05,     -4.02,     161,     0.9,     3.2,     5.8,     -3.6,     77.9,     1010.7,     330.94,     252.5,     87.9,     -177.9,     12.433,     -2.51,     87.5
44,     02.12.2014 07:21:16,     -1.05,     0,     166,     1.1,     3.4,     6.3,     -3.6,     76.4,     1010.7,     330.94,     252.3,     88,     -178
45,     02.12.2014 07:31:16,     -2.1,     -2.01,     137,     0.6,     2.3,     5.4,     -3.4,     78.3,     1010.7,     330.94,     251.9,     87.8,     -177.8
46,     02.12.2014 07:41:16,     -1.05,     2.01,     140,     0.7,     2.6,     5.3,     -3.6,     76.6,     1010.7,     330.94,     252.6,     87.9,     -177.9
47,     02.12.2014 07:51:16,     -1.05,     0,     157,     0.7,     3.5,     6.3,     -3.6,     77.7,     1010.9,     330.94,     73,     87.9,     -2
48,     02.12.2014 08:01:16,     1.05,     2.01,     162,     0.9,     3.2,     6.3,     -3.6,     77.2,     1011,     330.94,     252.6,     88,     -178
49,     02.12.2014 08:11:16,     -3.15,     -2.01,     168,     1.1,     3.3,     6.2,     -3.6,     77,     1010.9,     330.94,     252,     87.8,     -177.9,     12.391,     -2.57,     87.5
50,     02.12.2014 08:21:16,     4.2,     10.05,     171,     0.9,     3.4,     5.8,     -3.6,     78.5,     1011,     330.94,     253,     87.9,     -177.9
51,     02.12.2014 08:31:16,     6.3,     18.09,     173,     1.2,     3.6,     6.3,     -3.5,     78.6,     1011,     330.94,     73,     87.9,     -2
52,     02.12.2014 08:41:16,     11.55,     26.13,     166,     1.2,     3.5,     6.1,     -3.6,     77.6,     1011,     330.94,     252,     88,     -178
53,     02.12.2014 08:51:16,     14.7,     28.14,     147,     0.6,     3,     6.3,     -3.6,     78.6,     1011.1,     330.94,     251.7,     87.8,     -177.9
54,     02.12.2014 09:01:16,     19.95,     42.21,     149,     0.9,     2.7,     5.3,     -3.5,     77.6,     1011.1,     330.94,     252.5,     87.8,     -177.8
55,     02.12.2014 09:11:16,     23.1,     50.25,     137,     0.8,     3,     6.1,     -3.6,     77.4,     1011.1,     330.94,     252.1,     87.9,     -177.9,     12.830,     -2.49,     87.5
56,     02.12.2014 09:21:16,     29.4,     64.32,     146,     0.7,     3.3,     5.9,     -3.7,     77.7,     1011.1,     330.94,     251.9,     87.9,     -177.9
57,     02.12.2014 09:31:16,     39.9,     78.39,     155,     1.1,     3.3,     6.5,     -3.7,     76.3,     1011.1,     330.94,     252.4,     87.9,     -177.9
58,     02.12.2014 09:41:16,     46.2,     94.47,     170,     1.4,     3.8,     6.3,     -3.6,     76.2,     1011.2,     330.94,     252,     87.9,     -177.9
59,     02.12.2014 09:51:16,     51.45,     100.5,     175,     0.9,     3.9,     6.4,     -3.5,     77.9,     1011.1,     330.94,     252.8,     88,     -178
60,     02.12.2014 10:01:16,     47.25,     98.49,     159,     1.1,     2.9,     5.2,     -3.5,     76.6,     1011.2,     330.94,     251.6,     88,     -178.1
61,     02.12.2014 10:11:17,     55.65,     110.55,     175,     1,     3.3,     5.3,     -3.4,     76.5,     1011.1,     330.94,     253.2,     88,     -178,     13.158,     -2.20,     87.5
62,     02.12.2014 10:21:17,     63,     126.63,     186,     1.7,     3.9,     6,     -3.5,     77.2,     1011.1,     330.94,     252.2,     87.8,     -177.8
63,     02.12.2014 10:31:17,     59.85,     118.59,     171,     1,     3.3,     5.6,     -3.4,     77.9,     1011.1,     330.94,     252.5,     87.9,     -177.9
64,     02.12.2014 10:41:17,     76.65,     152.76,     163,     0.5,     2.8,     5.2,     -3.3,     77.8,     1011.2,     330.94,     252.7,     88.1,     -178.1
65,     02.12.2014 10:51:17,     73.5,     146.73,     169,     1.3,     3.4,     5.7,     -3.5,     76.3,     1011.2,     330.94,     252.8,     88,     -178
66,     02.12.2014 11:01:17,     70.35,     142.71,     152,     1,     3.2,     6.2,     -3.6,     76.8,     1011.1,     330.94,     72.6,     88,     -2
67,     02.12.2014 11:11:16,     72.45,     146.73,     150,     0.7,     2.7,     4.4,     -3.4,     76.8,     1011.1,     330.94,     252.4,     87.9,     -177.9,     14.371,     -1.78,     87.2
68,     02.12.2014 11:21:16,     75.6,     152.76,     154,     1,     2.9,     5.3,     -3.5,     75.6,     1011,     330.94,     252.1,     87.8,     -177.7
69,     02.12.2014 11:31:16,     84,     166.83,     156,     1.1,     3,     4.8,     -3.4,     76.1,     1011,     330.94,     252.7,     88,     -178
70,     02.12.2014 11:41:16,     99.75,     196.98,     161,     0.7,     3,     5.5,     -3.4,     76.1,     1011,     330.94,     252.8,     87.8,     -177.9
71,     02.12.2014 11:51:16,     100.8,     198.99,     164,     0.9,     3,     4.6,     -3.4,     76,     1010.9,     330.94,     252.5,     88,     -178
72,     02.12.2014 12:01:16,     108.15,     211.05,     177,     1.2,     2.8,     4.6,     -3.2,     74.8,     1010.9,     330.94,     253.2,     87.9,     -178
73,     02.12.2014 12:11:16,     100.8,     198.99,     181,     0.8,     2.7,     4.5,     -3.1,     74.6,     1010.9,     330.94,     252.7,     87.8,     -177.9,     13.854,     -1.61,     87.4
74,     02.12.2014 12:21:16,     110.25,     217.08,     165,     1.2,     2.7,     4.6,     -3.1,     75.5,     1010.8,     330.94,     252.4,     87.9,     -177.9
75,     02.12.2014 12:31:16,     90.3,     190.95,     164,     0.6,     2.7,     4.4,     -3.1,     74.5,     1010.7,     330.94,     252.5,     87.8,     -177.8
76,     02.12.2014 12:41:16,     67.2,     146.73,     169,     1,     2.3,     3.7,     -3.1,     74.7,     1010.6,     330.94,     252.6,     87.9,     -177.9
77,     02.12.2014 12:51:16,     84,     192.96,     168,     0.6,     2.4,     4,     -3.1,     76.4,     1010.5,     330.94,     252.6,     87.9,     -177.9
78,     02.12.2014 13:01:16,     114.45,     239.19,     163,     0.8,     2.8,     4.5,     -3.2,     76.6,     1010.5,     330.94,     72.7,     87.9,     -1.9
79,     02.12.2014 13:11:16,     192.15,     323.61,     177,     1.3,     2.7,     5.3,     -3,     76.1,     1010.4,     330.94,     73,     87.8,     -2.1,     13.828,     -1.83,     87.4
80,     02.12.2014 13:21:16,     129.15,     247.23,     191,     0.9,     2.2,     3.5,     -2.9,     75.5,     1010.4,     330.94,     252.7,     87.9,     -177.8
81,     02.12.2014 13:31:16,     96.6,     192.96,     182,     1.3,     2.7,     4.3,     -2.9,     74.7,     1010.3,     330.94,     252.6,     87.9,     -177.9
82,     02.12.2014 13:41:16,     85.05,     174.87,     178,     0.7,     2,     3.2,     -2.9,     74.9,     1010.3,     330.94,     252.9,     87.9,     -177.9
83,     02.12.2014 13:51:16,     90.3,     190.95,     162,     0.1,     1.9,     3.3,     -2.7,     77.2,     1010.2,     330.94,     252.7,     88,     -178
84,     02.12.2014 14:01:16,     88.2,     184.92,     153,     0.1,     1.8,     3.8,     -2.6,     74,     1010.2,     330.94,     252.8,     88,     -178
85,     02.12.2014 14:11:16,     81.9,     162.81,     156,     0.2,     2.1,     4.9,     -2.7,     75.3,     1010.3,     330.94,     252.6,     87.9,     -178,     13.894,     -1.41,     87.3
86,     02.12.2014 14:21:16,     60.9,     128.64,     182,     0.9,     2.2,     3.3,     -2.8,     75.3,     1010.3,     330.94,     252.8,     87.9,     -177.9
87,     02.12.2014 14:31:16,     56.7,     116.58,     177,     1,     2.1,     3.2,     -2.9,     74.1,     1010.4,     330.94,     252.6,     87.9,     -177.9
88,     02.12.2014 14:41:16,     44.1,     94.47,     174,     0.6,     2,     3,     -2.9,     74.2,     1010.4,     330.94,     252.8,     87.9,     -177.8
89,     02.12.2014 14:51:16,     34.65,     74.37,     168,     0.3,     1.9,     2.8,     -2.9,     74.6,     1010.3,     330.94,     252.4,     87.9,     -177.9
90,     02.12.2014 15:01:16,     23.1,     56.28,     151,     0.3,     1.4,     2.5,     -2.9,     75,     1010.3,     330.94,     252.8,     87.8,     -177.8
91,     02.12.2014 15:11:17,     19.95,     48.24,     148,     0.2,     1.4,     2.2,     -2.9,     75.4,     1010.4,     330.94,     252.5,     87.9,     -177.9,     12.948,     -2.07,     87.2
92,     02.12.2014 15:21:17,     14.7,     34.17,     144,     0.5,     1.4,     2.5,     -2.9,     75.5,     1010.4,     330.94,     252.6,     87.9,     -177.9
93,     02.12.2014 15:31:17,     8.4,     24.12,     164,     0.5,     1.6,     2.5,     -2.9,     75.2,     1010.5,     330.94,     252.6,     87.9,     -177.9
94,     02.12.2014 15:41:17,     3.15,     14.07,     128,     0.5,     1.3,     2.3,     -2.9,     74.8,     1010.4,     330.94,     252.3,     87.9,     -177.9
95,     02.12.2014 15:51:17,     2.1,     10.05,     150,     0.2,     1.3,     2.3,     -2.9,     74.7,     1010.6,     330.94,     252.5,     87.9,     -177.9
96,     02.12.2014 16:01:17,     0,     4.02,     132,     0.3,     1.1,     2.2,     -3,     74.3,     1010.8,     330.94,     252.5,     87.9,     -177.9
97,     02.12.2014 16:11:17,     -2.1,     2.01,     132,     0.3,     1.2,     2,     -2.9,     76,     1010.8,     330.94,     252.5,     87.9,     -177.9,     12.688,     -2.57,     87.5
98,     02.12.2014 16:21:17,     -2.1,     0,     150,     0.6,     1.4,     2.5,     -3,     74.6,     1010.8,     330.94,     252.6,     87.8,     -177.9
99,     02.12.2014 16:31:17,     -2.1,     -2.01,     142,     0.4,     1.3,     2.5,     -3,     75.1,     1011,     330.94,     252.6,     87.8,     -177.9
100,     02.12.2014 16:41:17,     -2.1,     -2.01,     218,     0.3,     1.2,     2.3,     -2.9,     75.3,     1011.1,     330.94,     252.7,     87.9,     -177.9
101,     02.12.2014 16:51:17,     -2.1,     -2.01,     233,     0.3,     1.5,     2.7,     -2.8,     76.6,     1011.3,     330.94,     252.7,     87.9,     -178
102,     02.12.2014 17:01:17,     -2.1,     -4.02,     212,     0.5,     1.8,     3.3,     -3,     73.6,     1011.4,     330.94,     252.8,     87.9,     -177.9
103,     02.12.2014 17:11:17,     -1.05,     -2.01,     189,     0.1,     1.1,     2.2,     -2.8,     74,     1011.4,     330.94,     252.6,     87.9,     -177.9,     13.832,     -2.36,     87.5
104,     02.12.2014 17:21:17,     -2.1,     -4.02,     127,     0.3,     2,     3.3,     -3.1,     73.5,     1011.6,     330.94,     252.7,     87.9,     -177.9
105,     02.12.2014 17:31:17,     -2.1,     -2.01,     111,     0.1,     1.6,     3.4,     -3,     73.9,     1011.6,     330.94,     252.6,     87.9,     -177.9
106,     02.12.2014 17:41:17,     -1.05,     -2.01,     118,     0.5,     2.3,     3.7,     -3.2,     76,     1011.7,     330.94,     252.7,     87.7,     -177.7
107,     02.12.2014 17:51:17,     -1.05,     0,     73,     0.1,     1.6,     3.7,     -3.1,     74.7,     1011.8,     330.94,     252.5,     87.9,     -177.9
108,     02.12.2014 18:01:17,     -2.1,     -4.02,     70,     0.1,     1.7,     3.8,     -3.1,     75.2,     1011.9,     330.94,     252.7,     87.9,     -177.9
109,     02.12.2014 18:11:16,     -2.1,     -2.01,     210,     0.2,     1.2,     2.7,     -3.1,     75.5,     1012,     330.94,     252.7,     87.9,     -177.9,     12.633,     -2.30,     87.5
110,     02.12.2014 18:21:16,     -2.1,     -2.01,     291,     0,     1.3,     2.9,     -3,     76.3,     1011.9,     330.94,     252.4,     87.8,     -177.9
111,     02.12.2014 18:31:16,     -1.05,     -2.01,     265,     0.5,     1.8,     3.4,     -3.2,     74.8,     1012,     330.94,     252.8,     87.9,     -177.9
112,     02.12.2014 18:41:16,     -1.05,     -2.01,     159,     0.2,     1.4,     3.3,     -3.3,     74.6,     1012.1,     330.94,     252.7,     87.9,     -177.9
113,     02.12.2014 18:51:16,     -1.05,     0,     104,     0.2,     1.5,     3.6,     -3.2,     77.2,     1012.1,     330.94,     252.6,     87.9,     -177.9
114,     02.12.2014 19:01:16,     -2.1,     -2.01,     73,     0.1,     2.3,     4.2,     -3.2,     74.8,     1012.2,     330.94,     252.3,     87.9,     -177.9
115,     02.12.2014 19:11:16,     -2.1,     -2.01,     75,     0.2,     2.2,     4.3,     -3.3,     75.6,     1012.2,     330.94,     252.7,     87.7,     -177.7,     12.558,     -2.34,     87.5
116,     02.12.2014 19:21:16,     -2.1,     -2.01,     170,     0.4,     1.8,     3.7,     -3.2,     75.6,     1012.1,     330.94,     252.5,     87.9,     -177.8
117,     02.12.2014 19:31:16,     -2.1,     -2.01,     155,     0.2,     1.7,     3.3,     -3.2,     75.6,     1012.1,     330.94,     252.5,     87.9,     -177.9
118,     02.12.2014 19:41:16,     -2.1,     -4.02,     184,     0.5,     2.2,     3.8,     -3.2,     76.2,     1012.1,     330.94,     253.1,     87.9,     -177.9
119,     02.12.2014 19:51:16,     -2.1,     -2.01,     201,     0.8,     2.4,     4.4,     -3.2,     76.8,     1012.2,     330.94,     252.7,     87.8,     -177.8
120,     02.12.2014 20:01:16,     -2.1,     0,     204,     0.8,     2,     3.4,     -3.3,     75.6,     1012.2,     330.94,     252.9,     87.9,     -177.8
121,     02.12.2014 20:11:16,     -2.1,     -2.01,     214,     0.7,     1.9,     3.3,     -3.3,     76.7,     1012.2,     330.94,     252.3,     87.8,     -177.8,     13.820,     -2.31,     87.5
122,     02.12.2014 20:21:16,     -2.1,     -2.01,     170,     0.2,     1.6,     3.1,     -3.3,     76.3,     1012.3,     330.94,     252.5,     87.8,     -177.8
123,     02.12.2014 20:31:16,     -3.15,     -2.01,     117,     0.5,     2,     3.9,     -3.4,     76.7,     1012.3,     330.94,     252.5,     88,     -178
124,     02.12.2014 20:41:16,     -3.15,     -4.02,     116,     0.4,     1.9,     3.9,     -3.3,     75.9,     1012.3,     330.94,     252.5,     87.9,     -177.9
125,     02.12.2014 20:51:16,     -1.05,     0,     160,     0.5,     1.7,     2.7,     -3.2,     77.5,     1012.4,     330.94,     252.8,     87.9,     -177.9
126,     02.12.2014 21:01:16,     -2.1,     -2.01,     176,     1,     2.3,     4.4,     -3.3,     77.2,     1012.3,     330.94,     252.5,     87.9,     -177.9
127,     02.12.2014 21:11:16,     -1.05,     -2.01,     166,     0.9,     2.2,     4.4,     -3.3,     76,     1012.3,     330.94,     252.6,     87.9,     -177.9,     12.643,     -2.35,     87.5
128,     02.12.2014 21:21:16,     -2.1,     -2.01,     157,     0.9,     2.1,     3.4,     -3.4,     76.4,     1012.4,     330.94,     252.4,     87.9,     -177.9
129,     02.12.2014 21:31:16,     -2.1,     -2.01,     163,     0.7,     2.1,     3.9,     -3.4,     76.8,     1012.4,     330.94,     252.5,     87.8,     -177.8
130,     02.12.2014 21:41:16,     -2.1,     0,     165,     0.3,     2,     4.3,     -3.5,     76.8,     1012.5,     330.94,     252.6,     87.9,     -177.9
131,     02.12.2014 21:51:16,     -1.05,     0,     128,     0.5,     1.6,     3.9,     -3.5,     76,     1012.4,     330.94,     252.7,     87.9,     -177.9
132,     02.12.2014 22:01:16,     -2.1,     -2.01,     105,     0.6,     1.6,     2.5,     -3.5,     76.6,     1012.4,     330.94,     252.5,     87.9,     -177.9
133,     02.12.2014 22:11:16,     -1.05,     0,     144,     0.6,     2.1,     4.8,     -3.6,     76.1,     1012.5,     330.94,     252.5,     87.9,     -177.9,     12.520,     -2.43,     87.5
134,     02.12.2014 22:21:16,     -1.05,     0,     116,     0.8,     2.1,     3.6,     -3.5,     76.5,     1012.5,     330.94,     252.4,     87.9,     -177.9
135,     02.12.2014 22:31:16,     -1.05,     0,     113,     0.5,     1.6,     3.5,     -3.5,     76.1,     1012.6,     330.94,     252.6,     87.9,     -177.9
136,     02.12.2014 22:41:16,     -2.1,     0,     115,     0.4,     1.8,     3.2,     -3.4,     76.3,     1012.6,     330.94,     252.7,     87.9,     -177.9
137,     02.12.2014 22:51:16,     -1.05,     -2.01,     128,     0.4,     1.6,     3.3,     -3.3,     76,     1012.6,     330.94,     252.6,     87.9,     -177.9
138,     02.12.2014 23:01:16,     -2.1,     -4.02,     152,     0.7,     1.9,     3.4,     -3.4,     77.4,     1012.6,     330.94,     253.1,     87.9,     -177.9
139,     02.12.2014 23:11:16,     -2.1,     0,     190,     0.9,     2.5,     3.9,     -3.4,     76.4,     1012.7,     330.94,     252.8,     87.9,     -177.9,     12.491,     -2.50,     87.6
140,     02.12.2014 23:21:16,     -1.05,     2.01,     175,     1.1,     2.3,     4.1,     -3.4,     76.7,     1012.7,     330.94,     252.9,     87.8,     -177.8
141,     02.12.2014 23:31:16,     -2.1,     -2.01,     159,     0.6,     2,     3.8,     -3.4,     76.5,     1012.7,     330.94,     252.7,     87.9,     -177.9
142,     02.12.2014 23:41:16,     -3.15,     -2.01,     178,     1.6,     2.7,     4.5,     -3.5,     76.6,     1012.8,     330.94,     252.6,     87.9,     -177.9
143,     02.12.2014 23:51:16,     -2.1,     -2.01,     177,     0.8,     2.4,     4.2,     -3.6,     75.7,     1012.9,     330.94,     252.8,     87.9,     -177.9
144,     03.12.2014 00:01:16,     -2.1,     -2.01,     148,     0.5,     1.8,     3.2,     -3.4,     76.6,     1013,     330.94,     252.5,     87.9,     -177.9,     12.474,     -2.45,     87.5