Logger: #D10248 'TSK_Meteo' - USP_EXP2 (V2.10, Jan 24 2012)
No,     Time,     #1:W/m²:0,     #2:ÂµMol:(do.),     #5:deg:2,     #6:m/sMIN:(do.),     #7:m/sMIT:(do.),     #8:m/sMAX:(do.),     #9:Â°C:(do.),     #10:%:(do.),     #11:hPa:(do.),     #12:mm:(do.),     #14:AZ:3,     #15:EL:(do.),     #16:Roll:(do.),     #HK-Bat:V,     #HK-Temp:oC,     #HK-rH:%
(GSM Transfer OK / Signal:15)
1,     18.11.2014 00:11:17,     -2.1,     -2.01,     95,     1.1,     2.5,     4.5,     6.3,     91.3,     1006.1,     323.71,     253.1,     88.1,     -178.1,     12.255,     7.77,     81.7
2,     18.11.2014 00:21:17,     -1.05,     -2.01,     94,     0.6,     2.5,     4.8,     6.4,     91.2,     1006,     323.71,     253.1,     88,     -178
3,     18.11.2014 00:31:17,     -1.05,     0,     100,     1.4,     2.7,     4.4,     6.3,     91.3,     1005.9,     323.71,     252.8,     88,     -178
4,     18.11.2014 00:41:17,     -1.05,     -2.01,     100,     1.5,     2.7,     4.5,     6.3,     91.6,     1005.8,     323.71,     253,     87.9,     -177.9
5,     18.11.2014 00:51:17,     -1.05,     -2.01,     98,     1.2,     2.9,     5.1,     6.3,     92,     1005.8,     323.71,     252.1,     87.8,     -177.8
6,     18.11.2014 01:01:17,     -1.05,     -2.01,     95,     0.9,     2.6,     4.8,     6.3,     92.2,     1005.7,     323.71,     252.8,     88,     -178
7,     18.11.2014 01:11:16,     -1.05,     -2.01,     97,     1.1,     3.1,     5.5,     6.4,     92.4,     1005.6,     323.71,     252.6,     87.8,     -177.9,     12.363,     7.24,     83.9
8,     18.11.2014 01:21:16,     -1.05,     -2.01,     101,     1.5,     3.2,     6.2,     6.4,     92.5,     1005.6,     323.71,     252.8,     88,     -178
9,     18.11.2014 01:31:16,     0,     0,     99,     1.4,     3.7,     6.5,     6.4,     92.6,     1005.5,     323.71,     253,     87.9,     -177.9
10,     18.11.2014 01:41:16,     0,     0,     104,     1.3,     2.8,     5.8,     6.5,     92.6,     1005.5,     323.71,     252.9,     88.1,     -178.1
11,     18.11.2014 01:51:16,     -2.1,     -4.02,     100,     1,     3,     6,     6.5,     92.6,     1005.5,     323.71,     252.2,     87.9,     -177.9
12,     18.11.2014 02:01:16,     -1.05,     -4.02,     106,     1,     3.1,     6.7,     6.6,     92.7,     1005.6,     323.71,     252.9,     88,     -178
13,     18.11.2014 02:11:16,     0,     0,     112,     1,     2.6,     5.4,     6.6,     92.7,     1005.6,     323.71,     252.9,     87.9,     -177.9,     12.346,     7.27,     83.9
14,     18.11.2014 02:21:16,     -1.05,     0,     109,     1,     2.7,     4.8,     6.7,     92.7,     1005.5,     323.71,     253.1,     87.9,     -177.9
15,     18.11.2014 02:31:16,     -2.1,     -2.01,     116,     0.9,     3,     5,     6.7,     92.7,     1005.6,     323.71,     253.2,     88,     -178
16,     18.11.2014 02:41:16,     -1.05,     -2.01,     129,     0.4,     2.5,     4.9,     6.8,     92.6,     1005.7,     323.71,     252.3,     87.9,     -177.9
17,     18.11.2014 02:51:16,     -2.1,     -2.01,     130,     1.1,     3.2,     6.1,     6.8,     92.6,     1005.5,     323.71,     252.9,     87.9,     -177.9
18,     18.11.2014 03:01:16,     -2.1,     -2.01,     130,     1.1,     2.8,     4.9,     6.7,     92.5,     1005.6,     323.71,     252.7,     88,     -178
19,     18.11.2014 03:11:16,     -2.1,     0,     133,     0.4,     3,     6.5,     6.7,     92.3,     1005.6,     323.71,     252.5,     87.9,     -177.9,     12.336,     7.45,     83.9
20,     18.11.2014 03:21:16,     -3.15,     0,     131,     0.8,     3.3,     6.5,     6.7,     92,     1005.6,     323.71,     253.1,     88,     -178
21,     18.11.2014 03:31:16,     -2.1,     -2.01,     134,     1,     3,     5.7,     6.8,     91.3,     1005.7,     323.71,     252.9,     88.1,     -178.1
22,     18.11.2014 03:41:16,     -1.05,     0,     134,     0.6,     2.8,     5.3,     6.9,     90.8,     1005.7,     323.71,     252.8,     87.9,     -177.9
23,     18.11.2014 03:51:16,     0,     0,     130,     0.3,     2.1,     4.2,     6.9,     90.2,     1005.7,     323.71,     253.2,     88,     -178
24,     18.11.2014 04:01:16,     -1.05,     0,     114,     0.4,     1.6,     3.5,     6.9,     89.7,     1005.7,     323.71,     253,     88,     -178
25,     18.11.2014 04:11:16,     -1.05,     0,     111,     0.5,     1.7,     2.9,     7,     89.6,     1005.6,     323.71,     253.1,     88,     -177.9,     12.342,     7.59,     83.9
26,     18.11.2014 04:21:16,     -2.1,     -2.01,     108,     0.3,     1.9,     4.2,     7,     89.3,     1005.6,     323.71,     252.7,     88,     -178
27,     18.11.2014 04:31:16,     -1.05,     -2.01,     111,     0.2,     1.7,     3.7,     7,     89.1,     1005.7,     323.71,     253.2,     88,     -178
28,     18.11.2014 04:41:16,     -1.05,     -2.01,     119,     0.1,     1.7,     3.7,     7.1,     88.8,     1005.7,     323.71,     253.2,     88,     -178
29,     18.11.2014 04:51:16,     -3.15,     -4.02,     110,     0.3,     1.5,     3,     7.1,     88.8,     1005.7,     323.71,     253.1,     88,     -178
30,     18.11.2014 05:01:16,     -1.05,     -2.01,     109,     0.1,     1.5,     3.4,     7.1,     89.2,     1005.6,     323.71,     253.2,     88,     -178
31,     18.11.2014 05:11:23,     -2.1,     -4.02,     99,     0.7,     2.1,     3.9,     7.1,     89.3,     1005.5,     323.71,     253.3,     88,     -178,     12.312,     7.75,     83.8
32,     18.11.2014 05:21:23,     -2.1,     -2.01,     96,     0.6,     2.3,     4.4,     7.1,     89.7,     1005.5,     323.71,     253.2,     87.9,     -177.9
33,     18.11.2014 05:31:23,     -1.05,     -2.01,     100,     0.9,     2.3,     4.2,     7.1,     90,     1005.4,     323.71,     253,     88,     -178
34,     18.11.2014 05:41:23,     -1.05,     -2.01,     102,     0.8,     2.5,     4.3,     7,     90.2,     1005.5,     323.71,     253.2,     88,     -178
35,     18.11.2014 05:51:23,     -2.1,     -2.01,     100,     1.1,     2.4,     3.8,     7,     90.5,     1005.4,     323.71,     253.1,     87.9,     -177.9
36,     18.11.2014 06:01:23,     -2.1,     0,     102,     1.2,     2.5,     4.5,     7,     90.7,     1005.4,     323.71,     252.9,     88,     -178
37,     18.11.2014 06:11:16,     -1.05,     0,     101,     1,     2.3,     4.4,     6.9,     90.7,     1005.4,     323.71,     252.7,     88,     -178,     12.308,     7.74,     83.8
38,     18.11.2014 06:21:16,     -2.1,     -2.01,     110,     0.8,     2.3,     4.5,     7,     90.7,     1005.4,     323.71,     252.9,     88,     -178
39,     18.11.2014 06:31:16,     -2.1,     -2.01,     110,     1,     2.4,     4.6,     6.9,     90.5,     1005.4,     323.71,     253,     88,     -178
40,     18.11.2014 06:41:16,     -1.05,     -2.01,     108,     0.8,     2.6,     4.9,     6.9,     90.5,     1005.3,     323.71,     252.8,     87.9,     -177.9
41,     18.11.2014 06:51:16,     0,     0,     118,     0.5,     2.4,     4.2,     6.9,     90.5,     1005.5,     323.71,     253.3,     88,     -178
42,     18.11.2014 07:01:16,     -1.05,     -4.02,     128,     0.8,     2.2,     4,     6.9,     90.4,     1005.6,     323.71,     253.1,     88,     -178
43,     18.11.2014 07:11:16,     -1.05,     0,     130,     0.7,     2.5,     4.7,     6.9,     90,     1005.7,     323.71,     252.9,     88,     -178,     12.312,     7.68,     83.9
44,     18.11.2014 07:21:16,     -1.05,     -2.01,     130,     1.3,     2.7,     5.4,     6.8,     90.3,     1005.7,     323.71,     253.2,     87.9,     -177.9
45,     18.11.2014 07:31:16,     -1.05,     -2.01,     125,     0.7,     2.1,     3.8,     6.8,     90.6,     1005.8,     323.71,     252.8,     88,     -177.9
46,     18.11.2014 07:41:16,     0,     0,     122,     0.6,     2.2,     3.7,     6.8,     90.9,     1005.8,     323.71,     253.1,     87.9,     -177.9
47,     18.11.2014 07:51:16,     0,     0,     120,     0.6,     1.8,     3.8,     6.7,     91,     1005.8,     323.71,     253.1,     87.9,     -177.9
48,     18.11.2014 08:01:16,     3.15,     6.03,     120,     0.2,     1.8,     3.8,     6.7,     91,     1005.7,     323.71,     253.3,     88,     -178
49,     18.11.2014 08:11:22,     3.15,     8.04,     113,     0.3,     1.8,     3.3,     6.7,     91,     1005.7,     323.71,     252.8,     88,     -178,     12.298,     7.59,     83.9
50,     18.11.2014 08:21:22,     5.25,     10.05,     111,     0.5,     2,     3.9,     6.7,     91.1,     1005.7,     323.71,     253.1,     87.9,     -177.9
51,     18.11.2014 08:31:22,     5.25,     12.06,     112,     0.6,     2,     4.4,     6.7,     91.3,     1005.6,     323.71,     253.1,     88,     -178
52,     18.11.2014 08:41:22,     8.4,     20.1,     112,     0.5,     2.5,     4.4,     6.7,     91.2,     1005.5,     323.71,     252.7,     87.9,     -177.9
53,     18.11.2014 08:51:22,     9.45,     20.1,     108,     1.4,     2.7,     5.3,     6.7,     91.2,     1005.5,     323.71,     253.1,     88,     -178
54,     18.11.2014 09:01:22,     9.45,     22.11,     111,     0.3,     2.6,     5,     6.7,     91.1,     1005.4,     323.71,     252.3,     88,     -178
55,     18.11.2014 09:11:16,     12.6,     28.14,     107,     0.5,     2.5,     4.9,     6.7,     91.3,     1005.5,     323.71,     253,     87.9,     -177.9,     12.321,     7.60,     83.9
56,     18.11.2014 09:21:16,     10.5,     26.13,     114,     0.7,     2.8,     5.1,     6.6,     91.2,     1005.5,     323.71,     253,     88,     -178
57,     18.11.2014 09:31:16,     17.85,     44.22,     119,     0.3,     2.3,     3.8,     6.6,     91.3,     1005.6,     323.71,     253.4,     87.9,     -177.9
58,     18.11.2014 09:41:16,     14.7,     34.17,     114,     0.2,     2.6,     5.1,     6.7,     91.3,     1005.7,     323.71,     253.1,     88,     -178
59,     18.11.2014 09:51:16,     31.5,     66.33,     119,     1.1,     3,     5.4,     6.7,     90.9,     1005.7,     323.71,     252.4,     87.9,     -177.9
60,     18.11.2014 10:01:16,     25.2,     56.28,     121,     0.3,     2.6,     5.4,     6.9,     89.4,     1005.8,     323.71,     253.2,     88,     -178
61,     18.11.2014 10:11:16,     13.65,     34.17,     119,     0.2,     2.4,     5.7,     6.9,     89.2,     1005.9,     323.71,     253,     87.9,     -177.9,     12.395,     7.67,     83.9
62,     18.11.2014 10:21:16,     19.95,     44.22,     116,     0.6,     2.9,     5.4,     6.9,     90,     1006.1,     323.71,     253.2,     87.9,     -177.9
63,     18.11.2014 10:31:16,     21,     48.24,     134,     0.5,     2.8,     6,     6.8,     87.9,     1006.1,     323.71,     252.2,     88,     -178
64,     18.11.2014 10:41:16,     19.95,     44.22,     140,     0.5,     2.4,     4.6,     6.9,     87.6,     1006.2,     323.71,     253.2,     87.9,     -177.9
65,     18.11.2014 10:51:16,     15.75,     40.2,     141,     0.5,     2.8,     5.9,     6.9,     87.1,     1006.1,     323.71,     252,     88,     -178
66,     18.11.2014 11:01:16,     14.7,     36.18,     135,     0.7,     2.6,     5.2,     6.8,     88,     1006,     323.71,     253,     88,     -178
67,     18.11.2014 11:11:22,     15.75,     36.18,     118,     0.6,     2.1,     4,     6.7,     89.1,     1006,     323.71,     253,     88.1,     -178.1,     12.353,     7.85,     83.8
68,     18.11.2014 11:21:22,     26.25,     58.29,     127,     0.9,     3,     8.2,     6.6,     87.8,     1005.9,     323.71,     252.3,     88,     -178.1
69,     18.11.2014 11:31:22,     34.65,     78.39,     140,     1.5,     4.5,     8.5,     6.6,     86,     1005.8,     323.71,     252.1,     87.8,     -177.8
70,     18.11.2014 11:41:22,     25.2,     60.3,     120,     1.3,     3.8,     6.7,     6.6,     86.5,     1005.8,     323.71,     252.7,     88,     -178
71,     18.11.2014 11:51:22,     22.05,     52.26,     125,     1.2,     3.1,     5.9,     6.6,     87,     1005.8,     323.71,     253.1,     88.1,     -178
72,     18.11.2014 12:01:22,     22.05,     50.25,     125,     0.9,     3.2,     6.3,     6.5,     86.9,     1005.7,     323.71,     253.3,     88,     -178
73,     18.11.2014 12:11:16,     24.15,     56.28,     125,     0.7,     2.9,     5.9,     6.5,     87,     1005.7,     323.71,     252.7,     88,     -178,     12.166,     7.75,     83.9
74,     18.11.2014 12:21:16,     19.95,     44.22,     122,     1.2,     3.2,     6.6,     6.5,     86.4,     1005.7,     323.71,     252.9,     87.9,     -177.9
75,     18.11.2014 12:31:16,     18.9,     42.21,     114,     1.1,     2.9,     5.2,     6.5,     86.4,     1005.7,     323.71,     252.5,     88,     -178
76,     18.11.2014 12:41:16,     27.3,     60.3,     113,     0.9,     3.1,     6.1,     6.5,     86.9,     1005.7,     323.71,     252.7,     88,     -178
77,     18.11.2014 12:51:16,     19.95,     42.21,     114,     1.1,     2.8,     5.6,     6.5,     86.3,     1005.7,     323.71,     252.5,     88,     -178
78,     18.11.2014 13:01:16,     18.9,     44.22,     123,     0.5,     2.5,     5.5,     6.5,     85.5,     1005.7,     323.71,     253.1,     88,     -178
79,     18.11.2014 13:11:16,     19.95,     48.24,     123,     0.5,     3.1,     6.3,     6.5,     84.5,     1005.7,     323.71,     252.8,     88,     -178,     12.378,     7.63,     83.9
80,     18.11.2014 13:21:16,     24.15,     54.27,     120,     0.6,     3.4,     7.2,     6.5,     84.2,     1005.7,     323.71,     252.1,     87.8,     -177.9
81,     18.11.2014 13:31:16,     17.85,     44.22,     124,     1.3,     3.1,     6.8,     6.6,     85.4,     1005.7,     323.71,     253.2,     87.9,     -177.9
82,     18.11.2014 13:41:16,     19.95,     46.23,     119,     0.6,     2.7,     7.4,     6.5,     85.2,     1005.7,     323.71,     252.3,     88,     -178
83,     18.11.2014 13:51:16,     15.75,     36.18,     112,     1.3,     3.3,     6.1,     6.4,     84.3,     1005.7,     323.71,     252.5,     88,     -178
84,     18.11.2014 14:01:16,     14.7,     34.17,     108,     0.5,     3,     6.9,     6.4,     84.9,     1005.7,     323.71,     253.4,     87.9,     -178
85,     18.11.2014 14:11:16,     15.75,     36.18,     113,     0.3,     3,     6.3,     6.3,     84.4,     1005.7,     323.71,     252.8,     87.9,     -177.9,     12.355,     7.57,     83.9
86,     18.11.2014 14:21:16,     16.8,     36.18,     111,     0.8,     2.7,     6.6,     6.3,     84.6,     1005.6,     323.71,     252.7,     87.9,     -177.9
87,     18.11.2014 14:31:16,     12.6,     30.15,     122,     0.8,     3.5,     6.8,     6.3,     85,     1005.6,     323.71,     252.6,     88,     -178.1
88,     18.11.2014 14:41:16,     7.35,     20.1,     126,     0.7,     2.7,     5.6,     6.3,     85,     1005.7,     323.71,     253.1,     88,     -178
89,     18.11.2014 14:51:16,     6.3,     18.09,     121,     0.3,     2.1,     4.6,     6.3,     84.9,     1005.7,     323.71,     253,     88,     -178
90,     18.11.2014 15:01:16,     9.45,     20.1,     107,     0.8,     2.3,     4.7,     6.3,     85.2,     1005.7,     323.71,     252.7,     88,     -178
91,     18.11.2014 15:11:17,     5.25,     14.07,     117,     1,     2.6,     4.8,     6.3,     84.6,     1005.7,     323.71,     252.9,     87.9,     -177.9,     12.289,     7.34,     84.0
92,     18.11.2014 15:21:17,     2.1,     6.03,     107,     1.5,     2.9,     5.5,     6.3,     85,     1005.7,     323.71,     252.7,     87.9,     -177.9
93,     18.11.2014 15:31:17,     3.15,     8.04,     106,     1.5,     3.2,     5.9,     6.1,     85.5,     1005.7,     323.71,     252.4,     88,     -178
94,     18.11.2014 15:41:17,     1.05,     6.03,     109,     1.1,     3.2,     6.7,     6.1,     84.8,     1005.6,     323.71,     252.6,     87.9,     -177.9
95,     18.11.2014 15:51:17,     -1.05,     2.01,     114,     0.3,     2.5,     4.8,     6.1,     84.8,     1005.6,     323.71,     252.8,     87.9,     -177.9
96,     18.11.2014 16:01:17,     -1.05,     0,     108,     1.1,     2.6,     4.7,     6.1,     85.5,     1005.5,     323.71,     253.2,     87.9,     -177.9
97,     18.11.2014 16:11:17,     -1.05,     0,     105,     1.1,     2.6,     5.1,     6.1,     86.4,     1005.6,     323.71,     252.8,     87.9,     -177.9,     12.255,     7.11,     84.1
98,     18.11.2014 16:21:17,     -1.05,     0,     107,     0.7,     3.1,     5.5,     6.1,     87.2,     1005.7,     323.71,     252.8,     87.9,     -177.9
99,     18.11.2014 16:31:17,     -1.05,     0,     110,     1.1,     3.3,     6.4,     5.9,     88,     1005.8,     323.71,     252.9,     87.8,     -177.9
100,     18.11.2014 16:41:17,     -2.1,     -2.01,     117,     0.3,     3.2,     6.6,     5.8,     87.7,     1005.9,     323.71,     252.9,     88,     -178
101,     18.11.2014 16:51:17,     -1.05,     -2.01,     119,     0.5,     2.6,     5.4,     5.9,     87.3,     1006,     323.71,     252.7,     88,     -177.9
102,     18.11.2014 17:01:17,     -1.05,     0,     126,     0.5,     2.8,     5,     5.8,     86.7,     1006.1,     323.71,     252.8,     87.9,     -177.9
103,     18.11.2014 17:11:17,     -1.05,     0,     122,     1.2,     3,     5.1,     5.8,     86.8,     1006.2,     323.71,     253,     88,     -178,     12.259,     6.77,     84.1
104,     18.11.2014 17:21:17,     -2.1,     -2.01,     131,     0.3,     2.3,     3.9,     5.8,     86.1,     1006.2,     323.71,     253.2,     87.9,     -177.9
105,     18.11.2014 17:31:17,     -1.05,     -2.01,     129,     0.2,     1.9,     4.2,     5.9,     85.1,     1006.2,     323.71,     253.2,     88.1,     -178.1
106,     18.11.2014 17:41:17,     -1.05,     0,     114,     0.9,     2.7,     4.7,     5.8,     86.7,     1006.1,     323.71,     252.9,     87.9,     -177.9
107,     18.11.2014 17:51:17,     -1.05,     -2.01,     109,     1,     3.2,     5.1,     5.6,     88.6,     1006.2,     323.71,     252.4,     87.8,     -177.8
108,     18.11.2014 18:01:17,     -2.1,     -4.02,     109,     0.5,     2.9,     6.6,     5.6,     88.2,     1006.2,     323.71,     252.9,     87.9,     -177.9
109,     18.11.2014 18:11:16,     0,     -2.01,     123,     0.5,     2.8,     6.3,     5.6,     87.1,     1006.2,     323.71,     252.8,     88,     -178,     12.259,     6.58,     84.3
110,     18.11.2014 18:21:16,     -1.05,     -2.01,     108,     0.8,     2.8,     5.8,     5.6,     87.4,     1006.3,     323.71,     251.8,     87.8,     -177.8
111,     18.11.2014 18:31:16,     -2.1,     -2.01,     112,     1,     2.9,     5.5,     5.5,     87.9,     1006.4,     323.71,     253,     88,     -178
112,     18.11.2014 18:41:16,     -1.05,     0,     113,     0.5,     2.8,     5.3,     5.5,     87.8,     1006.4,     323.71,     253,     87.9,     -177.9
113,     18.11.2014 18:51:16,     -1.05,     -2.01,     108,     0.9,     2.8,     5.2,     5.4,     88.4,     1006.4,     323.71,     252.1,     88,     -178
114,     18.11.2014 19:01:16,     -2.1,     -2.01,     104,     0.9,     2.9,     5,     5.3,     88.6,     1006.5,     323.71,     252.2,     88,     -178
115,     18.11.2014 19:11:16,     -1.05,     0,     104,     1.2,     3.1,     5.4,     5.3,     88.9,     1006.4,     323.71,     252.5,     88,     -178,     12.242,     6.40,     84.3
116,     18.11.2014 19:21:16,     -2.1,     -2.01,     105,     0.8,     2.5,     4.3,     5.3,     88.8,     1006.5,     323.71,     252.9,     88,     -178
117,     18.11.2014 19:31:16,     -2.1,     -2.01,     103,     1,     3.1,     5.7,     5.3,     88.6,     1006.5,     323.71,     252.6,     88,     -178
118,     18.11.2014 19:41:16,     -1.05,     -2.01,     104,     1,     2.6,     4.8,     5.3,     88.4,     1006.5,     323.71,     252.8,     87.9,     -177.9
119,     18.11.2014 19:51:16,     -1.05,     0,     101,     0.8,     2.8,     6.1,     5.3,     87.8,     1006.5,     323.71,     252.8,     87.9,     -177.9
120,     18.11.2014 20:01:16,     -1.05,     -2.01,     103,     0.9,     2.5,     4.3,     5.3,     87.4,     1006.6,     323.71,     252.9,     87.9,     -177.9
121,     18.11.2014 20:11:22,     -1.05,     -2.01,     104,     0.9,     2.2,     3.7,     5.4,     87.6,     1006.7,     323.71,     253.1,     88,     -178,     12.240,     6.29,     84.3
122,     18.11.2014 20:21:22,     -1.05,     0,     99,     1,     2.7,     5.1,     5.4,     87.1,     1006.7,     323.71,     252.4,     87.9,     -177.9
123,     18.11.2014 20:31:22,     -1.05,     -2.01,     106,     1,     2.4,     3.8,     5.3,     87.2,     1006.8,     323.71,     253,     87.8,     -177.9
124,     18.11.2014 20:41:22,     -1.05,     -2.01,     106,     0.7,     2.1,     4,     5.4,     86.9,     1006.9,     323.71,     253.1,     88,     -178
125,     18.11.2014 20:51:22,     -1.05,     0,     112,     0.7,     2.7,     5.2,     5.4,     87.1,     1006.8,     323.71,     253.3,     88,     -178
126,     18.11.2014 21:01:22,     -2.1,     -2.01,     100,     0.9,     2.4,     4.6,     5.4,     86.8,     1006.9,     323.71,     252.8,     87.9,     -177.9
127,     18.11.2014 21:11:16,     -1.05,     -2.01,     103,     0.9,     2.7,     4.7,     5.3,     87.3,     1006.9,     323.71,     252.6,     87.9,     -177.9,     12.251,     6.21,     84.3
128,     18.11.2014 21:21:16,     -1.05,     -2.01,     100,     1.3,     2.8,     5.1,     5.3,     87.3,     1007,     323.71,     252.9,     88,     -178
129,     18.11.2014 21:31:16,     -1.05,     -2.01,     98,     1.3,     3.3,     5.6,     5.2,     87.4,     1007,     323.71,     252.6,     88,     -178
130,     18.11.2014 21:41:16,     -1.05,     0,     98,     1.2,     2.8,     4.7,     5.2,     87.7,     1007.1,     323.71,     253,     87.9,     -177.9
131,     18.11.2014 21:51:16,     -1.05,     0,     100,     1.2,     2.6,     4.1,     5.2,     87.8,     1007.1,     323.71,     253.1,     87.8,     -177.8
132,     18.11.2014 22:01:16,     -2.1,     0,     101,     1.2,     2.8,     5.2,     5.2,     87.4,     1007.1,     323.71,     252.6,     88,     -178
133,     18.11.2014 22:11:16,     -2.1,     -2.01,     105,     0.6,     2.4,     5.5,     5.2,     87.9,     1007.1,     323.71,     252.9,     88,     -178,     12.240,     6.12,     84.4
134,     18.11.2014 22:21:16,     -2.1,     -2.01,     104,     0.9,     2.8,     5.3,     5.1,     87.7,     1007.1,     323.71,     252.8,     87.9,     -177.9
135,     18.11.2014 22:31:16,     -1.05,     -2.01,     104,     0.7,     2.4,     4.7,     5.1,     87.9,     1007.2,     323.71,     253,     87.8,     -177.9
136,     18.11.2014 22:41:16,     -2.1,     0,     113,     1,     2.8,     4.9,     5.1,     88,     1007.1,     323.71,     253.5,     88,     -178
137,     18.11.2014 22:51:16,     -1.05,     0,     108,     0.5,     2.3,     4.7,     5.1,     88.5,     1007.1,     323.71,     252.6,     88,     -178
138,     18.11.2014 23:01:16,     -2.1,     -2.01,     101,     0.6,     3.3,     5.2,     5,     88.5,     1007.2,     323.71,     252.6,     88,     -178
139,     18.11.2014 23:11:17,     -1.05,     0,     106,     1,     2.4,     4.6,     5.1,     88,     1007.2,     323.71,     253.2,     87.9,     -178,     12.238,     6.03,     84.4
140,     18.11.2014 23:21:17,     -1.05,     -2.01,     98,     0.8,     2.9,     4.8,     5,     88.3,     1007.3,     323.71,     252.8,     87.9,     -177.9
141,     18.11.2014 23:31:17,     -2.1,     -2.01,     102,     0.9,     2.9,     5,     5,     88.2,     1007.2,     323.71,     252.5,     87.9,     -177.9
142,     18.11.2014 23:41:17,     -1.05,     -2.01,     104,     1.4,     3,     5.2,     5,     88.1,     1007.3,     323.71,     252.8,     88,     -178
143,     18.11.2014 23:51:17,     -1.05,     -2.01,     110,     0.9,     2.2,     3.8,     5,     88,     1007.4,     323.71,     253,     87.9,     -177.9
144,     19.11.2014 00:01:17,     -2.1,     -4.02,     110,     0.3,     1.9,     4.4,     5,     88.1,     1007.3,     323.71,     252.6,     87.9,     -177.9,     12.164,     5.93,     84.4