Logger: #D10248 'TSK_Meteo' - USP_EXP2 (V2.10, Jan 24 2012)
No,     Time,     #1:W/m²:0,     #2:ÂµMol:(do.),     #5:deg:2,     #6:m/sMIN:(do.),     #7:m/sMIT:(do.),     #8:m/sMAX:(do.),     #9:Â°C:(do.),     #10:%:(do.),     #11:hPa:(do.),     #12:mm:(do.),     #14:AZ:3,     #15:EL:(do.),     #16:Roll:(do.),     #HK-Bat:V,     #HK-Temp:oC,     #HK-rH:%
(GSM Transfer OK / Signal:15)
1,     04.08.2014 00:11:17,     -3.15,     -2.01,     161,     0.3,     1.9,     3,     18.3,     84.8,     1002.8,     184.21,     255.3,     88,     -178,     12.522,     18.99,     66.7
2,     04.08.2014 00:21:17,     -1.05,     0,     128,     0.3,     1.2,     2.1,     18.4,     84.8,     1002.8,     184.21,     (NO REPLY),     (NO REPLY),     (NO REPLY)
3,     04.08.2014 00:31:17,     -1.05,     -2.01,     119,     0.2,     0.9,     1.6,     18.4,     84.8,     1003,     184.21,     255.2,     87.9,     -177.9
4,     04.08.2014 00:41:17,     -2.1,     -2.01,     114,     0,     0.7,     1.6,     18.3,     85.1,     1003.1,     184.21,     255.1,     87.8,     -177.9
5,     04.08.2014 00:51:17,     -2.1,     -2.01,     148,     0,     0.4,     1,     18.5,     85.6,     1003.1,     184.21,     255.2,     87.9,     -177.9
6,     04.08.2014 01:01:17,     -2.1,     -2.01,     95,     0.1,     1.1,     1.7,     18.3,     85.2,     1003.2,     184.21,     255.3,     87.9,     -177.9
7,     04.08.2014 01:11:16,     -2.1,     -2.01,     63,     0,     0.5,     1.3,     18.3,     86.1,     1003.2,     184.21,     255.3,     88,     -178,     12.529,     18.71,     67.7
8,     04.08.2014 01:21:16,     -2.1,     -4.02,     59,     0,     0.4,     1.4,     18.4,     86.4,     1003.3,     184.21,     255.3,     87.9,     -177.9
9,     04.08.2014 01:31:16,     -2.1,     -4.02,     94,     0,     0.4,     1.3,     18.4,     85.3,     1003.4,     184.21,     255.2,     88,     -178
10,     04.08.2014 01:41:16,     -3.15,     -4.02,     310,     0.4,     1.7,     2.9,     18.5,     85.8,     1003.3,     184.21,     255.3,     88,     -178
11,     04.08.2014 01:51:16,     -1.05,     0,     318,     0.4,     1.3,     2.1,     18.6,     86.1,     1003.4,     184.21,     255.4,     87.9,     -177.9
12,     04.08.2014 02:01:16,     -1.05,     -2.01,     343,     0,     0.8,     1.9,     18.6,     84.7,     1003.4,     184.21,     255.2,     87.9,     -177.9
13,     04.08.2014 02:11:22,     -2.1,     0,     324,     0,     0.9,     1.8,     18.7,     83.6,     1003.5,     184.21,     255.3,     87.9,     -177.9,     12.505,     18.71,     67.7
14,     04.08.2014 02:21:22,     -2.1,     -2.01,     329,     0.1,     1,     1.9,     18.7,     83.2,     1003.4,     184.21,     255.3,     87.9,     -177.9
15,     04.08.2014 02:31:22,     -3.15,     -2.01,     322,     0,     0.6,     2.1,     18.8,     84.1,     1003.5,     184.21,     255.4,     87.9,     -178
16,     04.08.2014 02:41:22,     -3.15,     -4.02,     318,     0.8,     1.4,     1.9,     18.8,     85.7,     1003.4,     184.21,     255.4,     88,     -178
17,     04.08.2014 02:51:22,     -2.1,     0,     315,     0.6,     1.4,     2.3,     18.6,     85.5,     1003.4,     184.21,     255.3,     87.9,     -177.9
18,     04.08.2014 03:01:22,     -3.15,     -2.01,     309,     1.3,     1.9,     3,     18.6,     85.9,     1003.5,     184.21,     255.4,     88,     -178
19,     04.08.2014 03:11:23,     -1.05,     -2.01,     302,     0.3,     1.3,     2.1,     18.5,     86.5,     1003.5,     184.21,     255.4,     87.9,     -177.9,     12.469,     18.79,     67.7
20,     04.08.2014 03:21:23,     -2.1,     -2.01,     304,     1.2,     2.2,     3.1,     18.4,     87.2,     1003.5,     184.21,     255.5,     88,     -178
21,     04.08.2014 03:31:23,     -1.05,     -2.01,     305,     1.5,     2.2,     3.2,     18.4,     86.6,     1003.6,     184.21,     255.5,     88,     -178
22,     04.08.2014 03:41:23,     -2.1,     -2.01,     303,     1.5,     2.4,     3.3,     18.4,     87.1,     1003.6,     184.21,     255.4,     87.9,     -177.9
23,     04.08.2014 03:51:23,     -2.1,     -2.01,     310,     0.5,     1.7,     3.5,     18.5,     86.4,     1003.5,     184.21,     255.4,     88,     -178
24,     04.08.2014 04:01:23,     -1.05,     0,     334,     0.8,     1.5,     2.7,     18.5,     87.8,     1003.5,     184.21,     255.3,     88,     -178
25,     04.08.2014 04:11:16,     -3.15,     -4.02,     328,     0.5,     1.3,     2.1,     18.5,     87.7,     1003.5,     184.23,     255.3,     88,     -178,     12.438,     18.91,     67.7
26,     04.08.2014 04:21:16,     -3.15,     0,     289,     0.2,     1.5,     2.9,     18.6,     88.3,     1003.4,     184.23,     255.5,     87.9,     -177.9
27,     04.08.2014 04:31:16,     -3.15,     0,     313,     0.2,     1.7,     3.4,     18.7,     88.4,     1003.4,     184.58,     255.3,     88,     -178
28,     04.08.2014 04:41:16,     -1.05,     0,     304,     0.4,     1.5,     3.2,     18.7,     89.3,     1003.5,     184.72,     255.4,     88,     -178
29,     04.08.2014 04:51:16,     3.15,     8.04,     307,     0.7,     1.6,     3.6,     18.7,     90.3,     1003.4,     184.72,     255.4,     87.9,     -177.8
30,     04.08.2014 05:01:16,     5.25,     14.07,     323,     0.8,     1.6,     2.9,     18.7,     90.7,     1003.5,     184.73,     255.4,     88,     -178
31,     04.08.2014 05:11:27,     17.85,     36.18,     302,     0.5,     2,     3.9,     18.7,     91.1,     1003.6,     184.75,     255.5,     87.9,     -177.9,     12.471,     18.94,     67.6
32,     04.08.2014 05:21:27,     12.6,     30.15,     307,     0.5,     1.6,     3.3,     18.9,     91.6,     1003.7,     184.75,     255.4,     87.9,     -177.9
33,     04.08.2014 05:31:27,     8.4,     22.11,     322,     0.7,     1.9,     4,     18.9,     91.2,     1003.9,     184.75,     255.6,     87.8,     -177.8
34,     04.08.2014 05:41:27,     25.2,     54.27,     335,     1,     2.5,     4,     19,     90.4,     1003.8,     184.75,     (NO REPLY),     (NO REPLY),     (NO REPLY)
35,     04.08.2014 05:51:27,     44.1,     94.47,     327,     1,     2.2,     3.6,     19,     89.9,     1003.8,     184.75,     255.4,     87.9,     -177.9
36,     04.08.2014 06:01:27,     47.25,     100.5,     323,     1.1,     2.5,     5,     19,     90.1,     1003.9,     184.75,     256,     88.1,     -178
37,     04.08.2014 06:11:21,     44.1,     94.47,     332,     1.1,     2.5,     4.4,     19.1,     89.9,     1003.9,     184.75,     255.5,     87.9,     -177.9,     12.673,     19.41,     67.5
38,     04.08.2014 06:21:21,     29.4,     64.32,     334,     0.2,     2.1,     3.7,     19.3,     89.9,     1004,     184.75,     (NO REPLY),     (NO REPLY),     (NO REPLY)
39,     04.08.2014 06:31:21,     43.05,     96.48,     316,     0.4,     2,     3.7,     19.3,     89.6,     1004,     184.75,     255.4,     87.9,     -177.9
40,     04.08.2014 06:41:21,     59.85,     128.64,     326,     0.5,     1.8,     3.7,     19.3,     89.9,     1004.1,     184.75,     (NO REPLY),     (NO REPLY),     (NO REPLY)
41,     04.08.2014 06:51:21,     42,     88.44,     318,     0.4,     1.8,     3.6,     19.4,     89.7,     1004.3,     184.75,     255.5,     87.9,     -177.9
42,     04.08.2014 07:01:21,     54.6,     116.58,     319,     0.7,     2.4,     4.4,     19.4,     89.6,     1004.4,     184.75,     255.7,     87.9,     -177.9
43,     04.08.2014 07:11:22,     157.5,     321.6,     318,     1,     3,     5.3,     19.5,     89.1,     1004.3,     184.75,     255.1,     87.9,     -178,     13.209,     20.27,     67.3
44,     04.08.2014 07:21:22,     145.95,     303.51,     330,     1.5,     3.1,     5.5,     19.6,     88.6,     1004.4,     184.75,     (NO REPLY),     (NO REPLY),     (NO REPLY)
45,     04.08.2014 07:31:22,     174.3,     367.83,     331,     1.6,     3.2,     5,     19.8,     88.5,     1004.5,     184.75,     255.8,     88,     -178
46,     04.08.2014 07:41:22,     200.55,     412.05,     329,     1.5,     3.1,     5.1,     20,     87.6,     1004.7,     184.75,     255.7,     87.8,     -177.8
47,     04.08.2014 07:51:22,     140.7,     293.46,     331,     1.9,     3.4,     5.9,     20.1,     86.6,     1004.7,     184.75,     255.7,     87.9,     -177.9
48,     04.08.2014 08:01:22,     192.15,     393.96,     323,     0.9,     2.4,     4.5,     20.2,     86.5,     1004.8,     184.75,     255.5,     88.1,     -178.1
49,     04.08.2014 08:11:17,     594.3,     1121.58,     338,     0.1,     2.9,     5.7,     20.4,     85.2,     1004.7,     184.75,     255.5,     88,     -178,     14.199,     22.05,     66.9
50,     04.08.2014 08:21:17,     636.3,     1177.86,     335,     0.9,     3.5,     5.7,     20.7,     82.7,     1004.8,     184.75,     255.8,     88,     -178
51,     04.08.2014 08:31:17,     274.05,     558.78,     324,     1.4,     3.2,     5.5,     21,     81.6,     1004.9,     184.75,     255.6,     87.8,     -177.8
52,     04.08.2014 08:41:17,     172.2,     359.79,     308,     1.4,     3.4,     5.1,     20.9,     82.1,     1005,     184.75,     255.5,     88,     -178
53,     04.08.2014 08:51:17,     200.55,     408.03,     295,     1.3,     2.9,     5.3,     20.8,     82.9,     1005.1,     184.75,     255.8,     87.9,     -177.9
54,     04.08.2014 09:01:17,     213.15,     448.23,     278,     1.6,     3.2,     5.3,     20.6,     83.1,     1005.3,     184.75,     255.7,     88,     -178
55,     04.08.2014 09:11:17,     267.75,     558.78,     292,     1.1,     3.2,     5.9,     20.8,     82.4,     1005.3,     184.75,     255.7,     87.9,     -177.9,     13.286,     24.65,     66.1
56,     04.08.2014 09:21:17,     300.3,     621.09,     295,     1.1,     2.9,     6.1,     21,     80.8,     1005.3,     184.75,     255.8,     87.9,     -177.9
57,     04.08.2014 09:31:17,     294,     613.05,     295,     1.3,     3.6,     6.5,     21,     80.5,     1005.4,     184.75,     256.1,     87.8,     -177.8
58,     04.08.2014 09:41:17,     279.3,     580.89,     293,     1.9,     3.6,     6.4,     21,     80.1,     1005.5,     184.75,     256.1,     88,     -178
59,     04.08.2014 09:51:17,     304.5,     631.14,     284,     1.4,     3.5,     5.7,     21.1,     80.1,     1005.6,     184.75,     255.8,     88,     -178
60,     04.08.2014 10:01:17,     349.65,     719.58,     306,     0.9,     2.9,     5.3,     21.2,     79.3,     1005.5,     184.75,     255.6,     87.9,     -177.9
61,     04.08.2014 10:11:27,     379.05,     775.86,     302,     1.7,     3.7,     6.1,     21.3,     77.5,     1005.5,     184.75,     256,     88,     -178,     13.315,     24.91,     66.1
62,     04.08.2014 10:21:27,     305.55,     625.11,     296,     0.8,     3.4,     5.8,     21.4,     78.8,     1005.6,     184.75,     255.9,     87.9,     -177.9
63,     04.08.2014 10:31:27,     324.45,     671.34,     296,     1.2,     3.9,     6.4,     21.4,     78,     1005.6,     184.75,     256.2,     88,     -178.1
64,     04.08.2014 10:41:27,     432.6,     904.5,     286,     2.2,     4.4,     7.1,     21.5,     77.2,     1005.6,     184.75,     255.8,     87.9,     -177.9
65,     04.08.2014 10:51:27,     392.7,     801.99,     300,     1,     3.4,     6.4,     21.8,     76.1,     1005.7,     184.75,     256.1,     87.9,     -177.9
66,     04.08.2014 11:01:27,     428.4,     878.37,     297,     2.3,     4.3,     7.2,     21.9,     71.7,     1005.7,     184.75,     255.8,     87.9,     -177.9
67,     04.08.2014 11:11:16,     382.2,     789.93,     305,     1.7,     3.9,     6.7,     21.9,     71.4,     1005.8,     184.75,     255.9,     87.9,     -177.9,     13.249,     25.77,     65.8
68,     04.08.2014 11:21:16,     346.5,     715.56,     306,     1.9,     3.9,     7.1,     22,     70.6,     1005.9,     184.75,     255.9,     88,     -178
69,     04.08.2014 11:31:16,     348.6,     721.59,     311,     1,     3.7,     7.4,     22,     70.8,     1006.1,     184.75,     255.3,     88.1,     -178.1
70,     04.08.2014 11:41:16,     264.6,     546.72,     304,     1.3,     3.6,     7.1,     22,     73.2,     1006.2,     184.75,     255.7,     87.9,     -177.9
71,     04.08.2014 11:51:16,     186.9,     387.93,     304,     0.9,     3.2,     6.6,     22,     72,     1006.3,     184.75,     255.6,     88,     -178
72,     04.08.2014 12:01:16,     172.2,     357.78,     302,     1.2,     3.2,     5.3,     21.9,     70.1,     1006.2,     184.75,     76.6,     87.9,     -2
73,     04.08.2014 12:11:16,     179.55,     383.91,     294,     1.4,     3.4,     5.3,     22,     71.3,     1006.3,     184.75,     255.8,     88,     -178,     13.332,     25.72,     66.0
74,     04.08.2014 12:21:16,     233.1,     506.52,     293,     1.3,     3.5,     5.4,     22,     72.3,     1006.3,     184.75,     255.9,     87.9,     -177.9
75,     04.08.2014 12:31:16,     241.5,     518.58,     283,     1.5,     3.4,     5.7,     22,     71.8,     1006.4,     184.75,     255.8,     88.1,     -178.1
76,     04.08.2014 12:41:16,     175.35,     375.87,     299,     1.5,     3.2,     5.2,     22,     71.7,     1006.5,     184.75,     255.9,     88.1,     -178.1
77,     04.08.2014 12:51:16,     229.95,     494.46,     286,     1.9,     3.5,     5.3,     21.9,     70.6,     1006.6,     184.75,     (NO REPLY),     (NO REPLY),     (NO REPLY)
78,     04.08.2014 13:01:16,     257.25,     560.79,     289,     1.3,     3.2,     5.5,     22,     70.9,     1006.7,     184.75,     76.1,     87.9,     -2
79,     04.08.2014 13:11:22,     224.7,     486.42,     304,     1.2,     2.9,     5.4,     22.1,     70.3,     1006.6,     184.76,     255.8,     87.8,     -177.8,     13.349,     25.10,     66.1
80,     04.08.2014 13:21:22,     253.05,     554.76,     325,     1,     2.2,     3.9,     22.1,     69.3,     1006.7,     184.77,     255.7,     87.9,     -177.9
81,     04.08.2014 13:31:22,     214.2,     464.31,     301,     0.5,     2.6,     4.8,     22.2,     69.6,     1006.7,     184.77,     255.9,     87.8,     -177.9
82,     04.08.2014 13:41:22,     192.15,     410.04,     302,     0.4,     2.8,     4.8,     22.4,     67.2,     1006.7,     184.77,     255.7,     87.7,     -177.7
83,     04.08.2014 13:51:22,     263.55,     568.83,     311,     0.4,     2.8,     4.5,     22.5,     67.5,     1006.7,     184.77,     255.5,     87.9,     -177.9
84,     04.08.2014 14:01:22,     193.2,     412.05,     331,     1.2,     2.8,     4.6,     22.5,     68.9,     1006.8,     184.77,     255.6,     88,     -178
85,     04.08.2014 14:11:16,     215.25,     458.28,     337,     1,     2.8,     4.6,     22.4,     69.3,     1006.8,     184.77,     255.7,     88.1,     -178,     13.364,     25.27,     66.2
86,     04.08.2014 14:21:16,     254.1,     542.7,     327,     1.1,     2.9,     4.5,     22.4,     69.6,     1006.9,     184.77,     255.7,     88,     -178
87,     04.08.2014 14:31:16,     277.2,     598.98,     328,     1,     3.1,     5,     22.5,     70.3,     1007,     184.77,     76.6,     87.9,     -1.9
88,     04.08.2014 14:41:16,     276.15,     596.97,     325,     1.4,     3.1,     5.1,     22.4,     70,     1007.1,     184.77,     255.7,     87.9,     -177.9
89,     04.08.2014 14:51:16,     295.05,     633.15,     318,     0.6,     2.8,     5.2,     22.4,     69.4,     1007.1,     184.77,     255.8,     87.9,     -177.9
90,     04.08.2014 15:01:16,     217.35,     470.34,     312,     0.8,     2.6,     4.5,     22.4,     69.5,     1007.1,     184.77,     255.7,     87.8,     -177.9
91,     04.08.2014 15:11:16,     180.6,     391.95,     307,     1.2,     3,     5,     22.5,     70.1,     1007.1,     184.77,     255.7,     87.9,     -177.9,     13.341,     25.50,     66.2
92,     04.08.2014 15:21:16,     124.95,     263.31,     325,     1.3,     2.6,     5,     22.5,     71.6,     1007.2,     184.77,     255.9,     87.8,     -177.8
93,     04.08.2014 15:31:16,     197.4,     426.12,     293,     2,     4,     6.8,     22,     71.7,     1007.2,     184.77,     255.8,     87.9,     -177.9
94,     04.08.2014 15:41:16,     184.8,     399.99,     317,     1.2,     3,     5,     22.1,     71.5,     1007.3,     184.77,     255.7,     87.9,     -177.9
95,     04.08.2014 15:51:16,     153.3,     325.62,     332,     1.7,     3.4,     5.6,     22.2,     69,     1007.2,     184.77,     255.4,     88,     -178
96,     04.08.2014 16:01:16,     153.3,     333.66,     340,     0.6,     2.8,     5.5,     22.3,     68.5,     1007.2,     184.77,     255.7,     87.9,     -177.9
97,     04.08.2014 16:11:17,     148.05,     317.58,     4,     1.8,     3.5,     5.9,     22.4,     62,     1007.1,     184.77,     75.9,     87.2,     -2.6,     13.392,     24.81,     66.4
98,     04.08.2014 16:21:17,     123.9,     265.32,     347,     2,     4,     6,     22,     71,     1007.2,     184.77,     255.5,     87.6,     -177.6
99,     04.08.2014 16:31:17,     121.8,     265.32,     327,     1.5,     3.5,     5.8,     21.5,     73.9,     1007.2,     184.77,     256,     88.1,     -178.1
100,     04.08.2014 16:41:17,     122.85,     263.31,     318,     1.1,     3.2,     5,     21.4,     74.5,     1007.1,     184.77,     255.6,     87.9,     -177.9
101,     04.08.2014 16:51:17,     91.35,     192.96,     335,     1.5,     3,     5.1,     21.3,     73.3,     1007.2,     184.77,     255.8,     88.1,     -178.1
102,     04.08.2014 17:01:17,     133.35,     283.41,     344,     1.7,     3,     5,     21.4,     74.7,     1007.1,     184.77,     256.1,     87.9,     -177.8
103,     04.08.2014 17:11:16,     88.2,     188.94,     336,     1.9,     3.8,     6.6,     21.2,     75.1,     1007.3,     184.77,     255.5,     87.7,     -177.8,     13.400,     23.61,     66.8
104,     04.08.2014 17:21:16,     93.45,     198.99,     343,     1.3,     2.8,     4.9,     21.1,     75.8,     1007.3,     184.77,     255.5,     87.9,     -177.9
105,     04.08.2014 17:31:16,     124.95,     267.33,     336,     1.3,     2.7,     4.2,     21,     76.2,     1007.2,     184.77,     255.5,     88.1,     -178.1
106,     04.08.2014 17:41:16,     124.95,     263.31,     345,     1.5,     2.9,     4.8,     21,     75.9,     1007.2,     184.77,     255.8,     88,     -178
107,     04.08.2014 17:51:16,     126,     261.3,     341,     0.6,     2.4,     3.8,     21.1,     77.3,     1007.2,     184.77,     255.6,     88.1,     -178.1
108,     04.08.2014 18:01:16,     98.7,     203.01,     356,     1.1,     2.7,     5,     21.2,     75.4,     1007.2,     184.77,     (NO REPLY),     (NO REPLY),     (NO REPLY)
109,     04.08.2014 18:11:22,     71.4,     150.75,     3,     2.1,     3.5,     5.1,     21.2,     74.7,     1007.1,     184.77,     255.5,     88,     -178,     13.447,     22.93,     66.9
110,     04.08.2014 18:21:22,     67.2,     138.69,     354,     2,     3.3,     5.4,     21,     76.1,     1007.1,     184.77,     255.5,     88.2,     -178.1
111,     04.08.2014 18:31:22,     119.7,     221.1,     0,     1.7,     2.9,     4.5,     21,     75.7,     1007,     184.77,     255.4,     88,     -178
112,     04.08.2014 18:41:22,     71.4,     146.73,     9,     1.8,     3,     4.6,     21.1,     72.6,     1006.9,     184.77,     255.3,     87.7,     -177.7
113,     04.08.2014 18:51:22,     48.3,     102.51,     11,     1.6,     3,     4.5,     21,     71.5,     1007.1,     184.77,     255.5,     88.2,     -178.2
114,     04.08.2014 19:01:22,     35.7,     76.38,     14,     1.7,     3,     4.8,     21,     70.8,     1007.2,     184.77,     255.4,     88.2,     -178.2
115,     04.08.2014 19:11:16,     21,     50.25,     22,     1.6,     2.5,     3.5,     20.9,     67.9,     1007.2,     184.77,     255.4,     87.8,     -177.9,     12.929,     22.47,     66.9
116,     04.08.2014 19:21:16,     24.15,     40.2,     15,     1.3,     2.3,     3.5,     20.9,     68.2,     1007.5,     184.77,     255.6,     88,     -178
117,     04.08.2014 19:31:16,     10.5,     26.13,     354,     0.9,     1.8,     2.8,     20.6,     69,     1007.6,     184.77,     255.5,     88,     -178
118,     04.08.2014 19:41:16,     8.4,     24.12,     336,     0.8,     1.5,     2.1,     20.4,     73.9,     1007.7,     184.77,     255.5,     88,     -178
119,     04.08.2014 19:51:16,     5.25,     14.07,     337,     1,     1.6,     2.3,     20.1,     76.7,     1007.7,     184.77,     255.4,     87.9,     -177.9
120,     04.08.2014 20:01:16,     0,     4.02,     352,     1,     1.6,     2.5,     19.9,     75.4,     1007.8,     184.77,     255.4,     87.9,     -177.9
121,     04.08.2014 20:11:16,     -2.1,     2.01,     5,     0.5,     1.5,     2.5,     19.9,     72.8,     1007.9,     184.77,     255.5,     88,     -178,     12.703,     21.01,     67.4
122,     04.08.2014 20:21:16,     -4.2,     -2.01,     352,     0.8,     1.3,     1.8,     19.9,     75.4,     1007.9,     184.77,     255.4,     87.8,     -177.9
123,     04.08.2014 20:31:16,     -3.15,     -2.01,     340,     0.7,     1.3,     1.9,     19.8,     75.1,     1008,     184.77,     255.5,     87.9,     -177.9
124,     04.08.2014 20:41:16,     -3.15,     -2.01,     351,     0.5,     1.1,     1.6,     19.6,     76.6,     1008,     184.77,     (NO REPLY),     (NO REPLY),     (NO REPLY)
125,     04.08.2014 20:51:16,     -3.15,     -2.01,     341,     0.7,     1.1,     1.7,     19.4,     76.3,     1008,     184.77,     255.5,     87.9,     -177.9
126,     04.08.2014 21:01:16,     -3.15,     -2.01,     356,     0.6,     1.2,     1.8,     19.4,     77.5,     1008,     184.77,     255.3,     88,     -178
127,     04.08.2014 21:11:16,     -3.15,     -2.01,     356,     0.7,     1.3,     2,     19.5,     75.9,     1008.1,     184.77,     255.4,     88,     -178,     12.656,     19.71,     67.8
128,     04.08.2014 21:21:16,     -2.1,     -2.01,     341,     0.9,     1.4,     2,     19.3,     76.8,     1008.1,     184.77,     255.4,     87.9,     -177.9
129,     04.08.2014 21:31:16,     -2.1,     -2.01,     3,     0.5,     1.4,     2.1,     19.2,     76,     1008.1,     184.77,     255.3,     87.9,     -177.9
130,     04.08.2014 21:41:16,     -3.15,     -2.01,     354,     0.7,     1.3,     2.1,     19.4,     75.8,     1008.2,     184.77,     255.4,     88,     -178
131,     04.08.2014 21:51:16,     -3.15,     0,     342,     0.7,     1.3,     1.8,     19.1,     77.6,     1008.3,     184.77,     255.3,     87.9,     -177.9
132,     04.08.2014 22:01:16,     -3.15,     -2.01,     334,     0.6,     1.4,     2.3,     18.9,     78.7,     1008.3,     184.77,     255.4,     88.1,     -178
133,     04.08.2014 22:11:31,     -2.1,     -2.01,     341,     0.7,     1.4,     2.4,     18.9,     78.9,     1008.4,     184.77,     (NO REPLY),     (NO REPLY),     (NO REPLY),     12.626,     19.34,     67.7
134,     04.08.2014 22:21:31,     -2.1,     -2.01,     356,     0.5,     1.1,     1.9,     19,     77.6,     1008.5,     184.77,     255.4,     88,     -178
135,     04.08.2014 22:31:31,     -3.15,     0,     337,     0.5,     1.1,     1.8,     18.9,     78.3,     1008.5,     184.77,     255.4,     87.9,     -177.9
136,     04.08.2014 22:41:31,     -3.15,     -4.02,     10,     0.4,     0.9,     1.6,     18.9,     78.1,     1008.4,     184.77,     (NO REPLY),     (NO REPLY),     (NO REPLY)
137,     04.08.2014 22:51:31,     -2.1,     0,     332,     0.4,     1.2,     2.1,     19,     78.8,     1008.4,     184.77,     255.4,     88,     -178
138,     04.08.2014 23:01:31,     -3.15,     0,     320,     0.6,     1.2,     1.8,     18.8,     78.9,     1008.5,     184.77,     255.4,     87.9,     -177.9
139,     04.08.2014 23:11:32,     -3.15,     -4.02,     356,     0.3,     1,     1.7,     18.7,     79.2,     1008.5,     184.77,     (NO REPLY),     (NO REPLY),     (NO REPLY),     12.613,     18.89,     67.8
140,     04.08.2014 23:21:32,     -3.15,     -2.01,     52,     0.5,     1.3,     2.1,     18.9,     80.9,     1008.4,     184.77,     255.4,     87.9,     -178
141,     04.08.2014 23:31:32,     -2.1,     0,     177,     0.2,     1.2,     2.3,     18.5,     81.4,     1008.5,     184.77,     255.4,     88,     -178
142,     04.08.2014 23:41:32,     -4.2,     -2.01,     289,     0.4,     1.5,     2.8,     18.7,     80.8,     1008.5,     184.77,     255.3,     87.9,     -177.9
143,     04.08.2014 23:51:32,     -3.15,     -2.01,     335,     0.5,     1.3,     2.3,     18.8,     81,     1008.5,     184.77,     255.3,     88,     -178
144,     05.08.2014 00:01:18,     -3.15,     -2.01,     345,     0.4,     1.3,     1.9,     18.5,     81.7,     1008.6,     184.77,     255.3,     87.9,     -178,     12.440,     18.57,     68.0