Logger: #D10248 'TSK_Meteo' - USP_EXP2 (V2.10, Jan 24 2012)
No,     Time,     #1:W/m²:0,     #2:ÂµMol:(do.),     #5:deg:2,     #6:m/sMIN:(do.),     #7:m/sMIT:(do.),     #8:m/sMAX:(do.),     #9:Â°C:(do.),     #10:%:(do.),     #11:hPa:(do.),     #12:mm:(do.),     #14:AZ:3,     #15:EL:(do.),     #16:Roll:(do.),     #HK-Bat:V,     #HK-Temp:oC,     #HK-rH:%
(GSM Transfer OK / Signal:18)
1,     30.09.2014 00:11:16,     -2.1,     0,     203,     0.9,     1.7,     2.6,     15.1,     89.2,     1014.7,     288.87,     253.6,     88,     -178,     12.427,     16.55,     70.5
2,     30.09.2014 00:21:16,     -2.1,     -2.01,     174,     0.3,     1.5,     2.6,     15,     89.5,     1014.6,     288.88,     253.6,     88.1,     -178.1
3,     30.09.2014 00:31:16,     -2.1,     0,     201,     0.6,     1.4,     2.3,     15.1,     89.7,     1014.6,     288.88,     253.5,     88,     -178
4,     30.09.2014 00:41:16,     -1.05,     -2.01,     177,     0.2,     1.1,     2.1,     15,     89.7,     1014.6,     288.88,     253.5,     87.9,     -177.9
5,     30.09.2014 00:51:16,     -1.05,     0,     177,     0,     0.8,     1.9,     15.1,     89.9,     1014.6,     288.88,     253.6,     87.9,     -177.9
6,     30.09.2014 01:01:16,     -2.1,     0,     134,     0.4,     1.2,     2.3,     15,     89.8,     1014.5,     288.88,     253.7,     88,     -178
7,     30.09.2014 01:11:17,     -3.15,     -2.01,     130,     0,     0.7,     1.7,     15,     90.1,     1014.4,     288.88,     253.6,     87.9,     -177.9,     12.524,     15.42,     73.3
8,     30.09.2014 01:21:17,     -3.15,     0,     102,     0,     0.6,     1.5,     15,     90.3,     1014.4,     288.88,     253.5,     88,     -178
9,     30.09.2014 01:31:17,     -2.1,     -2.01,     91,     0.3,     1,     1.6,     15,     90.2,     1014.4,     288.88,     253.6,     88,     -178
10,     30.09.2014 01:41:17,     -2.1,     0,     94,     0.1,     0.8,     1.6,     15,     90.5,     1014.4,     288.88,     253.7,     87.9,     -177.9
11,     30.09.2014 01:51:17,     -2.1,     -2.01,     64,     0.1,     0.7,     1.4,     15,     90.5,     1014.5,     288.88,     253.6,     88,     -178
12,     30.09.2014 02:01:17,     -2.1,     -4.02,     108,     0,     0.7,     1.5,     15,     90.6,     1014.4,     288.88,     253.5,     87.9,     -177.9
13,     30.09.2014 02:11:16,     -2.1,     -2.01,     172,     0,     0.5,     1.5,     15,     90.6,     1014.4,     288.88,     253.6,     87.9,     -177.9,     12.478,     15.25,     73.5
14,     30.09.2014 02:21:16,     -2.1,     -2.01,     83,     0,     0.8,     2,     15,     90.7,     1014.5,     288.89,     253.5,     87.8,     -177.8
15,     30.09.2014 02:31:16,     -3.15,     0,     51,     1,     1.9,     2.8,     15.1,     90.8,     1014.6,     288.89,     253.6,     88.1,     -178.1
16,     30.09.2014 02:41:16,     -2.1,     -2.01,     69,     0.6,     1.2,     2.4,     14.9,     90.9,     1014.5,     288.9,     253.6,     87.9,     -177.9
17,     30.09.2014 02:51:16,     -3.15,     -2.01,     71,     0.2,     1.2,     2.5,     14.8,     91.2,     1014.5,     288.9,     253.5,     88,     -178
18,     30.09.2014 03:01:16,     -2.1,     0,     80,     0.1,     1,     1.7,     14.7,     91.4,     1014.5,     288.9,     253.5,     88.1,     -178.1
19,     30.09.2014 03:11:21,     -2.1,     -2.01,     98,     0.1,     1.1,     2.1,     14.6,     91.6,     1014.4,     288.91,     253.6,     88,     -178,     12.452,     15.11,     73.5
20,     30.09.2014 03:21:21,     -4.2,     -4.02,     144,     0.1,     0.7,     1.6,     14.6,     91.7,     1014.2,     288.91,     253.5,     88,     -178
21,     30.09.2014 03:31:21,     -2.1,     -4.02,     117,     0,     0.5,     1.1,     14.6,     91.9,     1014.2,     288.91,     253.6,     88,     -178
22,     30.09.2014 03:41:21,     -3.15,     -2.01,     99,     0,     0.6,     1.3,     14.6,     91.9,     1014.2,     288.91,     253.6,     88,     -178
23,     30.09.2014 03:51:21,     -2.1,     0,     143,     0,     0.7,     1.5,     14.6,     91.8,     1014.2,     288.91,     253.6,     87.9,     -177.9
24,     30.09.2014 04:01:21,     -2.1,     0,     160,     0,     0.8,     2.6,     14.7,     91.6,     1014.3,     288.91,     253.6,     87.9,     -177.9
25,     30.09.2014 04:11:16,     -2.1,     -2.01,     139,     0,     0.6,     1.5,     14.7,     91.5,     1014.2,     288.91,     253.7,     88,     -178,     12.427,     14.93,     73.6
26,     30.09.2014 04:21:16,     -1.05,     -2.01,     138,     0.1,     0.8,     2.1,     14.6,     91.4,     1014.2,     288.91,     253.6,     87.9,     -178
27,     30.09.2014 04:31:16,     -1.05,     -2.01,     156,     0.1,     1.1,     2.4,     14.6,     91.4,     1014.1,     288.91,     253.6,     88,     -178
28,     30.09.2014 04:41:16,     -2.1,     -2.01,     144,     0,     0.6,     1.9,     14.5,     91.3,     1014.2,     288.91,     253.7,     88.1,     -178.1
29,     30.09.2014 04:51:16,     -1.05,     0,     120,     0,     0.8,     2.2,     14.5,     91.3,     1014.1,     288.91,     253.7,     88.1,     -178.1
30,     30.09.2014 05:01:16,     -1.05,     -2.01,     171,     0,     0.5,     1.7,     14.6,     91.4,     1014.1,     288.91,     253.6,     88,     -178
31,     30.09.2014 05:11:17,     -2.1,     -2.01,     175,     0.2,     1,     2.1,     14.5,     91.2,     1014.2,     288.91,     253.8,     88.1,     -178.1,     12.410,     14.85,     73.6
32,     30.09.2014 05:21:17,     -1.05,     -2.01,     202,     0.7,     1.2,     2,     14.6,     91.2,     1014.2,     288.91,     253.6,     88,     -178
33,     30.09.2014 05:31:17,     -3.15,     -2.01,     161,     0.2,     1,     1.9,     14.6,     91.3,     1014.2,     288.91,     253.6,     87.9,     -177.9
34,     30.09.2014 05:41:17,     -1.05,     -2.01,     164,     0.1,     1.1,     2.1,     14.6,     91.2,     1014.2,     288.92,     253.5,     88,     -178
35,     30.09.2014 05:51:17,     -2.1,     -2.01,     170,     0.4,     1.4,     2.6,     14.6,     91.2,     1014.1,     288.92,     253.5,     87.9,     -177.9
36,     30.09.2014 06:01:17,     -1.05,     0,     175,     0.3,     1.5,     2.6,     14.6,     91.3,     1014.2,     288.92,     253.6,     88,     -178
37,     30.09.2014 06:11:16,     -2.1,     -4.02,     176,     0.3,     1.3,     2,     14.7,     91.2,     1014.1,     288.92,     253.6,     88,     -177.9,     12.393,     15.00,     73.5
38,     30.09.2014 06:21:16,     -2.1,     0,     166,     0.5,     1.5,     2.3,     14.7,     91.3,     1014.1,     288.92,     253.6,     87.9,     -177.9
39,     30.09.2014 06:31:16,     0,     2.01,     178,     0.9,     2,     3.1,     14.7,     91.3,     1014.1,     288.95,     253.6,     88,     -178
40,     30.09.2014 06:41:16,     0,     2.01,     133,     0,     0.9,     1.8,     14.7,     91.4,     1014.2,     288.98,     253.6,     88,     -178
41,     30.09.2014 06:51:16,     1.05,     4.02,     169,     0.7,     1.5,     2.3,     14.7,     91.3,     1014.2,     289.42,     253.6,     87.9,     -178
42,     30.09.2014 07:01:16,     1.05,     4.02,     141,     0.2,     1.2,     3.1,     14.8,     91.4,     1014.3,     289.54,     253.6,     88,     -178
43,     30.09.2014 07:11:16,     3.15,     8.04,     100,     0.4,     1.4,     3.7,     14.8,     91.5,     1014.3,     289.54,     253.6,     88.1,     -178.1,     12.376,     15.11,     73.5
44,     30.09.2014 07:21:16,     3.15,     10.05,     161,     0,     0.9,     2,     14.8,     91.6,     1014.4,     289.54,     253.6,     88,     -178
45,     30.09.2014 07:31:16,     4.2,     12.06,     200,     0.1,     1,     2.3,     14.8,     91.6,     1014.4,     289.57,     253.7,     87.9,     -177.9
46,     30.09.2014 07:41:16,     9.45,     24.12,     176,     0.4,     1.4,     2.4,     14.8,     91.5,     1014.5,     289.57,     253.7,     88,     -178
47,     30.09.2014 07:51:16,     10.5,     30.15,     161,     0.5,     2.8,     4.3,     14.7,     91.5,     1014.6,     289.63,     253.7,     88,     -178
48,     30.09.2014 08:01:16,     11.55,     32.16,     164,     1.1,     3.2,     4.3,     14.8,     91.6,     1014.7,     289.69,     253.8,     88,     -178
49,     30.09.2014 08:11:27,     17.85,     48.24,     170,     2.7,     3.6,     4.6,     14.8,     91.6,     1014.8,     289.79,     253.7,     88,     -178,     12.442,     15.31,     73.4
50,     30.09.2014 08:21:27,     26.25,     66.33,     188,     0.5,     1.8,     4.4,     14.8,     91.6,     1014.8,     290,     253.8,     88.1,     -178.1
51,     30.09.2014 08:31:27,     46.2,     108.54,     186,     0.8,     1.4,     2,     14.9,     91.8,     1014.7,     290.02,     253.7,     87.9,     -177.9
52,     30.09.2014 08:41:27,     31.5,     72.36,     127,     0.1,     0.8,     1.8,     14.9,     91.9,     1014.8,     290.08,     253.8,     88,     -178
53,     30.09.2014 08:51:27,     26.25,     62.31,     42,     0.1,     0.7,     1.3,     14.9,     91.8,     1015,     290.09,     253.5,     87.9,     -177.9
54,     30.09.2014 09:01:27,     32.55,     78.39,     69,     0.4,     1.1,     1.8,     14.9,     91.7,     1015,     290.09,     253.7,     88,     -178
55,     30.09.2014 09:11:16,     19.95,     50.25,     69,     0,     0.6,     1.4,     15,     91.8,     1015,     290.09,     253.6,     88,     -178,     12.620,     15.65,     73.3
56,     30.09.2014 09:21:16,     30.45,     76.38,     50,     0.1,     0.9,     2.8,     15,     91.8,     1015.1,     290.1,     253.6,     87.9,     -177.9
57,     30.09.2014 09:31:16,     45.15,     110.55,     64,     0.1,     0.9,     1.7,     15,     91.8,     1015.2,     290.33,     253.8,     88,     -178
58,     30.09.2014 09:41:16,     44.1,     110.55,     83,     0.1,     2,     4,     14.9,     91.7,     1015.2,     290.4,     253.7,     87.9,     -178
59,     30.09.2014 09:51:16,     68.25,     162.81,     95,     0.3,     0.9,     3.5,     15,     91.9,     1015.1,     290.71,     253.7,     88.1,     -178.1
60,     30.09.2014 10:01:16,     85.05,     196.98,     98,     0.3,     1.1,     1.8,     15,     91.9,     1015.1,     290.89,     253.7,     87.9,     -177.9
61,     30.09.2014 10:11:22,     113.4,     259.29,     73,     0.4,     1.3,     3.6,     15.1,     92,     1015.1,     290.98,     253.8,     88,     -178,     13.090,     15.91,     73.2
62,     30.09.2014 10:21:22,     64.05,     148.74,     47,     0.6,     1.5,     3.1,     15,     91.7,     1015.2,     291.01,     253.8,     88,     -178
63,     30.09.2014 10:31:22,     67.2,     158.79,     56,     0.1,     1.1,     2.2,     14.9,     91.8,     1015.3,     291.01,     253.8,     88,     -178
64,     30.09.2014 10:41:22,     96.6,     223.11,     84,     0.2,     0.8,     1.5,     15,     91.7,     1015.3,     291.01,     253.8,     88,     -178
65,     30.09.2014 10:51:22,     76.65,     178.89,     89,     0.5,     1,     1.7,     15,     91.8,     1015.3,     291.01,     253.8,     87.9,     -177.9
66,     30.09.2014 11:01:22,     76.65,     178.89,     53,     0.2,     0.9,     1.7,     15,     91.7,     1015.3,     291.01,     253.8,     88,     -178
67,     30.09.2014 11:11:22,     94.5,     219.09,     38,     0.4,     1.1,     3.4,     15,     91.6,     1015.4,     291.01,     253.8,     88,     -178,     13.152,     16.29,     73.1
68,     30.09.2014 11:21:22,     106.05,     241.2,     69,     0.3,     1.7,     3.5,     15.1,     91.6,     1015.4,     291.01,     253.9,     88,     -178
69,     30.09.2014 11:31:22,     161.7,     359.79,     340,     0.1,     0.8,     2.9,     15.2,     91.3,     1015.4,     291.01,     253.9,     88,     -178
70,     30.09.2014 11:41:22,     225.75,     494.46,     332,     0.2,     0.9,     2.6,     15.3,     91.1,     1015.5,     291.01,     254,     87.9,     -177.9
71,     30.09.2014 11:51:22,     196.35,     428.13,     291,     0,     0.7,     2.4,     15.6,     91.3,     1015.6,     291.01,     253.9,     88,     -178
72,     30.09.2014 12:01:22,     227.85,     494.46,     5,     0,     0.7,     2.8,     15.7,     90.4,     1015.7,     291.01,     254,     88,     -178
73,     30.09.2014 12:11:16,     170.1,     375.87,     347,     0,     0.6,     2.4,     16,     89.4,     1015.7,     291.01,     253.9,     87.9,     -177.9,     13.436,     18.43,     72.5
74,     30.09.2014 12:21:16,     161.7,     351.75,     53,     0.5,     1.2,     2.3,     15.9,     89.2,     1015.6,     291.01,     253.7,     88.1,     -178.1
75,     30.09.2014 12:31:16,     123.9,     273.36,     53,     1.2,     1.6,     2.3,     16,     88.7,     1015.7,     291.01,     253.8,     88,     -178
76,     30.09.2014 12:41:16,     123.9,     277.38,     40,     0.8,     1.5,     2.5,     16,     88.7,     1015.7,     291.01,     253.7,     88.1,     -178.1
77,     30.09.2014 12:51:16,     132.3,     289.44,     51,     1.1,     1.9,     2.4,     16,     89,     1015.7,     291.01,     253.9,     88,     -178
78,     30.09.2014 13:01:16,     161.7,     347.73,     45,     0.7,     1.3,     2.2,     16.1,     89.1,     1015.7,     291.01,     253.9,     88,     -178
79,     30.09.2014 13:11:16,     199.5,     428.13,     77,     0,     0.9,     2.1,     16.1,     89,     1015.8,     291.01,     253.8,     88,     -178,     13.531,     19.09,     72.3
80,     30.09.2014 13:21:16,     238.35,     498.48,     75,     0.2,     1,     2,     16.2,     88.4,     1015.8,     291.01,     253.8,     88,     -178
81,     30.09.2014 13:31:16,     359.1,     731.64,     105,     0.1,     1,     2.1,     16.4,     88.2,     1015.8,     291.01,     253.8,     88,     -178
82,     30.09.2014 13:41:16,     506.1,     954.75,     86,     0,     1.2,     2.5,     16.6,     86.1,     1015.8,     291.01,     253.8,     87.9,     -177.9
83,     30.09.2014 13:51:16,     211.05,     458.28,     64,     0,     1.2,     2.5,     16.6,     84.1,     1015.9,     291.01,     253.9,     87.9,     -177.9
84,     30.09.2014 14:01:16,     200.55,     418.08,     78,     0,     0.6,     1.9,     17,     83.5,     1015.9,     291.01,     74.1,     88,     -1.9
85,     30.09.2014 14:11:16,     189,     393.96,     125,     0.1,     0.9,     1.8,     17,     82.9,     1016,     291.01,     253.8,     88,     -177.9,     13.472,     21.22,     71.4
86,     30.09.2014 14:21:16,     189,     393.96,     108,     0,     0.8,     1.7,     17,     82.3,     1016,     291.01,     253.8,     88.1,     -178.1
87,     30.09.2014 14:31:16,     130.2,     269.34,     81,     0,     1,     1.7,     17,     82.7,     1016,     291.01,     253.8,     88.1,     -178.1
88,     30.09.2014 14:41:16,     163.8,     333.66,     66,     0.2,     1.1,     2.1,     17,     83.6,     1016,     291.01,     253.7,     87.9,     -178
89,     30.09.2014 14:51:16,     269.85,     532.65,     75,     0.1,     1.3,     2.3,     16.9,     83.8,     1015.9,     291.01,     74,     88.1,     -1.9
90,     30.09.2014 15:01:16,     408.45,     737.67,     95,     0.3,     1.2,     2.4,     17.1,     83.7,     1015.9,     291.01,     253.7,     88,     -178
91,     30.09.2014 15:11:17,     139.65,     293.46,     114,     0,     0.7,     2,     17.3,     80.9,     1015.9,     291.01,     74.1,     88,     -2,     13.440,     21.55,     71.5
92,     30.09.2014 15:21:17,     155.4,     317.58,     121,     0,     1,     2.2,     17.3,     81.3,     1015.9,     291.01,     74.2,     88,     -1.9
93,     30.09.2014 15:31:17,     102.9,     217.08,     175,     0,     0.8,     1.9,     17.4,     80.4,     1015.9,     291.01,     74.2,     88,     -1.9
94,     30.09.2014 15:41:17,     71.4,     148.74,     190,     0.2,     0.7,     1.9,     17.3,     80.4,     1016,     291.01,     253.8,     87.9,     -178
95,     30.09.2014 15:51:17,     75.6,     164.82,     117,     0.1,     0.7,     1.4,     17.2,     81.6,     1016,     291.01,     253.9,     88,     -178
96,     30.09.2014 16:01:17,     27.3,     60.3,     119,     0,     0.6,     1.2,     17.1,     81.9,     1016,     291.02,     253.8,     88,     -178
97,     30.09.2014 16:11:16,     21,     50.25,     120,     0,     0.6,     1.3,     17.1,     82.7,     1016,     291.02,     253.8,     88,     -178,     13.057,     20.62,     72.0
98,     30.09.2014 16:21:16,     33.6,     78.39,     160,     0.1,     0.7,     1.4,     16.9,     83.8,     1015.9,     291.02,     253.8,     88,     -178
99,     30.09.2014 16:31:16,     50.4,     110.55,     138,     0,     0.7,     1.3,     16.8,     85.2,     1015.8,     291.02,     253.8,     88,     -178
100,     30.09.2014 16:41:16,     26.25,     58.29,     155,     0,     0.7,     1.5,     16.8,     85.7,     1015.8,     291.02,     253.8,     88,     -178
101,     30.09.2014 16:51:16,     12.6,     32.16,     113,     0,     0.6,     1.5,     16.8,     86.2,     1015.9,     291.02,     253.9,     88,     -178
102,     30.09.2014 17:01:16,     9.45,     22.11,     108,     0,     0.6,     1.4,     16.7,     86.2,     1015.9,     291.02,     253.8,     87.9,     -177.9
103,     30.09.2014 17:11:16,     4.2,     12.06,     132,     0,     0.7,     1.5,     16.6,     86.6,     1015.9,     291.03,     253.8,     88.1,     -178.1,     12.794,     18.51,     72.9
104,     30.09.2014 17:21:16,     1.05,     6.03,     121,     0.1,     0.7,     1.6,     16.5,     87.5,     1016,     291.04,     253.8,     87.9,     -177.9
105,     30.09.2014 17:31:16,     2.1,     6.03,     127,     0.2,     0.8,     1.7,     16.5,     88,     1016,     291.04,     253.7,     87.9,     -177.9
106,     30.09.2014 17:41:16,     0,     4.02,     159,     0.1,     0.7,     1.5,     16.4,     88.5,     1016.1,     291.04,     253.7,     88,     -178
107,     30.09.2014 17:51:16,     -2.1,     0,     116,     0.1,     0.8,     1.8,     16.3,     88.8,     1016.1,     291.04,     253.8,     88,     -178
108,     30.09.2014 18:01:16,     -2.1,     -2.01,     127,     0,     0.7,     2,     16.3,     88.7,     1016.2,     291.12,     253.7,     88,     -178
109,     30.09.2014 18:11:16,     -1.05,     -2.01,     186,     0.1,     1,     1.9,     16.3,     88.7,     1016.3,     291.14,     253.7,     88,     -178,     12.705,     17.17,     73.2
110,     30.09.2014 18:21:16,     -3.15,     -2.01,     179,     0.5,     1.4,     2.4,     16.3,     88.4,     1016.3,     291.14,     253.9,     87.9,     -177.9
111,     30.09.2014 18:31:16,     -3.15,     -2.01,     141,     0,     0.6,     1.5,     16.3,     88.7,     1016.3,     291.14,     253.8,     88,     -178
112,     30.09.2014 18:41:16,     -2.1,     -2.01,     181,     0.6,     1.3,     2,     16.2,     88.3,     1016.3,     291.14,     253.7,     87.9,     -177.9
113,     30.09.2014 18:51:16,     -2.1,     -2.01,     184,     0,     0.9,     2,     16.3,     88.1,     1016.5,     291.14,     253.7,     87.9,     -178
114,     30.09.2014 19:01:16,     -2.1,     -2.01,     210,     0.1,     0.8,     1.8,     16.3,     88.1,     1016.4,     291.14,     253.7,     88,     -178
115,     30.09.2014 19:11:16,     -2.1,     -4.02,     191,     0.9,     1.2,     1.7,     16.2,     89.2,     1016.5,     291.14,     253.8,     87.9,     -177.9,     12.650,     16.61,     73.4
116,     30.09.2014 19:21:16,     -2.1,     -2.01,     203,     0.8,     1.5,     2.3,     16.2,     89.4,     1016.4,     291.14,     253.8,     88,     -178
117,     30.09.2014 19:31:16,     -2.1,     0,     220,     1.2,     1.8,     2.6,     16.3,     89.2,     1016.4,     291.14,     253.9,     88,     -178
118,     30.09.2014 19:41:16,     -3.15,     0,     211,     0.7,     1.6,     2.5,     16.2,     89.3,     1016.4,     291.14,     253.8,     88,     -178
119,     30.09.2014 19:51:16,     -2.1,     -2.01,     206,     1.1,     1.8,     2.7,     16.2,     89.6,     1016.4,     291.14,     253.8,     88,     -178
120,     30.09.2014 20:01:16,     -4.2,     -2.01,     178,     0.6,     1.2,     1.6,     16,     89.9,     1016.5,     291.14,     253.7,     87.8,     -177.9
121,     30.09.2014 20:11:16,     -3.15,     -4.02,     185,     0.3,     0.9,     1.5,     15.9,     90,     1016.5,     291.14,     253.8,     88,     -178,     12.622,     16.27,     73.4
122,     30.09.2014 20:21:16,     -3.15,     -2.01,     179,     0.6,     1,     1.6,     15.8,     90.2,     1016.6,     291.14,     253.7,     88,     -178
123,     30.09.2014 20:31:16,     -5.25,     -4.02,     202,     0.9,     1.3,     1.9,     15.8,     90.5,     1016.7,     291.14,     253.7,     87.9,     -177.9
124,     30.09.2014 20:41:16,     -4.2,     -4.02,     186,     0.5,     1.2,     1.7,     15.7,     90.6,     1016.7,     291.14,     253.7,     88,     -178
125,     30.09.2014 20:51:16,     -4.2,     -2.01,     185,     0.8,     1.2,     1.7,     15.5,     90.8,     1016.8,     291.14,     253.6,     88.1,     -178.1
126,     30.09.2014 21:01:16,     -3.15,     -2.01,     180,     0.6,     1.4,     2.1,     15.5,     91.2,     1016.8,     291.14,     253.7,     88,     -177.9
127,     30.09.2014 21:11:22,     -2.1,     0,     193,     0.1,     1.2,     1.9,     15.4,     91.3,     1016.8,     291.14,     253.7,     87.9,     -177.9,     12.609,     15.77,     73.5
128,     30.09.2014 21:21:22,     -2.1,     -4.02,     194,     0.1,     0.9,     1.5,     15.4,     91.4,     1016.8,     291.14,     253.7,     88,     -178
129,     30.09.2014 21:31:22,     -3.15,     -2.01,     194,     0.9,     1.5,     2.1,     15.5,     91.6,     1016.8,     291.14,     253.8,     87.9,     -178
130,     30.09.2014 21:41:22,     -4.2,     0,     210,     1,     1.4,     2,     15.4,     91.6,     1016.8,     291.14,     253.8,     88,     -178
131,     30.09.2014 21:51:22,     -4.2,     -2.01,     211,     0.7,     1.4,     1.9,     15.4,     91.8,     1016.8,     291.14,     253.7,     88,     -178
132,     30.09.2014 22:01:22,     -1.05,     0,     206,     0.7,     1.3,     2,     15.3,     91.9,     1016.8,     291.14,     253.6,     88,     -178
133,     30.09.2014 22:11:16,     -3.15,     -2.01,     203,     0.8,     1.6,     2.5,     15.2,     91.9,     1016.8,     291.14,     253.8,     88,     -178,     12.580,     15.47,     73.6
134,     30.09.2014 22:21:16,     -4.2,     0,     200,     1.4,     2,     2.6,     15.1,     92,     1016.9,     291.14,     253.6,     88,     -178
135,     30.09.2014 22:31:16,     -4.2,     -2.01,     207,     0.7,     1.4,     2.1,     14.9,     92.1,     1016.9,     291.14,     253.7,     88,     -178
136,     30.09.2014 22:41:16,     -4.2,     -2.01,     197,     0.8,     1.6,     2.2,     14.8,     92.2,     1016.9,     291.14,     253.8,     88,     -178
137,     30.09.2014 22:51:16,     -2.1,     -2.01,     197,     0.8,     1.5,     2.2,     14.6,     92.4,     1017,     291.14,     253.7,     88,     -178
138,     30.09.2014 23:01:16,     -1.05,     -2.01,     204,     0.4,     0.9,     1.3,     14.7,     92.7,     1017,     291.14,     253.6,     88.1,     -178.1
139,     30.09.2014 23:11:23,     -2.1,     -2.01,     178,     0.2,     1,     1.6,     14.8,     92.8,     1017,     291.14,     253.7,     88,     -178,     12.563,     15.16,     73.6
140,     30.09.2014 23:21:23,     -3.15,     -2.01,     199,     0.8,     1.3,     1.8,     14.8,     92.8,     1017,     291.14,     253.7,     88,     -178
141,     30.09.2014 23:31:23,     -3.15,     -2.01,     202,     0.2,     1.2,     1.9,     14.9,     92.9,     1017,     291.14,     253.8,     88,     -178
142,     30.09.2014 23:41:23,     -2.1,     -2.01,     230,     0.4,     1.1,     2,     14.9,     92.9,     1017,     291.14,     253.9,     87.8,     -177.9
143,     30.09.2014 23:51:23,     -2.1,     0,     212,     1,     1.6,     2.3,     15,     92.9,     1016.9,     291.14,     253.7,     88,     -178
144,     01.10.2014 00:01:17,     -3.15,     -2.01,     204,     1,     1.6,     2.3,     15.1,     93,     1016.9,     291.14,     253.7,     88,     -178,     12.491,     15.29,     73.6