Logger: #D10248 'TSK_Meteo' - USP_EXP2 (V2.10, Jan 24 2012)
No,     Time,     #1:W/m²:0,     #2:ÂµMol:(do.),     #5:deg:2,     #6:m/sMIN:(do.),     #7:m/sMIT:(do.),     #8:m/sMAX:(do.),     #9:Â°C:(do.),     #10:%:(do.),     #11:hPa:(do.),     #12:mm:(do.),     #14:AZ:3,     #15:EL:(do.),     #16:Roll:(do.),     #HK-Bat:V,     #HK-Temp:oC,     #HK-rH:%
(GSM Transfer OK / Signal:17)
1,     04.10.2014 00:11:16,     -5.25,     -2.01,     113,     0.4,     0.8,     1.2,     11.9,     88.5,     1017.9,     291.46,     253.4,     87.9,     -177.9,     12.471,     11.68,     73.7
2,     04.10.2014 00:21:16,     -4.2,     -2.01,     104,     0.3,     0.7,     1.1,     11.8,     89.1,     1017.9,     291.46,     253.4,     87.8,     -177.9
3,     04.10.2014 00:31:16,     -4.2,     -4.02,     93,     0.2,     0.6,     1.1,     11.8,     89.4,     1017.9,     291.46,     253.4,     87.9,     -178
4,     04.10.2014 00:41:16,     -4.2,     -2.01,     110,     0,     0.6,     1.3,     11.8,     89.2,     1017.8,     291.46,     253.5,     87.9,     -177.9
5,     04.10.2014 00:51:16,     -5.25,     -2.01,     110,     0,     0.6,     1.3,     11.8,     88.5,     1017.8,     291.46,     253.4,     88,     -178
6,     04.10.2014 01:01:16,     -5.25,     -2.01,     123,     0,     0.6,     1.2,     11.8,     87.9,     1017.7,     291.46,     253.5,     87.9,     -177.9
7,     04.10.2014 01:11:17,     -5.25,     0,     162,     0.1,     0.7,     1.3,     11.8,     87.8,     1017.7,     291.46,     253.6,     88,     -178,     12.501,     10.71,     75.3
8,     04.10.2014 01:21:17,     -5.25,     -2.01,     160,     0.2,     0.8,     1.7,     11.8,     87.6,     1017.6,     291.46,     253.5,     88,     -178
9,     04.10.2014 01:31:17,     -4.2,     -2.01,     154,     0.1,     0.9,     2.3,     11.7,     87.3,     1017.5,     291.46,     253.4,     87.9,     -178
10,     04.10.2014 01:41:17,     -6.3,     -2.01,     161,     0.1,     1.1,     2,     11.6,     86.7,     1017.4,     291.46,     253.5,     87.9,     -178
11,     04.10.2014 01:51:17,     -5.25,     0,     170,     0.2,     1.4,     2.4,     11.6,     86.6,     1017.3,     291.46,     253.5,     88,     -178
12,     04.10.2014 02:01:17,     -5.25,     -2.01,     183,     0.4,     1.3,     2,     11.6,     86.9,     1017.2,     291.46,     253.4,     88,     -178
13,     04.10.2014 02:11:22,     -5.25,     -2.01,     176,     0.4,     1.4,     2.4,     11.4,     86.6,     1017.1,     291.46,     253.4,     88,     -178,     12.469,     10.54,     75.3
14,     04.10.2014 02:21:22,     -5.25,     -2.01,     175,     0.6,     1.5,     2.8,     11.3,     86.7,     1017,     291.46,     253.4,     88,     -178
15,     04.10.2014 02:31:22,     -6.3,     -2.01,     174,     0.4,     1.5,     2.8,     11.2,     87.2,     1016.9,     291.46,     253.4,     88,     -178
16,     04.10.2014 02:41:22,     -6.3,     -4.02,     175,     0.6,     1.7,     2.7,     11.1,     87.4,     1016.8,     291.46,     253.4,     87.9,     -177.9
17,     04.10.2014 02:51:22,     -5.25,     -2.01,     174,     0.3,     1.6,     2.6,     11,     87.5,     1016.7,     291.46,     253.4,     88,     -178
18,     04.10.2014 03:01:22,     -5.25,     -2.01,     179,     0.1,     1,     1.8,     11,     87.5,     1016.7,     291.46,     253.5,     88,     -178
19,     04.10.2014 03:11:21,     -5.25,     -4.02,     180,     0.2,     0.9,     2.2,     11,     87.9,     1016.7,     291.46,     253.5,     88.1,     -178,     12.440,     10.35,     75.4
20,     04.10.2014 03:21:21,     -5.25,     -2.01,     201,     0.4,     1.1,     1.8,     10.9,     88,     1016.7,     291.46,     253.5,     87.9,     -177.9
21,     04.10.2014 03:31:21,     -5.25,     -2.01,     201,     0,     0.8,     1.5,     10.8,     88,     1016.7,     291.46,     253.4,     87.9,     -177.9
22,     04.10.2014 03:41:21,     -5.25,     -2.01,     175,     0,     0.9,     2.1,     10.8,     88.1,     1016.6,     291.46,     253.3,     88,     -178
23,     04.10.2014 03:51:21,     -5.25,     -2.01,     161,     0.3,     1.3,     2.4,     10.7,     87.9,     1016.6,     291.46,     253.2,     87.9,     -177.9
24,     04.10.2014 04:01:21,     -5.25,     -2.01,     156,     0.2,     1.1,     2.1,     10.6,     88.3,     1016.5,     291.46,     253.4,     88,     -178
25,     04.10.2014 04:11:18,     -4.2,     0,     160,     0.1,     1,     2,     10.7,     87.9,     1016.4,     291.46,     253.3,     87.9,     -178,     12.404,     9.93,     75.5
26,     04.10.2014 04:21:18,     -5.25,     -2.01,     179,     0.2,     0.9,     1.5,     10.7,     88.2,     1016.4,     291.46,     253.3,     88,     -178
27,     04.10.2014 04:31:18,     -5.25,     -2.01,     169,     0.1,     0.8,     1.5,     10.7,     88.1,     1016.2,     291.46,     253.4,     88,     -178
28,     04.10.2014 04:41:18,     -5.25,     -2.01,     155,     0.3,     0.7,     1.4,     10.5,     88.1,     1016.2,     291.46,     253.4,     88,     -178
29,     04.10.2014 04:51:18,     -5.25,     -2.01,     139,     0.1,     0.8,     1.7,     10.4,     88,     1016.2,     291.46,     253.5,     88,     -178
30,     04.10.2014 05:01:18,     -4.2,     -2.01,     156,     0,     0.8,     1.7,     10.5,     88.5,     1016.2,     291.46,     253.3,     87.9,     -177.9
31,     04.10.2014 05:11:16,     -5.25,     -2.01,     178,     0,     0.8,     1.7,     10.4,     88.3,     1016.2,     291.46,     253.4,     87.9,     -177.9,     12.378,     9.50,     75.6
32,     04.10.2014 05:21:16,     -5.25,     -2.01,     153,     0,     0.5,     1.6,     10.4,     88.5,     1016.1,     291.46,     253.3,     87.9,     -178
33,     04.10.2014 05:31:16,     -3.15,     -2.01,     159,     0,     0.9,     1.9,     10.3,     88.3,     1016,     291.46,     253.4,     88,     -178
34,     04.10.2014 05:41:16,     -4.2,     8.04,     156,     0.1,     1,     1.9,     10.2,     88.5,     1016,     291.46,     253.3,     87.9,     -178
35,     04.10.2014 05:51:16,     -3.15,     -2.01,     159,     0,     0.9,     1.9,     10.3,     88.6,     1016,     291.46,     253.5,     88,     -178
36,     04.10.2014 06:01:16,     -4.2,     -4.02,     169,     0.2,     1.5,     2.9,     10.1,     88.3,     1016,     291.46,     253.1,     87.9,     -177.9
37,     04.10.2014 06:11:16,     -2.1,     4.02,     161,     0.1,     1.4,     2.9,     10.1,     88.3,     1015.9,     291.46,     253.2,     88,     -178,     12.372,     9.25,     75.7
38,     04.10.2014 06:21:16,     1.05,     12.06,     170,     0.5,     1.3,     3,     10.2,     88.4,     1015.9,     291.46,     253.3,     87.9,     -177.9
39,     04.10.2014 06:31:16,     7.35,     28.14,     162,     0.6,     1.4,     2.7,     10,     88.3,     1015.9,     291.46,     253.3,     87.9,     -178
40,     04.10.2014 06:41:16,     12.6,     42.21,     166,     1,     1.7,     2.9,     10,     88.6,     1015.9,     291.46,     253.4,     88,     -178
41,     04.10.2014 06:51:16,     19.95,     56.28,     170,     0.7,     1.7,     3,     10.1,     88.8,     1015.9,     291.46,     253.4,     87.9,     -177.9
42,     04.10.2014 07:01:16,     53.55,     100.5,     168,     0.7,     1.8,     2.8,     10.3,     88.4,     1016,     291.46,     253.5,     87.9,     -177.9
43,     04.10.2014 07:11:16,     72.45,     134.67,     168,     0.4,     1.9,     3,     10.5,     88,     1015.9,     291.46,     253.7,     87.9,     -177.9,     13.241,     9.80,     76.0
44,     04.10.2014 07:21:16,     90.3,     172.86,     165,     0.7,     1.7,     3,     10.6,     86.7,     1015.9,     291.46,     254,     88.1,     -178.1
45,     04.10.2014 07:31:16,     112.35,     215.07,     173,     0.7,     1.7,     3.1,     10.8,     86.7,     1015.9,     291.46,     253.7,     87.9,     -177.9
46,     04.10.2014 07:41:16,     132.3,     253.26,     170,     0.9,     2,     3.1,     11,     86.3,     1016,     291.46,     253.8,     87.9,     -177.9
47,     04.10.2014 07:51:16,     155.4,     295.47,     173,     0.5,     1.7,     3,     11.2,     85.6,     1016,     291.46,     253.8,     88,     -177.9
48,     04.10.2014 08:01:16,     182.7,     349.74,     187,     0.9,     1.6,     2.9,     11.5,     85.4,     1016.1,     291.46,     253.6,     88,     -178
49,     04.10.2014 08:11:23,     203.7,     387.93,     184,     0.9,     2.2,     3.9,     11.9,     84.4,     1016.1,     291.46,     253.5,     88,     -178,     13.398,     13.55,     76.1
50,     04.10.2014 08:21:23,     224.7,     422.1,     174,     1.6,     3.1,     4.5,     12.2,     82.6,     1016.1,     291.46,     253.7,     87.8,     -177.9
51,     04.10.2014 08:31:23,     246.75,     464.31,     186,     0.8,     2.5,     4,     12.7,     81.1,     1016.1,     291.46,     253.8,     88,     -178
52,     04.10.2014 08:41:23,     273,     512.55,     192,     1.6,     3.2,     6.4,     13,     78.6,     1016,     291.46,     253.4,     87.9,     -177.8
53,     04.10.2014 08:51:23,     294,     552.75,     195,     2.2,     3.5,     5.8,     13.2,     77.2,     1016.1,     291.46,     253.7,     88,     -178
54,     04.10.2014 09:01:23,     312.9,     590.94,     198,     1.8,     3.6,     6.2,     13.5,     77,     1016,     291.46,     253.4,     88,     -178
55,     04.10.2014 09:11:17,     333.9,     629.13,     196,     1.9,     4.2,     7.4,     13.6,     75.9,     1015.9,     291.46,     253.4,     87.7,     -177.8,     13.247,     16.55,     74.4
56,     04.10.2014 09:21:17,     353.85,     669.33,     194,     1.9,     3.9,     6.5,     13.8,     74.8,     1015.9,     291.46,     253.8,     87.9,     -177.9
57,     04.10.2014 09:31:17,     374.85,     707.52,     194,     1.9,     4.7,     8.6,     13.9,     74.3,     1015.9,     291.46,     254.3,     88.1,     -178.2
58,     04.10.2014 09:41:17,     389.55,     733.65,     206,     2.8,     4.8,     7.8,     14.1,     73.4,     1015.9,     291.46,     254.4,     87.8,     -177.8
59,     04.10.2014 09:51:17,     403.2,     765.81,     202,     2.3,     5,     8.3,     14.2,     73.4,     1015.9,     291.46,     254.5,     87.8,     -177.8
60,     04.10.2014 10:01:17,     421.05,     797.97,     202,     1.8,     4.5,     6.8,     14.4,     72.7,     1015.9,     291.46,     253.5,     87.9,     -177.9
61,     04.10.2014 10:11:16,     432.6,     822.09,     202,     1.6,     5.1,     8.2,     14.4,     73.4,     1015.8,     291.46,     75,     87.7,     -2.2,     13.139,     17.55,     73.5
62,     04.10.2014 10:21:16,     443.1,     844.2,     201,     2.5,     5.2,     8.9,     14.6,     71.6,     1015.7,     291.46,     253.9,     87.6,     -177.6
63,     04.10.2014 10:31:16,     457.8,     866.31,     200,     2.5,     4.8,     7.7,     14.9,     70.8,     1015.6,     291.46,     254.3,     87.4,     -177.4
64,     04.10.2014 10:41:16,     470.4,     896.46,     203,     3.1,     5.1,     8,     15,     69.4,     1015.5,     291.46,     254.4,     87.9,     -177.9
65,     04.10.2014 10:51:16,     474.6,     906.51,     198,     2.5,     5.5,     9.1,     15.2,     69.6,     1015.5,     291.46,     251.5,     87.7,     -177.8
66,     04.10.2014 11:01:16,     479.85,     910.53,     199,     2.3,     5.4,     8.6,     15.4,     67.9,     1015.5,     291.46,     254.4,     88,     -178
67,     04.10.2014 11:11:16,     493.5,     936.66,     195,     2.3,     5.3,     8.8,     15.6,     64.8,     1015.3,     291.46,     253.3,     88,     -178.1,     12.999,     18.25,     73.1
68,     04.10.2014 11:21:16,     490.35,     934.65,     196,     2.9,     5.5,     8.5,     15.7,     64.8,     1015.3,     291.46,     254.2,     87.8,     -177.8
69,     04.10.2014 11:31:16,     488.25,     928.62,     189,     2,     4.8,     8.3,     16.1,     64,     1015.3,     291.46,     74.9,     88,     -1.9
70,     04.10.2014 11:41:16,     500.85,     952.74,     185,     2.2,     4.6,     8.5,     16.1,     61.7,     1015.2,     291.46,     74.6,     88.1,     -1.8
71,     04.10.2014 11:51:16,     502.95,     958.77,     190,     1.9,     4.3,     7,     16.3,     60.7,     1015.2,     291.46,     73.9,     88.5,     -1.4
72,     04.10.2014 12:01:16,     502.95,     960.78,     191,     2.1,     4.3,     7.7,     16.5,     61,     1015.1,     291.46,     73.7,     87.9,     -2
73,     04.10.2014 12:11:16,     505.05,     962.79,     189,     1,     4,     7.8,     16.6,     60,     1015,     291.46,     254.1,     87.9,     -177.9,     13.054,     19.41,     72.7
74,     04.10.2014 12:21:16,     500.85,     954.75,     193,     1.8,     4.4,     8.9,     16.7,     59.9,     1014.8,     291.46,     255.4,     87.8,     -177.8
75,     04.10.2014 12:31:16,     498.75,     942.69,     197,     2.7,     4.6,     6.8,     16.7,     58.6,     1014.7,     291.46,     254,     88,     -178
76,     04.10.2014 12:41:16,     491.4,     934.65,     201,     2.4,     4.8,     7.7,     16.8,     57,     1014.6,     291.46,     75.5,     88,     -1.8
77,     04.10.2014 12:51:16,     487.2,     920.58,     201,     2.8,     4.9,     7,     16.8,     55.5,     1014.5,     291.46,     253,     87.8,     -177.8
78,     04.10.2014 13:01:16,     479.85,     908.52,     199,     2.5,     4.7,     7.6,     17,     55.1,     1014.4,     291.46,     74.4,     87.9,     -2
79,     04.10.2014 13:11:17,     472.5,     894.45,     204,     1.8,     4.2,     6.9,     17.2,     55.4,     1014.4,     291.46,     74.5,     88,     -1.9,     13.097,     20.13,     72.5
80,     04.10.2014 13:21:17,     465.15,     874.35,     210,     2.3,     4.1,     7,     17.2,     53.2,     1014.2,     291.46,     74.8,     87.9,     -2.1
81,     04.10.2014 13:31:17,     455.7,     858.27,     205,     2.1,     4.5,     6.6,     17.3,     53.9,     1014.2,     291.46,     74.2,     88.2,     -1.7
82,     04.10.2014 13:41:17,     439.95,     826.11,     201,     1,     4.2,     6.5,     17.4,     52.4,     1014.1,     291.46,     74.5,     87.9,     -2
83,     04.10.2014 13:51:17,     424.2,     804,     187,     0.1,     2.7,     5.1,     17.6,     54.5,     1014,     291.46,     73.9,     87.8,     -2.1
84,     04.10.2014 14:01:17,     408.45,     763.8,     179,     1.5,     3.9,     7,     17.4,     54.1,     1013.8,     291.46,     73.9,     88.1,     -1.8
85,     04.10.2014 14:11:16,     389.55,     729.63,     181,     1.9,     3.5,     6.5,     17.5,     53.1,     1013.7,     291.46,     73.5,     88,     -1.9,     13.262,     20.76,     72.2
86,     04.10.2014 14:21:16,     368.55,     689.43,     183,     2,     4.1,     6.6,     17.6,     51,     1013.6,     291.46,     75.3,     87.9,     -2
87,     04.10.2014 14:31:16,     353.85,     655.26,     183,     1.1,     3.9,     6.3,     17.7,     51.8,     1013.5,     291.46,     74.4,     88,     -1.9
88,     04.10.2014 14:41:16,     340.2,     629.13,     193,     2.1,     4.2,     6.3,     17.7,     50,     1013.4,     291.46,     74.5,     87.8,     -2.1
89,     04.10.2014 14:51:16,     319.2,     586.92,     198,     2.6,     4.4,     6.5,     17.7,     51.6,     1013.2,     291.46,     73.5,     88,     -1.9
90,     04.10.2014 15:01:16,     298.2,     550.74,     178,     1.4,     3.4,     5.8,     17.7,     54.1,     1013.2,     291.46,     73.6,     88,     -1.9
91,     04.10.2014 15:11:16,     276.15,     506.52,     169,     1.3,     3.5,     6.8,     17.6,     53.6,     1013.1,     291.46,     74.4,     88.2,     -1.7,     13.349,     20.87,     72.4
92,     04.10.2014 15:21:16,     253.05,     462.3,     172,     0.9,     3.2,     5.9,     17.6,     52.4,     1013,     291.46,     73.8,     87.8,     -2.1
93,     04.10.2014 15:31:16,     235.2,     426.12,     173,     0.5,     3.1,     6.1,     17.6,     51.7,     1012.9,     291.46,     73.7,     88.1,     -1.8
94,     04.10.2014 15:41:16,     213.15,     385.92,     183,     1.5,     3.5,     5.8,     17.5,     52.1,     1013,     291.46,     74.2,     87.8,     -2.1
95,     04.10.2014 15:51:16,     189,     339.69,     185,     1.7,     3.8,     6.6,     17.4,     51.4,     1012.9,     291.46,     73.8,     88,     -1.9
96,     04.10.2014 16:01:16,     168,     299.49,     185,     1.4,     3.4,     6.3,     17.3,     52.9,     1012.9,     291.46,     74.1,     87.8,     -2.1
97,     04.10.2014 16:11:16,     148.05,     261.3,     173,     1.1,     3.4,     6.5,     17.1,     53.7,     1012.8,     291.46,     73.5,     88.1,     -1.8,     13.451,     20.58,     72.3
98,     04.10.2014 16:21:16,     126,     219.09,     171,     0.6,     3,     6.1,     17,     53.9,     1012.7,     291.46,     74.1,     88,     -1.9
99,     04.10.2014 16:31:16,     103.95,     176.88,     171,     1.5,     3.7,     6,     16.9,     53.5,     1012.7,     291.46,     73,     87.9,     -2
100,     04.10.2014 16:41:16,     81.9,     136.68,     174,     0.3,     3.1,     5.1,     16.7,     54.2,     1012.7,     291.46,     73.4,     88,     -1.9
101,     04.10.2014 16:51:16,     61.95,     104.52,     174,     1.3,     2.7,     4.7,     16.5,     56.1,     1012.7,     291.46,     73.6,     88.1,     -1.8
102,     04.10.2014 17:01:16,     40.95,     74.37,     168,     0.4,     2.2,     4.1,     16.3,     56.6,     1012.7,     291.46,     74,     88,     -1.9
103,     04.10.2014 17:11:17,     25.2,     54.27,     162,     0.3,     2.1,     4.4,     16,     58.3,     1012.6,     291.46,     73.6,     88,     -1.9,     12.984,     19.34,     72.6
104,     04.10.2014 17:21:17,     7.35,     34.17,     140,     0.5,     1.5,     3.4,     15.5,     62,     1012.7,     291.46,     253.1,     88,     -178
105,     04.10.2014 17:31:17,     2.1,     18.09,     159,     0.2,     1.7,     4.5,     15.3,     64.2,     1012.7,     291.46,     253.3,     88,     -177.9
106,     04.10.2014 17:41:17,     -2.1,     6.03,     158,     0.3,     1.8,     4,     15,     65.1,     1012.7,     291.46,     73.7,     87.9,     -2
107,     04.10.2014 17:51:17,     -5.25,     0,     155,     0.2,     1.8,     3.9,     14.7,     66,     1012.7,     291.46,     252.9,     88,     -178
108,     04.10.2014 18:01:17,     -5.25,     -2.01,     149,     0.3,     1.5,     3.1,     14.4,     67.6,     1012.7,     291.46,     253.2,     87.9,     -177.9
109,     04.10.2014 18:11:22,     -5.25,     -2.01,     151,     0.3,     1.6,     3.6,     14.2,     68.4,     1012.7,     291.46,     253.4,     88.1,     -178.1,     12.694,     15.66,     74.5
110,     04.10.2014 18:21:22,     -5.25,     -2.01,     158,     0.4,     2.3,     5.7,     14.3,     67,     1012.7,     291.46,     253.6,     87.8,     -177.9
111,     04.10.2014 18:31:22,     -5.25,     -2.01,     159,     0.4,     1.9,     3.6,     14.1,     67.7,     1012.7,     291.46,     253.3,     88,     -178
112,     04.10.2014 18:41:22,     -5.25,     -2.01,     158,     0.2,     1.8,     3.6,     13.9,     67.8,     1012.8,     291.46,     253.4,     87.9,     -177.9
113,     04.10.2014 18:51:22,     -4.2,     0,     152,     0.1,     1.5,     3.5,     13.7,     70,     1012.8,     291.46,     253.3,     88,     -178
114,     04.10.2014 19:01:22,     -4.2,     0,     146,     0.1,     1.3,     3.1,     13.3,     71,     1012.8,     291.46,     253.3,     88,     -178
115,     04.10.2014 19:11:16,     -5.25,     -2.01,     146,     0.2,     1.3,     2.5,     13.1,     73,     1012.9,     291.46,     253.2,     88,     -178,     12.660,     13.22,     75.2
116,     04.10.2014 19:21:16,     -5.25,     0,     143,     0.3,     1.2,     2.7,     13,     74.4,     1012.9,     291.46,     253.2,     87.9,     -177.9
117,     04.10.2014 19:31:16,     -6.3,     -6.03,     153,     0.1,     1.4,     2.7,     12.9,     74.6,     1012.9,     291.46,     253.4,     88,     -178.1
118,     04.10.2014 19:41:16,     -4.2,     -2.01,     146,     0.4,     1.7,     3.1,     12.8,     74.3,     1013,     291.46,     253.5,     88.1,     -178.1
119,     04.10.2014 19:51:16,     -6.3,     -2.01,     145,     0.1,     1.4,     2.9,     12.7,     76.1,     1013,     291.46,     253.3,     88,     -178
120,     04.10.2014 20:01:16,     -4.2,     -2.01,     148,     0.1,     1.5,     3.4,     12.6,     75.4,     1013,     291.46,     253.2,     87.9,     -177.9
121,     04.10.2014 20:11:16,     -4.2,     0,     146,     0.2,     1.4,     2.9,     12.5,     75.8,     1013,     291.46,     253.2,     88,     -178,     12.609,     11.78,     75.5
122,     04.10.2014 20:21:16,     -4.2,     0,     158,     0,     1.5,     3.2,     12.4,     76.1,     1013,     291.46,     253.2,     87.9,     -177.9
123,     04.10.2014 20:31:16,     -6.3,     -2.01,     165,     0.1,     1.6,     2.9,     12.4,     75.9,     1012.9,     291.46,     253.3,     88,     -178
124,     04.10.2014 20:41:16,     -5.25,     -2.01,     168,     0.1,     1.4,     2.9,     12.3,     75.5,     1012.9,     291.46,     253.4,     88,     -178
125,     04.10.2014 20:51:16,     -4.2,     0,     174,     0.2,     1.4,     2.6,     12.3,     75.8,     1012.8,     291.46,     253.4,     88,     -178
126,     04.10.2014 21:01:16,     -5.25,     -2.01,     164,     0.1,     1,     2,     12.1,     77.1,     1012.8,     291.46,     253.3,     87.9,     -177.9
127,     04.10.2014 21:11:17,     -5.25,     -2.01,     168,     0.1,     1.1,     2.3,     12,     77.1,     1012.8,     291.46,     253.4,     88,     -178,     12.592,     11.01,     75.6
128,     04.10.2014 21:21:17,     -6.3,     -4.02,     178,     0.4,     1.7,     2.8,     11.8,     77,     1012.7,     291.46,     253,     87.8,     -177.8
129,     04.10.2014 21:31:17,     -4.2,     0,     183,     0.6,     1.6,     3.1,     11.7,     77.7,     1012.7,     291.46,     253.4,     87.9,     -177.9
130,     04.10.2014 21:41:17,     -5.25,     -2.01,     193,     0.1,     1.4,     2.5,     11.6,     78.9,     1012.6,     291.46,     253.2,     87.9,     -177.9
131,     04.10.2014 21:51:17,     -5.25,     -2.01,     182,     0.4,     1.8,     3.6,     11.4,     77.8,     1012.6,     291.46,     253.5,     88.1,     -178.1
132,     04.10.2014 22:01:17,     -4.2,     -2.01,     179,     0.8,     1.8,     3,     11.6,     77.7,     1012.6,     291.46,     253.3,     88,     -178
133,     04.10.2014 22:11:22,     -5.25,     -2.01,     182,     0.7,     1.7,     3.4,     11.5,     77.3,     1012.6,     291.46,     253.3,     88,     -178,     12.560,     10.50,     75.6
134,     04.10.2014 22:21:22,     -4.2,     -2.01,     190,     0.7,     1.7,     3,     11.5,     78.7,     1012.5,     291.46,     253.5,     88,     -178
135,     04.10.2014 22:31:22,     -6.3,     -2.01,     181,     1,     1.9,     3.3,     11.5,     78,     1012.5,     291.46,     253,     88,     -178
136,     04.10.2014 22:41:22,     -5.25,     0,     177,     0.7,     2,     3.2,     11.5,     77.6,     1012.5,     291.46,     253.3,     88,     -178
137,     04.10.2014 22:51:22,     -5.25,     -2.01,     174,     0.6,     1.9,     3.5,     11.6,     77.1,     1012.4,     291.46,     253.5,     87.9,     -177.9
138,     04.10.2014 23:01:22,     -4.2,     -2.01,     172,     0.8,     1.9,     3.3,     11.6,     77.7,     1012.3,     291.46,     253.3,     87.9,     -177.9
139,     04.10.2014 23:11:16,     -5.25,     -2.01,     180,     0.4,     1.8,     3.1,     11.6,     77.2,     1012.3,     291.46,     253.4,     88,     -178,     12.560,     10.34,     75.7
140,     04.10.2014 23:21:16,     -4.2,     -2.01,     169,     0.4,     1.6,     2.6,     11.7,     77.8,     1012.3,     291.46,     253.2,     87.9,     -177.9
141,     04.10.2014 23:31:16,     -6.3,     -4.02,     165,     0.7,     2.1,     3.8,     11.7,     76.3,     1012.3,     291.46,     253.4,     87.9,     -177.9
142,     04.10.2014 23:41:16,     -4.2,     -2.01,     166,     0.4,     2.3,     4.8,     11.7,     76.6,     1012.2,     291.46,     253.4,     87.9,     -177.9
143,     04.10.2014 23:51:16,     -4.2,     0,     170,     0.5,     2.2,     3.7,     11.6,     76.6,     1012.2,     291.46,     253.1,     88,     -178
144,     05.10.2014 00:01:16,     -5.25,     -2.01,     163,     0.6,     2.1,     3.8,     11.5,     76.5,     1012.2,     291.46,     253.3,     88,     -178,     12.380,     10.36,     75.7