Logger: #D10248 'TSK_Meteo' - USP_EXP2 (V2.10, Jan 24 2012)
No,     Time,     #1:W/m²:0,     #2:ÂµMol:(do.),     #5:deg:2,     #6:m/sMIN:(do.),     #7:m/sMIT:(do.),     #8:m/sMAX:(do.),     #9:Â°C:(do.),     #10:%:(do.),     #11:hPa:(do.),     #12:mm:(do.),     #14:AZ:3,     #15:EL:(do.),     #16:Roll:(do.),     #HK-Bat:V,     #HK-Temp:oC,     #HK-rH:%
(GSM Transfer OK / Signal:15)
1,     20.12.2014 00:11:16,     -2.1,     0,     286,     2.8,     6.1,     10,     5,     82.2,     1000.3,     352.91,     74.7,     87.6,     -2.1,     12.454,     5.29,     86.1
2,     20.12.2014 00:21:16,     -2.1,     -4.02,     291,     3.6,     7,     12.6,     4.9,     82.2,     1000.2,     352.92,     75.8,     87.6,     -2.3
3,     20.12.2014 00:31:16,     -3.15,     -2.01,     289,     3.5,     6.6,     10.4,     4.8,     83,     1000.3,     352.94,     75.1,     87.8,     -2.1
4,     20.12.2014 00:41:16,     -2.1,     -2.01,     294,     3.9,     7.4,     12.7,     4.6,     82.8,     1000.2,     352.95,     76.1,     87.5,     -2.2
5,     20.12.2014 00:51:16,     -2.1,     0,     294,     2.5,     6.4,     11,     4.6,     81.5,     1000.2,     352.96,     75.1,     87.7,     -2.2
6,     20.12.2014 01:01:16,     -3.15,     0,     297,     2.4,     6.2,     9.9,     4.6,     81.9,     1000.3,     352.96,     255.8,     87.6,     -177.6
7,     20.12.2014 01:11:16,     -3.15,     -2.01,     294,     3.3,     6.9,     12.1,     4.5,     81.2,     1000.2,     352.96,     256.5,     87.5,     -177.5,     12.444,     4.81,     87.8
8,     20.12.2014 01:21:16,     -2.1,     -2.01,     293,     4,     8,     12.8,     4.5,     80.7,     1000.1,     352.96,     76.1,     87.7,     -2.2
9,     20.12.2014 01:31:16,     -3.15,     -2.01,     297,     2.7,     7.6,     12.2,     4.4,     81.6,     1000.4,     352.99,     254,     87.3,     -177.6
10,     20.12.2014 01:41:16,     -2.1,     0,     303,     3.6,     7.4,     12.8,     4.2,     82.4,     1000.6,     353.1,     74,     88.9,     -1.1
11,     20.12.2014 01:51:16,     -2.1,     0,     308,     2.6,     5.8,     10.4,     3.9,     83.5,     1000.7,     353.38,     255.6,     87.6,     -177.6
12,     20.12.2014 02:01:16,     -2.1,     -2.01,     298,     3.1,     6.2,     10.7,     3.8,     84.9,     1000.6,     353.6,     74.7,     87.7,     -2.2
13,     20.12.2014 02:11:17,     -2.1,     -2.01,     297,     2.1,     5.1,     8.5,     3.8,     85.6,     1000.6,     353.7,     74.8,     87.9,     -2.1,     12.442,     4.50,     87.9
14,     20.12.2014 02:21:17,     -1.05,     0,     291,     2.3,     5.2,     10.2,     3.9,     86,     1000.7,     354.02,     253.7,     88,     -177.9
15,     20.12.2014 02:31:17,     -1.05,     0,     309,     1.3,     4.8,     9.4,     3.9,     86.4,     1000.7,     354.37,     73.9,     87.9,     -2
16,     20.12.2014 02:41:17,     -1.05,     -2.01,     308,     1.6,     4.8,     9.3,     4.2,     85.7,     1000.5,     354.64,     74.3,     87.8,     -2.1
17,     20.12.2014 02:51:17,     -1.05,     0,     306,     1.7,     4.4,     9,     4.4,     85.4,     1000.5,     354.65,     253.4,     87.8,     -177.8
18,     20.12.2014 03:01:17,     -2.1,     -2.01,     349,     1,     3.9,     7.9,     4,     85.6,     1000.5,     354.66,     252.4,     88.2,     -178.2
19,     20.12.2014 03:11:16,     -2.1,     -2.01,     311,     0.8,     3.4,     6.6,     4.1,     87,     1000.4,     354.66,     73.8,     87.9,     -2,     12.421,     4.38,     88.0
20,     20.12.2014 03:21:16,     -2.1,     0,     278,     2.1,     5.3,     8.9,     4.7,     84,     1000.2,     354.66,     74.9,     87.6,     -2.3
21,     20.12.2014 03:31:16,     -2.1,     -2.01,     282,     0.4,     7,     11.7,     5.1,     81.5,     1000.1,     354.66,     256.6,     87.9,     -178
22,     20.12.2014 03:41:16,     -2.1,     -2.01,     288,     3.8,     8.1,     12.9,     5.2,     79.5,     1000,     354.66,     77.4,     86.7,     -2
23,     20.12.2014 03:51:16,     -2.1,     0,     288,     3.6,     7.4,     13.2,     5.3,     79.3,     1000,     354.66,     75.7,     88.2,     -1.7
24,     20.12.2014 04:01:16,     -1.05,     -2.01,     293,     2.7,     6.8,     11.9,     5.3,     79,     1000.1,     354.66,     254.1,     88,     -178
25,     20.12.2014 04:11:17,     -3.15,     -2.01,     292,     3.1,     7.2,     12.5,     5.3,     79.1,     1000.3,     354.69,     75.8,     86.8,     -3,     12.414,     4.99,     88.0
26,     20.12.2014 04:21:17,     -3.15,     0,     295,     3.7,     7.2,     12.9,     5.3,     79.8,     1000.3,     354.74,     76,     88,     -1.9
27,     20.12.2014 04:31:17,     -3.15,     0,     300,     3.3,     6.6,     11.7,     5.3,     79.5,     1000.4,     354.76,     76.7,     87.9,     -1.8
28,     20.12.2014 04:41:17,     -1.05,     -2.01,     303,     1.4,     7,     16.5,     5.3,     78.3,     1000.7,     354.76,     254.7,     88,     -178
29,     20.12.2014 04:51:17,     -2.1,     -2.01,     303,     3.1,     6.8,     11.3,     5,     80.5,     1000.8,     354.76,     76.4,     87.5,     -2.4
30,     20.12.2014 05:01:17,     -4.2,     -2.01,     295,     3.1,     6.6,     10.8,     4.8,     81.6,     1000.4,     354.76,     76.2,     87.9,     -1.6
31,     20.12.2014 05:11:16,     -3.15,     -4.02,     295,     2.9,     6.5,     10.9,     4.7,     81.2,     1000.5,     354.84,     256,     88.3,     -178.3,     12.414,     5.14,     87.9
32,     20.12.2014 05:21:16,     -3.15,     2.01,     291,     2.1,     6.1,     11.3,     4.6,     81.8,     1000.4,     354.84,     75.8,     87.6,     -2.2
33,     20.12.2014 05:31:16,     -4.2,     -2.01,     288,     1.6,     5.5,     10.6,     4.6,     82,     1000.5,     354.84,     74.1,     87.8,     -2.1
34,     20.12.2014 05:41:16,     -2.1,     -2.01,     283,     2,     5.4,     9.7,     4.6,     82.2,     1000.4,     354.84,     253.9,     88,     -178
35,     20.12.2014 05:51:16,     0,     -2.01,     280,     2.6,     5.9,     9.9,     4.8,     81.7,     1000.2,     354.84,     255.2,     87.9,     -177.9
36,     20.12.2014 06:01:16,     -1.05,     0,     279,     2.2,     6.4,     11.9,     5.2,     80.6,     1000.2,     354.84,     76.9,     88,     -1.9
37,     20.12.2014 06:11:17,     -1.05,     -2.01,     287,     2.9,     6.5,     12,     5.4,     78.9,     1000,     354.84,     254.8,     88,     -178.1,     12.408,     5.02,     88.1
38,     20.12.2014 06:21:17,     -1.05,     0,     286,     3.3,     6.5,     11.2,     5.6,     77.9,     1000.1,     354.84,     76.1,     88.3,     -1.3
39,     20.12.2014 06:31:17,     -1.05,     0,     288,     2.8,     7.5,     12.9,     5.8,     76.5,     1000,     354.84,     76.3,     87.7,     -1.8
40,     20.12.2014 06:41:17,     -1.05,     0,     288,     1.9,     7.4,     14.8,     5.7,     76.8,     999.9,     354.84,     255.1,     87.1,     -177.6
41,     20.12.2014 06:51:17,     -2.1,     0,     289,     3.8,     8,     13.3,     5.6,     77,     999.9,     354.84,     74.2,     88,     -1.9
42,     20.12.2014 07:01:17,     -1.05,     0,     291,     3.4,     6.8,     11.9,     5.6,     77.8,     999.8,     354.84,     254.7,     88.2,     -178.2
43,     20.12.2014 07:11:16,     -3.15,     -2.01,     285,     3.2,     7.4,     12.8,     5.5,     78.4,     999.7,     354.84,     75.9,     87.8,     -2.1,     12.412,     5.73,     87.7
44,     20.12.2014 07:21:16,     -3.15,     0,     284,     2.8,     8.1,     13.5,     5.6,     78.2,     999.5,     354.85,     253.7,     88,     -179.3
45,     20.12.2014 07:31:16,     -3.15,     -2.01,     283,     2.5,     7.3,     13.8,     5.6,     78,     999.6,     354.85,     76.2,     87.7,     -1.9
46,     20.12.2014 07:41:16,     -2.1,     -2.01,     283,     3.3,     6.9,     14.3,     5.6,     77.4,     999.1,     354.85,     75.9,     87.2,     -2.6
47,     20.12.2014 07:51:16,     -2.1,     -2.01,     282,     2.9,     7.2,     13,     5.6,     77.9,     999.1,     354.85,     75,     86.8,     -3
48,     20.12.2014 08:01:16,     0,     0,     282,     3.3,     6.5,     10.9,     5.7,     77.5,     999,     354.85,     74.7,     87.6,     -2.2
49,     20.12.2014 08:11:16,     -1.05,     0,     284,     3.3,     6.7,     11.7,     5.8,     76.9,     998.8,     354.85,     76,     87.7,     -2.2,     12.408,     5.94,     87.7
50,     20.12.2014 08:21:16,     -1.05,     2.01,     278,     2.7,     7.2,     12,     5.9,     76.4,     998.7,     354.85,     74.9,     87.9,     -2
51,     20.12.2014 08:31:16,     3.15,     8.04,     276,     2.4,     6.9,     13.1,     5.9,     75.5,     998.6,     354.85,     255.7,     87.7,     -178
52,     20.12.2014 08:41:16,     2.1,     6.03,     278,     2.4,     6.9,     11.5,     6,     74.7,     998.3,     354.85,     77.5,     88.3,     -1.6
53,     20.12.2014 08:51:16,     6.3,     14.07,     281,     2.1,     6.9,     10.7,     6.1,     73.9,     998.4,     354.85,     255,     87.9,     -177.8
54,     20.12.2014 09:01:16,     18.9,     34.17,     279,     2.9,     7.8,     12,     6.1,     73.7,     998.4,     354.85,     76.4,     89,     -0.8
55,     20.12.2014 09:11:17,     15.75,     30.15,     279,     3,     7.3,     12.5,     6.1,     73.3,     998.2,     354.85,     77.5,     87.1,     -2.8,     12.529,     6.23,     87.6
56,     20.12.2014 09:21:17,     89.25,     146.73,     278,     3.9,     9,     15.8,     6.3,     72.1,     998.1,     354.85,     255.5,     87.6,     -177.9
57,     20.12.2014 09:31:17,     53.55,     88.44,     285,     2.5,     7.3,     12.9,     6.3,     71.6,     998,     354.85,     75.9,     89.3,     -0.3
58,     20.12.2014 09:41:17,     47.25,     86.43,     286,     3.2,     8.4,     16.1,     6.4,     70.4,     997.8,     354.85,     256.9,     87.4,     -177.4
59,     20.12.2014 09:51:17,     65.1,     118.59,     275,     3.6,     8.3,     14.8,     6.4,     70.4,     997.8,     354.85,     258.8,     89,     -179
60,     20.12.2014 10:01:17,     66.15,     116.58,     272,     3.5,     8.7,     17.3,     6.4,     70.4,     997.6,     354.85,     257.1,     87.5,     -177.7
61,     20.12.2014 10:11:17,     92.4,     166.83,     271,     4.4,     8.7,     14.9,     6.4,     71,     997.3,     354.85,     255.8,     88.3,     -179.1,     13.731,     7.04,     87.3
62,     20.12.2014 10:21:17,     15.75,     40.2,     272,     4.1,     9.3,     15.1,     6.4,     72.2,     997.3,     354.96,     254,     87.7,     -178.4
63,     20.12.2014 10:31:17,     3.15,     14.07,     278,     4.5,     7.9,     14.6,     6.1,     74.8,     997.5,     355.55,     76,     87.7,     -2.2
64,     20.12.2014 10:41:17,     5.25,     18.09,     287,     2.5,     6.6,     12.3,     5.6,     79.1,     997.3,     355.96,     76.4,     87.7,     -2.2
65,     20.12.2014 10:51:17,     1.05,     8.04,     317,     3.6,     7.2,     13.3,     5.3,     83.1,     999.2,     357.09,     75.8,     88.3,     -1.5
66,     20.12.2014 11:01:17,     4.2,     14.07,     336,     3.8,     7.9,     13.3,     3.2,     84.4,     999,     359.24,     254.3,     88.7,     -178.7
67,     20.12.2014 11:11:16,     6.3,     18.09,     331,     2.4,     7.6,     13.7,     2.6,     85.2,     999,     360.46,     75,     88.1,     -1.7,     13.841,     5.69,     87.2
68,     20.12.2014 11:21:16,     14.7,     36.18,     312,     3,     5.9,     10.5,     2.4,     86.5,     998.4,     360.63,     254.9,     88.2,     -178.2
69,     20.12.2014 11:31:16,     8.4,     18.09,     305,     2.7,     6.5,     12.7,     2.8,     83.8,     998.4,     360.63,     256.7,     88.1,     -178.2
70,     20.12.2014 11:41:16,     25.2,     52.26,     299,     1.5,     6.3,     12.7,     2.9,     82.8,     997.9,     360.63,     255.9,     87.9,     -177.9
71,     20.12.2014 11:51:16,     53.55,     106.53,     297,     3.1,     6.3,     10.1,     2.9,     82.6,     997.9,     360.63,     75.7,     88.5,     -1.3
72,     20.12.2014 12:01:16,     52.5,     102.51,     300,     2.9,     6.4,     10.6,     2.9,     81.9,     998,     360.63,     254.6,     88.3,     -178.3
73,     20.12.2014 12:11:17,     37.8,     72.36,     305,     2,     5.2,     9.5,     2.9,     82.2,     998,     360.63,     75.5,     88,     -1.9,     13.143,     3.97,     88.3
74,     20.12.2014 12:21:17,     22.05,     46.23,     301,     2.2,     5.5,     9.9,     2.9,     82.6,     997.7,     360.63,     74.9,     87.9,     -2
75,     20.12.2014 12:31:17,     36.75,     76.38,     283,     2,     6.3,     11.7,     2.8,     82.5,     997.5,     360.63,     77.7,     87.5,     -2.4
76,     20.12.2014 12:41:17,     42,     88.44,     279,     2.5,     6,     9.7,     2.5,     84.7,     997.3,     360.63,     254.3,     87.6,     -177.6
77,     20.12.2014 12:51:17,     37.8,     78.39,     284,     2.7,     5,     7.8,     2.5,     85.3,     997.5,     360.63,     254,     87.9,     -177.9
78,     20.12.2014 13:01:17,     36.75,     76.38,     291,     1.7,     5.3,     9.8,     2.7,     84.1,     997.5,     360.63,     75.6,     87.6,     -2.2
79,     20.12.2014 13:11:17,     17.85,     42.21,     290,     2.9,     5.5,     8.9,     2.8,     83.9,     997.3,     360.63,     255.9,     88.2,     -178.2,     13.031,     3.61,     88.3
80,     20.12.2014 13:21:17,     19.95,     40.2,     288,     2.3,     5.3,     9.2,     2.8,     84.9,     997.3,     360.63,     74.5,     87.8,     -2
81,     20.12.2014 13:31:17,     11.55,     30.15,     294,     1.9,     5.4,     9.5,     2.9,     84.9,     997.2,     360.63,     254.5,     87.9,     -177.9
82,     20.12.2014 13:41:17,     18.9,     38.19,     293,     3.6,     5.9,     9.4,     3,     84.3,     997.1,     360.63,     75.1,     88.2,     -1.7
83,     20.12.2014 13:51:17,     38.85,     78.39,     297,     2.4,     5.9,     10.5,     3,     83.7,     996.9,     360.63,     73.9,     88,     -2
84,     20.12.2014 14:01:17,     56.7,     112.56,     297,     1.2,     5.2,     8.4,     3.1,     83.5,     996.9,     360.63,     75.8,     87.8,     -2.1
85,     20.12.2014 14:11:16,     55.65,     108.54,     294,     2.2,     6.1,     10,     3.1,     83.4,     996.9,     360.63,     254.2,     88,     -178.1,     13.849,     3.63,     88.2
86,     20.12.2014 14:21:16,     56.7,     112.56,     293,     4,     6.9,     11.9,     2.9,     84,     996.8,     360.63,     254.9,     87.6,     -177.6
87,     20.12.2014 14:31:16,     53.55,     102.51,     294,     2.6,     6,     11.1,     2.9,     84.3,     996.6,     360.63,     254.1,     87.9,     -177.9
88,     20.12.2014 14:41:16,     28.35,     56.28,     297,     3.1,     6.2,     10.8,     3,     83.7,     996.7,     360.63,     75.9,     87.7,     -2.2
89,     20.12.2014 14:51:16,     24.15,     48.24,     293,     4.4,     7.8,     13,     3,     83,     996.8,     360.63,     255.6,     88.2,     -178.3
90,     20.12.2014 15:01:16,     19.95,     44.22,     290,     2.2,     7.3,     13.1,     3,     83.1,     996.8,     360.63,     255.1,     87.8,     -177.8
91,     20.12.2014 15:11:17,     10.5,     30.15,     282,     2.8,     7.3,     12,     3,     83.8,     996.5,     360.63,     76.8,     87.6,     -2.3,     12.974,     3.47,     88.3
92,     20.12.2014 15:21:17,     17.85,     34.17,     288,     2.2,     6.5,     10.6,     2.9,     83.4,     996.5,     360.63,     254.6,     87.6,     -177.6
93,     20.12.2014 15:31:17,     4.2,     12.06,     291,     3.9,     6.4,     10.7,     3,     83.2,     996.5,     360.63,     74.8,     87.6,     -2.3
94,     20.12.2014 15:41:17,     2.1,     6.03,     298,     2.8,     6.1,     11.6,     3.1,     83,     996.9,     360.63,     75.3,     88.1,     -1.8
95,     20.12.2014 15:51:17,     0,     2.01,     302,     3.2,     6.9,     12.3,     3.3,     83.1,     996.9,     360.67,     73.9,     87.5,     -2.4
96,     20.12.2014 16:01:17,     -3.15,     2.01,     302,     3.3,     7,     13.1,     3.4,     83.1,     996.4,     360.76,     75.6,     87.7,     -2.1
97,     20.12.2014 16:11:16,     -3.15,     0,     290,     3.5,     7.2,     12.5,     3.3,     84.4,     996.6,     360.76,     75.7,     87.5,     -2.3,     12.794,     3.56,     88.3
98,     20.12.2014 16:21:16,     -3.15,     -2.01,     295,     3.1,     5.9,     10,     3.2,     85.3,     996.5,     360.76,     73.6,     88,     -1.8
99,     20.12.2014 16:31:16,     -4.2,     -2.01,     288,     1.3,     6.2,     10.1,     3.3,     85.5,     996.3,     360.76,     74.6,     88,     -1.9
100,     20.12.2014 16:41:16,     -3.15,     -2.01,     289,     3.3,     6.3,     10.8,     3.3,     85.3,     996.6,     360.76,     74.8,     87.7,     -2.2
101,     20.12.2014 16:51:16,     -3.15,     -2.01,     284,     2.7,     5.6,     9.4,     3.4,     85.1,     996.5,     360.76,     76.2,     87.9,     -1.9
102,     20.12.2014 17:01:16,     -4.2,     0,     292,     2.5,     5.9,     11.3,     3.6,     83.9,     996.3,     360.76,     75.3,     87.9,     -2
103,     20.12.2014 17:11:16,     -4.2,     -2.01,     288,     2.8,     6.9,     10.3,     3.8,     82.7,     996.1,     360.76,     254.4,     88,     -178,     12.719,     3.39,     88.4
104,     20.12.2014 17:21:16,     -3.15,     0,     296,     3.5,     6.3,     11.7,     4,     81.7,     996.5,     360.76,     253.1,     87.9,     -177.9
105,     20.12.2014 17:31:16,     -4.2,     -2.01,     297,     3.2,     6.7,     12,     4.2,     80.5,     996.6,     360.76,     254.7,     87.2,     -177.2
106,     20.12.2014 17:41:16,     -4.2,     0,     297,     3.4,     6.2,     10,     4.2,     81,     996.5,     360.76,     74.9,     87.5,     -2.4
107,     20.12.2014 17:51:16,     -5.25,     -2.01,     305,     2.7,     5.8,     10.3,     4.3,     80,     996.6,     360.76,     75,     88,     -2
108,     20.12.2014 18:01:16,     -4.2,     0,     305,     3.2,     6.5,     12.5,     4.3,     79.9,     996.7,     360.76,     253.9,     87.4,     -177.4
109,     20.12.2014 18:11:16,     -3.15,     0,     308,     2,     5.6,     9.3,     4.3,     80.1,     996.7,     360.76,     253.8,     87.9,     -177.9,     12.688,     3.65,     88.3
110,     20.12.2014 18:21:16,     -1.05,     -2.01,     309,     2.3,     5.8,     10.3,     4.4,     79.3,     997,     360.76,     253.9,     87.7,     -177.8
111,     20.12.2014 18:31:16,     -1.05,     0,     319,     2.8,     5.7,     10.6,     4.6,     77.5,     997.3,     360.76,     73.6,     88.2,     -1.6
112,     20.12.2014 18:41:16,     -2.1,     0,     318,     3.5,     7.2,     12.3,     4.8,     75.7,     997.5,     360.76,     75.1,     87.6,     -2.2
113,     20.12.2014 18:51:16,     -1.05,     0,     321,     2.7,     6.9,     14,     4.7,     75.5,     997.6,     360.76,     74.6,     87.9,     -2
114,     20.12.2014 19:01:16,     -2.1,     -4.02,     325,     3.3,     6.7,     12.8,     4.7,     74.4,     998.1,     360.76,     74.8,     88.1,     -1.8
115,     20.12.2014 19:11:16,     -2.1,     -4.02,     327,     4.6,     8.2,     14.2,     4.7,     73.4,     998.5,     360.76,     254,     88.5,     -178.6,     12.662,     4.53,     88.0
116,     20.12.2014 19:21:16,     -1.05,     0,     329,     4.7,     7.5,     11.6,     4.6,     73.8,     998.6,     360.76,     74.5,     86.2,     -3.8
117,     20.12.2014 19:31:16,     -2.1,     0,     330,     4.2,     7.8,     12,     4.6,     73.5,     998.9,     360.76,     74.1,     87.4,     -2.4
118,     20.12.2014 19:41:16,     -1.05,     -2.01,     327,     4,     7.2,     11.1,     4.5,     74.1,     999.1,     360.76,     75.8,     87.1,     -2.8
119,     20.12.2014 19:51:16,     -1.05,     -2.01,     333,     2.8,     6.8,     11.2,     4.6,     73.9,     999.6,     360.76,     75,     88,     -1.8
120,     20.12.2014 20:01:16,     -1.05,     -2.01,     332,     2.9,     6.6,     13.6,     4.7,     74,     999.7,     360.76,     74.9,     86.9,     -3
121,     20.12.2014 20:11:16,     -2.1,     -2.01,     333,     2.5,     6.3,     10.4,     4.7,     74.2,     999.9,     360.76,     74,     86.4,     -3.5,     12.645,     4.97,     87.8
122,     20.12.2014 20:21:16,     -3.15,     -2.01,     328,     3.1,     6.3,     9.8,     4.7,     73.8,     1000.1,     360.76,     77.2,     88.5,     -1.4
123,     20.12.2014 20:31:16,     -2.1,     -2.01,     325,     3,     7,     12.5,     4.7,     72.9,     1000.4,     360.76,     253.6,     87.9,     -177.9
124,     20.12.2014 20:41:16,     -3.15,     0,     326,     2.9,     6.2,     11.9,     4.6,     74,     1000.5,     360.76,     253.6,     87.6,     -177.6
125,     20.12.2014 20:51:16,     -3.15,     -4.02,     322,     3.3,     6.6,     11,     4.6,     74,     1000.9,     360.76,     75.3,     87.3,     -2.6
126,     20.12.2014 21:01:16,     -4.2,     -4.02,     329,     3.4,     6.7,     10.4,     4.6,     73.9,     1001.2,     360.76,     74.7,     88.3,     -1.6
127,     20.12.2014 21:11:16,     -4.2,     0,     332,     3.1,     6.9,     11,     4.5,     73.5,     1001.3,     360.76,     254.6,     88.2,     -178.2,     12.635,     4.86,     87.8
128,     20.12.2014 21:21:16,     -3.15,     -2.01,     328,     2.7,     6.3,     9.9,     4.5,     73.4,     1001.6,     360.76,     74.5,     88.4,     -1.5
129,     20.12.2014 21:31:16,     -4.2,     -2.01,     331,     2.6,     5.8,     10,     4.5,     73.7,     1001.8,     360.76,     74.3,     87.5,     -2.4
130,     20.12.2014 21:41:16,     -4.2,     -2.01,     323,     1.7,     5.5,     10.3,     4.4,     74.3,     1002.1,     360.76,     75.2,     88.4,     -1.5
131,     20.12.2014 21:51:16,     -4.2,     0,     322,     2.5,     5.5,     10.5,     4.4,     75.3,     1002.3,     360.76,     254.4,     87.9,     -177.9
132,     20.12.2014 22:01:16,     -3.15,     -2.01,     320,     2.4,     5.8,     11.5,     4.3,     74.8,     1002.4,     360.76,     73.3,     87.8,     -2.1
133,     20.12.2014 22:11:16,     -4.2,     -2.01,     323,     2.1,     5.2,     9.4,     4.3,     74.7,     1002.5,     360.76,     75.5,     87.8,     -2.1,     12.603,     4.29,     88.0
134,     20.12.2014 22:21:16,     -4.2,     -2.01,     322,     2.4,     5.3,     9.5,     4.3,     75.3,     1002.8,     360.76,     73.5,     87.8,     -2.1
135,     20.12.2014 22:31:16,     -3.15,     -2.01,     321,     1.2,     4.8,     8.5,     4.4,     74.8,     1003.1,     360.76,     253.4,     88.1,     -178.1
136,     20.12.2014 22:41:16,     -2.1,     -2.01,     320,     1.7,     5.3,     8.2,     4.5,     74.6,     1003.1,     360.76,     73.9,     87.9,     -2
137,     20.12.2014 22:51:16,     -3.15,     0,     317,     2.6,     5.6,     10.1,     4.7,     74.5,     1003.2,     360.76,     254.1,     88,     -178
138,     20.12.2014 23:01:16,     -2.1,     -2.01,     320,     1.2,     4.8,     8.5,     4.7,     74.4,     1003.4,     360.76,     254.1,     88.2,     -178.3
139,     20.12.2014 23:11:17,     -3.15,     -2.01,     324,     2.3,     5,     9,     4.6,     74.6,     1003.6,     360.76,     73.2,     87.5,     -2.4,     12.609,     4.44,     88.1
140,     20.12.2014 23:21:17,     -3.15,     -2.01,     311,     2.1,     5.8,     10.2,     4.7,     75.1,     1003.7,     360.76,     254.8,     87.9,     -177.9
141,     20.12.2014 23:31:17,     -4.2,     0,     326,     1.7,     4.1,     8,     4.5,     76.9,     1003.9,     360.82,     253.8,     87.6,     -177.6
142,     20.12.2014 23:41:17,     -2.1,     0,     314,     1.4,     4.6,     7.8,     4.3,     79.3,     1004.1,     360.95,     253.9,     87.8,     -177.8
143,     20.12.2014 23:51:17,     -2.1,     0,     326,     2.4,     5,     10.1,     4.2,     80.5,     1004.3,     360.97,     74.2,     88,     -1.9
144,     21.12.2014 00:01:16,     -3.15,     -2.01,     320,     2.2,     5.2,     9.4,     4.2,     80.7,     1004.4,     360.97,     254.2,     87.9,     -178,     12.599,     4.53,     88.0