Logger: #D10248 'TSK_Meteo' - USP_EXP2 (V2.10, Jan 24 2012)
No,     Time,     #1:W/m²:0,     #2:ÂµMol:(do.),     #5:deg:2,     #6:m/sMIN:(do.),     #7:m/sMIT:(do.),     #8:m/sMAX:(do.),     #9:Â°C:(do.),     #10:%:(do.),     #11:hPa:(do.),     #12:mm:(do.),     #14:AZ:3,     #15:EL:(do.),     #16:Roll:(do.),     #HK-Bat:V,     #HK-Temp:oC,     #HK-rH:%
(GSM Transfer OK / Signal:15)
1,     24.06.2014 00:11:21,     -3.15,     -2.01,     337,     0.4,     1.5,     3.4,     11.4,     77.9,     1009.5,     74.37,     254.8,     87.9,     -177.9,     12.412,     10.97,     69.9
2,     24.06.2014 00:21:21,     -2.1,     -2.01,     331,     0.1,     1.4,     3,     11.5,     79.3,     1009.5,     74.37,     254.8,     87.9,     -177.9
3,     24.06.2014 00:31:21,     -3.15,     -4.02,     321,     0.5,     1.8,     3.7,     11.8,     79.5,     1009.4,     74.37,     254.7,     87.9,     -177.9
4,     24.06.2014 00:41:21,     -3.15,     -2.01,     322,     0.1,     2,     4.1,     11.9,     80,     1009.3,     74.37,     255.1,     87.8,     -177.8
5,     24.06.2014 00:51:21,     -3.15,     -2.01,     322,     0.4,     2.2,     3.9,     11.9,     80.4,     1009.2,     74.37,     255,     87.9,     -177.9
6,     24.06.2014 01:01:21,     -3.15,     -2.01,     326,     0.2,     1.5,     3.2,     11.9,     81.2,     1009.1,     74.37,     254.9,     87.9,     -177.9
7,     24.06.2014 01:11:22,     -3.15,     0,     313,     0.7,     2,     3.4,     11.8,     81.9,     1009,     74.37,     255,     87.9,     -177.9,     12.527,     11.47,     70.8
8,     24.06.2014 01:21:22,     -1.05,     0,     293,     1.1,     1.9,     3.4,     12,     82.8,     1009,     74.37,     254.8,     87.9,     -177.9
9,     24.06.2014 01:31:22,     -2.1,     -2.01,     302,     0.3,     1.8,     3.8,     12,     82.1,     1008.9,     74.37,     255,     87.9,     -177.9
10,     24.06.2014 01:41:22,     -2.1,     -2.01,     302,     0.3,     1.8,     3.5,     11.9,     82,     1008.8,     74.37,     255,     87.8,     -177.9
11,     24.06.2014 01:51:22,     -3.15,     -2.01,     304,     0.3,     1.9,     3.3,     11.9,     82.8,     1008.7,     74.37,     255,     87.8,     -177.9
12,     24.06.2014 02:01:22,     -3.15,     -2.01,     330,     0.3,     1.2,     2.1,     12,     83.2,     1008.7,     74.37,     254.9,     87.9,     -177.9
13,     24.06.2014 02:11:23,     -5.25,     -2.01,     341,     0.1,     1.1,     2.1,     12,     83.8,     1008.6,     74.41,     254.9,     87.9,     -177.9,     12.493,     11.95,     70.7
14,     24.06.2014 02:21:23,     -5.25,     -4.02,     310,     0.2,     1.1,     2.9,     12,     83.9,     1008.5,     74.41,     254.9,     88,     -178
15,     24.06.2014 02:31:23,     -3.15,     -2.01,     279,     0.5,     2,     3.6,     12.1,     84.7,     1008.4,     74.41,     255,     88,     -178
16,     24.06.2014 02:41:23,     -3.15,     -2.01,     303,     0,     1.1,     2.3,     12,     83.3,     1008.4,     74.41,     254.9,     88,     -178
17,     24.06.2014 02:51:23,     -3.15,     0,     309,     0.1,     1.1,     2.3,     12,     84.1,     1008.4,     74.41,     255,     87.9,     -177.9
18,     24.06.2014 03:01:23,     -3.15,     -2.01,     291,     0.3,     1.2,     2.2,     11.9,     84.6,     1008.3,     74.41,     254.9,     87.9,     -177.9
19,     24.06.2014 03:11:21,     -2.1,     0,     287,     0.3,     1.6,     2.9,     12,     86,     1008.2,     74.42,     254.9,     88,     -178,     12.440,     12.14,     70.6
20,     24.06.2014 03:21:21,     -4.2,     -2.01,     289,     1.1,     2,     3.1,     12,     87.1,     1008.2,     74.49,     255.2,     87.9,     -177.9
21,     24.06.2014 03:31:21,     -3.15,     -2.01,     286,     1.3,     2.2,     3.1,     11.9,     87.4,     1008.2,     74.7,     255,     87.8,     -177.8
22,     24.06.2014 03:41:21,     -1.05,     0,     281,     1.1,     2,     3.1,     11.9,     88.2,     1008.1,     74.7,     255.2,     88,     -178
23,     24.06.2014 03:51:21,     0,     2.01,     274,     0.6,     2.1,     3.5,     11.9,     88.5,     1008,     74.7,     255,     87.9,     -177.9
24,     24.06.2014 04:01:21,     -2.1,     0,     280,     1,     2.3,     3.5,     11.8,     89.4,     1008.1,     74.71,     255,     87.9,     -177.9
25,     24.06.2014 04:11:22,     -1.05,     2.01,     294,     0.6,     1.8,     3,     11.6,     89.2,     1008.2,     74.75,     255,     87.8,     -177.9,     12.391,     12.37,     70.5
26,     24.06.2014 04:21:22,     0,     2.01,     287,     0.5,     1.4,     2.4,     11.7,     89.9,     1008.2,     74.77,     254.9,     88,     -178
27,     24.06.2014 04:31:22,     0,     4.02,     299,     0.2,     1.3,     2.3,     11.7,     90.1,     1008.1,     74.8,     255,     88,     -178
28,     24.06.2014 04:41:22,     3.15,     12.06,     284,     0.8,     1.8,     3,     11.7,     90.3,     1008.1,     74.99,     254.9,     87.9,     -177.9
29,     24.06.2014 04:51:22,     10.5,     26.13,     298,     0.5,     1.5,     2.6,     11.7,     90.1,     1008.1,     74.99,     254.9,     87.9,     -177.9
30,     24.06.2014 05:01:22,     18.9,     42.21,     325,     0.2,     1.2,     2.3,     11.8,     90.6,     1008.1,     75.29,     255,     87.9,     -177.9
31,     24.06.2014 05:11:16,     14.7,     34.17,     340,     0.3,     1.2,     2.1,     11.7,     90.3,     1008.1,     75.42,     254.9,     87.9,     -177.9,     12.465,     12.35,     70.5
32,     24.06.2014 05:21:16,     26.25,     54.27,     316,     0.4,     1.2,     2,     11.9,     90.6,     1008,     75.42,     254.9,     87.9,     -177.9
33,     24.06.2014 05:31:16,     39.9,     84.42,     308,     0,     0.9,     1.6,     11.8,     90.5,     1008,     75.44,     255,     87.9,     -177.9
34,     24.06.2014 05:41:16,     39.9,     82.41,     333,     0.6,     1.5,     2.3,     11.8,     89.7,     1008,     75.44,     255.1,     88,     -178
35,     24.06.2014 05:51:16,     76.65,     158.79,     296,     0.1,     1.1,     1.9,     11.9,     89.7,     1007.9,     75.44,     255,     87.9,     -177.8
36,     24.06.2014 06:01:16,     111.3,     241.2,     299,     0.5,     1.2,     1.9,     11.9,     89.4,     1007.9,     75.44,     255.1,     87.9,     -177.9
37,     24.06.2014 06:11:16,     138.6,     283.41,     318,     0.3,     1,     1.8,     11.9,     88.2,     1008,     75.44,     255.1,     88,     -178,     13.239,     13.00,     70.5
38,     24.06.2014 06:21:16,     395.85,     689.43,     307,     0.2,     0.7,     1.7,     12.1,     86.8,     1008,     75.44,     255.2,     87.9,     -177.9
39,     24.06.2014 06:31:16,     166.95,     349.74,     324,     0.1,     0.9,     2.2,     12.3,     84.5,     1008,     75.44,     255.2,     87.8,     -177.9
40,     24.06.2014 06:41:16,     95.55,     194.97,     290,     0,     0.9,     2.8,     12.6,     82.1,     1008,     75.44,     255.1,     88,     -178
41,     24.06.2014 06:51:16,     45.15,     94.47,     299,     1,     2.2,     3.7,     12.7,     81.9,     1008,     75.44,     255.1,     87.9,     -177.9
42,     24.06.2014 07:01:16,     99.75,     213.06,     309,     1.2,     2.4,     3.3,     12.7,     84.6,     1008,     75.44,     255.1,     87.9,     -177.9
43,     24.06.2014 07:11:21,     67.2,     142.71,     304,     0.9,     2.5,     3.6,     12.7,     84.9,     1008.1,     75.44,     255.1,     87.9,     -177.9,     13.271,     15.25,     69.6
44,     24.06.2014 07:21:21,     123.9,     265.32,     291,     0.3,     2.9,     4.2,     12.7,     85.4,     1008.1,     75.44,     255.2,     87.9,     -177.9
45,     24.06.2014 07:31:21,     127.05,     271.35,     347,     0.2,     2.4,     3.9,     12.7,     83.8,     1008.1,     75.44,     255.1,     88,     -178
46,     24.06.2014 07:41:21,     99.75,     221.1,     40,     1.8,     2.8,     4.5,     12.7,     84.8,     1008.1,     75.44,     255.1,     87.9,     -177.9
47,     24.06.2014 07:51:21,     99.75,     225.12,     38,     2.3,     3.2,     4.3,     12.5,     85.4,     1008.3,     75.44,     255.2,     87.9,     -177.9
48,     24.06.2014 08:01:21,     122.85,     263.31,     36,     2,     3.5,     4.7,     12.2,     87.1,     1008.3,     75.44,     254.6,     87.9,     -177.9
49,     24.06.2014 08:11:16,     159.6,     345.72,     47,     1,     2.2,     3.7,     11.9,     86.9,     1008.3,     75.44,     254.9,     87.9,     -177.9,     13.544,     14.65,     69.8
50,     24.06.2014 08:21:16,     150.15,     317.58,     51,     0.5,     1.6,     2.8,     11.8,     87.3,     1008.4,     75.44,     255.1,     88,     -178
51,     24.06.2014 08:31:16,     261.45,     536.67,     58,     0,     1.1,     2.5,     12,     87,     1008.4,     75.44,     255,     87.9,     -177.9
52,     24.06.2014 08:41:16,     231,     478.38,     60,     0,     0.4,     1.1,     12.3,     86,     1008.4,     75.44,     255,     87.9,     -177.9
53,     24.06.2014 08:51:16,     331.8,     681.39,     53,     0,     0.6,     1.3,     12.5,     83.9,     1008.4,     75.44,     255,     87.9,     -177.9
54,     24.06.2014 09:01:16,     376.95,     769.83,     344,     0,     0.5,     1.4,     12.9,     82.5,     1008.4,     75.44,     255.1,     87.9,     -177.9
55,     24.06.2014 09:11:17,     344.4,     707.52,     4,     0.1,     0.6,     1.8,     13.1,     79.9,     1008.3,     75.44,     255.1,     87.9,     -177.9,     13.493,     16.75,     69.6
56,     24.06.2014 09:21:17,     325.5,     671.34,     36,     0,     0.9,     1.9,     13.1,     80.1,     1008.3,     75.44,     255.1,     87.9,     -177.9
57,     24.06.2014 09:31:17,     262.5,     542.7,     47,     0,     1.2,     2.8,     13.2,     79.3,     1008.3,     75.44,     255.2,     87.9,     -177.9
58,     24.06.2014 09:41:17,     373.8,     773.85,     46,     0.1,     1.1,     2.2,     13.5,     77.9,     1008.3,     75.44,     255.1,     88,     -178
59,     24.06.2014 09:51:17,     228.9,     464.31,     26,     0,     1,     3,     13.7,     78.3,     1008.3,     75.44,     255.3,     88,     -178
60,     24.06.2014 10:01:17,     185.85,     373.86,     359,     0.6,     1.7,     2.9,     13.8,     76.7,     1008.3,     75.44,     255,     88,     -178
61,     24.06.2014 10:11:22,     375.9,     765.81,     22,     1.2,     2.3,     3.7,     13.8,     77.9,     1008.3,     75.44,     255.2,     87.9,     -177.9,     13.457,     18.88,     68.7
62,     24.06.2014 10:21:22,     253.05,     508.53,     34,     1.2,     2.4,     3.7,     13.8,     74,     1008.3,     75.44,     255.1,     87.9,     -177.9
63,     24.06.2014 10:31:22,     101.85,     205.02,     24,     0.9,     2.6,     4.7,     14,     73.5,     1008.3,     75.44,     75.6,     87.8,     -2.1
64,     24.06.2014 10:41:22,     91.35,     184.92,     10,     1.9,     3.2,     4.7,     13.8,     75.5,     1008.4,     75.44,     255.2,     88,     -178
65,     24.06.2014 10:51:22,     135.45,     297.48,     359,     1.5,     2.6,     4.3,     13.6,     77.5,     1008.4,     75.44,     255,     87.8,     -177.8
66,     24.06.2014 11:01:22,     208.95,     448.23,     358,     1.4,     2.6,     4,     13.6,     78.3,     1008.4,     75.44,     255.1,     87.6,     -177.6
67,     24.06.2014 11:11:16,     88.2,     196.98,     344,     1.1,     2.6,     4.3,     13.5,     79.9,     1008.4,     75.45,     255.2,     87.9,     -177.9,     13.506,     17.28,     69.5
68,     24.06.2014 11:21:16,     111.3,     231.15,     341,     1.6,     2.5,     4,     13.2,     80.7,     1008.4,     75.57,     255.3,     88,     -178
69,     24.06.2014 11:31:16,     254.1,     524.61,     340,     1.2,     2.2,     3.6,     13.2,     81.6,     1008.4,     75.57,     255.2,     87.9,     -177.9
70,     24.06.2014 11:41:16,     304.5,     621.09,     335,     0.8,     2,     3,     13.2,     79.8,     1008.4,     75.57,     255.2,     87.7,     -177.8
71,     24.06.2014 11:51:16,     410.55,     854.25,     322,     0.2,     1.4,     2.5,     13.5,     77.3,     1008.4,     75.57,     255.2,     87.9,     -177.9
72,     24.06.2014 12:01:16,     379.05,     769.83,     316,     0.5,     1.9,     3.8,     13.8,     78.7,     1008.4,     75.57,     255.2,     88,     -178
73,     24.06.2014 12:11:16,     369.6,     749.73,     321,     0.6,     1.8,     3.4,     13.8,     74.9,     1008.4,     75.57,     255.2,     87.9,     -177.9,     13.379,     17.37,     69.8
74,     24.06.2014 12:21:16,     302.4,     617.07,     272,     0.9,     2.2,     4.2,     14.1,     75.4,     1008.4,     75.57,     255.5,     87.9,     -177.9
75,     24.06.2014 12:31:16,     58.8,     102.51,     272,     0.9,     2.2,     3.6,     14,     75.2,     1008.3,     75.57,     255.4,     87.9,     -177.9
76,     24.06.2014 12:41:16,     165.9,     337.68,     327,     0.9,     3.2,     7.1,     14,     77.6,     1008.4,     75.57,     255.2,     87.9,     -177.9
77,     24.06.2014 12:51:16,     354.9,     731.64,     334,     0.4,     2.1,     3.8,     13.9,     73.7,     1008.4,     75.57,     255.1,     88.1,     -178.1
78,     24.06.2014 13:01:16,     266.7,     548.73,     255,     0.6,     2.9,     4.6,     13.7,     81.3,     1008.3,     75.57,     255.5,     88,     -178
79,     24.06.2014 13:11:16,     123.9,     243.21,     243,     1.3,     2.8,     3.9,     13.6,     81.3,     1008.3,     75.57,     255.6,     87.9,     -177.9,     13.491,     18.13,     69.1
80,     24.06.2014 13:21:16,     110.25,     201,     245,     1,     2.7,     4.3,     13.6,     81.8,     1008.3,     75.57,     75.7,     87.9,     -2
81,     24.06.2014 13:31:16,     236.25,     494.46,     240,     0.5,     1.7,     2.5,     13.7,     80.5,     1008.1,     75.57,     255.2,     88,     -178
82,     24.06.2014 13:41:16,     169.05,     357.78,     246,     0.7,     1.6,     3.2,     14.1,     77.9,     1008,     75.57,     255.2,     87.9,     -177.9
83,     24.06.2014 13:51:16,     200.55,     414.06,     269,     0.8,     2.5,     3.8,     14.2,     77.9,     1008.1,     75.67,     255.4,     87.9,     -177.9
84,     24.06.2014 14:01:16,     925.05,     1913.52,     268,     0.1,     1.8,     3.6,     14.3,     78.9,     1007.9,     75.69,     255.1,     88,     -178
85,     24.06.2014 14:11:17,     219.45,     456.27,     218,     0.1,     0.9,     1.9,     14.8,     74.2,     1007.8,     75.69,     255.2,     88,     -178,     13.402,     18.55,     69.3
86,     24.06.2014 14:21:17,     239.4,     496.47,     268,     0.1,     2.3,     3.5,     15,     74.7,     1007.8,     75.69,     255.6,     87.8,     -177.9
87,     24.06.2014 14:31:17,     225.75,     440.19,     270,     1,     2.3,     3.9,     15.2,     75.5,     1007.7,     75.69,     255.4,     87.9,     -177.9
88,     24.06.2014 14:41:17,     487.2,     1057.26,     300,     0.6,     2,     3.5,     15.2,     68,     1007.6,     75.69,     255.1,     88,     -178
89,     24.06.2014 14:51:17,     211.05,     418.08,     349,     1,     2.2,     4.8,     15.7,     63,     1007.6,     75.69,     255.2,     87.9,     -177.9
90,     24.06.2014 15:01:17,     165.9,     329.64,     13,     0.8,     2.4,     4.4,     15.9,     62.5,     1007.6,     75.69,     255.1,     87.9,     -177.9
91,     24.06.2014 15:11:22,     909.3,     1752.72,     2,     1.2,     3,     5.1,     15.9,     63.6,     1007.5,     75.69,     255.1,     87.8,     -177.8,     13.368,     19.98,     68.6
92,     24.06.2014 15:21:22,     244.65,     490.44,     350,     1.2,     2.9,     5.2,     16.1,     62.4,     1007.5,     75.69,     255.3,     88,     -178.1
93,     24.06.2014 15:31:22,     236.25,     456.27,     11,     1.5,     3.3,     5.4,     16.1,     59.7,     1007.4,     75.69,     255.2,     87.9,     -177.9
94,     24.06.2014 15:41:22,     276.15,     556.77,     17,     1.8,     3.1,     4.7,     16.3,     60.6,     1007.3,     75.69,     255,     87.5,     -177.5
95,     24.06.2014 15:51:22,     265.65,     540.69,     22,     2.4,     3.4,     4.9,     16.4,     55.7,     1007.3,     75.69,     255,     87.8,     -177.8
96,     24.06.2014 16:01:22,     781.2,     1469.31,     29,     1.4,     3.5,     5.8,     16.6,     57.6,     1007.2,     75.69,     75.6,     87.5,     -2.4
97,     24.06.2014 16:11:16,     687.75,     1290.42,     15,     0.6,     3.9,     6.1,     16.6,     57.2,     1007.2,     75.69,     75.9,     87.1,     -2.8,     13.375,     21.04,     67.8
98,     24.06.2014 16:21:16,     696.15,     1300.47,     351,     1.5,     4.1,     6.2,     16.6,     58.8,     1007.3,     75.69,     75.4,     87.5,     -2.4
99,     24.06.2014 16:31:16,     180.6,     363.81,     352,     2.3,     3.8,     5.7,     16.4,     57,     1007.4,     75.69,     75.3,     87.9,     -2
100,     24.06.2014 16:41:16,     501.9,     946.71,     355,     0.6,     3,     5.3,     16.3,     60.4,     1007.2,     75.69,     75.1,     88.1,     -1.8
101,     24.06.2014 16:51:16,     585.9,     1073.34,     30,     3.9,     5.5,     8.4,     16.1,     60.6,     1007.1,     75.69,     74.4,     88.7,     -1.2
102,     24.06.2014 17:01:16,     178.5,     393.96,     20,     3.6,     5.7,     7.7,     16,     63.2,     1007.2,     75.69,     75,     88.8,     -1
103,     24.06.2014 17:11:16,     507.15,     928.62,     18,     3.4,     5.9,     7.6,     16,     60.9,     1007.1,     75.69,     255.4,     87.7,     -177.7,     13.406,     20.86,     67.9
104,     24.06.2014 17:21:16,     140.7,     275.37,     12,     3,     5,     7.3,     16,     60.1,     1007.1,     75.69,     255,     88,     -178
105,     24.06.2014 17:31:16,     151.2,     303.51,     10,     2.8,     4.4,     6.4,     16,     57.4,     1007.2,     75.69,     75.1,     88.7,     -1.2
106,     24.06.2014 17:41:16,     394.8,     703.5,     14,     3.2,     4.6,     6.1,     16,     60.1,     1007.2,     75.69,     255.3,     87.8,     -177.8
107,     24.06.2014 17:51:16,     359.1,     645.21,     6,     2.5,     4.1,     6.3,     16.2,     59,     1007.1,     75.69,     75.5,     87.7,     -2.3
108,     24.06.2014 18:01:16,     160.65,     333.66,     15,     2.6,     4.6,     7.7,     16.1,     60,     1007,     75.69,     75.1,     87.5,     -2.4
109,     24.06.2014 18:11:17,     78.75,     170.85,     15,     2.7,     4.9,     7,     15.9,     57.5,     1007.1,     75.69,     75.2,     86.8,     -3.1,     13.478,     20.00,     68.3
110,     24.06.2014 18:21:17,     96.6,     194.97,     2,     2.1,     4.3,     6.9,     15.6,     59.8,     1007.2,     75.69,     255.3,     88.3,     -178.3
111,     24.06.2014 18:31:17,     225.75,     414.06,     0,     2.2,     3.7,     5.8,     15.5,     60.2,     1007.3,     75.69,     255.2,     88.1,     -178.1
112,     24.06.2014 18:41:17,     94.5,     201,     2,     1.6,     2.7,     3.9,     15.7,     60.1,     1007.3,     75.69,     255.1,     88.1,     -178.1
113,     24.06.2014 18:51:17,     63,     128.64,     7,     1.4,     2.2,     4.1,     15.5,     63.3,     1007.4,     75.69,     255,     87.9,     -177.9
114,     24.06.2014 19:01:17,     81.9,     126.63,     62,     0.3,     1.7,     3.2,     15.4,     62.4,     1007.3,     75.69,     255.1,     87.9,     -177.9
115,     24.06.2014 19:11:16,     86.1,     168.84,     48,     0.9,     1.7,     2.8,     15.3,     62.3,     1007.2,     75.69,     255,     87.9,     -178,     13.599,     17.98,     69.6
116,     24.06.2014 19:21:16,     76.65,     156.78,     54,     0.6,     1.8,     2.8,     15.2,     62.2,     1007.2,     75.69,     255,     87.9,     -177.9
117,     24.06.2014 19:31:16,     44.1,     94.47,     51,     1.2,     2.3,     4.4,     15.1,     62.8,     1007.1,     75.69,     255.1,     88,     -178
118,     24.06.2014 19:41:16,     40.95,     84.42,     51,     1,     2.9,     5.5,     14.8,     64,     1007,     75.69,     255,     88,     -178
119,     24.06.2014 19:51:16,     34.65,     68.34,     48,     1.4,     3.2,     4.8,     14.5,     66.3,     1007.1,     75.69,     254.8,     88,     -178
120,     24.06.2014 20:01:16,     34.65,     14.07,     55,     1.1,     2.3,     4,     14.2,     65.6,     1007.1,     75.69,     254.9,     88.1,     -178.1
121,     24.06.2014 20:11:23,     19.95,     8.04,     37,     0.9,     1.9,     3.2,     14.3,     67.8,     1007.2,     75.69,     255,     88,     -178,     12.951,     15.95,     70.0
122,     24.06.2014 20:21:23,     9.45,     4.02,     22,     1.3,     2.3,     3.2,     14.2,     68.4,     1007.2,     75.69,     254.9,     88,     -178
123,     24.06.2014 20:31:23,     1.05,     -2.01,     83,     0.8,     1.6,     2.6,     13.8,     70.6,     1007.1,     75.69,     255,     88,     -178
124,     24.06.2014 20:41:23,     0,     6.03,     84,     0.1,     0.8,     1.6,     13.6,     73.8,     1007,     75.69,     254.9,     87.9,     -177.9
125,     24.06.2014 20:51:23,     -2.1,     0,     48,     0.5,     1.2,     1.8,     13.5,     71.9,     1007,     75.69,     255,     87.8,     -177.8
126,     24.06.2014 21:01:23,     -3.15,     2.01,     59,     0.2,     0.9,     1.6,     13.8,     75.1,     1007.1,     75.69,     255,     88,     -177.9
127,     24.06.2014 21:11:21,     -3.15,     -2.01,     132,     0.2,     0.8,     1.3,     13.5,     76.6,     1007,     75.69,     255,     87.9,     -177.9,     12.709,     14.28,     70.4
128,     24.06.2014 21:21:21,     -3.15,     0,     100,     0.2,     0.9,     1.6,     13.1,     78.4,     1007,     75.69,     254.9,     87.9,     -177.9
129,     24.06.2014 21:31:21,     -3.15,     0,     120,     0.1,     0.6,     1.2,     12.9,     78.3,     1007,     75.69,     254.9,     87.9,     -177.9
130,     24.06.2014 21:41:21,     -1.05,     -2.01,     165,     0,     0.3,     0.9,     13,     77.6,     1007,     75.69,     255,     87.9,     -177.9
131,     24.06.2014 21:51:21,     -2.1,     -2.01,     248,     0,     1.2,     2.1,     13.2,     78.3,     1007,     75.69,     254.9,     87.9,     -177.9
132,     24.06.2014 22:01:21,     -3.15,     -2.01,     283,     0.5,     1.2,     2,     13.2,     80.1,     1007.1,     75.69,     255.1,     87.9,     -177.9
133,     24.06.2014 22:11:17,     -2.1,     0,     335,     0.9,     1.5,     2.2,     12.8,     79.4,     1007.1,     75.69,     254.9,     87.9,     -177.9,     12.639,     13.17,     70.7
134,     24.06.2014 22:21:17,     -2.1,     -2.01,     335,     1.1,     1.8,     2.5,     12.6,     80.4,     1007.1,     75.69,     255.1,     87.9,     -177.9
135,     24.06.2014 22:31:17,     -2.1,     -2.01,     316,     1,     1.9,     2.7,     12.6,     79.9,     1007,     75.69,     255,     87.9,     -177.9
136,     24.06.2014 22:41:17,     -2.1,     0,     33,     0.6,     1.5,     2.6,     12.9,     78.7,     1007,     75.69,     254.9,     87.9,     -177.9
137,     24.06.2014 22:51:17,     -3.15,     -2.01,     71,     0.4,     1.1,     2.2,     12.7,     78.4,     1006.8,     75.69,     255,     87.9,     -177.9
138,     24.06.2014 23:01:17,     -6.3,     0,     66,     0.4,     1,     1.7,     12.8,     78.2,     1006.8,     75.73,     255,     88,     -178
139,     24.06.2014 23:11:16,     -5.25,     -2.01,     95,     0.2,     0.6,     1.2,     12.9,     80.5,     1006.8,     75.82,     254.9,     87.9,     -177.9,     12.628,     12.88,     70.6
140,     24.06.2014 23:21:16,     -4.2,     0,     124,     0.5,     1.2,     1.9,     12.6,     82.9,     1006.8,     75.91,     255,     88,     -178
141,     24.06.2014 23:31:16,     -4.2,     -2.01,     142,     0.3,     1,     1.7,     12.4,     83.9,     1006.9,     75.95,     254.9,     87.9,     -177.9
142,     24.06.2014 23:41:16,     -3.15,     0,     163,     0.4,     0.9,     1.7,     12.3,     85.9,     1006.9,     75.95,     254.9,     88,     -178
143,     24.06.2014 23:51:16,     -4.2,     -2.01,     199,     0,     0.7,     1.5,     12.2,     86.5,     1006.8,     76.05,     255,     88,     -178
144,     25.06.2014 00:01:16,     -3.15,     -4.02,     266,     0,     0.6,     1.2,     12.3,     86.6,     1006.8,     76.15,     254.9,     87.8,     -177.9,     12.401,     12.45,     70.7