Logger: #D10248 'TSK_Meteo' - USP_EXP2 (V2.10, Jan 24 2012)
No,     Time,     #1:W/m²:0,     #2:ÂµMol:(do.),     #5:deg:2,     #6:m/sMIN:(do.),     #7:m/sMIT:(do.),     #8:m/sMAX:(do.),     #9:Â°C:(do.),     #10:%:(do.),     #11:hPa:(do.),     #12:mm:(do.),     #14:AZ:3,     #15:EL:(do.),     #16:Roll:(do.),     #HK-Bat:V,     #HK-Temp:oC,     #HK-rH:%
(GSM Transfer OK / Signal:16)
1,     06.09.2014 00:11:16,     -4.2,     0,     126,     0.1,     0.5,     0.9,     15.9,     82,     1007.4,     255.42,     257,     87.9,     -177.9,     12.518,     15.32,     69.1
2,     06.09.2014 00:21:16,     -4.2,     -2.01,     136,     0.4,     0.8,     1.2,     15.5,     83.5,     1007.3,     255.42,     257,     87.8,     -177.8
3,     06.09.2014 00:31:16,     -4.2,     0,     106,     0.3,     0.7,     1,     15.3,     84,     1007.2,     255.42,     256.9,     87.9,     -177.9
4,     06.09.2014 00:41:16,     -3.15,     -2.01,     54,     0.2,     0.6,     1.1,     15.6,     82.7,     1007.1,     255.42,     257,     87.9,     -177.9
5,     06.09.2014 00:51:16,     -5.25,     -2.01,     52,     0.1,     0.9,     1.5,     15.9,     81.6,     1007.1,     255.42,     257.1,     87.9,     -177.9
6,     06.09.2014 01:01:16,     -5.25,     -2.01,     101,     0.4,     0.7,     1,     15.7,     81.6,     1007,     255.42,     256.9,     88,     -178
7,     06.09.2014 01:11:16,     -4.2,     -2.01,     142,     0.1,     0.5,     0.9,     15.6,     84.4,     1007,     255.42,     257,     87.8,     -177.9,     12.520,     14.45,     70.4
8,     06.09.2014 01:21:16,     -4.2,     0,     192,     0,     0.5,     0.9,     15.3,     85.6,     1006.9,     255.42,     257,     87.9,     -177.9
9,     06.09.2014 01:31:16,     -5.25,     -2.01,     184,     0,     0.2,     0.7,     15.2,     86.5,     1006.8,     255.42,     257,     87.9,     -178
10,     06.09.2014 01:41:16,     -3.15,     -4.02,     188,     0.4,     0.7,     1.1,     15.3,     84.8,     1006.8,     255.42,     257,     87.9,     -177.9
11,     06.09.2014 01:51:16,     -5.25,     -4.02,     192,     0.4,     0.9,     1.4,     15.4,     82.9,     1006.8,     255.42,     257,     88,     -178
12,     06.09.2014 02:01:16,     -4.2,     -2.01,     179,     0,     0.5,     1.2,     15.4,     82.5,     1006.8,     255.42,     257.1,     88,     -178
13,     06.09.2014 02:11:23,     -3.15,     -2.01,     103,     0,     0.5,     1.5,     15.6,     83.9,     1006.8,     255.42,     256.9,     87.9,     -177.9,     12.493,     14.11,     70.4
14,     06.09.2014 02:21:23,     -5.25,     -4.02,     98,     0.2,     0.7,     1.5,     15.5,     82.9,     1006.8,     255.42,     257,     88,     -178
15,     06.09.2014 02:31:23,     -5.25,     -2.01,     126,     0.3,     0.8,     1.4,     14.9,     83.1,     1006.7,     255.42,     257,     88,     -178
16,     06.09.2014 02:41:23,     -5.25,     -4.02,     113,     0.1,     0.5,     0.8,     14.5,     84.3,     1006.6,     255.42,     257,     87.9,     -177.9
17,     06.09.2014 02:51:23,     -4.2,     -2.01,     104,     0,     0.4,     1,     14.8,     85.8,     1006.6,     255.42,     257,     87.9,     -177.9
18,     06.09.2014 03:01:23,     -4.2,     -2.01,     143,     0,     0.5,     1.2,     15,     85.5,     1006.6,     255.42,     257,     87.9,     -177.9
19,     06.09.2014 03:11:22,     -4.2,     -2.01,     182,     0,     0.4,     0.9,     15,     85.7,     1006.6,     255.42,     256.9,     87.9,     -177.9,     12.463,     13.67,     70.5
20,     06.09.2014 03:21:22,     -4.2,     -2.01,     112,     0.2,     0.6,     1,     14.7,     83.6,     1006.5,     255.42,     257,     87.8,     -177.9
21,     06.09.2014 03:31:22,     -2.1,     0,     72,     0,     0.5,     0.8,     14.7,     85.2,     1006.5,     255.42,     257,     87.9,     -177.9
22,     06.09.2014 03:41:22,     -5.25,     -2.01,     90,     0.2,     0.5,     0.8,     14.7,     84.4,     1006.4,     255.42,     257,     87.9,     -177.9
23,     06.09.2014 03:51:22,     -5.25,     -2.01,     111,     0.1,     0.5,     0.9,     14.6,     84.7,     1006.4,     255.42,     257,     87.9,     -177.9
24,     06.09.2014 04:01:22,     -4.2,     -2.01,     93,     0.2,     0.5,     0.9,     14.6,     85,     1006.5,     255.42,     257,     87.8,     -177.9
25,     06.09.2014 04:11:16,     -4.2,     -2.01,     92,     0.4,     0.7,     1.1,     14.4,     84.9,     1006.4,     255.42,     257,     87.9,     -177.9,     12.433,     13.35,     70.6
26,     06.09.2014 04:21:16,     -4.2,     -2.01,     69,     0.1,     0.9,     1.3,     14.5,     83.8,     1006.4,     255.42,     257,     87.9,     -177.9
27,     06.09.2014 04:31:16,     -4.2,     0,     95,     0.1,     0.5,     1.2,     14.3,     84.6,     1006.4,     255.42,     256.9,     87.8,     -177.9
28,     06.09.2014 04:41:16,     -3.15,     0,     87,     0.2,     0.6,     0.9,     14.3,     84.5,     1006.4,     255.42,     257.1,     87.8,     -177.9
29,     06.09.2014 04:51:16,     -4.2,     -2.01,     93,     0.1,     0.6,     1,     14.2,     84.9,     1006.4,     255.42,     256.9,     87.9,     -178
30,     06.09.2014 05:01:16,     -3.15,     -2.01,     86,     0.4,     0.8,     1.1,     14.3,     84.9,     1006.3,     255.42,     257,     87.9,     -177.9
31,     06.09.2014 05:11:16,     -2.1,     2.01,     85,     0.4,     0.7,     1,     14.2,     84.5,     1006.3,     255.42,     257,     88,     -178,     12.395,     13.05,     70.7
32,     06.09.2014 05:21:16,     -2.1,     4.02,     101,     0.3,     0.5,     0.9,     14.2,     85.6,     1006.3,     255.42,     257,     88,     -177.9
33,     06.09.2014 05:31:16,     3.15,     12.06,     97,     0.3,     0.7,     1.2,     14.2,     86.7,     1006.2,     255.42,     257,     88,     -178
34,     06.09.2014 05:41:16,     6.3,     22.11,     98,     0.7,     1.1,     1.5,     13.3,     86.8,     1006.2,     255.42,     256.9,     87.9,     -178
35,     06.09.2014 05:51:16,     14.7,     40.2,     75,     0.5,     0.9,     1.3,     13.4,     88.8,     1006.2,     255.42,     257,     87.9,     -177.9
36,     06.09.2014 06:01:16,     22.05,     60.3,     77,     0.1,     0.7,     1.3,     13.7,     89.3,     1006.2,     255.42,     257.1,     88,     -178
37,     06.09.2014 06:11:16,     49.35,     92.46,     109,     0.1,     0.5,     0.9,     13.9,     88.2,     1006.2,     255.42,     257.1,     88,     -178,     12.683,     13.10,     70.9
38,     06.09.2014 06:21:16,     68.25,     122.61,     103,     0.3,     0.6,     0.9,     14.1,     87,     1006.2,     255.42,     257.3,     87.9,     -177.9
39,     06.09.2014 06:31:16,     85.05,     154.77,     89,     0.1,     0.5,     0.8,     14.6,     85.3,     1006.3,     255.42,     257.2,     87.8,     -177.9
40,     06.09.2014 06:41:16,     103.95,     194.97,     73,     0.2,     0.6,     1,     14.7,     82.2,     1006.4,     255.42,     257.4,     87.8,     -177.9
41,     06.09.2014 06:51:16,     123.9,     235.17,     101,     0.1,     0.5,     0.8,     15.4,     80,     1006.5,     255.42,     257.4,     87.8,     -177.9
42,     06.09.2014 07:01:16,     147,     279.39,     72,     0,     0.6,     1,     15.4,     78.5,     1006.5,     255.42,     257.5,     87.9,     -177.9
43,     06.09.2014 07:11:22,     169.05,     323.61,     80,     0,     0.3,     0.9,     16.2,     77,     1006.5,     255.42,     257.5,     87.9,     -177.9,     14.422,     19.15,     70.9
44,     06.09.2014 07:21:22,     190.05,     369.84,     108,     0,     0.2,     0.5,     17.5,     72.6,     1006.5,     255.42,     257.5,     87.8,     -177.9
45,     06.09.2014 07:31:22,     216.3,     416.07,     132,     0,     0.4,     1.2,     17.5,     70.2,     1006.5,     255.42,     257.5,     88,     -177.9
46,     06.09.2014 07:41:22,     239.4,     460.29,     164,     0.1,     0.9,     1.5,     17,     72.5,     1006.6,     255.42,     257.6,     87.9,     -177.9
47,     06.09.2014 07:51:22,     265.65,     508.53,     148,     0.3,     1.1,     2.4,     17.2,     72.7,     1006.6,     255.42,     257.4,     88,     -178
48,     06.09.2014 08:01:22,     289.8,     556.77,     115,     0,     1,     1.7,     17.6,     70.7,     1006.6,     255.42,     257.5,     88,     -178
49,     06.09.2014 08:11:16,     311.85,     603,     125,     0,     0.6,     1.3,     18.2,     69.6,     1006.6,     255.42,     257.5,     87.9,     -177.9,     13.196,     24.91,     69.0
50,     06.09.2014 08:21:16,     333.9,     649.23,     241,     0,     0.5,     1.1,     18.6,     68,     1006.5,     255.42,     257.5,     87.9,     -177.9
51,     06.09.2014 08:31:16,     361.2,     695.46,     170,     0.2,     2.2,     3.9,     18.3,     68.3,     1006.5,     255.42,     257.4,     87.9,     -177.9
52,     06.09.2014 08:41:16,     386.4,     743.7,     180,     1.4,     2.6,     3.8,     18.4,     67.4,     1006.4,     255.42,     257.3,     87.9,     -177.9
53,     06.09.2014 08:51:16,     404.25,     779.88,     180,     1.2,     2.4,     3.7,     18.7,     67.7,     1006.5,     255.42,     257.4,     87.9,     -177.9
54,     06.09.2014 09:01:16,     425.25,     828.12,     178,     0.7,     2,     3.4,     19.1,     68.2,     1006.5,     255.42,     257.5,     87.9,     -178
55,     06.09.2014 09:11:16,     444.15,     868.32,     163,     0.1,     1.2,     2.6,     19.7,     65.9,     1006.5,     255.42,     257.4,     88,     -177.9,     13.296,     25.81,     68.1
56,     06.09.2014 09:21:16,     465.15,     910.53,     147,     0,     1.3,     2.5,     19.9,     64.7,     1006.6,     255.42,     257.3,     87.9,     -177.9
57,     06.09.2014 09:31:16,     486.15,     950.73,     142,     0.2,     1.7,     3.3,     20.2,     62.9,     1006.5,     255.42,     257.4,     87.9,     -177.9
58,     06.09.2014 09:41:16,     501.9,     984.9,     158,     0.1,     1.8,     3.5,     20.6,     61.6,     1006.5,     255.42,     257.4,     88.1,     -178
59,     06.09.2014 09:51:16,     520.8,     1019.07,     149,     0.2,     2.1,     4.4,     20.8,     60.2,     1006.5,     255.42,     257.5,     87.9,     -177.9
60,     06.09.2014 10:01:16,     538.65,     1057.26,     163,     0.2,     1.9,     4.2,     21.2,     61.7,     1006.4,     255.42,     257.3,     88,     -178
61,     06.09.2014 10:11:16,     555.45,     1093.44,     137,     0.1,     2,     4.5,     21.4,     60.7,     1006.4,     255.42,     77.8,     87.8,     -2,     12.957,     27.39,     67.1
62,     06.09.2014 10:21:16,     567,     1111.53,     151,     0.2,     2.5,     5.1,     21.7,     57.3,     1006.4,     255.42,     77.8,     87.8,     -2.1
63,     06.09.2014 10:31:16,     579.6,     1141.68,     158,     0.6,     2.4,     4.5,     21.9,     57.7,     1006.2,     255.42,     77.9,     87.8,     -2.1
64,     06.09.2014 10:41:16,     594.3,     1165.8,     144,     0.4,     2.5,     5.8,     22,     55.8,     1006.3,     255.42,     257.4,     88,     -178
65,     06.09.2014 10:51:16,     603.75,     1187.91,     155,     0.1,     2.4,     5.6,     22.2,     56.7,     1006.3,     255.42,     77.4,     87.9,     -2
66,     06.09.2014 11:01:16,     610.05,     1201.98,     141,     0.5,     2.5,     4.8,     22.3,     56.5,     1006.2,     255.42,     77.6,     87.9,     -2
67,     06.09.2014 11:11:22,     619.5,     1224.09,     157,     0.3,     2.6,     5.2,     22.5,     55.5,     1006.2,     255.42,     257.3,     87.9,     -178,     13.127,     27.52,     66.6
68,     06.09.2014 11:21:22,     632.1,     1252.23,     154,     0.2,     2.7,     4.9,     22.6,     53.7,     1006.2,     255.42,     77.6,     87.9,     -2
69,     06.09.2014 11:31:22,     634.2,     1252.23,     147,     0.3,     2.6,     7.3,     22.7,     55.4,     1006.2,     255.42,     77.7,     87.8,     -2.2
70,     06.09.2014 11:41:22,     638.4,     1268.31,     173,     0.7,     2.3,     4.7,     22.9,     54.6,     1006.1,     255.42,     77.6,     87.8,     -2
71,     06.09.2014 11:51:22,     638.4,     1266.3,     146,     0.1,     2,     5.1,     22.9,     54.7,     1006,     255.42,     77.3,     87.8,     -2.1
72,     06.09.2014 12:01:22,     643.65,     1276.35,     151,     0,     2.4,     5,     23.1,     55.5,     1006,     255.42,     77.8,     87.8,     -2.1
73,     06.09.2014 12:11:17,     638.4,     1268.31,     195,     0,     2.2,     4.5,     23.1,     53.1,     1005.9,     255.42,     77.9,     87.8,     -2,     12.993,     28.05,     66.4
74,     06.09.2014 12:21:17,     633.15,     1264.29,     204,     0.1,     1.2,     3.2,     23.4,     52.8,     1005.8,     255.42,     77.7,     87.8,     -2.1
75,     06.09.2014 12:31:17,     635.25,     1266.3,     199,     0.3,     2.1,     3.8,     23.5,     51.1,     1005.8,     255.42,     77.9,     87.9,     -2
76,     06.09.2014 12:41:17,     630,     1246.2,     201,     0.4,     2.6,     4.4,     23.6,     50.1,     1005.7,     255.42,     77.6,     87.9,     -2
77,     06.09.2014 12:51:17,     627.9,     1240.17,     204,     1.1,     2.9,     5.8,     23.6,     48.3,     1005.7,     255.42,     77.7,     87.9,     -2
78,     06.09.2014 13:01:17,     621.6,     1228.11,     202,     0.8,     3,     5.6,     23.7,     48.6,     1005.6,     255.42,     77.8,     87.8,     -2.1
79,     06.09.2014 13:11:16,     612.15,     1214.04,     203,     1.5,     3.1,     5.1,     23.8,     51.3,     1005.5,     255.42,     77.7,     87.9,     -2,     12.989,     28.62,     66.3
80,     06.09.2014 13:21:16,     602.7,     1193.94,     193,     1,     2.3,     4.8,     23.9,     47.7,     1005.5,     255.42,     77.7,     87.7,     -2.1
81,     06.09.2014 13:31:16,     592.2,     1169.82,     192,     0.8,     2.5,     4.5,     24,     48,     1005.4,     255.42,     77.6,     87.9,     -2
82,     06.09.2014 13:41:16,     577.5,     1139.67,     194,     0.2,     2.4,     4.2,     24.1,     49.7,     1005.4,     255.42,     77.5,     87.9,     -2
83,     06.09.2014 13:51:16,     568.05,     1115.55,     222,     1.5,     3.3,     4.8,     24.1,     48.8,     1005.3,     255.42,     78,     88,     -1.9
84,     06.09.2014 14:01:16,     555.45,     1091.43,     212,     1.1,     3,     4.8,     24.1,     48.8,     1005.3,     255.42,     77.6,     87.8,     -2
85,     06.09.2014 14:11:16,     537.6,     1053.24,     211,     1.3,     2.7,     4.1,     24.1,     48.8,     1005.3,     255.42,     77.6,     87.8,     -2,     13.103,     28.60,     66.3
86,     06.09.2014 14:21:16,     522.9,     1021.08,     206,     1.2,     2.6,     4,     24.1,     49.6,     1005.2,     255.42,     77.7,     87.8,     -2
87,     06.09.2014 14:31:16,     495.6,     946.71,     217,     1.1,     2.7,     5,     24.3,     47.7,     1005.1,     255.42,     77.9,     87.9,     -2
88,     06.09.2014 14:41:16,     190.05,     436.17,     202,     1.5,     2.7,     4.1,     24,     48.1,     1005.1,     255.42,     77.6,     87.9,     -2
89,     06.09.2014 14:51:16,     529.2,     990.93,     196,     1.5,     2.7,     4.5,     23.9,     50.4,     1004.9,     255.42,     77.6,     88,     -1.9
90,     06.09.2014 15:01:16,     475.65,     916.56,     204,     1.4,     2.6,     3.8,     24.1,     47.7,     1004.8,     255.42,     77.8,     87.9,     -2
91,     06.09.2014 15:11:16,     446.25,     862.29,     197,     1.2,     2.5,     4.2,     24.3,     46.9,     1004.7,     255.42,     77.6,     87.9,     -2,     13.112,     27.85,     66.9
92,     06.09.2014 15:21:16,     329.7,     627.12,     201,     1.4,     2.9,     4.3,     24.3,     48.3,     1004.7,     255.42,     77.7,     88,     -1.9
93,     06.09.2014 15:31:16,     174.3,     385.92,     184,     0.5,     2.4,     4.3,     24.3,     46.1,     1004.6,     255.42,     77.5,     88,     -1.9
94,     06.09.2014 15:41:16,     193.2,     408.03,     203,     1.1,     2.2,     3.2,     24.2,     47.7,     1004.5,     255.42,     77.7,     87.9,     -2
95,     06.09.2014 15:51:16,     182.7,     399.99,     197,     0.6,     1.6,     2.7,     24.1,     49.7,     1004.5,     255.42,     77.8,     88,     -1.9
96,     06.09.2014 16:01:16,     182.7,     363.81,     197,     0.9,     1.5,     2.4,     24.1,     51.5,     1004.5,     255.42,     77.6,     87.9,     -2
97,     06.09.2014 16:11:22,     105,     233.16,     183,     0.7,     1.8,     2.8,     24,     51.3,     1004.4,     255.42,     77.5,     87.9,     -1.9,     13.336,     26.97,     67.1
98,     06.09.2014 16:21:22,     92.4,     211.05,     178,     0.8,     1.5,     2.5,     23.9,     50.5,     1004.4,     255.42,     77.6,     88,     -1.9
99,     06.09.2014 16:31:22,     116.55,     249.24,     179,     0.5,     1.3,     2.3,     23.8,     51.8,     1004.4,     255.42,     257.2,     87.9,     -177.9
100,     06.09.2014 16:41:22,     131.25,     251.25,     166,     0.5,     1,     1.6,     23.6,     52.1,     1004.4,     255.42,     77.6,     87.9,     -2
101,     06.09.2014 16:51:22,     71.4,     178.89,     155,     0.4,     1,     1.5,     23.6,     54.3,     1004.4,     255.42,     77.6,     87.9,     -2
102,     06.09.2014 17:01:22,     78.75,     192.96,     78,     0.2,     0.8,     1.4,     22.7,     65.4,     1004.4,     255.42,     77.6,     88,     -1.9
103,     06.09.2014 17:11:17,     68.25,     178.89,     44,     0.4,     1,     1.5,     22.1,     69.8,     1004.4,     255.42,     77.6,     87.9,     -2,     13.485,     25.26,     67.6
104,     06.09.2014 17:21:17,     57.75,     156.78,     64,     0.1,     0.4,     1,     21.9,     70.3,     1004.3,     255.42,     77.6,     87.9,     -2
105,     06.09.2014 17:31:17,     70.35,     150.75,     90,     0,     0.3,     1,     21.8,     67.1,     1004.3,     255.42,     77.6,     87.9,     -2
106,     06.09.2014 17:41:17,     42,     114.57,     81,     0,     0.7,     1.4,     22.2,     63.6,     1004.3,     255.42,     77.6,     87.8,     -2.1
107,     06.09.2014 17:51:17,     22.05,     66.33,     50,     0.2,     0.7,     1.4,     21.9,     65.6,     1004.4,     255.42,     257.3,     87.9,     -177.9
108,     06.09.2014 18:01:17,     10.5,     40.2,     60,     0.1,     0.7,     2.3,     22,     61,     1004.4,     255.42,     257.2,     87.9,     -177.9
109,     06.09.2014 18:11:16,     6.3,     28.14,     62,     0,     0.7,     1.2,     21.6,     63.5,     1004.4,     255.42,     257.2,     88,     -178,     12.785,     22.77,     68.5
110,     06.09.2014 18:21:16,     3.15,     20.1,     76,     0,     0.4,     0.9,     20.9,     64.4,     1004.5,     255.42,     77.5,     88,     -1.9
111,     06.09.2014 18:31:16,     2.1,     16.08,     75,     0.2,     0.6,     1.1,     20.7,     65,     1004.6,     255.42,     257.2,     87.9,     -177.9
112,     06.09.2014 18:41:16,     -1.05,     10.05,     85,     0,     0.6,     1.1,     20.3,     64.6,     1004.5,     255.42,     257.1,     88,     -178
113,     06.09.2014 18:51:16,     -3.15,     4.02,     77,     0,     0.5,     1.4,     20.2,     64.6,     1004.5,     255.42,     257.2,     88,     -177.9
114,     06.09.2014 19:01:16,     -3.15,     0,     84,     0.2,     0.7,     1.5,     20.3,     64.5,     1004.4,     255.42,     257.2,     87.9,     -177.9
115,     06.09.2014 19:11:16,     -4.2,     -2.01,     116,     0,     0.4,     1.4,     20.1,     65,     1004.6,     255.42,     257.2,     87.9,     -177.9,     12.681,     20.05,     69.5
116,     06.09.2014 19:21:16,     -5.25,     -2.01,     145,     0,     0.4,     1.3,     20,     69.4,     1004.6,     255.42,     257.1,     87.9,     -177.9
117,     06.09.2014 19:31:16,     -4.2,     0,     124,     0,     0.3,     1,     19.7,     68.9,     1004.7,     255.42,     257.1,     88,     -178
118,     06.09.2014 19:41:16,     -4.2,     0,     154,     0,     0.4,     1,     19.5,     73.1,     1004.7,     255.42,     257.1,     87.9,     -177.9
119,     06.09.2014 19:51:16,     -4.2,     -2.01,     188,     0.3,     0.9,     1.6,     19.3,     69.8,     1004.7,     255.42,     257.1,     87.9,     -178
120,     06.09.2014 20:01:16,     -3.15,     -2.01,     192,     0.6,     1.3,     2.3,     19.7,     67,     1004.9,     255.42,     257.1,     87.9,     -177.9
121,     06.09.2014 20:11:16,     -5.25,     -4.02,     179,     0.2,     1,     2.1,     19.8,     66.5,     1004.9,     255.42,     257.1,     87.9,     -177.9,     12.645,     18.55,     69.8
122,     06.09.2014 20:21:16,     -5.25,     -4.02,     155,     0,     0.6,     1.5,     19.7,     67.9,     1005.1,     255.42,     257.1,     87.9,     -177.9
123,     06.09.2014 20:31:16,     -4.2,     -2.01,     152,     0,     0.4,     1.5,     19.5,     69,     1005.1,     255.42,     257.1,     87.8,     -177.9
124,     06.09.2014 20:41:16,     -5.25,     -4.02,     120,     0,     0.4,     1.1,     19.2,     69.9,     1005.1,     255.42,     257.2,     87.9,     -177.9
125,     06.09.2014 20:51:16,     -4.2,     -4.02,     151,     0,     0.4,     1.5,     19,     70.2,     1005.2,     255.42,     257.1,     87.8,     -177.8
126,     06.09.2014 21:01:16,     -4.2,     -2.01,     182,     0,     0.8,     2.2,     19.1,     70.6,     1005.2,     255.42,     257.1,     87.9,     -178
127,     06.09.2014 21:11:22,     -4.2,     0,     114,     0,     0.5,     1.5,     18.9,     71.2,     1005.1,     255.42,     257.1,     87.9,     -177.9,     12.622,     17.88,     69.8
128,     06.09.2014 21:21:22,     -3.15,     -2.01,     14,     0.1,     0.8,     1.5,     18.8,     71.2,     1005.3,     255.42,     257.1,     87.9,     -177.9
129,     06.09.2014 21:31:22,     -4.2,     -2.01,     51,     0,     0.7,     1.6,     18.7,     73.9,     1005.3,     255.42,     257.1,     87.9,     -178
130,     06.09.2014 21:41:22,     -4.2,     -2.01,     94,     0,     0.4,     1.1,     18.5,     76.9,     1005.3,     255.42,     257.2,     88,     -178
131,     06.09.2014 21:51:22,     -2.1,     0,     154,     0.2,     0.7,     1.2,     18.3,     76.2,     1005.4,     255.42,     257,     87.9,     -177.9
132,     06.09.2014 22:01:22,     -3.15,     -4.02,     160,     0.1,     0.6,     1.1,     18.1,     79.7,     1005.4,     255.42,     257.1,     88,     -178
133,     06.09.2014 22:11:22,     -3.15,     0,     182,     0.2,     1,     1.8,     17.8,     76.6,     1005.4,     255.42,     257.1,     88,     -178,     12.592,     17.37,     69.9
134,     06.09.2014 22:21:22,     -4.2,     0,     138,     0.1,     0.8,     1.8,     18,     75.7,     1005.3,     255.42,     257.1,     87.9,     -177.9
135,     06.09.2014 22:31:22,     -3.15,     -2.01,     131,     0.2,     1,     2.4,     18,     74.5,     1005.2,     255.42,     257,     88,     -178
136,     06.09.2014 22:41:22,     -4.2,     0,     202,     0.5,     1.1,     2.3,     18,     76.5,     1005.3,     255.42,     257.2,     87.8,     -177.8
137,     06.09.2014 22:51:22,     -3.15,     -2.01,     186,     0.4,     0.9,     1.6,     17.9,     76.2,     1005.2,     255.42,     257.1,     87.9,     -177.9
138,     06.09.2014 23:01:22,     -4.2,     -2.01,     204,     0.1,     0.8,     1.8,     17.9,     75.9,     1005.1,     255.42,     257.1,     88,     -178
139,     06.09.2014 23:11:23,     -3.15,     0,     160,     0,     0.7,     1.4,     17.9,     76.5,     1005,     255.42,     257,     88,     -178,     12.582,     17.13,     69.8
140,     06.09.2014 23:21:23,     -3.15,     -2.01,     198,     0.4,     1.2,     2.1,     17.8,     75,     1005.1,     255.42,     257.1,     87.8,     -177.8
141,     06.09.2014 23:31:23,     -3.15,     -2.01,     162,     0.8,     1.4,     2.5,     17.7,     75.4,     1005,     255.42,     257.1,     87.9,     -177.8
142,     06.09.2014 23:41:23,     -2.1,     0,     120,     0.7,     1.4,     2.8,     17.3,     76.6,     1004.9,     255.42,     257.1,     88,     -177.9
143,     06.09.2014 23:51:23,     -3.15,     -2.01,     125,     0.4,     1.1,     1.9,     17.6,     75.4,     1004.8,     255.42,     257.1,     87.9,     -177.9
144,     07.09.2014 00:01:22,     -2.1,     -2.01,     139,     0.2,     0.9,     1.7,     17.6,     76.1,     1004.8,     255.42,     257,     87.9,     -177.9,     12.416,     17.15,     69.8