Logger: #D10248 'TSK_Meteo' - USP_EXP2 (V2.10, Jan 24 2012)
No,     Time,     #1:W/m²:0,     #2:ÂµMol:(do.),     #5:deg:2,     #6:m/sMIN:(do.),     #7:m/sMIT:(do.),     #8:m/sMAX:(do.),     #9:Â°C:(do.),     #10:%:(do.),     #11:hPa:(do.),     #12:mm:(do.),     #14:AZ:3,     #15:EL:(do.),     #16:Roll:(do.),     #HK-Bat:V,     #HK-Temp:oC,     #HK-rH:%
(GSM Transfer OK / Signal:15)
1,     24.08.2014 00:11:22,     -3.15,     -2.01,     304,     0.1,     1.3,     2,     12.4,     75.3,     1004.5,     224.06,     255.2,     87.9,     -177.9,     12.408,     12.77,     68.7
2,     24.08.2014 00:21:22,     -3.15,     -2.01,     297,     0.6,     1.6,     2.4,     12.1,     76.8,     1004.4,     224.06,     255.3,     87.9,     -177.9
3,     24.08.2014 00:31:22,     -3.15,     0,     302,     0.8,     2,     3.3,     11.9,     75.4,     1004.4,     224.06,     255.5,     87.9,     -177.9
4,     24.08.2014 00:41:22,     -4.2,     -2.01,     307,     0.4,     1.5,     2.9,     11.8,     76.3,     1004.4,     224.06,     255.2,     88,     -178
5,     24.08.2014 00:51:22,     -3.15,     0,     308,     0.1,     1.2,     2.3,     11.6,     76.8,     1004.4,     224.06,     255.3,     88,     -178
6,     24.08.2014 01:01:22,     -4.2,     -2.01,     299,     0.2,     1.3,     2.3,     11.5,     77.5,     1004.4,     224.06,     255.2,     87.9,     -177.9
7,     24.08.2014 01:11:16,     -4.2,     -2.01,     304,     0.2,     1.1,     2.5,     11.4,     79,     1004.4,     224.06,     255.2,     87.8,     -177.8,     12.522,     11.31,     70.1
8,     24.08.2014 01:21:16,     -3.15,     -2.01,     296,     0.2,     1.7,     3.2,     11.3,     78.2,     1004.5,     224.06,     255.4,     87.9,     -177.9
9,     24.08.2014 01:31:16,     -5.25,     -4.02,     296,     0.1,     1.5,     2.4,     11.1,     79.5,     1004.4,     224.06,     255.2,     87.9,     -177.9
10,     24.08.2014 01:41:16,     -4.2,     -2.01,     319,     0.1,     1.1,     2.5,     11,     79.8,     1004.4,     224.06,     255.2,     87.9,     -177.9
11,     24.08.2014 01:51:16,     -4.2,     -2.01,     328,     0.1,     1.3,     2.8,     10.8,     80.3,     1004.4,     224.06,     255.3,     87.9,     -177.9
12,     24.08.2014 02:01:16,     -3.15,     -2.01,     339,     0.1,     1.4,     2.8,     10.5,     81.7,     1004.4,     224.06,     255.3,     87.7,     -177.8
13,     24.08.2014 02:11:22,     -4.2,     -2.01,     319,     0.1,     1.3,     3.2,     10.5,     83.1,     1004.4,     224.06,     255.2,     87.7,     -177.7,     12.471,     10.24,     70.3
14,     24.08.2014 02:21:22,     -4.2,     -4.02,     308,     0.1,     1.1,     2.3,     10.5,     82.9,     1004.4,     224.06,     255.3,     87.8,     -177.9
15,     24.08.2014 02:31:22,     -4.2,     -2.01,     324,     0.1,     1.2,     2.7,     10.4,     83.8,     1004.5,     224.06,     255.3,     87.9,     -177.9
16,     24.08.2014 02:41:22,     -5.25,     -2.01,     319,     0,     0.8,     2,     10.4,     85.9,     1004.5,     224.06,     255.2,     88,     -178
17,     24.08.2014 02:51:22,     -4.2,     0,     292,     0.1,     1.4,     2.8,     10.2,     84.2,     1004.5,     224.06,     255.3,     87.9,     -178
18,     24.08.2014 03:01:22,     -4.2,     -2.01,     295,     0.6,     1.4,     2.3,     10.2,     85.1,     1004.5,     224.06,     255.2,     87.8,     -177.9
19,     24.08.2014 03:11:22,     -3.15,     -6.03,     293,     0.1,     1.4,     2.5,     10.4,     85.5,     1004.6,     224.06,     255.2,     87.9,     -177.9,     12.429,     9.51,     70.5
20,     24.08.2014 03:21:22,     -2.1,     -2.01,     290,     0.5,     1.5,     2.5,     10.4,     85.4,     1004.6,     224.06,     255.3,     87.9,     -177.8
21,     24.08.2014 03:31:22,     -4.2,     -2.01,     281,     0.3,     1.4,     2.6,     10.4,     86.1,     1004.6,     224.06,     255.3,     87.9,     -177.9
22,     24.08.2014 03:41:22,     -5.25,     -2.01,     283,     0.5,     1.8,     2.9,     10.4,     85.7,     1004.6,     224.06,     255.4,     87.8,     -177.8
23,     24.08.2014 03:51:22,     -6.3,     -2.01,     278,     1.2,     2.1,     3.1,     10.2,     85.6,     1004.7,     224.06,     255.3,     88,     -178
24,     24.08.2014 04:01:22,     -4.2,     -2.01,     276,     0.9,     2.3,     3.9,     10.3,     85.2,     1004.7,     224.06,     255.5,     87.8,     -177.9
25,     24.08.2014 04:11:22,     -4.2,     -2.01,     281,     1.1,     2.6,     4.2,     10,     85.8,     1004.7,     224.06,     255.3,     87.9,     -177.9,     12.408,     9.50,     70.5
26,     24.08.2014 04:21:22,     -4.2,     -2.01,     289,     1,     2.6,     3.8,     9.8,     86.4,     1004.7,     224.06,     255.2,     87.8,     -177.8
27,     24.08.2014 04:31:22,     -4.2,     0,     302,     0.8,     2.2,     3.2,     9.6,     87,     1004.8,     224.06,     255.4,     87.9,     -177.9
28,     24.08.2014 04:41:22,     -5.25,     0,     302,     0.4,     1.5,     2.7,     9.2,     87.3,     1004.8,     224.06,     255.1,     87.7,     -177.8
29,     24.08.2014 04:51:22,     -3.15,     0,     284,     0.2,     1.5,     2.6,     9.4,     88.7,     1004.8,     224.06,     255.1,     87.8,     -177.9
30,     24.08.2014 05:01:22,     -1.05,     4.02,     291,     0.2,     1.5,     2.5,     9.4,     88.2,     1004.7,     224.06,     255.2,     87.8,     -177.9
31,     24.08.2014 05:11:18,     1.05,     12.06,     306,     0.7,     1.6,     2.5,     9.4,     87.8,     1004.8,     224.06,     255.2,     87.8,     -177.9,     12.355,     8.95,     70.6
32,     24.08.2014 05:21:18,     7.35,     26.13,     292,     0.4,     1.8,     2.8,     9.3,     88.8,     1004.8,     224.06,     255.5,     87.9,     -177.9
33,     24.08.2014 05:31:18,     14.7,     42.21,     270,     0.5,     1.9,     3,     9.5,     88.7,     1004.8,     224.06,     255.2,     87.8,     -177.9
34,     24.08.2014 05:41:18,     22.05,     62.31,     282,     0.1,     2,     3.8,     9.4,     88.2,     1004.9,     224.06,     255.3,     87.9,     -178
35,     24.08.2014 05:51:18,     30.45,     78.39,     285,     0.7,     1.8,     2.9,     9.4,     88.6,     1004.9,     224.06,     255.3,     87.8,     -177.9
36,     24.08.2014 06:01:18,     87.15,     142.71,     295,     0.7,     1.9,     3.2,     9.5,     87.8,     1005,     224.06,     255.3,     87.7,     -177.9
37,     24.08.2014 06:11:16,     118.65,     194.97,     305,     1,     1.9,     2.7,     9.5,     87.3,     1005,     224.06,     255.6,     87.8,     -177.9,     13.309,     9.69,     71.6
38,     24.08.2014 06:21:16,     135.45,     239.19,     288,     1.3,     2.3,     3.6,     9.6,     86.8,     1005,     224.06,     255.5,     87.8,     -177.9
39,     24.08.2014 06:31:16,     154.35,     285.42,     292,     1,     3.2,     5.6,     10,     86.6,     1005.1,     224.06,     256.2,     87.9,     -177.9
40,     24.08.2014 06:41:16,     171.15,     321.6,     291,     1.8,     3.2,     5.5,     10.1,     86,     1005.1,     224.06,     255.8,     87.8,     -177.8
41,     24.08.2014 06:51:16,     199.5,     377.88,     296,     1.5,     3.1,     5.1,     10.4,     85.9,     1005.1,     224.06,     255.9,     88,     -178
42,     24.08.2014 07:01:16,     233.1,     434.16,     292,     1.8,     3.3,     5.3,     10.6,     84.4,     1005.1,     224.06,     255.9,     87.8,     -177.8
43,     24.08.2014 07:11:16,     309.75,     574.86,     296,     1.5,     3.2,     5.7,     10.8,     83.5,     1005.2,     224.06,     255.9,     87.8,     -177.9,     13.604,     16.07,     70.7
44,     24.08.2014 07:21:16,     191.1,     379.89,     291,     1.8,     3.8,     5.8,     11.2,     82.4,     1005.2,     224.06,     256.3,     88,     -178
45,     24.08.2014 07:31:16,     171.15,     339.69,     290,     2.4,     4.2,     6.3,     11.3,     80.3,     1005.2,     224.06,     256.4,     88,     -178
46,     24.08.2014 07:41:16,     184.8,     367.83,     291,     2.4,     4.3,     6.6,     11.2,     80.5,     1005.4,     224.06,     256,     87.8,     -177.8
47,     24.08.2014 07:51:16,     359.1,     679.38,     298,     1.6,     4.1,     6.6,     11.3,     80.8,     1005.4,     224.06,     255.7,     87.8,     -177.9
48,     24.08.2014 08:01:16,     212.1,     422.1,     300,     1,     4.3,     6.2,     11.5,     81.6,     1005.5,     224.06,     256.3,     87.9,     -178
49,     24.08.2014 08:11:16,     176.4,     357.78,     305,     1.7,     4,     6.1,     11.6,     81.1,     1005.5,     224.06,     255.7,     88,     -178,     13.523,     16.85,     68.9
50,     24.08.2014 08:21:16,     197.4,     395.97,     303,     2.1,     3.9,     6.4,     11.6,     80.4,     1005.6,     224.06,     255.9,     87.9,     -177.9
51,     24.08.2014 08:31:16,     592.2,     1095.45,     296,     1.9,     3.6,     6.2,     11.7,     81.3,     1005.6,     224.06,     255.5,     87.8,     -177.9
52,     24.08.2014 08:41:16,     437.85,     801.99,     294,     2,     4.1,     6.5,     12,     79.3,     1005.6,     224.06,     255.7,     87.8,     -177.8
53,     24.08.2014 08:51:16,     445.2,     898.47,     299,     0.9,     4,     6.7,     12.5,     77.3,     1005.8,     224.06,     255.8,     88,     -178
54,     24.08.2014 09:01:16,     579.6,     1081.38,     298,     2.1,     4.1,     6.7,     12.8,     74.7,     1005.9,     224.06,     256.3,     87.8,     -177.8
55,     24.08.2014 09:11:16,     592.2,     1119.57,     309,     1.9,     4.2,     7.1,     13,     71.4,     1005.9,     224.06,     256.2,     87.9,     -178,     13.241,     18.07,     69.2
56,     24.08.2014 09:21:16,     575.4,     1107.51,     308,     1.8,     3.8,     7,     13.3,     72.4,     1005.9,     224.06,     255.8,     87.8,     -177.9
57,     24.08.2014 09:31:16,     642.6,     1175.85,     272,     2,     4,     6.1,     13.3,     71,     1006,     224.06,     256.3,     88,     -178
58,     24.08.2014 09:41:16,     580.65,     1023.09,     273,     2.6,     4.7,     7.6,     13.7,     68.3,     1006.1,     224.06,     255.9,     87.7,     -177.7
59,     24.08.2014 09:51:16,     787.5,     1435.14,     280,     2.2,     4.2,     7.2,     13.9,     66.3,     1006.1,     224.06,     256.1,     88,     -177.9
60,     24.08.2014 10:01:16,     308.7,     617.07,     292,     1.7,     4.2,     6.7,     14.2,     64.6,     1006.2,     224.06,     256.5,     87.9,     -177.9
61,     24.08.2014 10:11:27,     394.8,     731.64,     306,     1.4,     3.4,     5.5,     14.3,     64.7,     1006.3,     224.06,     256.1,     88,     -178,     13.432,     20.31,     67.4
62,     24.08.2014 10:21:27,     726.6,     1394.94,     313,     0.9,     3.3,     5.5,     14.3,     66.7,     1006.4,     224.06,     256,     88,     -177.9
63,     24.08.2014 10:31:27,     736.05,     1431.12,     296,     1.4,     3.9,     6.7,     14.3,     65,     1006.4,     224.06,     77,     87.9,     -2.1
64,     24.08.2014 10:41:27,     715.05,     1388.91,     292,     1.7,     4.3,     7.7,     14.4,     62.7,     1006.4,     224.06,     256.4,     87.9,     -177.8
65,     24.08.2014 10:51:27,     732.9,     1714.53,     291,     1.3,     3.8,     7.7,     14.6,     63.1,     1006.4,     224.06,     255.8,     87.9,     -177.9
66,     24.08.2014 11:01:27,     244.65,     494.46,     321,     0.9,     3.2,     6.5,     14.9,     63.7,     1006.4,     224.06,     256.5,     88,     -178.1
67,     24.08.2014 11:11:16,     279.3,     566.82,     291,     1.2,     4.4,     7.6,     14.8,     62.1,     1006.3,     224.06,     256.2,     88,     -178,     13.334,     20.33,     67.4
68,     24.08.2014 11:21:16,     300.3,     609.03,     300,     1.5,     3.7,     6.7,     14.8,     62.1,     1006.3,     224.06,     255.9,     87.8,     -177.8
69,     24.08.2014 11:31:16,     203.7,     410.04,     320,     1.5,     3.6,     6.4,     14.9,     60.6,     1006.3,     224.06,     256,     87.8,     -177.8
70,     24.08.2014 11:41:16,     249.9,     522.6,     303,     1.5,     4.9,     9.7,     14.8,     60.4,     1006.5,     224.06,     77.1,     87.9,     -2
71,     24.08.2014 11:51:16,     778.05,     1527.6,     290,     1.7,     4.9,     8.3,     15,     60.8,     1006.4,     224.06,     256.1,     87.8,     -177.9
72,     24.08.2014 12:01:16,     183.75,     393.96,     287,     0.2,     4.3,     8.2,     15.3,     60.1,     1006.4,     224.06,     256.2,     87.8,     -177.9
73,     24.08.2014 12:11:16,     777,     1531.62,     281,     1.6,     4.5,     7.4,     15.2,     59.3,     1006.4,     224.06,     76.3,     87.7,     -2.2,     13.404,     19.35,     67.8
74,     24.08.2014 12:21:16,     800.1,     1577.85,     265,     0.9,     3.7,     7.3,     15.4,     60.1,     1006.3,     224.06,     255.6,     87.8,     -177.9
75,     24.08.2014 12:31:16,     332.85,     739.68,     291,     1.4,     3.4,     6.9,     15.6,     57.5,     1006.3,     224.06,     256.1,     87.8,     -177.8
76,     24.08.2014 12:41:16,     765.45,     1499.46,     285,     2.5,     4.8,     7.7,     15.6,     56.6,     1006.3,     224.06,     76.5,     87.7,     -2.2
77,     24.08.2014 12:51:16,     203.7,     420.09,     304,     2,     4.4,     7.3,     15.7,     54.2,     1006.2,     224.06,     256,     87.9,     -177.9
78,     24.08.2014 13:01:16,     912.45,     1778.85,     293,     2.5,     5,     8,     15.9,     56.9,     1006.3,     224.06,     77,     87.8,     -2.2
79,     24.08.2014 13:11:17,     764.4,     1497.45,     274,     2.5,     5.4,     9,     15.6,     58.1,     1006.3,     224.06,     76.3,     87.5,     -2.4,     13.065,     20.03,     67.6
80,     24.08.2014 13:21:17,     256.2,     536.67,     269,     2.5,     5.2,     8.6,     15.6,     59.2,     1006.3,     224.06,     76.2,     87.7,     -2.1
81,     24.08.2014 13:31:17,     270.9,     558.78,     291,     2.5,     5.6,     9.1,     16,     54,     1006.4,     224.06,     255.6,     88,     -178.1
82,     24.08.2014 13:41:17,     297.15,     621.09,     297,     2.5,     6.4,     11.5,     15.5,     57.5,     1006.4,     224.06,     257.3,     87.9,     -177.9
83,     24.08.2014 13:51:17,     417.9,     976.86,     298,     2.6,     4.6,     8.7,     15.3,     57.5,     1006.3,     224.06,     256.3,     87.9,     -178
84,     24.08.2014 14:01:17,     426.3,     749.73,     293,     2.3,     5.3,     8.9,     15.4,     58.3,     1006.6,     224.06,     256.7,     87.9,     -178
85,     24.08.2014 14:11:17,     854.7,     1616.04,     317,     1.9,     6.5,     12,     14.9,     58.2,     1006.7,     224.06,     256.2,     87.3,     -177.3,     13.402,     19.45,     67.8
86,     24.08.2014 14:21:17,     361.2,     729.63,     330,     2.2,     5.4,     11.2,     14.3,     62.8,     1006.6,     224.06,     255.8,     87.8,     -177.9
87,     24.08.2014 14:31:17,     411.6,     822.09,     321,     1.7,     4.4,     8.3,     14.5,     60.1,     1006.6,     224.06,     256.5,     88.1,     -178.1
88,     24.08.2014 14:41:17,     726.6,     1360.77,     327,     1.6,     4.4,     8.3,     14.9,     57.4,     1006.5,     224.06,     255.8,     87.8,     -177.8
89,     24.08.2014 14:51:17,     596.4,     1131.63,     322,     2.1,     5.7,     9.8,     15.3,     52.7,     1006.5,     224.06,     76,     87.5,     -2.4
90,     24.08.2014 15:01:17,     564.9,     1073.34,     323,     2.6,     5.6,     10.9,     15.6,     51.8,     1006.3,     224.06,     255.8,     87.8,     -177.8
91,     24.08.2014 15:11:17,     534.45,     1015.05,     334,     1.7,     5.1,     8.8,     15.8,     50.7,     1006.4,     224.06,     76.2,     88.4,     -1.4,     13.385,     18.61,     68.2
92,     24.08.2014 15:21:17,     522.9,     992.94,     315,     1.7,     5.7,     10.9,     15.9,     50.6,     1006.4,     224.06,     76.6,     88.1,     -1.8
93,     24.08.2014 15:31:17,     507.15,     954.75,     301,     2.8,     5.9,     12.4,     16,     52.8,     1006.5,     224.06,     76.2,     87.8,     -2
94,     24.08.2014 15:41:17,     113.4,     243.21,     315,     0.7,     5.1,     9,     15.8,     52.9,     1006.5,     224.06,     75.9,     87.8,     -2.1
95,     24.08.2014 15:51:17,     519.75,     968.82,     310,     1,     4.5,     9,     15.9,     55.7,     1006.5,     224.06,     76,     87.7,     -2.2
96,     24.08.2014 16:01:17,     471.45,     884.4,     299,     1.2,     5.3,     10.9,     16.2,     49.3,     1006.5,     224.06,     255.9,     87.5,     -177.5
97,     24.08.2014 16:11:16,     124.95,     273.36,     309,     2.4,     5.6,     11.7,     16.5,     48.3,     1006.5,     224.06,     76,     87.7,     -2.3,     13.394,     19.00,     67.9
98,     24.08.2014 16:21:16,     59.85,     120.6,     325,     1.1,     5.4,     10.5,     16.1,     49.9,     1006.8,     224.06,     255.9,     88.1,     -178.1
99,     24.08.2014 16:31:16,     45.15,     98.49,     348,     3.6,     7.5,     13,     13.6,     64.7,     1007.1,     224.54,     257.4,     86.6,     -176.6
100,     24.08.2014 16:41:16,     433.65,     767.82,     335,     1.3,     4.2,     9.4,     13.3,     69.6,     1007,     224.58,     255.5,     87.2,     -177.2
101,     24.08.2014 16:51:16,     333.9,     596.97,     321,     1,     2.7,     6.4,     13.8,     63.3,     1006.8,     224.58,     255.8,     87.9,     -177.9
102,     24.08.2014 17:01:16,     280.35,     508.53,     311,     1.7,     4,     7.3,     14.6,     58.9,     1006.8,     224.58,     75.9,     87.9,     -2
103,     24.08.2014 17:11:17,     260.4,     464.31,     300,     0.9,     3.9,     7.1,     14.9,     55.6,     1006.6,     224.58,     75.8,     87.9,     -2,     13.508,     17.17,     68.5
104,     24.08.2014 17:21:17,     228.9,     410.04,     304,     0.3,     3.6,     7.9,     15.2,     53.7,     1006.6,     224.58,     255.7,     87.9,     -177.9
105,     24.08.2014 17:31:17,     200.55,     357.78,     302,     2,     4.4,     10,     15.2,     55.4,     1006.6,     224.58,     255.8,     88,     -178.1
106,     24.08.2014 17:41:17,     176.4,     313.56,     306,     1.3,     4.1,     8.1,     15.1,     56.3,     1006.6,     224.58,     76.8,     88.1,     -1.8
107,     24.08.2014 17:51:17,     150.15,     267.33,     305,     1.7,     3.9,     7.9,     15.1,     57.6,     1006.7,     224.58,     256.5,     88,     -178
108,     24.08.2014 18:01:17,     130.2,     225.12,     292,     0.9,     4.9,     8.9,     15,     58.3,     1006.6,     224.58,     76.6,     88,     -1.9
109,     24.08.2014 18:11:18,     105,     176.88,     293,     2.2,     4.2,     7.3,     15,     60,     1006.7,     224.58,     255.8,     88,     -178,     13.565,     17.79,     67.7
110,     24.08.2014 18:21:18,     86.1,     138.69,     295,     1.6,     5.1,     9.4,     14.9,     57.7,     1006.8,     224.58,     76.3,     87.9,     -2
111,     24.08.2014 18:31:18,     61.95,     100.5,     295,     1.4,     3.9,     6.6,     14.7,     59,     1006.8,     224.58,     76.1,     87.9,     -2
112,     24.08.2014 18:41:18,     42,     74.37,     298,     1.8,     3.9,     6.3,     14.6,     59.6,     1006.8,     224.58,     255.6,     87.9,     -177.9
113,     24.08.2014 18:51:18,     28.35,     50.25,     297,     2.1,     3.6,     5.9,     14.5,     60.1,     1006.8,     224.58,     255.4,     88,     -177.9
114,     24.08.2014 19:01:18,     9.45,     30.15,     289,     2,     3.3,     4.9,     14.3,     61.3,     1007,     224.58,     255.8,     88,     -178
115,     24.08.2014 19:11:16,     3.15,     16.08,     288,     1.5,     3.3,     5.6,     14.1,     62.9,     1007.1,     224.58,     255.6,     88,     -178,     12.781,     16.13,     68.7
116,     24.08.2014 19:21:16,     -1.05,     8.04,     291,     1.9,     3.3,     4.9,     13.9,     63.5,     1007.1,     224.58,     255.6,     88,     -177.9
117,     24.08.2014 19:31:16,     -5.25,     0,     294,     1.3,     2.8,     4.3,     13.6,     64.9,     1007.2,     224.58,     255.6,     88,     -177.9
118,     24.08.2014 19:41:16,     -5.25,     -2.01,     297,     1.3,     3.2,     6.2,     13.5,     65.7,     1007.3,     224.58,     255.7,     87.9,     -177.9
119,     24.08.2014 19:51:16,     -5.25,     -4.02,     293,     1.2,     3.6,     6,     13.4,     65.5,     1007.4,     224.58,     255.8,     88,     -178
120,     24.08.2014 20:01:16,     -5.25,     0,     298,     1.3,     2.9,     5.9,     13.2,     65.5,     1007.5,     224.58,     255.7,     88,     -177.9
121,     24.08.2014 20:11:16,     -5.25,     -2.01,     299,     1.8,     2.9,     4.2,     13,     66.3,     1007.6,     224.58,     255.6,     87.8,     -177.8,     12.662,     13.50,     69.9
122,     24.08.2014 20:21:16,     -5.25,     -2.01,     298,     1.3,     3.5,     5.5,     13,     66.4,     1007.6,     224.58,     75.9,     87.9,     -2
123,     24.08.2014 20:31:16,     -5.25,     -2.01,     301,     1.3,     3.1,     5.4,     12.9,     66.9,     1007.7,     224.58,     255.4,     87.9,     -177.9
124,     24.08.2014 20:41:16,     -6.3,     -2.01,     298,     1.6,     3,     4.6,     12.7,     66.5,     1007.8,     224.58,     255.6,     88,     -178
125,     24.08.2014 20:51:16,     -4.2,     -2.01,     299,     1.8,     3.1,     4.9,     12.6,     67,     1007.8,     224.58,     255.8,     87.8,     -177.8
126,     24.08.2014 21:01:16,     -5.25,     -2.01,     298,     1.5,     3.4,     6.2,     12.5,     68.9,     1007.7,     224.58,     256.2,     88,     -178
127,     24.08.2014 21:11:16,     -6.3,     -2.01,     300,     0.8,     2.8,     5.4,     12.4,     69.6,     1007.8,     224.58,     255.6,     87.9,     -177.9,     12.639,     12.15,     70.3
128,     24.08.2014 21:21:16,     -4.2,     -2.01,     304,     1,     2.3,     4.2,     12.2,     71.3,     1007.8,     224.58,     255.3,     87.8,     -177.8
129,     24.08.2014 21:31:16,     -6.3,     -4.02,     304,     0.5,     2.1,     4.5,     12,     72,     1007.7,     224.58,     255.5,     88,     -178
130,     24.08.2014 21:41:16,     -4.2,     -2.01,     282,     1.1,     2.2,     3.4,     12.1,     74.2,     1007.7,     224.58,     255.4,     87.9,     -177.9
131,     24.08.2014 21:51:16,     -5.25,     -2.01,     282,     0.4,     2.3,     3.6,     12.1,     73.6,     1007.7,     224.58,     255.4,     87.9,     -177.9
132,     24.08.2014 22:01:16,     -5.25,     0,     289,     1.1,     2.2,     3.7,     11.9,     74,     1007.8,     224.58,     255.3,     87.9,     -177.9
133,     24.08.2014 22:11:22,     -4.2,     -2.01,     280,     1.1,     2.4,     4.6,     11.7,     74,     1007.8,     224.58,     255.4,     87.9,     -177.9,     12.609,     11.12,     70.4
134,     24.08.2014 22:21:22,     -4.2,     -2.01,     287,     1.6,     2.7,     4.5,     11.6,     75.1,     1007.8,     224.58,     255.6,     87.9,     -177.9
135,     24.08.2014 22:31:22,     -4.2,     0,     287,     0.8,     2.6,     3.9,     11.6,     76,     1007.8,     224.58,     255.2,     87.9,     -177.9
136,     24.08.2014 22:41:22,     -5.25,     -2.01,     302,     1,     2.6,     4.1,     11.3,     76.6,     1007.8,     224.58,     256.1,     87.9,     -177.9
137,     24.08.2014 22:51:22,     -5.25,     -2.01,     303,     1.2,     2.6,     4.8,     11.1,     76.8,     1007.8,     224.58,     255.4,     87.9,     -177.9
138,     24.08.2014 23:01:22,     -5.25,     -2.01,     300,     0.4,     2.6,     4,     11,     77.3,     1007.8,     224.58,     255.4,     87.9,     -177.9
139,     24.08.2014 23:11:16,     -5.25,     -2.01,     296,     1.2,     2.8,     4.7,     11.2,     77.7,     1007.8,     224.58,     255.7,     87.9,     -177.9,     12.567,     10.51,     70.5
140,     24.08.2014 23:21:16,     -5.25,     -2.01,     301,     1.3,     2.3,     3.6,     11,     77.7,     1007.8,     224.58,     255.2,     88,     -178
141,     24.08.2014 23:31:16,     -4.2,     -2.01,     300,     0.8,     2.1,     3.4,     10.8,     78.4,     1007.8,     224.58,     255.5,     87.9,     -178
142,     24.08.2014 23:41:16,     -5.25,     -2.01,     296,     0.5,     2.3,     3.3,     10.8,     78.9,     1007.8,     224.58,     255.3,     87.9,     -177.9
143,     24.08.2014 23:51:16,     -4.2,     -2.01,     285,     0.9,     2.5,     3.8,     10.9,     77.6,     1007.8,     224.58,     255,     87.9,     -177.9
144,     25.08.2014 00:01:16,     -5.25,     -2.01,     294,     1.5,     2.7,     4.2,     10.8,     78.6,     1007.8,     224.58,     255.3,     87.9,     -177.9,     12.452,     10.06,     70.6