Logger: #D10248 'TSK_Meteo' - USP_EXP2 (V2.10, Jan 24 2012)
No,     Time,     #1:W/m²:0,     #2:ÂµMol:(do.),     #5:deg:2,     #6:m/sMIN:(do.),     #7:m/sMIT:(do.),     #8:m/sMAX:(do.),     #9:Â°C:(do.),     #10:%:(do.),     #11:hPa:(do.),     #12:mm:(do.),     #14:AZ:3,     #15:EL:(do.),     #16:Roll:(do.),     #HK-Bat:V,     #HK-Temp:oC,     #HK-rH:%
(GSM Transfer OK / Signal:16)
1,     16.01.2015 00:11:16,     -3.15,     -4.02,     236,     3.3,     5.8,     8.6,     8.6,     68.9,     990.5,     423.29,     255.4,     87.7,     -177.9,     13.688,     8.97,     87.2
2,     16.01.2015 00:21:16,     -4.2,     -4.02,     237,     3.4,     6.1,     9.2,     8.5,     69.2,     990.9,     423.29,     256.8,     88,     -178
3,     16.01.2015 00:31:16,     -2.1,     0,     239,     3.4,     6.1,     10.8,     8.7,     68.3,     990.9,     423.29,     256.4,     88.5,     -178.5
4,     16.01.2015 00:41:16,     -4.2,     -2.01,     238,     3.8,     6.8,     11.4,     8.8,     68.1,     990.9,     423.29,     76.6,     88.1,     -1.8
5,     16.01.2015 00:51:16,     -1.05,     0,     241,     3.2,     6.5,     10.3,     8.8,     68.9,     991.1,     423.29,     76.6,     87.8,     -2.1
6,     16.01.2015 01:01:16,     -2.1,     0,     240,     3.7,     6.4,     10.5,     8.6,     71.5,     991.1,     423.29,     75.8,     87.7,     -2.2
7,     16.01.2015 01:11:17,     -1.05,     0,     238,     3.3,     6.3,     10.3,     8.3,     73.9,     991.2,     423.29,     255.8,     87.9,     -177.9,     13.837,     8.43,     89.3
8,     16.01.2015 01:21:17,     -2.1,     0,     235,     3.5,     6.8,     11.4,     8.2,     74.2,     991.3,     423.29,     78.7,     88.2,     -1.6
9,     16.01.2015 01:31:17,     -2.1,     0,     240,     3.4,     6.5,     11.7,     8.2,     74,     991.2,     423.29,     76.5,     87.6,     -2.2
10,     16.01.2015 01:41:17,     -2.1,     2.01,     236,     3.1,     6.3,     10,     8.1,     74,     991.3,     423.29,     75.9,     87.8,     -2.1
11,     16.01.2015 01:51:17,     -3.15,     0,     238,     3.3,     5.5,     8.2,     8.1,     74.3,     991.4,     423.29,     75.1,     88,     -1.8
12,     16.01.2015 02:01:17,     -3.15,     -2.01,     234,     3.5,     5.7,     8.7,     7.9,     75.8,     991.5,     423.29,     76,     88,     -1.8
13,     16.01.2015 02:11:16,     -4.2,     -2.01,     236,     3.3,     5.8,     9.2,     7.8,     76.5,     991.7,     423.29,     76.4,     88.1,     -1.9,     13.818,     8.11,     89.4
14,     16.01.2015 02:21:16,     -3.15,     0,     239,     3,     5.2,     9.3,     7.7,     76.7,     992,     423.29,     76.1,     88.1,     -1.7
15,     16.01.2015 02:31:16,     -3.15,     -2.01,     232,     2.6,     4.5,     6.8,     7.5,     77.5,     992.1,     423.29,     74.8,     87.8,     -2
16,     16.01.2015 02:41:16,     -3.15,     -2.01,     234,     2.8,     5.1,     7.6,     7.6,     77.1,     992.1,     423.29,     75.9,     87.9,     -2
17,     16.01.2015 02:51:16,     -2.1,     -2.01,     232,     3.1,     5.6,     8.7,     7.7,     76.5,     992.1,     423.29,     255.7,     87.9,     -178
18,     16.01.2015 03:01:16,     -3.15,     -2.01,     244,     2.9,     5.8,     9.8,     7.9,     74.7,     992.2,     423.29,     76.3,     88,     -1.9
19,     16.01.2015 03:11:16,     -4.2,     -2.01,     254,     3.4,     6,     12.1,     8.3,     72.3,     992.3,     423.29,     75.6,     88.5,     -1.5,     13.841,     7.58,     89.7
20,     16.01.2015 03:21:16,     -4.2,     0,     251,     2.9,     5.6,     9.2,     8.3,     71.8,     992.2,     423.29,     257.4,     88.1,     -178.2
21,     16.01.2015 03:31:16,     -4.2,     -4.02,     246,     3.3,     6.4,     10.6,     8.5,     70.4,     992.3,     423.29,     76.7,     87.9,     -2
22,     16.01.2015 03:41:16,     -4.2,     0,     250,     3.3,     6.6,     9.7,     8.5,     69.4,     992.3,     423.29,     77.3,     87.9,     -1.6
23,     16.01.2015 03:51:16,     -5.25,     -4.02,     259,     2.5,     5.8,     9.9,     8.4,     69.5,     992.5,     423.29,     255.1,     87.8,     -177.8
24,     16.01.2015 04:01:16,     -5.25,     -2.01,     252,     3.5,     6.3,     10.3,     8.3,     69.6,     992.4,     423.29,     75.2,     88.1,     -1.7
25,     16.01.2015 04:11:16,     -5.25,     -2.01,     244,     2.7,     4.9,     8.7,     8.2,     70.2,     992.5,     423.29,     75.2,     88.1,     -1.8,     13.799,     7.55,     89.7
26,     16.01.2015 04:21:16,     -4.2,     0,     250,     2.6,     5,     8.4,     8,     70.9,     992.5,     423.29,     254.9,     88.3,     -178.3
27,     16.01.2015 04:31:16,     -3.15,     -2.01,     247,     2.7,     4.8,     7.8,     7.9,     70.9,     992.7,     423.29,     75.8,     87.8,     -2
28,     16.01.2015 04:41:16,     -4.2,     -2.01,     247,     2.4,     5,     8.2,     7.9,     70.7,     992.8,     423.29,     74.6,     88.1,     -1.9
29,     16.01.2015 04:51:16,     -4.2,     -2.01,     245,     2.1,     4.5,     7.8,     7.7,     72.3,     992.9,     423.29,     75.3,     88,     -1.9
30,     16.01.2015 05:01:16,     -4.2,     0,     249,     2,     4.9,     7.4,     7.6,     73.1,     993.1,     423.29,     255.2,     88,     -178
31,     16.01.2015 05:11:16,     -4.2,     -4.02,     254,     2,     4.4,     7.5,     7.5,     74.3,     993.2,     423.29,     74.4,     87.9,     -1.9,     12.707,     7.02,     89.8
32,     16.01.2015 05:21:16,     -4.2,     -2.01,     265,     1.8,     5.4,     8.6,     7.5,     73.1,     993.4,     423.29,     256.5,     88,     -178
33,     16.01.2015 05:31:16,     -5.25,     -2.01,     263,     1.6,     5.3,     8.6,     7.3,     72.7,     993.4,     423.29,     75.8,     87.3,     -2.5
34,     16.01.2015 05:41:16,     -5.25,     -2.01,     264,     2.6,     5.8,     9.2,     7.3,     71.2,     993.5,     423.29,     76.9,     87.6,     -1.9
35,     16.01.2015 05:51:16,     -3.15,     -2.01,     268,     2.3,     6,     10.2,     7.2,     69.2,     993.9,     423.29,     254.9,     87.7,     -177.7
36,     16.01.2015 06:01:16,     -5.25,     0,     264,     3.6,     6,     10.2,     7.1,     67.2,     993.9,     423.29,     76.4,     87.7,     -1.8
37,     16.01.2015 06:11:17,     -4.2,     -2.01,     259,     2.9,     6.1,     10.3,     7.1,     65.9,     993.7,     423.29,     255.9,     87.8,     -177.8,     12.666,     6.32,     90.1
38,     16.01.2015 06:21:17,     -4.2,     0,     253,     3.4,     5.9,     9.3,     7,     66.5,     993.8,     423.29,     75.8,     87.6,     -2.1
39,     16.01.2015 06:31:17,     -4.2,     0,     245,     3.4,     6.3,     9.3,     6.9,     66.3,     993.8,     423.29,     77.1,     87.2,     -2.6
40,     16.01.2015 06:41:17,     -4.2,     -2.01,     249,     1.4,     6,     10.4,     6.8,     65.9,     994.2,     423.29,     256.8,     88,     -178
41,     16.01.2015 06:51:17,     -4.2,     -2.01,     255,     3.3,     5.2,     7.9,     6.7,     66.3,     994.4,     423.29,     75.9,     88.1,     -1.8
42,     16.01.2015 07:01:17,     -5.25,     -2.01,     247,     3.2,     5.3,     7.8,     6.7,     65.9,     994.4,     423.29,     77.2,     88.3,     -1.7
43,     16.01.2015 07:11:16,     -5.25,     -2.01,     253,     1,     5,     7.3,     6.6,     66.6,     994.4,     423.29,     255.7,     88,     -177.9,     12.633,     5.82,     90.2
44,     16.01.2015 07:21:16,     -4.2,     -2.01,     254,     3.6,     6.1,     9.3,     6.6,     67.2,     994.3,     423.29,     75.7,     87.9,     -2
45,     16.01.2015 07:31:16,     -3.15,     0,     255,     2.5,     5.8,     9,     6.5,     67.4,     994.4,     423.29,     257,     88,     -178
46,     16.01.2015 07:41:16,     -4.2,     -2.01,     264,     2.4,     5.8,     8.9,     6.5,     67.7,     994.5,     423.29,     74.6,     87.8,     -2
47,     16.01.2015 07:51:16,     -3.15,     -2.01,     260,     2.2,     5.4,     8.7,     6.4,     68.4,     994.8,     423.29,     76.5,     87.9,     -1.9
48,     16.01.2015 08:01:16,     -3.15,     0,     257,     2.4,     5.3,     8.8,     6.3,     68.4,     994.9,     423.29,     74.8,     88,     -1.8
49,     16.01.2015 08:11:16,     -2.1,     2.01,     263,     3.4,     5.5,     9.1,     6.4,     67.7,     995.1,     423.29,     75,     88,     -1.8,     12.613,     5.65,     90.3
50,     16.01.2015 08:21:16,     -1.05,     6.03,     257,     3.2,     5.5,     9.6,     6.4,     67.6,     995.2,     423.29,     75.3,     87.8,     -1.9
51,     16.01.2015 08:31:16,     3.15,     14.07,     258,     3,     5.9,     8,     6.4,     67.7,     995.4,     423.29,     75.1,     88,     -2
52,     16.01.2015 08:41:16,     7.35,     20.1,     256,     3.1,     5.8,     9.1,     6.4,     67.7,     995.5,     423.29,     74.3,     88.1,     -1.8
53,     16.01.2015 08:51:16,     16.8,     34.17,     257,     2.3,     5,     7.6,     6.3,     68.1,     995.8,     423.29,     74.9,     87.9,     -2
54,     16.01.2015 09:01:16,     29.4,     56.28,     260,     1.9,     5,     8.5,     6.3,     68.5,     995.9,     423.29,     75.9,     88.4,     -1.5
55,     16.01.2015 09:11:16,     37.8,     74.37,     267,     3.5,     6.3,     10,     6.4,     67.4,     995.9,     423.29,     75.3,     87.6,     -1.8,     13.160,     5.69,     90.4
56,     16.01.2015 09:21:16,     55.65,     100.5,     262,     2.2,     6,     9.4,     6.5,     67.4,     996.1,     423.29,     75.6,     88.2,     -1.6
57,     16.01.2015 09:31:16,     51.45,     98.49,     260,     3.3,     5.6,     9.4,     6.5,     67.1,     996.2,     423.29,     255.4,     88,     -178
58,     16.01.2015 09:41:16,     89.25,     158.79,     262,     2.7,     5.8,     9.1,     6.5,     67.2,     996.3,     423.29,     75.9,     87.9,     -2
59,     16.01.2015 09:51:16,     111.3,     192.96,     259,     2.4,     5.3,     8.6,     6.5,     66.5,     996.3,     423.29,     75.2,     87.9,     -2
60,     16.01.2015 10:01:16,     126,     225.12,     258,     3,     5.7,     9.7,     6.5,     67.1,     996.6,     423.29,     255.9,     88,     -178
61,     16.01.2015 10:11:16,     181.65,     317.58,     253,     3.5,     6.1,     9.1,     6.5,     66.9,     996.7,     423.29,     76.3,     88,     -1.8,     13.474,     6.89,     90.7
62,     16.01.2015 10:21:16,     173.25,     311.55,     257,     2.4,     6.2,     11.1,     6.6,     66.5,     996.8,     423.29,     75.7,     87.5,     -2.2
63,     16.01.2015 10:31:16,     208.95,     365.82,     264,     1.1,     5.4,     9,     6.7,     66.2,     997,     423.29,     76.2,     87.3,     -2.5
64,     16.01.2015 10:41:16,     213.15,     373.86,     264,     3.3,     5.9,     9.9,     6.8,     65.5,     997,     423.29,     77.1,     87.9,     -2
65,     16.01.2015 10:51:16,     180.6,     319.59,     265,     2.4,     5.8,     9.1,     6.9,     64.3,     997.2,     423.29,     255.4,     88.1,     -178.1
66,     16.01.2015 11:01:16,     110.25,     211.05,     264,     2.6,     6.3,     10.1,     7,     63.9,     997.4,     423.29,     75.8,     87.8,     -2.1
67,     16.01.2015 11:11:16,     181.65,     325.62,     265,     2.2,     5.3,     9.5,     7,     63.7,     997.5,     423.29,     75.1,     87.9,     -1.9,     13.389,     8.19,     89.8
68,     16.01.2015 11:21:16,     105,     203.01,     261,     1.5,     5.1,     8.4,     6.9,     64.2,     997.5,     423.29,     76.8,     87.7,     -2.2
69,     16.01.2015 11:31:16,     87.15,     176.88,     259,     2.3,     5,     8.7,     6.8,     65.3,     997.5,     423.29,     75.6,     88.1,     -1.7
70,     16.01.2015 11:41:16,     150.15,     277.38,     258,     2.1,     4.6,     7,     6.7,     65.7,     997.5,     423.29,     74.1,     88.1,     -1.8
71,     16.01.2015 11:51:16,     183.75,     408.03,     254,     2.1,     4.3,     8.7,     6.6,     65.4,     997.4,     423.29,     75.4,     88,     -1.8
72,     16.01.2015 12:01:16,     242.55,     448.23,     254,     2.2,     4.7,     7.5,     6.7,     64.9,     997.5,     423.29,     74.8,     87.8,     -2.1
73,     16.01.2015 12:11:16,     247.8,     450.24,     258,     0.8,     4,     7.5,     6.9,     64.8,     997.5,     423.29,     75.3,     88,     -1.8,     13.358,     7.99,     89.8
74,     16.01.2015 12:21:16,     231,     422.1,     250,     2.9,     5.6,     8.9,     7,     62.8,     997.3,     423.29,     75.7,     88.3,     -1.5
75,     16.01.2015 12:31:16,     226.8,     418.08,     260,     1.7,     4.6,     8.1,     7.1,     62.9,     997.3,     423.29,     75.1,     87.7,     -2
76,     16.01.2015 12:41:16,     222.6,     408.03,     271,     3,     5.8,     11.4,     7.1,     62.1,     997.4,     423.29,     75.4,     87.9,     -2
77,     16.01.2015 12:51:16,     216.3,     397.98,     266,     1.8,     5.4,     9.6,     7.2,     62.3,     997.5,     423.29,     76.3,     87.9,     -1.9
78,     16.01.2015 13:01:16,     215.25,     397.98,     273,     2.1,     4.7,     7.6,     7.2,     62.1,     997.5,     423.29,     75.8,     87.8,     -2.1
79,     16.01.2015 13:11:17,     205.8,     385.92,     278,     1.3,     5.4,     8.8,     7.3,     62,     997.5,     423.29,     74.7,     88,     -1.9,     13.302,     9.31,     89.0
80,     16.01.2015 13:21:17,     200.55,     369.84,     266,     1.3,     4,     7.2,     7.4,     61.2,     997.5,     423.29,     76.5,     88,     -1.9
81,     16.01.2015 13:31:17,     198.45,     365.82,     266,     2.2,     4.3,     7.9,     7.4,     61.1,     997.5,     423.29,     74.1,     88,     -1.9
82,     16.01.2015 13:41:17,     176.4,     331.65,     262,     2.2,     4.3,     6.8,     7.4,     61.4,     997.6,     423.29,     75.5,     87.7,     -2.1
83,     16.01.2015 13:51:17,     123.9,     233.16,     269,     3.5,     5.9,     9.5,     7.4,     61.3,     997.6,     423.29,     74.6,     87.9,     -1.8
84,     16.01.2015 14:01:17,     148.05,     275.37,     262,     1.3,     4.6,     7.3,     7.3,     61.9,     997.8,     423.29,     75.2,     87.9,     -2
85,     16.01.2015 14:11:17,     97.65,     190.95,     258,     2.3,     4.2,     6.3,     7.2,     62.9,     997.7,     423.29,     74.7,     87.9,     -1.9,     13.461,     9.52,     88.6
86,     16.01.2015 14:21:17,     133.35,     243.21,     254,     2.2,     4.6,     7,     7.3,     63,     997.7,     423.29,     75.5,     87.9,     -2
87,     16.01.2015 14:31:17,     122.85,     221.1,     263,     2,     4.4,     8.1,     7.3,     62.9,     997.8,     423.29,     74.3,     88.2,     -1.7
88,     16.01.2015 14:41:17,     106.05,     188.94,     264,     2.5,     3.8,     6,     7.3,     62.6,     997.9,     423.29,     75.2,     87.9,     -2
89,     16.01.2015 14:51:17,     81.9,     148.74,     260,     1.9,     4,     6.4,     7.3,     62.6,     998.1,     423.29,     75,     87.6,     -2.1
90,     16.01.2015 15:01:17,     56.7,     108.54,     260,     2.4,     4.4,     7.9,     7.2,     62.8,     998.1,     423.29,     74.8,     87.9,     -1.8
91,     16.01.2015 15:11:16,     36.75,     80.4,     254,     2,     4.1,     6.4,     7.1,     62.6,     998.1,     423.29,     74.2,     88,     -1.9,     13.735,     8.69,     88.9
92,     16.01.2015 15:21:16,     34.65,     70.35,     252,     2.1,     3.6,     5.7,     7,     63.7,     998.2,     423.29,     74.2,     87.8,     -2
93,     16.01.2015 15:31:16,     26.25,     58.29,     248,     2,     3.4,     5.7,     6.8,     64,     998.2,     423.29,     73.9,     87.9,     -2
94,     16.01.2015 15:41:16,     18.9,     44.22,     244,     1.6,     3.1,     5.5,     6.7,     64.8,     998.1,     423.29,     75.3,     87.9,     -2
95,     16.01.2015 15:51:16,     9.45,     26.13,     246,     1.3,     2.4,     4.3,     6.5,     65.6,     998.2,     423.29,     73.7,     87.9,     -1.9
96,     16.01.2015 16:01:16,     4.2,     18.09,     247,     1.1,     2.1,     4.1,     6.4,     65.5,     998.2,     423.29,     73.6,     87.9,     -2
97,     16.01.2015 16:11:17,     3.15,     12.06,     227,     1.1,     1.8,     2.8,     6.1,     67.2,     998.4,     423.29,     73.8,     88,     -1.9,     12.743,     6.71,     89.7
98,     16.01.2015 16:21:17,     -1.05,     4.02,     219,     1.1,     1.9,     2.8,     5.6,     69.5,     998.4,     423.29,     73.5,     87.9,     -1.9
99,     16.01.2015 16:31:17,     -1.05,     4.02,     219,     1.1,     1.7,     2.5,     5.2,     72.1,     998.5,     423.29,     73.3,     87.9,     -2
100,     16.01.2015 16:41:17,     -2.1,     2.01,     210,     1.4,     2,     2.7,     4.9,     73.5,     998.4,     423.29,     73.4,     87.9,     -2
101,     16.01.2015 16:51:17,     -3.15,     0,     219,     1.3,     1.8,     2.4,     5,     73.4,     998.5,     423.29,     73.3,     87.9,     -1.9
102,     16.01.2015 17:01:17,     -3.15,     0,     209,     1.6,     2,     2.6,     4.6,     73.9,     998.6,     423.29,     73.3,     88,     -1.9
103,     16.01.2015 17:11:18,     -3.15,     0,     203,     1.6,     2.3,     3,     4.6,     74.4,     998.5,     423.29,     73.2,     87.9,     -1.9,     12.592,     4.76,     90.3
104,     16.01.2015 17:21:18,     -3.15,     6.03,     221,     1.1,     2,     2.8,     4.7,     74.2,     998.7,     423.29,     73.4,     88.1,     -1.8
105,     16.01.2015 17:31:18,     -5.25,     -2.01,     236,     0.8,     1.2,     2,     4.1,     77.6,     998.7,     423.29,     73.3,     87.9,     -2
106,     16.01.2015 17:41:18,     -3.15,     -2.01,     227,     0.9,     1.5,     1.9,     3.9,     77.5,     998.7,     423.29,     73.3,     88,     -1.9
107,     16.01.2015 17:51:18,     -3.15,     -2.01,     245,     0.8,     1.2,     1.5,     3.8,     81.6,     998.9,     423.29,     73.3,     88,     -1.9
108,     16.01.2015 18:01:18,     -2.1,     -2.01,     216,     0.7,     1.5,     2.2,     3.9,     78.4,     998.8,     423.29,     73.3,     87.9,     -2
109,     16.01.2015 18:11:16,     -3.15,     -2.01,     210,     1.2,     1.5,     2,     3.6,     79.8,     998.9,     423.29,     73.2,     87.9,     -2,     12.552,     3.41,     90.9
110,     16.01.2015 18:21:16,     -2.1,     0,     223,     0.7,     1.5,     2.2,     3.8,     79.1,     998.9,     423.29,     73.1,     87.9,     -2
111,     16.01.2015 18:31:16,     -3.15,     0,     238,     0.5,     1.2,     2.1,     4,     78.3,     998.9,     423.29,     73.3,     88,     -1.9
112,     16.01.2015 18:41:16,     -2.1,     0,     234,     0.6,     1.1,     1.8,     4,     78.4,     998.9,     423.29,     73.2,     87.9,     -1.9
113,     16.01.2015 18:51:16,     -3.15,     -2.01,     238,     0.5,     1.1,     1.9,     4,     78.7,     999.1,     423.29,     73.2,     88,     -1.9
114,     16.01.2015 19:01:16,     -2.1,     0,     237,     0.6,     1.2,     1.8,     4.1,     77.9,     999.2,     423.29,     73.3,     87.9,     -2
115,     16.01.2015 19:11:16,     -2.1,     -4.02,     207,     1.1,     1.7,     2.5,     4.1,     78.1,     999.1,     423.29,     73.2,     88,     -1.9,     12.552,     3.19,     91.0
116,     16.01.2015 19:21:16,     -3.15,     -2.01,     223,     0.9,     1.4,     2.1,     4.2,     78,     999.1,     423.29,     73.4,     87.9,     -2
117,     16.01.2015 19:31:16,     -2.1,     0,     230,     0.8,     1.5,     2.1,     4.3,     77.5,     999.1,     423.29,     73.2,     88,     -1.9
118,     16.01.2015 19:41:16,     -3.15,     -2.01,     213,     1.2,     1.6,     2,     4.1,     78.2,     999,     423.29,     73.3,     87.9,     -2
119,     16.01.2015 19:51:16,     -3.15,     -4.02,     221,     1.2,     1.7,     2.7,     4.2,     77.9,     999.1,     423.29,     73.4,     87.9,     -2
120,     16.01.2015 20:01:16,     -2.1,     -2.01,     218,     0.7,     1.5,     2.8,     4.3,     78.5,     999.1,     423.29,     73.2,     87.9,     -1.9
121,     16.01.2015 20:11:17,     -3.15,     -2.01,     200,     0.8,     1.4,     2,     3.9,     80.6,     999.1,     423.29,     73.3,     87.9,     -2,     12.527,     3.61,     90.7
122,     16.01.2015 20:21:17,     -1.05,     0,     195,     0.9,     1.2,     1.7,     3.8,     80.9,     999.1,     423.29,     73.2,     88,     -1.9
123,     16.01.2015 20:31:17,     -2.1,     -2.01,     193,     0.9,     1.4,     2.1,     4,     79.3,     999,     423.29,     73.2,     87.9,     -2
124,     16.01.2015 20:41:17,     -3.15,     -4.02,     204,     1.3,     1.7,     2.4,     4.1,     78.6,     998.9,     423.29,     73.2,     87.9,     -2
125,     16.01.2015 20:51:17,     -3.15,     -2.01,     207,     1,     1.4,     2.6,     4.2,     78.7,     998.7,     423.29,     73.3,     88,     -2
126,     16.01.2015 21:01:17,     -3.15,     0,     202,     0.9,     1.5,     2.4,     4.2,     78,     998.7,     423.29,     73.3,     88,     -1.9
127,     16.01.2015 21:11:16,     -2.1,     -2.01,     200,     1,     1.5,     2.1,     4.2,     78,     998.7,     423.29,     73.3,     87.9,     -2,     12.524,     3.85,     90.7
128,     16.01.2015 21:21:16,     -1.05,     0,     195,     0.8,     1.9,     2.6,     4.2,     78.4,     998.7,     423.29,     73.2,     87.8,     -2
129,     16.01.2015 21:31:16,     -2.1,     -2.01,     231,     0.1,     0.7,     1.4,     4.3,     78,     998.8,     423.29,     73.3,     88,     -1.9
130,     16.01.2015 21:41:16,     -2.1,     -2.01,     197,     0.7,     1.3,     1.8,     4.3,     78.1,     998.8,     423.29,     73.2,     88,     -1.9
131,     16.01.2015 21:51:16,     -3.15,     -4.02,     181,     0.7,     1.2,     1.7,     4.4,     77.5,     998.8,     423.29,     73.2,     87.9,     -2
132,     16.01.2015 22:01:16,     -2.1,     -2.01,     182,     1.1,     1.9,     2.5,     4.4,     78.2,     998.5,     423.29,     73.2,     88,     -1.9
133,     16.01.2015 22:11:16,     -2.1,     0,     188,     1,     1.8,     2.4,     4.4,     77.7,     998.5,     423.29,     73.2,     87.9,     -2,     12.503,     4.01,     90.7
134,     16.01.2015 22:21:16,     -3.15,     -2.01,     200,     1.2,     1.7,     2.3,     4.3,     78.4,     998.6,     423.29,     73.2,     87.9,     -1.9
135,     16.01.2015 22:31:16,     -2.1,     -4.02,     181,     1.1,     1.5,     2,     4.3,     78.2,     998.5,     423.29,     73.2,     88,     -1.9
136,     16.01.2015 22:41:16,     -2.1,     0,     191,     0.9,     1.3,     1.7,     4.3,     78.6,     998.5,     423.29,     73.2,     87.9,     -1.9
137,     16.01.2015 22:51:16,     -3.15,     -2.01,     230,     0.2,     0.7,     1.4,     4.1,     80.2,     998.6,     423.29,     73.2,     88,     -1.9
138,     16.01.2015 23:01:16,     -3.15,     -2.01,     201,     0.2,     0.6,     1.1,     4,     82.7,     998.4,     423.29,     73.2,     87.9,     -2
139,     16.01.2015 23:11:16,     -3.15,     -2.01,     183,     0.7,     1.2,     1.9,     3.9,     81.3,     998.5,     423.29,     73.2,     87.9,     -2,     12.512,     4.01,     90.6
140,     16.01.2015 23:21:16,     -2.1,     -2.01,     197,     0.9,     1.4,     1.8,     3.9,     81.4,     998.5,     423.29,     73.2,     88,     -1.9
141,     16.01.2015 23:31:16,     -2.1,     0,     197,     0.3,     0.7,     1.4,     3.8,     83,     998.3,     423.29,     73.2,     87.9,     -2
142,     16.01.2015 23:41:16,     -2.1,     0,     259,     0.1,     0.4,     0.8,     3.7,     83.3,     998.3,     423.29,     73.3,     87.9,     -1.9
143,     16.01.2015 23:51:16,     -2.1,     0,     227,     0.5,     0.8,     1.1,     3.7,     84.1,     998.3,     423.29,     73.3,     87.9,     -1.9
144,     17.01.2015 00:01:17,     -2.1,     -2.01,     208,     0.6,     1,     1.3,     3.5,     84.1,     998.4,     423.29,     73.1,     88,     -1.9,     12.230,     3.67,     90.8