Logger: #D10248 'TSK_Meteo' - USP_EXP2 (V2.10, Jan 24 2012)
No,     Time,     #1:W/m²:0,     #2:ÂµMol:(do.),     #5:deg:2,     #6:m/sMIN:(do.),     #7:m/sMIT:(do.),     #8:m/sMAX:(do.),     #9:Â°C:(do.),     #10:%:(do.),     #11:hPa:(do.),     #12:mm:(do.),     #14:AZ:3,     #15:EL:(do.),     #16:Roll:(do.),     #HK-Bat:V,     #HK-Temp:oC,     #HK-rH:%
(GSM Transfer OK / Signal:15)
1,     04.07.2014 00:11:17,     -5.25,     -2.01,     203,     0.4,     0.9,     1.2,     13.8,     87.1,     1011.3,     104.87,     254.9,     87.8,     -177.9,     12.435,     13.87,     69.4
2,     04.07.2014 00:21:17,     -5.25,     -2.01,     195,     0.6,     1.2,     1.6,     13.5,     87.1,     1011.3,     104.87,     255,     87.9,     -177.9
3,     04.07.2014 00:31:17,     -4.2,     -4.02,     190,     0.7,     1.2,     1.6,     13.3,     88.4,     1011.3,     104.87,     254.9,     87.9,     -177.9
4,     04.07.2014 00:41:17,     -4.2,     0,     187,     0.5,     1,     1.3,     13.5,     89.4,     1011.2,     104.87,     254.8,     87.9,     -178
5,     04.07.2014 00:51:17,     -4.2,     -2.01,     181,     0.8,     1.3,     1.6,     13.4,     89.5,     1011.1,     104.87,     255,     87.9,     -177.9
6,     04.07.2014 01:01:17,     -5.25,     -4.02,     196,     0.7,     1.1,     1.4,     13.4,     89.3,     1011.1,     104.87,     255,     88,     -178
7,     04.07.2014 01:11:16,     -3.15,     -2.01,     194,     0.5,     1,     1.5,     13.4,     88.6,     1011,     104.87,     255,     87.9,     -177.9,     12.546,     13.11,     70.6
8,     04.07.2014 01:21:16,     -4.2,     0,     196,     1,     1.4,     1.8,     13,     88.9,     1010.9,     104.87,     255,     88,     -178
9,     04.07.2014 01:31:16,     -4.2,     -4.02,     198,     0.6,     1.2,     1.7,     13.1,     89.7,     1010.8,     104.87,     255,     88,     -178
10,     04.07.2014 01:41:16,     -4.2,     -2.01,     201,     0.5,     0.9,     1.3,     13.3,     89.1,     1010.8,     104.87,     255,     87.8,     -177.9
11,     04.07.2014 01:51:16,     -3.15,     0,     198,     0.6,     1,     1.4,     13.4,     88.9,     1010.7,     104.87,     254.9,     88,     -178
12,     04.07.2014 02:01:16,     -4.2,     0,     188,     0.6,     0.9,     1.4,     13.5,     89.3,     1010.6,     104.87,     255,     88.1,     -178.1
13,     04.07.2014 02:11:16,     -3.15,     0,     191,     0.7,     1,     1.3,     13.6,     89.3,     1010.4,     104.87,     255,     87.9,     -177.9,     12.495,     12.87,     70.6
14,     04.07.2014 02:21:16,     -4.2,     -4.02,     192,     0.7,     1.1,     1.4,     13.5,     89.2,     1010.3,     104.87,     255,     88,     -178
15,     04.07.2014 02:31:16,     -4.2,     0,     196,     0.5,     0.9,     1.3,     13.3,     88,     1010.3,     104.87,     255,     87.9,     -177.9
16,     04.07.2014 02:41:16,     -5.25,     0,     199,     0.8,     1.2,     1.7,     13.5,     87,     1010.2,     104.87,     254.9,     87.7,     -177.7
17,     04.07.2014 02:51:16,     -4.2,     -2.01,     169,     0.3,     0.8,     1.4,     13.5,     88.4,     1010.3,     104.87,     254.9,     87.9,     -177.9
18,     04.07.2014 03:01:16,     -4.2,     2.01,     133,     0.1,     0.6,     1,     13.7,     86.8,     1010.2,     104.87,     254.9,     87.9,     -177.9
19,     04.07.2014 03:11:22,     -5.25,     -2.01,     196,     0.4,     1.1,     1.6,     13.4,     87.1,     1010.2,     104.87,     255,     87.9,     -177.9,     12.471,     12.75,     70.6
20,     04.07.2014 03:21:22,     -5.25,     -4.02,     198,     0.8,     1.2,     1.7,     13,     87.3,     1010.1,     104.87,     254.9,     87.9,     -177.9
21,     04.07.2014 03:31:22,     -4.2,     0,     196,     0.6,     1,     1.4,     12.9,     87.3,     1010.1,     104.87,     255,     88,     -178
22,     04.07.2014 03:41:22,     -2.1,     4.02,     199,     0.2,     0.7,     1.1,     13,     88.5,     1010.1,     104.87,     255,     87.8,     -177.9
23,     04.07.2014 03:51:22,     -1.05,     8.04,     197,     0.6,     1,     1.4,     13,     88.4,     1010,     104.87,     255,     88,     -178
24,     04.07.2014 04:01:22,     2.1,     16.08,     205,     0.7,     1.1,     1.4,     13,     88,     1009.9,     104.87,     255,     87.8,     -177.9
25,     04.07.2014 04:11:21,     7.35,     28.14,     205,     0.6,     1,     1.4,     13.1,     87.4,     1009.9,     104.87,     254.9,     88,     -178,     12.457,     12.47,     70.6
26,     04.07.2014 04:21:21,     15.75,     46.23,     199,     0.5,     0.9,     1.3,     13.2,     86.6,     1009.9,     104.87,     255,     87.9,     -177.9
27,     04.07.2014 04:31:21,     22.05,     60.3,     190,     0.8,     1.2,     1.6,     12.9,     88,     1009.8,     104.87,     255,     88,     -178
28,     04.07.2014 04:41:21,     55.65,     110.55,     190,     1,     1.4,     1.7,     12.9,     88.5,     1009.7,     104.87,     255.1,     87.9,     -177.9
29,     04.07.2014 04:51:21,     92.4,     158.79,     199,     1,     1.5,     1.9,     13.1,     86.4,     1009.7,     104.87,     255.1,     87.9,     -177.9
30,     04.07.2014 05:01:21,     108.15,     168.84,     202,     0.4,     1,     1.6,     13.8,     84.1,     1009.6,     104.87,     255.1,     88,     -178
31,     04.07.2014 05:11:18,     47.25,     100.5,     196,     0.3,     1,     1.5,     14.3,     81.9,     1009.5,     104.87,     255,     88,     -178,     12.872,     14.19,     71.1
32,     04.07.2014 05:21:18,     56.7,     118.59,     185,     0.3,     1.1,     1.8,     14.6,     78.8,     1009.4,     104.87,     255.1,     87.9,     -177.9
33,     04.07.2014 05:31:18,     69.3,     144.72,     194,     0.3,     1,     1.6,     15,     79.1,     1009.4,     104.87,     255.2,     87.9,     -177.9
34,     04.07.2014 05:41:18,     77.7,     158.79,     184,     0.5,     1.3,     2.1,     15.1,     76.3,     1009.3,     104.87,     255.1,     87.9,     -178
35,     04.07.2014 05:51:18,     98.7,     201,     184,     1.1,     1.8,     2.6,     15.2,     75.4,     1009.1,     104.87,     255.1,     88,     -178
36,     04.07.2014 06:01:18,     153.3,     303.51,     188,     1,     1.6,     2.3,     15.4,     75.9,     1009.1,     104.87,     255.3,     87.9,     -177.9
37,     04.07.2014 06:11:23,     143.85,     291.45,     186,     0.9,     1.5,     2.3,     15.7,     74.5,     1009.2,     104.87,     255.2,     88.1,     -178.1,     13.822,     16.09,     70.5
38,     04.07.2014 06:21:23,     137.55,     281.4,     182,     0.9,     1.4,     2.1,     16,     74.1,     1009.1,     104.87,     255.2,     87.9,     -178
39,     04.07.2014 06:31:23,     303.45,     560.79,     183,     1,     1.5,     2.2,     16.2,     73.8,     1009,     104.87,     255.3,     87.9,     -177.9
40,     04.07.2014 06:41:23,     153.3,     339.69,     190,     1,     1.6,     2.4,     16.5,     73.7,     1008.8,     104.87,     255.2,     88,     -178
41,     04.07.2014 06:51:23,     358.05,     667.32,     192,     1,     1.7,     2.4,     16.9,     72.5,     1008.7,     104.87,     255.3,     88,     -178
42,     04.07.2014 07:01:23,     375.9,     705.51,     196,     0.9,     1.9,     3.5,     17.3,     68.6,     1008.7,     104.87,     255.3,     88,     -178
43,     04.07.2014 07:11:27,     403.2,     757.77,     197,     1.3,     2.2,     3.1,     17.9,     64.9,     1008.7,     104.87,     255.3,     87.9,     -178,     13.349,     21.08,     69.8
44,     04.07.2014 07:21:27,     427.35,     806.01,     196,     1.5,     2.3,     3.4,     18.5,     61,     1008.6,     104.87,     255.5,     88,     -178
45,     04.07.2014 07:31:27,     454.65,     858.27,     201,     1.4,     2.5,     4,     19,     58.1,     1008.6,     104.87,     255.4,     88,     -178
46,     04.07.2014 07:41:27,     479.85,     912.54,     193,     0.8,     1.9,     3,     19.5,     58.2,     1008.6,     104.87,     255.4,     88,     -178
47,     04.07.2014 07:51:27,     506.1,     962.79,     195,     0.3,     2,     3.5,     19.9,     56,     1008.5,     104.87,     255.4,     88,     -178
48,     04.07.2014 08:01:27,     529.2,     1011.03,     202,     1,     2.2,     4,     20.2,     54.1,     1008.6,     104.87,     255.6,     88,     -178
49,     04.07.2014 08:11:21,     552.3,     1055.25,     202,     1,     2.1,     3.2,     20.5,     52.3,     1008.5,     104.87,     255.5,     88.1,     -178.1,     13.262,     27.07,     67.7
50,     04.07.2014 08:21:21,     576.45,     1105.5,     196,     0.7,     2.1,     3.2,     20.9,     52.7,     1008.4,     104.87,     255.6,     88.1,     -178.1
51,     04.07.2014 08:31:21,     598.5,     1151.73,     193,     1.1,     2.9,     4.1,     21.1,     51.9,     1008.3,     104.87,     255.6,     87.9,     -177.8
52,     04.07.2014 08:41:21,     620.55,     1193.94,     191,     1.1,     2.5,     3.7,     21.3,     47.4,     1008.2,     104.87,     255.6,     87.9,     -177.9
53,     04.07.2014 08:51:21,     637.35,     1234.14,     202,     0.9,     2.5,     4.1,     21.6,     48.7,     1008.1,     104.87,     255.6,     88,     -178
54,     04.07.2014 09:01:21,     657.3,     1276.35,     190,     1,     2.3,     3.9,     22,     49.7,     1008,     104.87,     255.4,     88,     -177.9
55,     04.07.2014 09:11:16,     680.4,     1324.59,     175,     1.1,     2.4,     4.3,     22.2,     46.6,     1007.9,     104.87,     255.3,     88,     -177.9,     13.182,     29.11,     66.7
56,     04.07.2014 09:21:16,     699.3,     1358.76,     185,     1.6,     3.1,     4.9,     22.4,     44.1,     1007.7,     104.87,     76.3,     88,     -1.9
57,     04.07.2014 09:31:16,     720.3,     1407,     198,     1.8,     3,     4.4,     22.6,     44.3,     1007.7,     104.87,     255.5,     87.8,     -177.8
58,     04.07.2014 09:41:16,     739.2,     1443.18,     198,     1.7,     3.4,     5.4,     22.8,     40.5,     1007.6,     104.87,     255.3,     88.1,     -178.2
59,     04.07.2014 09:51:16,     754.95,     1483.38,     192,     1.8,     3.1,     4.8,     22.9,     42.5,     1007.5,     104.87,     76,     88,     -1.9
60,     04.07.2014 10:01:16,     772.8,     1517.55,     205,     2.1,     3.4,     5,     23,     38.7,     1007.4,     104.87,     255.7,     87.8,     -177.8
61,     04.07.2014 10:11:16,     786.45,     1549.71,     204,     2.1,     3.4,     5.1,     23.2,     39.4,     1007.3,     104.87,     75.7,     87.8,     -2.1,     13.093,     29.15,     66.5
62,     04.07.2014 10:21:16,     798,     1575.84,     201,     1.4,     3.1,     4.6,     23.5,     36.3,     1007.2,     104.87,     255.6,     87.9,     -177.9
63,     04.07.2014 10:31:16,     808.5,     1608,     210,     0.4,     2.8,     4.5,     23.7,     41.2,     1007.1,     104.87,     255.5,     88,     -178
64,     04.07.2014 10:41:16,     821.1,     1634.13,     205,     1.4,     3.5,     5.6,     23.7,     40.9,     1007,     104.87,     255.6,     87.9,     -177.9
65,     04.07.2014 10:51:16,     829.5,     1654.23,     190,     2.1,     3.4,     5.5,     23.8,     42.3,     1006.9,     104.87,     255.6,     87.9,     -177.9
66,     04.07.2014 11:01:16,     834.75,     1666.29,     216,     1.4,     3.1,     5.5,     24,     42.5,     1006.7,     104.87,     76.2,     87.9,     -2
67,     04.07.2014 11:11:16,     840,     1676.34,     199,     1.3,     3.4,     5.4,     24.2,     40.9,     1006.6,     104.87,     75.9,     87.9,     -2.1,     12.942,     28.93,     66.2
68,     04.07.2014 11:21:16,     842.1,     1690.41,     194,     1.6,     3.2,     5.7,     24.3,     41.8,     1006.5,     104.87,     75.7,     87.9,     -2
69,     04.07.2014 11:31:16,     848.4,     1704.48,     208,     0.2,     2.3,     4.9,     24.6,     40.6,     1006.4,     104.87,     75.7,     87.8,     -2.1
70,     04.07.2014 11:41:16,     861,     1732.62,     213,     1.2,     3.1,     5.9,     24.8,     40.2,     1006.3,     104.87,     75.8,     87.9,     -2
71,     04.07.2014 11:51:16,     859.95,     1730.61,     193,     1.3,     3.2,     5.8,     25,     39.7,     1006.1,     104.87,     75.8,     88.1,     -1.8
72,     04.07.2014 12:01:16,     864.15,     1742.67,     219,     1,     2.8,     4.9,     25.3,     39.1,     1006,     104.87,     76.1,     87.9,     -2
73,     04.07.2014 12:11:16,     864.15,     1740.66,     255,     1,     3.3,     6.6,     25.5,     37.3,     1005.9,     104.87,     76.2,     87.8,     -2.1,     13.103,     28.73,     66.6
74,     04.07.2014 12:21:16,     868.35,     1748.7,     265,     2.5,     5.6,     10.5,     25.7,     35.5,     1005.8,     104.87,     256.7,     87.7,     -177.7
75,     04.07.2014 12:31:16,     859.95,     1732.62,     262,     3.4,     5.8,     8.6,     25.7,     34.7,     1005.7,     104.87,     76.7,     88.1,     -1.8
76,     04.07.2014 12:41:16,     861,     1732.62,     256,     3.1,     5.2,     8.1,     26,     34.6,     1005.5,     104.87,     76.2,     87.8,     -2.1
77,     04.07.2014 12:51:16,     852.6,     1712.52,     236,     2.6,     5.2,     8.6,     26.1,     33.6,     1005.4,     104.87,     76.1,     88.1,     -1.7
78,     04.07.2014 13:01:16,     846.3,     1702.47,     235,     1.8,     4.6,     7.6,     26.1,     34.8,     1005.5,     104.87,     75.8,     88,     -1.9
79,     04.07.2014 13:11:16,     835.8,     1672.32,     279,     1.2,     4.2,     7.6,     26.3,     33.3,     1005.4,     104.87,     76.1,     87.9,     -2,     13.095,     29.09,     66.2
80,     04.07.2014 13:21:16,     838.95,     1678.35,     280,     2.4,     4.9,     7.8,     26.1,     32.6,     1005.3,     104.87,     76.1,     87.9,     -2
81,     04.07.2014 13:31:16,     828.45,     1656.24,     293,     0.6,     4,     6.8,     26.3,     32.5,     1005.2,     104.87,     76,     87.7,     -2.1
82,     04.07.2014 13:41:16,     822.15,     1636.14,     251,     0.8,     3.9,     7.7,     26.4,     31,     1005.2,     104.87,     76.3,     87.8,     -2.1
83,     04.07.2014 13:51:16,     805.35,     1597.95,     275,     0.7,     3.4,     6.6,     26.3,     30.9,     1005.1,     104.87,     76.2,     87.9,     -2
84,     04.07.2014 14:01:16,     790.65,     1561.77,     256,     1.7,     3.6,     5.9,     26.3,     32.2,     1005,     104.87,     75.9,     87.8,     -2
85,     04.07.2014 14:11:17,     780.15,     1539.66,     274,     0.2,     3.2,     6.8,     26.4,     33.7,     1004.9,     104.87,     76.8,     87.8,     -2,     13.065,     29.91,     65.9
86,     04.07.2014 14:21:17,     768.6,     1515.54,     282,     1.8,     3.9,     7.4,     26.4,     33.4,     1004.9,     104.87,     76,     87.8,     -2
87,     04.07.2014 14:31:17,     749.7,     1475.34,     273,     0.9,     3.9,     8.5,     26.4,     31.2,     1004.8,     104.87,     75.9,     87.8,     -2.1
88,     04.07.2014 14:41:17,     738.15,     1451.22,     262,     0.4,     2.2,     5,     26.6,     32.9,     1004.7,     104.87,     76.1,     87.9,     -2
89,     04.07.2014 14:51:17,     718.2,     1396.95,     281,     1.5,     3.4,     6.2,     26.5,     31.5,     1004.6,     104.87,     75.9,     87.9,     -2
90,     04.07.2014 15:01:17,     704.55,     1366.8,     263,     0.9,     3.3,     6.7,     26.6,     31.2,     1004.5,     104.87,     75.9,     87.9,     -1.9
91,     04.07.2014 15:11:17,     677.25,     1306.5,     288,     1,     3.1,     6.9,     26.8,     34.3,     1004.4,     104.87,     76,     87.9,     -1.9,     13.258,     30.61,     65.7
92,     04.07.2014 15:21:17,     656.25,     1274.34,     251,     0,     2.3,     5.1,     26.8,     34,     1004.2,     104.87,     75.9,     88,     -1.9
93,     04.07.2014 15:31:17,     638.4,     1230.12,     200,     0.7,     2.9,     4.8,     26.8,     33.7,     1004,     104.87,     75.8,     87.9,     -2
94,     04.07.2014 15:41:17,     615.3,     1175.85,     225,     1.4,     3.1,     5.4,     27,     32.5,     1003.9,     104.87,     75.9,     87.8,     -2
95,     04.07.2014 15:51:17,     591.15,     1127.61,     228,     0.5,     2.4,     4.6,     27,     34.6,     1003.9,     104.87,     75.8,     87.9,     -1.9
96,     04.07.2014 16:01:17,     567,     1077.36,     223,     1.5,     3.6,     6.3,     27.1,     32.2,     1003.9,     104.87,     75.7,     88,     -1.9
97,     04.07.2014 16:11:17,     556.5,     1051.23,     213,     1.4,     3.4,     7.5,     27.2,     32.1,     1003.8,     104.87,     75.8,     87.9,     -1.9,     13.294,     30.74,     65.6
98,     04.07.2014 16:21:17,     533.4,     1005,     239,     1.3,     2.9,     5.8,     27.2,     33,     1003.7,     104.87,     75.9,     87.9,     -1.9
99,     04.07.2014 16:31:17,     512.4,     960.78,     240,     0.5,     3.2,     5.9,     27.3,     31.5,     1003.6,     104.87,     75.8,     88,     -1.9
100,     04.07.2014 16:41:17,     475.65,     890.43,     232,     0.9,     2.3,     5.7,     27.4,     32.1,     1003.6,     104.87,     76.5,     88,     -2
101,     04.07.2014 16:51:17,     450.45,     838.17,     231,     1.2,     3.8,     9.2,     27.4,     33.9,     1003.3,     104.87,     76.1,     88,     -1.9
102,     04.07.2014 17:01:17,     429.45,     799.98,     242,     1.5,     2.7,     5,     27.3,     33.7,     1003.5,     104.87,     75.7,     88,     -1.9
103,     04.07.2014 17:11:21,     402.15,     747.72,     223,     0.5,     2.2,     4.1,     27.4,     34,     1003.3,     104.87,     75.6,     87.9,     -2,     13.307,     31.15,     65.3
104,     04.07.2014 17:21:21,     369.6,     691.44,     225,     0.3,     1,     2.2,     27.6,     33.8,     1003.2,     104.87,     75.6,     88,     -1.9
105,     04.07.2014 17:31:21,     353.85,     653.25,     203,     0.8,     2.7,     4.7,     27.5,     35,     1003,     104.87,     75.7,     87.9,     -1.9
106,     04.07.2014 17:41:21,     323.4,     594.96,     225,     0.7,     2,     3.8,     27.5,     33.4,     1002.9,     104.87,     75.6,     88.1,     -1.8
107,     04.07.2014 17:51:21,     301.35,     552.75,     224,     0.4,     1.8,     3.2,     27.5,     34.9,     1002.8,     104.87,     75.7,     87.9,     -1.9
108,     04.07.2014 18:01:21,     271.95,     500.49,     216,     0.1,     0.9,     1.9,     27.7,     33.5,     1002.7,     104.87,     75.5,     88,     -1.8
109,     04.07.2014 18:11:16,     248.85,     462.3,     195,     0.2,     0.8,     1.6,     27.5,     34.5,     1002.6,     104.87,     75.7,     87.9,     -1.9,     13.351,     32.07,     65.0
110,     04.07.2014 18:21:16,     218.4,     404.01,     215,     0.1,     0.6,     1.3,     27.8,     33.8,     1002.5,     104.87,     75.5,     88,     -1.8
111,     04.07.2014 18:31:16,     198.45,     361.8,     186,     0.1,     1,     1.5,     27.3,     36.8,     1002.4,     104.87,     75.6,     88,     -1.8
112,     04.07.2014 18:41:16,     173.25,     317.58,     160,     0.4,     1.1,     1.9,     27.1,     37.2,     1002.4,     104.87,     75.5,     88.1,     -1.8
113,     04.07.2014 18:51:16,     151.2,     263.31,     154,     0.2,     0.8,     1.4,     27,     37.8,     1002.4,     104.87,     75.5,     87.9,     -1.9
114,     04.07.2014 19:01:16,     123.9,     166.83,     117,     0,     0.6,     1.1,     26.5,     48,     1002.4,     104.87,     75.5,     88,     -1.9
115,     04.07.2014 19:11:16,     106.05,     130.65,     45,     0.1,     0.5,     0.8,     25.8,     46.3,     1002.3,     104.87,     75.5,     88,     -1.8,     13.241,     32.37,     65.3
116,     04.07.2014 19:21:16,     84,     104.52,     18,     0,     0.2,     0.4,     26.7,     50.8,     1002.4,     104.87,     75.5,     87.9,     -1.9
117,     04.07.2014 19:31:16,     67.2,     92.46,     17,     0.1,     0.4,     0.6,     25.7,     51.3,     1002.4,     104.87,     75.5,     88,     -1.8
118,     04.07.2014 19:41:16,     55.65,     86.43,     31,     0.1,     0.5,     0.8,     25.1,     52.3,     1002.3,     104.87,     75.4,     88,     -1.9
119,     04.07.2014 19:51:16,     44.1,     76.38,     98,     0.1,     0.4,     0.9,     24.4,     50.7,     1002.2,     104.87,     75.4,     87.9,     -1.9
120,     04.07.2014 20:01:16,     30.45,     66.33,     18,     0,     0.3,     0.5,     24.4,     68.1,     1002.1,     104.87,     75.5,     88,     -1.9
121,     04.07.2014 20:11:16,     16.8,     44.22,     98,     0.2,     0.5,     1.2,     23,     65.4,     1002,     104.87,     75.4,     87.9,     -1.9,     12.906,     28.91,     67.0
122,     04.07.2014 20:21:16,     5.25,     24.12,     87,     0,     0.4,     0.8,     22.5,     69.4,     1002,     104.87,     75.4,     88,     -1.9
123,     04.07.2014 20:31:16,     2.1,     12.06,     120,     0.3,     0.6,     1.1,     21.9,     70.7,     1002,     104.87,     75.4,     88,     -1.9
124,     04.07.2014 20:41:16,     -3.15,     4.02,     153,     0,     0.4,     0.8,     21.2,     76.1,     1002,     104.87,     75.4,     88,     -1.9
125,     04.07.2014 20:51:16,     -3.15,     2.01,     156,     0,     0.2,     0.6,     20.8,     77.2,     1001.9,     104.87,     75.5,     87.9,     -2
126,     04.07.2014 21:01:16,     -3.15,     0,     149,     0,     0.4,     0.8,     20.5,     72.5,     1001.8,     104.87,     75.3,     87.9,     -2
127,     04.07.2014 21:11:16,     -5.25,     -4.02,     164,     0,     0.3,     0.8,     20.4,     77.9,     1001.8,     104.87,     75.4,     88,     -1.9,     12.722,     22.92,     68.9
128,     04.07.2014 21:21:16,     -4.2,     0,     178,     0.1,     0.5,     1.2,     20,     76,     1001.7,     104.87,     255.1,     88,     -178
129,     04.07.2014 21:31:16,     -4.2,     -2.01,     218,     0,     0.6,     1.2,     19.7,     77.3,     1001.7,     104.87,     255.1,     87.9,     -178
130,     04.07.2014 21:41:16,     -4.2,     -2.01,     140,     0,     0.3,     0.8,     19.7,     74.9,     1001.6,     104.87,     255.1,     87.9,     -177.9
131,     04.07.2014 21:51:16,     -5.25,     -4.02,     61,     0,     0.3,     0.7,     19.8,     65.3,     1001.6,     104.87,     255,     87.9,     -177.9
132,     04.07.2014 22:01:16,     -3.15,     -2.01,     76,     0,     0.5,     2.1,     20.4,     63,     1001.6,     104.87,     255,     88,     -178
133,     04.07.2014 22:11:16,     -3.15,     -2.01,     120,     0,     0.8,     3,     21.3,     55.5,     1001.6,     104.87,     254.9,     87.8,     -177.8,     12.686,     19.64,     69.5
134,     04.07.2014 22:21:16,     -5.25,     -2.01,     114,     0,     1,     2.6,     21.6,     56,     1001.6,     104.87,     254.9,     87.9,     -177.9
135,     04.07.2014 22:31:16,     -4.2,     -2.01,     99,     0,     1,     3.7,     21.5,     56.7,     1001.5,     104.87,     255,     87.9,     -177.9
136,     04.07.2014 22:41:16,     -4.2,     -2.01,     78,     0,     0.7,     2,     21.4,     58.8,     1001.4,     104.87,     254.9,     87.8,     -177.8
137,     04.07.2014 22:51:16,     -3.15,     -2.01,     95,     0,     0.9,     2.2,     21.6,     57.5,     1001.4,     104.87,     254.9,     88,     -178
138,     04.07.2014 23:01:16,     -3.15,     -2.01,     90,     0,     0.8,     1.9,     21.6,     56.6,     1001.4,     104.87,     75.3,     88,     -2
139,     04.07.2014 23:11:16,     -4.2,     -4.02,     58,     0,     0.6,     1.6,     21.2,     58.4,     1001.4,     104.87,     255,     87.9,     -177.9,     12.641,     19.87,     69.1
140,     04.07.2014 23:21:16,     -3.15,     0,     50,     0.1,     0.7,     1.6,     20.9,     62.9,     1001.3,     104.87,     75.3,     88,     -1.9
141,     04.07.2014 23:31:16,     -3.15,     -2.01,     40,     0.3,     1.2,     1.9,     20.8,     64.5,     1001.2,     104.87,     255,     88,     -178
142,     04.07.2014 23:41:16,     -3.15,     -4.02,     25,     0.5,     1.5,     2.2,     20.8,     65.5,     1001.2,     104.87,     255,     88,     -178
143,     04.07.2014 23:51:16,     -3.15,     -2.01,     67,     0.3,     0.8,     1.6,     20.4,     63.3,     1001,     104.87,     255,     87.9,     -177.9
144,     05.07.2014 00:01:16,     -3.15,     -4.02,     207,     0,     0.5,     1.4,     20.4,     71.8,     1001,     104.87,     254.9,     87.8,     -177.9,     12.450,     19.97,     68.8