Logger: #D10248 'TSK_Meteo' - USP_EXP2 (V2.10, Jan 24 2012)
No,     Time,     #1:W/m²:0,     #2:ÂµMol:(do.),     #5:deg:2,     #6:m/sMIN:(do.),     #7:m/sMIT:(do.),     #8:m/sMAX:(do.),     #9:Â°C:(do.),     #10:%:(do.),     #11:hPa:(do.),     #12:mm:(do.),     #14:AZ:3,     #15:EL:(do.),     #16:Roll:(do.),     #HK-Bat:V,     #HK-Temp:oC,     #HK-rH:%
(GSM Transfer OK / Signal:16)
1,     07.12.2014 00:11:16,     -2.1,     -4.02,     266,     0.6,     2.1,     3.5,     0.7,     92.6,     1015,     331.33,     253,     87.9,     -177.9,     12.196,     2.25,     85.0
2,     07.12.2014 00:21:16,     0,     2.01,     281,     0.7,     2.1,     3.5,     0.5,     92.6,     1014.9,     331.33,     253.3,     87.8,     -177.8
3,     07.12.2014 00:31:16,     -1.05,     -2.01,     283,     0.9,     2,     3.4,     0.4,     92.6,     1014.8,     331.33,     253,     87.9,     -177.9
4,     07.12.2014 00:41:16,     -2.1,     -2.01,     244,     0.5,     1.8,     3,     0.4,     92.6,     1014.7,     331.33,     253.2,     88,     -178
5,     07.12.2014 00:51:16,     -1.05,     -2.01,     230,     0.9,     1.8,     2.9,     0.3,     92.7,     1014.7,     331.33,     253.1,     87.9,     -177.9
6,     07.12.2014 01:01:16,     -1.05,     0,     225,     1,     2,     3.1,     0.3,     92.7,     1014.7,     331.33,     253.5,     87.9,     -177.8
7,     07.12.2014 01:11:16,     -2.1,     0,     233,     1,     1.9,     3.1,     0.2,     92.7,     1014.7,     331.33,     253,     87.9,     -177.9,     13.839,     1.56,     86.8
8,     07.12.2014 01:21:16,     -1.05,     -2.01,     229,     0.8,     1.9,     3.1,     0.2,     92.8,     1014.7,     331.33,     253.1,     87.9,     -177.9
9,     07.12.2014 01:31:16,     0,     0,     232,     0.3,     1.7,     3,     0.2,     92.8,     1014.5,     331.33,     253.2,     87.9,     -177.9
10,     07.12.2014 01:41:16,     -1.05,     -4.02,     245,     1.1,     2.1,     3.2,     0.2,     92.8,     1014.6,     331.33,     253.1,     87.9,     -177.9
11,     07.12.2014 01:51:16,     -1.05,     -2.01,     237,     1.3,     2.3,     3.6,     0.2,     92.8,     1014.5,     331.33,     253.7,     87.9,     -177.9
12,     07.12.2014 02:01:16,     -2.1,     0,     240,     1.1,     2.2,     3.2,     0.1,     92.8,     1014.5,     331.33,     253.3,     88,     -178
13,     07.12.2014 02:11:16,     -2.1,     -4.02,     233,     1.1,     2.1,     3.5,     0.2,     92.9,     1014.4,     331.33,     253.2,     87.8,     -177.9,     12.620,     1.30,     87.0
14,     07.12.2014 02:21:16,     -1.05,     -2.01,     234,     0.9,     2,     3,     0.3,     92.9,     1014.4,     331.33,     253.4,     88,     -177.9
15,     07.12.2014 02:31:16,     0,     0,     228,     1.1,     2.3,     3.7,     0.3,     92.9,     1014.3,     331.33,     253.4,     87.9,     -177.9
16,     07.12.2014 02:41:16,     -1.05,     -2.01,     237,     1.1,     2.1,     2.8,     0.3,     92.9,     1014.3,     331.33,     253.3,     87.9,     -177.9
17,     07.12.2014 02:51:16,     -1.05,     -2.01,     249,     1.4,     2.3,     3.2,     0.4,     93,     1014.3,     331.33,     253.2,     88,     -178
18,     07.12.2014 03:01:16,     -1.05,     -2.01,     235,     1.5,     2.6,     4.2,     0.5,     93,     1014.2,     331.33,     253.1,     88,     -178
19,     07.12.2014 03:11:16,     -1.05,     -2.01,     235,     1.1,     2.5,     4.8,     0.6,     93,     1014,     331.33,     253.5,     87.8,     -177.8,     12.507,     1.39,     87.0
20,     07.12.2014 03:21:16,     -1.05,     0,     231,     1.1,     2.1,     3,     0.5,     93,     1013.9,     331.33,     253.4,     87.9,     -177.9
21,     07.12.2014 03:31:16,     -1.05,     -2.01,     242,     1.2,     2.1,     2.9,     0.5,     93,     1013.8,     331.33,     253.2,     88,     -178
22,     07.12.2014 03:41:16,     0,     0,     237,     0.5,     2.2,     3.5,     0.6,     93,     1013.8,     331.33,     253.7,     88,     -178
23,     07.12.2014 03:51:16,     -3.15,     0,     233,     1.2,     2.4,     3.6,     0.5,     93,     1013.7,     331.33,     253.3,     88,     -178
24,     07.12.2014 04:01:16,     -2.1,     -2.01,     213,     1.4,     2.5,     3.4,     0.5,     93,     1013.7,     331.33,     253.5,     88,     -178
25,     07.12.2014 04:11:16,     -1.05,     -2.01,     218,     1.7,     2.7,     4,     0.5,     93,     1013.6,     331.33,     253.4,     87.9,     -177.9,     12.423,     1.52,     86.9
26,     07.12.2014 04:21:16,     0,     0,     252,     0.2,     2.1,     4.5,     0.4,     93,     1013.4,     331.33,     253.6,     87.9,     -177.9
27,     07.12.2014 04:31:16,     -1.05,     -2.01,     236,     1.6,     2.9,     4.4,     0.4,     93,     1013.5,     331.33,     253.3,     88,     -178
28,     07.12.2014 04:41:16,     -1.05,     0,     237,     1.6,     2.7,     3.8,     0.4,     93,     1013.4,     331.33,     253.6,     87.8,     -177.8
29,     07.12.2014 04:51:16,     -2.1,     -2.01,     238,     1.5,     2.8,     3.8,     0.4,     93.1,     1013.3,     331.33,     253.2,     88,     -178
30,     07.12.2014 05:01:16,     -1.05,     -4.02,     236,     1.5,     2.5,     4.2,     0.5,     93.1,     1013.2,     331.33,     253.5,     88,     -178
31,     07.12.2014 05:11:16,     -2.1,     -2.01,     248,     1.5,     2.6,     4,     0.5,     93.1,     1013.2,     331.33,     253.4,     88,     -178,     13.856,     1.55,     86.9
32,     07.12.2014 05:21:16,     0,     -2.01,     238,     1.7,     3.3,     5.6,     0.3,     93,     1013,     331.33,     253.9,     88,     -177.9
33,     07.12.2014 05:31:16,     -1.05,     0,     243,     1.5,     3,     4.5,     0.4,     93.1,     1013,     331.33,     253.9,     88,     -178
34,     07.12.2014 05:41:16,     -1.05,     -2.01,     243,     1.6,     2.8,     4.3,     0.5,     93.1,     1013,     331.33,     253.7,     88,     -178
35,     07.12.2014 05:51:16,     -1.05,     -2.01,     236,     1.5,     3,     5.2,     0.5,     93.1,     1012.9,     331.33,     253.9,     87.9,     -177.9
36,     07.12.2014 06:01:16,     0,     0,     235,     1.7,     3.2,     4.8,     0.6,     93.1,     1012.8,     331.33,     253.8,     88,     -178
37,     07.12.2014 06:11:17,     0,     -2.01,     236,     2.1,     3.1,     4.9,     0.5,     93.1,     1012.8,     331.33,     253.4,     88,     -178,     12.650,     1.57,     87.0
38,     07.12.2014 06:21:17,     -2.1,     -2.01,     242,     1.8,     3.3,     5,     0.5,     93.1,     1012.8,     331.33,     253.9,     87.9,     -177.9
39,     07.12.2014 06:31:17,     -1.05,     -2.01,     242,     1.4,     3,     4.5,     0.5,     93.1,     1012.8,     331.33,     253.8,     88,     -178
40,     07.12.2014 06:41:17,     -1.05,     -2.01,     246,     1.9,     3.1,     5.4,     0.5,     93.1,     1012.8,     331.33,     253.5,     87.9,     -177.9
41,     07.12.2014 06:51:17,     -1.05,     0,     244,     1.5,     2.7,     3.9,     0.6,     93.2,     1012.8,     331.33,     253.5,     88,     -178
42,     07.12.2014 07:01:17,     -1.05,     -2.01,     234,     1.5,     3.2,     4.8,     0.7,     93.2,     1012.7,     331.33,     254.2,     87.9,     -178
43,     07.12.2014 07:11:16,     0,     0,     242,     1.2,     2.6,     4.7,     0.8,     93.2,     1012.7,     331.33,     253.7,     88,     -178,     12.522,     1.61,     87.0
44,     07.12.2014 07:21:16,     -1.05,     0,     235,     1,     2.3,     3.7,     0.9,     93.2,     1012.8,     331.33,     253.1,     87.9,     -177.9
45,     07.12.2014 07:31:16,     -1.05,     -2.01,     235,     1.3,     2.6,     4.1,     1,     93.2,     1012.8,     331.33,     253.1,     87.9,     -177.9
46,     07.12.2014 07:41:16,     0,     0,     225,     1.5,     2.7,     3.9,     1.1,     93.2,     1012.7,     331.33,     253.3,     87.8,     -177.8
47,     07.12.2014 07:51:16,     -1.05,     -2.01,     229,     1.4,     2.8,     4.4,     1.1,     93.2,     1012.6,     331.33,     253.3,     87.9,     -177.9
48,     07.12.2014 08:01:16,     0,     2.01,     231,     1.4,     3,     4.7,     1.2,     93.2,     1012.6,     331.33,     253.5,     88,     -178
49,     07.12.2014 08:11:16,     2.1,     4.02,     231,     1.2,     3,     4.7,     1.2,     93.2,     1012.6,     331.33,     253.6,     87.9,     -177.9,     12.461,     1.97,     86.9
50,     07.12.2014 08:21:16,     3.15,     8.04,     227,     2.1,     3.6,     5.7,     1.2,     93.2,     1012.5,     331.33,     253.4,     88,     -178
51,     07.12.2014 08:31:16,     7.35,     14.07,     234,     1.9,     3.3,     5.1,     1.3,     93.2,     1012.5,     331.33,     253.7,     87.9,     -177.9
52,     07.12.2014 08:41:16,     9.45,     20.1,     241,     2.1,     3.7,     5.9,     1.3,     93.2,     1012.5,     331.33,     254,     88.1,     -178.1
53,     07.12.2014 08:51:16,     9.45,     24.12,     236,     2,     3.6,     5.2,     1.4,     93.2,     1012.5,     331.33,     254.4,     87.9,     -177.9
54,     07.12.2014 09:01:16,     11.55,     30.15,     231,     2.1,     3.4,     5.2,     1.4,     93.2,     1012.3,     331.33,     254,     88,     -178
55,     07.12.2014 09:11:17,     24.15,     48.24,     235,     1.9,     3.4,     6.1,     1.3,     93.1,     1012.3,     331.33,     254.5,     87.9,     -177.9,     13.828,     2.29,     86.8
56,     07.12.2014 09:21:17,     29.4,     56.28,     236,     1.9,     3.4,     5.1,     1.3,     93.1,     1012.3,     331.33,     253.8,     88,     -177.9
57,     07.12.2014 09:31:17,     37.8,     74.37,     237,     1.8,     3.2,     4.7,     1.4,     93.2,     1012.2,     331.33,     253.8,     87.8,     -177.8
58,     07.12.2014 09:41:17,     44.1,     88.44,     234,     2.3,     3.8,     5.9,     1.4,     93.1,     1012.1,     331.33,     254,     87.9,     -177.9
59,     07.12.2014 09:51:17,     53.55,     106.53,     240,     2.1,     3.6,     5.7,     1.3,     93.1,     1012,     331.33,     253.5,     87.9,     -177.9
60,     07.12.2014 10:01:17,     66.15,     128.64,     237,     1.6,     2.8,     4.3,     1.4,     93.1,     1011.9,     331.33,     254,     88,     -178
61,     07.12.2014 10:11:17,     80.85,     160.8,     245,     1.8,     3.4,     5.6,     1.4,     93.1,     1011.9,     331.33,     253.8,     88,     -178,     13.110,     2.64,     86.8
62,     07.12.2014 10:21:17,     89.25,     178.89,     237,     1.3,     3.3,     5.3,     1.4,     93,     1011.8,     331.33,     253.8,     87.9,     -177.9
63,     07.12.2014 10:31:17,     106.05,     213.06,     232,     1.7,     3.1,     4.6,     1.6,     93,     1011.6,     331.33,     253.6,     87.9,     -177.9
64,     07.12.2014 10:41:17,     133.35,     263.31,     232,     1.3,     3.2,     5.3,     1.7,     93,     1011.6,     331.33,     253.9,     88,     -178
65,     07.12.2014 10:51:17,     166.95,     319.59,     227,     1.5,     3.2,     5.3,     1.9,     93,     1011.4,     331.33,     253.9,     88.1,     -178.2
66,     07.12.2014 11:01:17,     160.65,     307.53,     232,     2.3,     4.2,     6.5,     1.9,     92.9,     1011.2,     331.33,     253.6,     88,     -178.1
67,     07.12.2014 11:11:16,     220.5,     422.1,     233,     2.3,     4,     6.1,     2,     92.8,     1011,     331.33,     254.3,     87.8,     -177.8,     13.803,     3.80,     86.6
68,     07.12.2014 11:21:16,     171.15,     327.63,     234,     2.3,     3.7,     5.7,     2.2,     92.6,     1010.9,     331.33,     254.4,     87.9,     -177.9
69,     07.12.2014 11:31:16,     207.9,     404.01,     233,     2.2,     3.8,     5.6,     2.4,     92.4,     1010.8,     331.33,     254.5,     88,     -178
70,     07.12.2014 11:41:16,     185.85,     343.71,     236,     0.9,     3.8,     6.5,     2.6,     92,     1010.6,     331.33,     253.7,     87.8,     -177.8
71,     07.12.2014 11:51:16,     115.5,     233.16,     230,     2.6,     4.2,     6.8,     2.6,     91.3,     1010.4,     331.33,     253.7,     87.9,     -177.9
72,     07.12.2014 12:01:16,     103.95,     211.05,     231,     2,     4.1,     6.6,     2.7,     90.9,     1010.3,     331.33,     254.2,     88.1,     -178.1
73,     07.12.2014 12:11:17,     145.95,     287.43,     236,     2,     3.7,     5.4,     2.8,     90.5,     1010.2,     331.33,     254.5,     88,     -178,     13.468,     4.81,     86.3
74,     07.12.2014 12:21:17,     121.8,     241.2,     241,     1.7,     4,     6.9,     3,     90.2,     1010.2,     331.33,     254.3,     88,     -178
75,     07.12.2014 12:31:17,     80.85,     166.83,     238,     1.8,     4.2,     6.9,     3,     89.5,     1010,     331.33,     254.9,     87.9,     -177.9
76,     07.12.2014 12:41:17,     84,     170.85,     238,     2.5,     4.1,     6.3,     3.2,     89.4,     1009.9,     331.33,     254.1,     88,     -178
77,     07.12.2014 12:51:17,     91.35,     180.9,     235,     2.5,     3.9,     5.7,     3.3,     89.3,     1009.7,     331.33,     254.7,     87.9,     -178
78,     07.12.2014 13:01:17,     114.45,     221.1,     235,     2.1,     3.6,     5.7,     3.3,     89.2,     1009.5,     331.33,     253.7,     87.8,     -177.8
79,     07.12.2014 13:11:16,     94.5,     190.95,     224,     2.2,     3.7,     5.8,     3.3,     88.9,     1009.3,     331.33,     254.6,     88.1,     -178.2,     13.769,     4.97,     86.1
80,     07.12.2014 13:21:16,     158.55,     293.46,     220,     1.9,     4.1,     6.3,     3.3,     88.8,     1009.2,     331.33,     254.4,     88,     -178
81,     07.12.2014 13:31:16,     90.3,     180.9,     223,     2.8,     4.5,     6.6,     3.2,     87,     1008.9,     331.33,     255.4,     87.8,     -177.8
82,     07.12.2014 13:41:16,     87.15,     174.87,     228,     2.7,     4.5,     6.7,     3.2,     86.4,     1008.7,     331.33,     254.2,     88,     -178
83,     07.12.2014 13:51:16,     80.85,     162.81,     229,     2.8,     4.7,     7.3,     3.2,     85.7,     1008.6,     331.33,     254.8,     88,     -178.1
84,     07.12.2014 14:01:16,     99.75,     194.97,     225,     2.5,     4.3,     7.5,     3.2,     86,     1008.5,     331.33,     253.6,     88,     -178
85,     07.12.2014 14:11:16,     75.6,     150.75,     224,     2.5,     4.1,     7.6,     3.2,     85.4,     1008.2,     331.33,     254,     88,     -178,     13.779,     4.75,     86.1
86,     07.12.2014 14:21:16,     56.7,     118.59,     224,     2.5,     4.4,     6.2,     3.2,     85.9,     1008.1,     331.33,     254,     87.8,     -177.8
87,     07.12.2014 14:31:16,     107.1,     172.86,     224,     2.2,     4.5,     7,     3.3,     85.6,     1007.8,     331.33,     74.6,     88,     -1.9
88,     07.12.2014 14:41:16,     65.1,     110.55,     225,     2.8,     4.5,     8.1,     3.4,     84.9,     1007.8,     331.33,     254.1,     88,     -178
89,     07.12.2014 14:51:16,     38.85,     78.39,     226,     2.9,     4.5,     7.6,     3.4,     84.4,     1007.6,     331.33,     74.5,     88,     -1.9
90,     07.12.2014 15:01:16,     27.3,     58.29,     219,     2.9,     4.6,     6.8,     3.4,     84.3,     1007.5,     331.33,     255.4,     87.9,     -178
91,     07.12.2014 15:11:17,     17.85,     40.2,     223,     2.2,     4.1,     6.4,     3.4,     84.6,     1007.4,     331.33,     254.7,     88,     -178,     12.936,     4.41,     86.1
92,     07.12.2014 15:21:17,     13.65,     30.15,     220,     2.8,     4.8,     7.1,     3.3,     85.2,     1007.3,     331.33,     254.1,     88,     -178
93,     07.12.2014 15:31:17,     8.4,     22.11,     222,     2.5,     4.7,     7.3,     3.3,     85.6,     1007.1,     331.33,     254.8,     87.7,     -177.7
94,     07.12.2014 15:41:17,     2.1,     12.06,     222,     2.7,     4.6,     8.1,     3.3,     85.8,     1007,     331.33,     254.4,     87.9,     -177.9
95,     07.12.2014 15:51:17,     -1.05,     4.02,     221,     3.3,     5,     8,     3.3,     85.1,     1006.8,     331.33,     254,     88,     -178
96,     07.12.2014 16:01:17,     -2.1,     2.01,     219,     2.7,     4.6,     7.5,     3.3,     85.4,     1006.7,     331.33,     255.9,     88,     -178
97,     07.12.2014 16:11:16,     -3.15,     -4.02,     222,     2.9,     4.5,     7.3,     3.3,     85,     1006.6,     331.33,     253.6,     88,     -178.1,     12.705,     3.73,     86.4
98,     07.12.2014 16:21:16,     -3.15,     -2.01,     225,     1,     4.5,     7,     3.3,     84.6,     1006.4,     331.33,     254.9,     88,     -178
99,     07.12.2014 16:31:16,     -4.2,     -2.01,     223,     2.6,     4.7,     7.5,     3.2,     84.8,     1006.3,     331.33,     254.6,     88.1,     -178.1
100,     07.12.2014 16:41:16,     -2.1,     -2.01,     224,     2.9,     4.7,     8,     3.2,     84.8,     1006.2,     331.33,     254.6,     87.6,     -177.6
101,     07.12.2014 16:51:16,     -3.15,     -4.02,     224,     2.8,     4.9,     7.7,     3.2,     84.5,     1006.1,     331.33,     254,     87.9,     -177.9
102,     07.12.2014 17:01:16,     -3.15,     -2.01,     223,     3.2,     4.9,     7.1,     3.2,     84.5,     1005.9,     331.33,     253.9,     88.1,     -178.1
103,     07.12.2014 17:11:16,     -2.1,     -2.01,     224,     2.8,     4.9,     7.2,     3.3,     84.3,     1005.8,     331.33,     254,     88,     -178,     13.824,     3.43,     86.6
104,     07.12.2014 17:21:16,     -2.1,     -2.01,     225,     2.8,     4.8,     7.2,     3.4,     83.9,     1005.6,     331.33,     74.5,     87.9,     -2
105,     07.12.2014 17:31:16,     -1.05,     0,     225,     2.6,     5,     8.2,     3.4,     83.2,     1005.6,     331.33,     255,     87.7,     -177.7
106,     07.12.2014 17:41:16,     -2.1,     -2.01,     226,     3.4,     5.2,     8.5,     3.5,     82.5,     1005.4,     331.33,     254.2,     88.4,     -178.3
107,     07.12.2014 17:51:16,     0,     0,     228,     2.5,     5,     8,     3.4,     82.5,     1005.4,     331.33,     254.2,     88,     -178
108,     07.12.2014 18:01:16,     -1.05,     0,     229,     3.4,     5.2,     7.6,     3.4,     81.9,     1005.2,     331.33,     254.4,     88,     -178.1
109,     07.12.2014 18:11:16,     -1.05,     -4.02,     228,     2.7,     5.3,     8.6,     3.4,     82.1,     1005.1,     331.33,     255.4,     87.9,     -177.9,     13.843,     3.85,     86.5
110,     07.12.2014 18:21:16,     -2.1,     -2.01,     230,     3.1,     5.2,     7.9,     3.4,     81.9,     1005,     331.33,     74,     87.9,     -2
111,     07.12.2014 18:31:16,     -1.05,     -4.02,     227,     3.2,     5.2,     7.4,     3.4,     81.5,     1004.9,     331.33,     254.8,     87.8,     -177.8
112,     07.12.2014 18:41:16,     -3.15,     -4.02,     227,     2.8,     5,     7.5,     3.4,     81.7,     1004.8,     331.33,     74.7,     87.8,     -2.1
113,     07.12.2014 18:51:16,     -2.1,     0,     223,     2.8,     4.8,     7.5,     3.4,     81.9,     1004.7,     331.33,     75,     88.1,     -1.8
114,     07.12.2014 19:01:16,     -5.25,     -6.03,     228,     3,     4.9,     7,     3.3,     82.8,     1004.5,     331.35,     254.3,     88.1,     -178.1
115,     07.12.2014 19:11:16,     -2.1,     -2.01,     227,     2.4,     5.3,     7.9,     3.3,     83.6,     1004.4,     331.43,     255,     87.9,     -178,     13.809,     4.01,     86.4
116,     07.12.2014 19:21:16,     -2.1,     -2.01,     225,     2.5,     4.7,     7,     3.2,     83.9,     1004.3,     331.48,     254,     88.1,     -178.1
117,     07.12.2014 19:31:16,     -3.15,     -2.01,     229,     2.4,     4.5,     7.5,     3.2,     84.3,     1004.2,     331.53,     75,     87.9,     -2
118,     07.12.2014 19:41:16,     -2.1,     0,     229,     2.3,     4.2,     6.5,     3.1,     84.7,     1004.2,     331.56,     74.6,     88,     -1.9
119,     07.12.2014 19:51:16,     -2.1,     -2.01,     227,     2.2,     4.3,     6.5,     3.1,     84.7,     1004.3,     331.56,     253.7,     88.1,     -178.1
120,     07.12.2014 20:01:16,     -3.15,     -2.01,     227,     2.2,     4.4,     7,     3.1,     85.2,     1004.2,     331.57,     254.5,     87.9,     -177.9
121,     07.12.2014 20:11:16,     -2.1,     0,     228,     1.2,     4.1,     6,     3.1,     85.7,     1004,     331.6,     254,     87.8,     -177.8,     13.826,     3.83,     86.6
122,     07.12.2014 20:21:16,     -3.15,     -2.01,     225,     2.6,     4.5,     7.4,     3,     85.8,     1004,     331.6,     255,     87.8,     -177.8
123,     07.12.2014 20:31:16,     -2.1,     0,     227,     2.2,     4.6,     7,     2.9,     86.3,     1003.9,     331.6,     73.6,     87.8,     -2.1
124,     07.12.2014 20:41:16,     -1.05,     0,     232,     2.5,     4.7,     9.1,     3,     86.2,     1003.7,     331.6,     254.4,     88.1,     -178.2
125,     07.12.2014 20:51:16,     -1.05,     0,     244,     1.2,     3.7,     7,     2.9,     85.9,     1003.7,     331.6,     255.6,     88,     -178
126,     07.12.2014 21:01:16,     -2.1,     -2.01,     256,     0.5,     3,     6.7,     2.9,     86.4,     1003.6,     331.6,     75,     88,     -1.9
127,     07.12.2014 21:11:16,     -3.15,     -2.01,     0,     0,     0,     0,     2.9,     86.4,     1003.5,     331.61,     254.1,     88.2,     -178.2,     13.830,     3.66,     86.6
128,     07.12.2014 21:21:16,     -3.15,     -2.01,     262,     0.7,     3,     5.4,     2.9,     86.7,     1003.4,     331.62,     254.4,     88.1,     -178.1
129,     07.12.2014 21:31:16,     -2.1,     -2.01,     241,     1.4,     4.4,     7,     2.9,     86.9,     1003.3,     331.62,     255.8,     88,     -178
130,     07.12.2014 21:41:16,     -2.1,     -2.01,     255,     1.2,     4.6,     7.2,     2.9,     87.1,     1003.3,     331.63,     254.9,     88.1,     -178.1
131,     07.12.2014 21:51:16,     -2.1,     -2.01,     250,     2.4,     4.7,     7.9,     2.9,     86.6,     1003.2,     331.65,     74.7,     87.9,     -2
132,     07.12.2014 22:01:16,     -2.1,     -4.02,     245,     2.2,     4.9,     7.9,     2.9,     87,     1003.1,     331.67,     75.6,     88.2,     -1.6
133,     07.12.2014 22:11:16,     -2.1,     -2.01,     250,     2.1,     5.1,     8.5,     2.9,     87.2,     1003,     331.72,     254.6,     87.8,     -178,     13.830,     3.62,     86.7
134,     07.12.2014 22:21:16,     -1.05,     0,     251,     2.5,     5.1,     8.7,     2.9,     86.9,     1003,     331.8,     75,     87.8,     -2
135,     07.12.2014 22:31:16,     -3.15,     -4.02,     251,     2.4,     5.1,     9.1,     2.9,     87.3,     1002.9,     331.84,     75.9,     87.5,     -2.4
136,     07.12.2014 22:41:16,     -2.1,     -2.01,     249,     2.4,     5.2,     9.1,     2.9,     87.1,     1002.8,     331.85,     255.5,     87.8,     -177.9
137,     07.12.2014 22:51:16,     -2.1,     -2.01,     251,     2.3,     4.9,     7.5,     2.9,     87.5,     1002.8,     331.87,     254.9,     87.9,     -177.9
138,     07.12.2014 23:01:16,     -2.1,     -2.01,     255,     2.9,     5.6,     8.5,     2.9,     87.4,     1002.7,     331.97,     75.3,     88,     -1.9
139,     07.12.2014 23:11:16,     -1.05,     0,     252,     1.4,     4.8,     8.5,     3,     87.8,     1002.7,     332.04,     75.1,     87.9,     -2,     13.822,     3.56,     86.7
140,     07.12.2014 23:21:16,     -1.05,     -2.01,     252,     2.8,     5.1,     8.3,     3,     87.7,     1002.6,     332.15,     74.7,     87.7,     -2.1
141,     07.12.2014 23:31:16,     -2.1,     -2.01,     258,     2.2,     4.5,     6.9,     3.1,     88,     1002.6,     332.18,     254.3,     87.8,     -177.9
142,     07.12.2014 23:41:16,     -1.05,     -2.01,     261,     2.3,     4.7,     7.3,     3.1,     88.2,     1002.5,     332.24,     254.2,     87.7,     -177.7
143,     07.12.2014 23:51:16,     -1.05,     -2.01,     264,     2.4,     4.8,     7.7,     3.2,     88.3,     1002.5,     332.32,     254.1,     87.6,     -177.8
144,     08.12.2014 00:01:17,     -2.1,     0,     271,     2.9,     5.3,     8.6,     3.3,     88.1,     1002.4,     332.35,     74.7,     88.3,     -1.6,     13.985,     3.69,     86.6