Logger: #D10248 'TSK_Meteo' - USP_EXP2 (V2.10, Jan 24 2012)
No,     Time,     #1:W/m²:0,     #2:ÂµMol:(do.),     #5:deg:2,     #6:m/sMIN:(do.),     #7:m/sMIT:(do.),     #8:m/sMAX:(do.),     #9:Â°C:(do.),     #10:%:(do.),     #11:hPa:(do.),     #12:mm:(do.),     #14:AZ:3,     #15:EL:(do.),     #16:Roll:(do.),     #HK-Bat:V,     #HK-Temp:oC,     #HK-rH:%
(GSM Transfer OK / Signal:15)
1,     09.02.2015 00:11:16,     0,     -2.01,     314,     1.6,     3,     5.1,     2,     89.3,     1011.8,     432.52,     73.7,     88,     -1.8,     12.156,     2.99,     90.5
2,     09.02.2015 00:21:16,     -1.05,     0,     313,     1.3,     3.3,     6.2,     2.2,     89.5,     1011.7,     432.52,     73.6,     88,     -1.9
3,     09.02.2015 00:31:16,     -2.1,     -2.01,     311,     1.3,     3.7,     6.4,     2.3,     89.5,     1011.4,     432.52,     73.8,     88.1,     -1.8
4,     09.02.2015 00:41:16,     -1.05,     -2.01,     312,     1.2,     3.3,     5.9,     2.3,     89.6,     1011.2,     432.52,     73.8,     88,     -1.9
5,     09.02.2015 00:51:16,     -1.05,     0,     313,     1.3,     3.5,     6.7,     2.4,     89.9,     1011.1,     432.52,     253.5,     87.9,     -177.9
6,     09.02.2015 01:01:16,     -2.1,     -2.01,     319,     1.6,     3.2,     5.6,     2.5,     90.1,     1011.1,     432.52,     73.2,     87.9,     -2
7,     09.02.2015 01:11:17,     -1.05,     -2.01,     325,     1.8,     3.7,     7.2,     2.7,     90.4,     1010.9,     432.52,     74.2,     88,     -1.9,     12.382,     2.86,     92.3
8,     09.02.2015 01:21:17,     -2.1,     -4.02,     325,     1.5,     3.8,     7.1,     2.9,     90.8,     1010.7,     432.52,     73.5,     87.9,     -1.9
9,     09.02.2015 01:31:17,     0,     0,     331,     2.2,     4,     7.8,     3,     90.7,     1010.5,     432.52,     74,     87.9,     -2
10,     09.02.2015 01:41:17,     -1.05,     0,     330,     2.5,     4.7,     7.9,     3.2,     90.6,     1010.3,     432.52,     74.2,     87.9,     -1.9
11,     09.02.2015 01:51:17,     -1.05,     -2.01,     333,     2.5,     4.6,     8.5,     3.2,     90.3,     1010.2,     432.52,     74,     88.1,     -1.7
12,     09.02.2015 02:01:17,     -2.1,     -4.02,     332,     2,     4.7,     7.2,     3.3,     90.6,     1009.8,     432.52,     74.2,     87.9,     -2.1
13,     09.02.2015 02:11:16,     -1.05,     -2.01,     333,     2.2,     4.2,     7.2,     3.4,     90.6,     1009.8,     432.52,     74,     87.8,     -2.1,     12.363,     3.46,     92.2
14,     09.02.2015 02:21:16,     -1.05,     -2.01,     336,     2.1,     4,     7.1,     3.5,     90.6,     1009.8,     432.52,     73.9,     88.2,     -1.6
15,     09.02.2015 02:31:16,     -1.05,     0,     337,     2.5,     4.2,     6.7,     3.6,     90.6,     1009.6,     432.52,     73.4,     88.1,     -1.8
16,     09.02.2015 02:41:16,     -1.05,     -2.01,     337,     2.2,     4,     7.1,     3.6,     90.6,     1009.5,     432.52,     73.9,     88.2,     -1.7
17,     09.02.2015 02:51:16,     -1.05,     -2.01,     338,     2.2,     4.2,     6.9,     3.7,     90.8,     1009.4,     432.52,     74.3,     87.9,     -1.9
18,     09.02.2015 03:01:16,     -2.1,     -2.01,     339,     2.5,     4.3,     8.2,     3.7,     90.8,     1009.2,     432.52,     74.3,     87.6,     -2.3
19,     09.02.2015 03:11:16,     -2.1,     -2.01,     341,     2,     4.3,     7.3,     3.8,     90.7,     1009.2,     432.52,     73.9,     88.2,     -1.7,     12.361,     3.97,     92.1
20,     09.02.2015 03:21:16,     -1.05,     -2.01,     339,     2.2,     4.3,     6.7,     3.9,     90.7,     1009.1,     432.52,     74.1,     87.6,     -2.3
21,     09.02.2015 03:31:16,     -1.05,     -2.01,     337,     2.1,     5.3,     7.9,     4,     90.6,     1008.7,     432.52,     253.2,     87.5,     -177.5
22,     09.02.2015 03:41:16,     -1.05,     -4.02,     338,     2.6,     5.4,     8.5,     4.1,     90.5,     1008.5,     432.52,     74.1,     88.1,     -1.8
23,     09.02.2015 03:51:16,     -1.05,     -2.01,     344,     2.6,     5,     8,     4.1,     90.5,     1008.6,     432.52,     75.4,     88.3,     -1.6
24,     09.02.2015 04:01:16,     -2.1,     -2.01,     349,     2.8,     5.3,     8.9,     4.2,     90.2,     1008.5,     432.52,     253.9,     87.9,     -177.9
25,     09.02.2015 04:11:16,     1.05,     0,     345,     3,     5.2,     8.7,     4.2,     90,     1008.4,     432.52,     73.1,     88.6,     -1.2,     12.348,     4.39,     92.0
26,     09.02.2015 04:21:16,     -1.05,     -2.01,     347,     2.7,     5.1,     9,     4.2,     89.9,     1008.2,     432.52,     74,     88.1,     -1.8
27,     09.02.2015 04:31:16,     -1.05,     0,     351,     2.7,     4.8,     7.9,     4.2,     89.9,     1008.2,     432.52,     255.1,     89.2,     -179.2
28,     09.02.2015 04:41:16,     -1.05,     -2.01,     342,     3.6,     5.6,     8.7,     4.2,     89.8,     1008,     432.52,     74.7,     87.5,     -2.4
29,     09.02.2015 04:51:16,     -2.1,     -4.02,     346,     2.8,     5.2,     8.7,     4.2,     89.7,     1008,     432.52,     72.8,     87.5,     -2.4
30,     09.02.2015 05:01:16,     1.05,     0,     351,     1.8,     5,     7.3,     4.3,     89.7,     1008.2,     432.52,     253.6,     88.8,     -179
31,     09.02.2015 05:11:17,     -3.15,     -2.01,     355,     2.6,     4.6,     7.6,     4.3,     89.5,     1008.3,     432.52,     74.3,     87.9,     -2,     12.370,     4.58,     91.9
32,     09.02.2015 05:21:17,     -1.05,     -2.01,     351,     3,     4.8,     7.9,     4.3,     89.4,     1008.1,     432.52,     253.6,     89.1,     -179.4
33,     09.02.2015 05:31:17,     -1.05,     -2.01,     352,     2.9,     4.8,     7.3,     4.4,     89.4,     1008.1,     432.52,     73.5,     87.7,     -2.1
34,     09.02.2015 05:41:17,     -1.05,     -2.01,     354,     2.9,     4.6,     8.4,     4.4,     89.5,     1008.2,     432.52,     73.8,     87.3,     -2.5
35,     09.02.2015 05:51:17,     -1.05,     0,     350,     2.6,     4.7,     8.3,     4.4,     89.3,     1008.2,     432.52,     73.7,     89.6,     -0.3
36,     09.02.2015 06:01:17,     0,     0,     353,     2.9,     5.4,     8.4,     4.5,     88.5,     1008.2,     432.52,     75.2,     87.2,     -2.7
37,     09.02.2015 06:11:16,     -1.05,     -2.01,     355,     3.3,     5.8,     10,     4.6,     87.7,     1008.2,     432.52,     75.4,     87.4,     -2.4,     12.359,     4.73,     92.0
38,     09.02.2015 06:21:16,     0,     0,     352,     3.5,     5.7,     9.7,     4.5,     88.1,     1008.2,     432.52,     74.3,     89.6,     0.3
39,     09.02.2015 06:31:16,     -1.05,     -2.01,     351,     3.2,     5.4,     8.7,     4.4,     88.1,     1008.1,     432.52,     74.8,     89.2,     0.2
40,     09.02.2015 06:41:16,     -1.05,     0,     353,     3.3,     5.2,     9.5,     4.4,     88.2,     1008.2,     432.52,     253.7,     89.3,     -179.2
41,     09.02.2015 06:51:16,     0,     -2.01,     348,     3.2,     5.1,     7.5,     4.4,     88.2,     1008.3,     432.52,     74.8,     87.6,     -2.2
42,     09.02.2015 07:01:16,     -1.05,     -2.01,     342,     3,     5.3,     9.6,     4.4,     88,     1008.2,     432.52,     74.2,     88,     -1.9
43,     09.02.2015 07:11:17,     -1.05,     -2.01,     350,     3.3,     5.5,     9.1,     4.4,     87.6,     1008.2,     432.52,     74,     88.4,     -1.4,     13.835,     4.75,     92.0
44,     09.02.2015 07:21:17,     -1.05,     -2.01,     350,     3.7,     5.7,     8.7,     4.4,     87.7,     1008.2,     432.52,     74.2,     87.4,     -2.5
45,     09.02.2015 07:31:17,     -1.05,     -2.01,     347,     3,     5.1,     7,     4.4,     87.9,     1008.3,     432.52,     74.6,     87.9,     -2
46,     09.02.2015 07:41:17,     0,     0,     347,     3,     5.4,     9.4,     4.4,     87.7,     1008.4,     432.52,     253.8,     88.9,     -178.9
47,     09.02.2015 07:51:17,     2.1,     4.02,     355,     2.4,     4.5,     7.2,     4.4,     88.1,     1008.5,     432.52,     74.6,     88.7,     -1.2
48,     09.02.2015 08:01:17,     2.1,     8.04,     341,     2.4,     5.1,     8.6,     4.4,     88.1,     1008.4,     432.52,     73.5,     88,     -1.7
49,     09.02.2015 08:11:16,     5.25,     14.07,     343,     2.5,     4.8,     9.3,     4.4,     87.7,     1008.6,     432.52,     74.4,     89.4,     -0.4,     12.872,     4.72,     92.0
50,     09.02.2015 08:21:16,     6.3,     18.09,     345,     2.8,     4.7,     7.3,     4.4,     87.4,     1008.5,     432.52,     253.7,     87.5,     -177.5
51,     09.02.2015 08:31:16,     13.65,     30.15,     342,     2.7,     5.1,     9.1,     4.4,     86.8,     1008.7,     432.52,     74.1,     88.7,     -1.2
52,     09.02.2015 08:41:16,     12.6,     28.14,     350,     2.1,     4.6,     8.1,     4.6,     86.1,     1008.9,     432.52,     73.6,     87.8,     -2
53,     09.02.2015 08:51:16,     16.8,     38.19,     356,     0.8,     4.3,     8,     4.6,     85.7,     1009,     432.52,     253.8,     87.6,     -177.7
54,     09.02.2015 09:01:16,     28.35,     58.29,     354,     0.8,     5.1,     9.4,     4.7,     84.6,     1008.8,     432.52,     74.1,     87.8,     -2.1
55,     09.02.2015 09:11:16,     35.7,     74.37,     349,     2.8,     5.3,     9,     4.7,     84.5,     1008.8,     432.52,     73.1,     88.6,     -1.2,     12.815,     4.93,     92.1
56,     09.02.2015 09:21:16,     43.05,     86.43,     354,     2.8,     5.1,     8.4,     4.8,     84.2,     1008.9,     432.52,     253.6,     88.3,     -178.3
57,     09.02.2015 09:31:16,     44.1,     88.44,     357,     2.7,     4.7,     8.2,     4.8,     84.3,     1009,     432.52,     74,     88,     -1.8
58,     09.02.2015 09:41:16,     49.35,     100.5,     352,     2.5,     4.8,     8.5,     4.8,     84.2,     1009,     432.52,     253.3,     87.6,     -177.6
59,     09.02.2015 09:51:16,     64.05,     132.66,     353,     2.2,     5.1,     8.3,     4.9,     83.6,     1009,     432.52,     73.7,     87.8,     -2.1
60,     09.02.2015 10:01:16,     57.75,     116.58,     354,     2.8,     4.9,     8.1,     4.9,     83.3,     1009.1,     432.52,     74,     86.2,     -3.5
61,     09.02.2015 10:11:17,     64.05,     130.65,     352,     2.9,     4.8,     7.9,     5,     82.9,     1009,     432.52,     74.9,     87.9,     -1.9,     13.137,     5.51,     91.8
62,     09.02.2015 10:21:17,     64.05,     130.65,     353,     2.2,     4.3,     7.8,     4.9,     82.9,     1009.1,     432.52,     253.5,     88.7,     -178.9
63,     09.02.2015 10:31:17,     70.35,     142.71,     351,     2.4,     4.5,     7,     5,     82.3,     1009.2,     432.52,     73.6,     88.7,     -1.1
64,     09.02.2015 10:41:17,     74.55,     152.76,     351,     2.4,     4.6,     8.5,     5,     81.9,     1009.3,     432.52,     74.4,     88.3,     -1.6
65,     09.02.2015 10:51:17,     77.7,     158.79,     351,     2.2,     4.6,     6.9,     5,     81.7,     1009.3,     432.52,     74,     87.8,     -2
66,     09.02.2015 11:01:17,     93.45,     190.95,     351,     2.1,     4.3,     7.2,     5.1,     81.5,     1009.3,     432.52,     73.6,     87.4,     -2.3
67,     09.02.2015 11:11:21,     95.55,     194.97,     355,     2.7,     4.8,     7.6,     5.2,     80.8,     1009.4,     432.52,     73.6,     88.1,     -1.8,     13.996,     6.03,     91.6
68,     09.02.2015 11:21:21,     94.5,     192.96,     354,     2.1,     4.6,     8.5,     5.2,     80,     1009.5,     432.52,     74.1,     87.9,     -2
69,     09.02.2015 11:31:21,     96.6,     196.98,     3,     2.9,     5.1,     9.1,     5.2,     80.3,     1009.7,     432.52,     74.5,     87.4,     -2.4
70,     09.02.2015 11:41:21,     100.8,     203.01,     357,     2.9,     4.9,     8.3,     5.3,     79.8,     1009.6,     432.52,     253.8,     87.7,     -177.7
71,     09.02.2015 11:51:21,     103.95,     213.06,     353,     2.6,     4.7,     7.2,     5.3,     79.7,     1009.5,     432.52,     74.8,     86.9,     -3
72,     09.02.2015 12:01:21,     99.75,     198.99,     350,     2.5,     4.3,     7.6,     5.4,     79.6,     1009.6,     432.52,     73.5,     87.9,     -1.9
73,     09.02.2015 12:11:16,     94.5,     192.96,     358,     2.7,     4.9,     8,     5.5,     78.4,     1009.7,     432.52,     73.3,     88.9,     -0.8,     12.885,     6.61,     91.5
74,     09.02.2015 12:21:16,     115.5,     235.17,     354,     2.8,     5.3,     10.2,     5.5,     77.7,     1009.5,     432.52,     74.4,     86.8,     -3.1
75,     09.02.2015 12:31:16,     128.1,     257.28,     349,     3.1,     6.1,     10.3,     5.6,     77,     1009.5,     432.52,     74.8,     86.7,     -3
76,     09.02.2015 12:41:16,     112.35,     231.15,     356,     3.2,     5.4,     8.6,     5.6,     76.5,     1009.7,     432.52,     253.6,     86.8,     -176.8
77,     09.02.2015 12:51:16,     110.25,     227.13,     1,     2.4,     6,     10.2,     5.7,     75.7,     1009.8,     432.52,     74,     88.6,     -1.2
78,     09.02.2015 13:01:16,     103.95,     209.04,     2,     3.1,     5.7,     9.7,     5.7,     76.2,     1009.9,     432.52,     254.1,     88.6,     -178.6
79,     09.02.2015 13:11:16,     86.1,     172.86,     0,     2.9,     5.3,     8.2,     5.8,     76.6,     1009.9,     432.52,     73.1,     88.4,     -1.4,     13.693,     6.95,     91.3
80,     09.02.2015 13:21:16,     84,     170.85,     354,     2.8,     4.9,     7.7,     5.8,     76.9,     1009.9,     432.52,     74.5,     87.7,     -2.2
81,     09.02.2015 13:31:16,     68.25,     142.71,     359,     2.9,     5.3,     8.5,     5.8,     76.6,     1010.1,     432.52,     73.6,     88.4,     -1.5
82,     09.02.2015 13:41:16,     66.15,     136.68,     356,     2.3,     4.7,     8.9,     5.9,     77.3,     1009.9,     432.52,     74.3,     87.8,     -2.1
83,     09.02.2015 13:51:16,     74.55,     154.77,     355,     1.9,     4.1,     6.8,     5.8,     77.8,     1010,     432.52,     74.2,     88.4,     -1.5
84,     09.02.2015 14:01:16,     82.95,     168.84,     352,     1.9,     4.3,     7,     5.8,     76.9,     1009.8,     432.52,     74.2,     88.4,     -1.4
85,     09.02.2015 14:11:16,     96.6,     196.98,     356,     2.7,     5,     9,     5.8,     76.4,     1010,     432.52,     74.4,     87.1,     -2.7,     13.750,     6.99,     91.4
86,     09.02.2015 14:21:16,     76.65,     154.77,     356,     3.3,     5.7,     8.5,     5.8,     77,     1010,     432.52,     74.1,     87.3,     -2.5
87,     09.02.2015 14:31:16,     71.4,     148.74,     358,     3.1,     5.4,     7.8,     5.8,     77.1,     1010,     432.52,     73.6,     86.8,     -3.1
88,     09.02.2015 14:41:16,     63,     130.65,     357,     3,     4.8,     6.8,     5.7,     77.5,     1009.9,     432.52,     73.7,     87.8,     -2
89,     09.02.2015 14:51:16,     72.45,     146.73,     358,     2.5,     4.7,     9,     5.7,     77.5,     1009.9,     432.52,     74.8,     88.8,     -1.1
90,     09.02.2015 15:01:16,     61.95,     122.61,     352,     2.2,     4.6,     8.7,     5.7,     77.3,     1009.9,     432.52,     74.1,     88.9,     -1
91,     09.02.2015 15:11:16,     55.65,     112.56,     358,     2.3,     4,     6.2,     5.8,     77.5,     1010.1,     432.52,     74.9,     89.3,     -0.6,     13.786,     6.93,     91.4
92,     09.02.2015 15:21:16,     53.55,     110.55,     354,     2.8,     4.6,     6.9,     5.8,     76.8,     1010.3,     432.52,     73.6,     88.8,     -1.1
93,     09.02.2015 15:31:16,     25.2,     58.29,     357,     2.7,     4.5,     7.9,     5.8,     76.4,     1010.4,     432.52,     73.6,     87.7,     -2.2
94,     09.02.2015 15:41:16,     28.35,     64.32,     358,     2.5,     5.5,     8.9,     5.8,     75.5,     1010.4,     432.52,     74.2,     88,     -1.9
95,     09.02.2015 15:51:16,     31.5,     66.33,     354,     2.7,     5.7,     10.5,     5.7,     75.7,     1010.3,     432.52,     75.2,     87.6,     -2.1
96,     09.02.2015 16:01:16,     32.55,     68.34,     354,     2.8,     5.6,     8.9,     5.7,     75.8,     1010.4,     432.52,     254.4,     88.1,     -178.2
97,     09.02.2015 16:11:16,     18.9,     46.23,     352,     3,     6,     9.6,     5.7,     76,     1010.6,     432.52,     74.5,     86.2,     -3.6,     12.946,     6.64,     91.5
98,     09.02.2015 16:21:16,     11.55,     34.17,     351,     2.7,     5.4,     10,     5.6,     76.6,     1010.7,     432.52,     74,     88,     -1.8
99,     09.02.2015 16:31:16,     10.5,     28.14,     352,     3,     4.9,     8.2,     5.6,     76.5,     1010.9,     432.52,     73.4,     87.5,     -2.4
100,     09.02.2015 16:41:16,     5.25,     14.07,     359,     2.8,     4.9,     7.3,     5.6,     76.8,     1011,     432.52,     73.6,     87.8,     -2
101,     09.02.2015 16:51:16,     5.25,     12.06,     6,     2.8,     4.6,     7.4,     5.6,     77,     1011.3,     432.52,     254.9,     88.1,     -178.1
102,     09.02.2015 17:01:16,     3.15,     8.04,     3,     2.1,     4.3,     6.8,     5.6,     77.3,     1011.5,     432.52,     75,     88.3,     -1.5
103,     09.02.2015 17:11:16,     0,     0,     359,     2.4,     3.9,     6,     5.5,     77.6,     1011.4,     432.52,     73.8,     87.8,     -2,     12.662,     6.13,     91.7
104,     09.02.2015 17:21:16,     -1.05,     2.01,     350,     1.9,     3.4,     5.4,     5.4,     78.3,     1011.4,     432.52,     74.4,     88.2,     -1.7
105,     09.02.2015 17:31:16,     -3.15,     -2.01,     343,     2.1,     3.8,     7,     5.3,     78.6,     1011.3,     432.52,     73.7,     88,     -1.9
106,     09.02.2015 17:41:16,     -2.1,     -4.02,     343,     1.9,     3.9,     7.4,     5.4,     78.3,     1011.3,     432.52,     73.8,     88.1,     -1.8
107,     09.02.2015 17:51:16,     -3.15,     0,     348,     1.7,     3.3,     5.7,     5.3,     78.9,     1011.4,     432.52,     73.5,     88.1,     -1.7
108,     09.02.2015 18:01:16,     -2.1,     0,     348,     2,     3.4,     5.5,     5.3,     78.4,     1011.6,     432.52,     73.8,     88.2,     -1.7
109,     09.02.2015 18:11:17,     -2.1,     -2.01,     350,     1.6,     3.2,     6,     5.4,     77.9,     1011.7,     432.52,     73.7,     88,     -1.8,     12.603,     5.61,     91.8
110,     09.02.2015 18:21:17,     -3.15,     -2.01,     346,     0.9,     2.7,     5,     5.3,     78.2,     1011.7,     432.52,     73.7,     88.1,     -1.6
111,     09.02.2015 18:31:17,     -3.15,     -2.01,     338,     1.7,     3,     5,     5.2,     78.6,     1011.7,     432.52,     74,     87.9,     -2
112,     09.02.2015 18:41:17,     -3.15,     -2.01,     336,     1.7,     3.3,     5.4,     5.2,     78.6,     1011.7,     432.52,     73.3,     88,     -1.9
113,     09.02.2015 18:51:17,     -2.1,     0,     343,     1.6,     3.5,     7.2,     5.3,     78.3,     1011.8,     432.52,     73.7,     88.1,     -1.6
114,     09.02.2015 19:01:17,     -2.1,     -2.01,     349,     1.9,     3.8,     7.3,     5.3,     77.9,     1011.8,     432.52,     73.7,     87.9,     -2
115,     09.02.2015 19:11:17,     -3.15,     -2.01,     352,     2.1,     4.3,     7.1,     5.5,     77.1,     1012,     432.52,     73.6,     88.2,     -1.6,     12.558,     5.30,     91.9
116,     09.02.2015 19:21:17,     -2.1,     0,     350,     2,     3.8,     6.9,     5.4,     77.2,     1012.1,     432.52,     73.8,     88,     -1.8
117,     09.02.2015 19:31:17,     -3.15,     -2.01,     343,     2.2,     3.7,     6,     5.4,     77.7,     1012,     432.52,     73.4,     88.4,     -1.4
118,     09.02.2015 19:41:17,     -2.1,     0,     336,     2,     3.6,     5.9,     5.3,     77.8,     1012.1,     432.52,     73.8,     88.2,     -1.7
119,     09.02.2015 19:51:17,     -2.1,     -2.01,     336,     1.9,     3.4,     6,     5.3,     77.9,     1012.2,     432.52,     73.5,     88,     -1.9
120,     09.02.2015 20:01:17,     -3.15,     -2.01,     343,     1.6,     3,     5.1,     5.3,     77.5,     1012.3,     432.52,     73.3,     88.1,     -1.7
121,     09.02.2015 20:11:16,     -2.1,     -4.02,     342,     1.3,     2.8,     4.7,     5.3,     77.8,     1012.4,     432.52,     73.6,     87.8,     -2,     12.535,     5.15,     91.9
122,     09.02.2015 20:21:16,     -3.15,     -4.02,     343,     1.6,     3.1,     5.2,     5.3,     77.8,     1012.4,     432.52,     73.9,     88,     -1.9
123,     09.02.2015 20:31:16,     -2.1,     -2.01,     345,     1.6,     3,     5.3,     5.3,     77.8,     1012.4,     432.52,     73.6,     88.1,     -1.8
124,     09.02.2015 20:41:16,     -3.15,     -2.01,     338,     1.1,     2.9,     5,     5.2,     77.9,     1012.5,     432.52,     73.7,     88,     -1.8
125,     09.02.2015 20:51:16,     -2.1,     0,     336,     1,     2,     3.3,     5.2,     78.3,     1012.6,     432.52,     73.6,     88.1,     -1.8
126,     09.02.2015 21:01:16,     -3.15,     -2.01,     330,     1.4,     2.3,     4.1,     5.1,     78.5,     1012.6,     432.52,     73.5,     88,     -1.9
127,     09.02.2015 21:11:16,     -2.1,     0,     324,     1.1,     2,     3.4,     5.1,     78.9,     1012.7,     432.52,     73.5,     88,     -1.9,     12.507,     5.07,     91.8
128,     09.02.2015 21:21:16,     -4.2,     0,     332,     1.2,     2.2,     4.3,     5,     79.5,     1012.8,     432.52,     73.8,     88,     -1.8
129,     09.02.2015 21:31:16,     -4.2,     -2.01,     337,     0.8,     2.1,     4.6,     4.9,     79.8,     1013,     432.52,     73.5,     88.1,     -1.8
130,     09.02.2015 21:41:16,     -3.15,     0,     330,     0.9,     2,     4.7,     4.8,     80.5,     1013.1,     432.52,     73.5,     88,     -1.8
131,     09.02.2015 21:51:16,     -4.2,     -2.01,     330,     1,     2.1,     4.1,     4.7,     81.3,     1013.2,     432.52,     73.4,     88,     -1.9
132,     09.02.2015 22:01:16,     -5.25,     -2.01,     337,     1.2,     2.2,     3.7,     4.7,     81.3,     1013.3,     432.52,     73.5,     88.1,     -1.8
133,     09.02.2015 22:11:17,     -3.15,     -2.01,     338,     1.1,     2.5,     4.4,     4.6,     81.6,     1013.4,     432.52,     73.9,     88.1,     -1.8,     12.471,     4.09,     92.1
134,     09.02.2015 22:21:17,     -4.2,     -4.02,     329,     1.4,     2.8,     6.1,     4.7,     81.6,     1013.3,     432.52,     73.6,     88.1,     -1.8
135,     09.02.2015 22:31:17,     -1.05,     0,     332,     1.6,     3.2,     5.8,     4.9,     81.1,     1013.5,     432.52,     73.6,     88,     -1.8
136,     09.02.2015 22:41:17,     -1.05,     0,     335,     1.5,     2.9,     5.1,     4.9,     81.3,     1013.5,     432.52,     73.5,     88,     -1.8
137,     09.02.2015 22:51:17,     -2.1,     0,     334,     1.5,     3.2,     5.4,     5,     81,     1013.6,     432.52,     74.3,     88,     -1.9
138,     09.02.2015 23:01:17,     -2.1,     -2.01,     333,     1.7,     3.8,     6.5,     5.1,     81.1,     1013.5,     432.52,     74.8,     88.1,     -1.8
139,     09.02.2015 23:11:16,     -2.1,     -2.01,     338,     2.3,     4,     7.1,     5.1,     81.7,     1013.5,     432.52,     73.5,     88.2,     -1.7,     12.450,     4.70,     92.2
140,     09.02.2015 23:21:16,     -1.05,     0,     344,     2.2,     4.1,     7.4,     5.1,     82,     1013.5,     432.52,     73.7,     87.8,     -2.1
141,     09.02.2015 23:31:16,     -2.1,     0,     343,     1.9,     3.4,     6.3,     5,     82.6,     1013.6,     432.52,     74,     88.2,     -1.8
142,     09.02.2015 23:41:16,     -2.1,     -2.01,     340,     1.9,     3.5,     5.6,     5.1,     82.7,     1013.7,     432.52,     74.1,     88.3,     -1.6
143,     09.02.2015 23:51:16,     -1.05,     -4.02,     341,     2.2,     4,     7.2,     5.1,     83.1,     1013.7,     432.52,     73.4,     88.2,     -1.7
144,     10.02.2015 00:01:16,     -1.05,     -2.01,     338,     2.3,     3.8,     6.3,     5,     83.1,     1013.7,     432.52,     73.9,     88.2,     -1.7,     12.215,     5.25,     91.9