Logger: #D10248 'TSK_Meteo' - USP_EXP2 (V2.10, Jan 24 2012)
No,     Time,     #1:W/m²:0,     #2:ÂµMol:(do.),     #5:deg:2,     #6:m/sMIN:(do.),     #7:m/sMIT:(do.),     #8:m/sMAX:(do.),     #9:Â°C:(do.),     #10:%:(do.),     #11:hPa:(do.),     #12:mm:(do.),     #14:AZ:3,     #15:EL:(do.),     #16:Roll:(do.),     #HK-Bat:V,     #HK-Temp:oC,     #HK-rH:%
(GSM Transfer OK / Signal:16)
1,     17.12.2014 00:11:16,     -3.15,     -4.02,     291,     2.7,     4.8,     8.4,     2.6,     86.8,     999.8,     345.36,     253.5,     87.8,     -177.8,     12.425,     3.03,     86.1
2,     17.12.2014 00:21:16,     -3.15,     0,     293,     2.3,     4.4,     7.2,     2.5,     86.9,     999.8,     345.36,     253.6,     88,     -178
3,     17.12.2014 00:31:16,     -4.2,     -2.01,     296,     1.4,     4,     6.5,     2.5,     87,     999.8,     345.36,     253.3,     88.1,     -178
4,     17.12.2014 00:41:16,     -4.2,     -2.01,     286,     1,     3.9,     7,     2.5,     87.2,     999.6,     345.36,     253.5,     87.9,     -177.9
5,     17.12.2014 00:51:16,     -4.2,     0,     287,     1.4,     3.7,     6.8,     2.4,     86.9,     999.7,     345.36,     253.7,     88,     -178
6,     17.12.2014 01:01:16,     -3.15,     0,     289,     1.1,     3.6,     5.7,     2.3,     87.1,     999.9,     345.36,     253.4,     87.9,     -177.9
7,     17.12.2014 01:11:16,     -4.2,     -2.01,     291,     2.2,     4,     7.7,     2.3,     87.3,     999.9,     345.36,     254.1,     87.9,     -177.9,     12.376,     2.23,     88.1
8,     17.12.2014 01:21:16,     -2.1,     -2.01,     284,     1.3,     4.2,     7.3,     2.3,     87.3,     999.9,     345.36,     253.9,     88,     -178
9,     17.12.2014 01:31:16,     -3.15,     -2.01,     291,     1.6,     4.8,     7.5,     2.3,     87,     999.9,     345.36,     253.8,     88,     -178
10,     17.12.2014 01:41:16,     -3.15,     0,     289,     1.8,     5.3,     9.3,     2.5,     86.5,     999.8,     345.36,     253.6,     87.9,     -177.8
11,     17.12.2014 01:51:16,     -4.2,     -2.01,     291,     2.2,     4.6,     8.1,     2.4,     86.4,     999.8,     345.36,     254.3,     87.8,     -177.8
12,     17.12.2014 02:01:16,     -3.15,     -2.01,     284,     1.1,     3.6,     7,     2.5,     86.7,     999.9,     345.36,     73.4,     88,     -2
13,     17.12.2014 02:11:16,     -4.2,     0,     292,     1.6,     4.2,     7,     2.4,     86.3,     1000.1,     345.36,     253.7,     87.9,     -177.9,     12.361,     2.16,     88.1
14,     17.12.2014 02:21:16,     -4.2,     -2.01,     288,     1.9,     3.7,     6,     2.3,     86.7,     1000.2,     345.36,     254,     87.9,     -177.9
15,     17.12.2014 02:31:16,     -5.25,     -2.01,     283,     2,     3.8,     6.1,     2.2,     87,     1000.2,     345.36,     254.1,     87.9,     -177.9
16,     17.12.2014 02:41:16,     -3.15,     -2.01,     283,     1.7,     3.6,     6.2,     2.2,     87,     1000.3,     345.36,     253.6,     88,     -178
17,     17.12.2014 02:51:16,     -4.2,     0,     280,     0.4,     2.9,     5.5,     2.1,     87.3,     1000.2,     345.36,     253.7,     88,     -177.9
18,     17.12.2014 03:01:16,     -5.25,     -4.02,     289,     0.7,     3,     5.2,     2.1,     87,     1000.2,     345.36,     253.5,     88,     -177.9
19,     17.12.2014 03:11:16,     -4.2,     -2.01,     288,     0.9,     3.1,     5.1,     2,     87.2,     1000.2,     345.36,     253.7,     87.9,     -177.9,     12.359,     1.81,     88.3
20,     17.12.2014 03:21:16,     -3.15,     0,     285,     0.3,     3.3,     5.3,     1.9,     87.3,     1000.1,     345.36,     253.3,     87.9,     -177.9
21,     17.12.2014 03:31:16,     -4.2,     -2.01,     282,     1.8,     3.2,     5.8,     1.9,     87.8,     1000,     345.36,     253.5,     88,     -178
22,     17.12.2014 03:41:16,     -4.2,     -2.01,     285,     2.1,     3.6,     6,     1.8,     87.7,     1000,     345.36,     73.7,     88,     -1.9
23,     17.12.2014 03:51:16,     -4.2,     -2.01,     286,     1.6,     3.9,     6.6,     1.7,     87.6,     1000,     345.36,     253.9,     87.9,     -177.9
24,     17.12.2014 04:01:16,     -5.25,     -2.01,     291,     0.9,     3.8,     7.6,     1.7,     87.5,     1000,     345.36,     253.6,     88,     -177.9
25,     17.12.2014 04:11:16,     -5.25,     -2.01,     291,     1.9,     4.4,     8,     1.7,     87.2,     1000,     345.36,     254.3,     87.9,     -177.9,     12.368,     1.41,     88.4
26,     17.12.2014 04:21:16,     -5.25,     -2.01,     294,     2.4,     4.1,     7.3,     1.7,     87.1,     1000,     345.36,     253.9,     87.9,     -177.9
27,     17.12.2014 04:31:16,     -3.15,     0,     294,     1.9,     4.1,     6.8,     1.6,     86.8,     1000,     345.36,     254.1,     87.7,     -177.7
28,     17.12.2014 04:41:16,     -4.2,     -2.01,     295,     2.1,     4.3,     7.4,     1.7,     86.3,     999.9,     345.36,     254.4,     87.9,     -177.9
29,     17.12.2014 04:51:16,     -4.2,     -2.01,     292,     2.3,     4.7,     7.5,     1.7,     85.6,     1000,     345.36,     255.2,     87.9,     -177.9
30,     17.12.2014 05:01:16,     -5.25,     -2.01,     283,     1.4,     4.2,     6.8,     1.7,     85.1,     999.9,     345.36,     74.1,     87.9,     -2.1
31,     17.12.2014 05:11:17,     -4.2,     -2.01,     284,     1.2,     3.9,     6.7,     1.6,     85.2,     999.9,     345.36,     253.6,     87.7,     -177.8,     12.351,     1.13,     88.5
32,     17.12.2014 05:21:17,     -4.2,     0,     289,     1.3,     3.7,     7.2,     1.6,     85,     999.9,     345.36,     253.9,     87.9,     -177.9
33,     17.12.2014 05:31:17,     -4.2,     -2.01,     288,     0.5,     3.6,     5.6,     1.5,     84.8,     999.9,     345.36,     254.4,     87.9,     -177.9
34,     17.12.2014 05:41:17,     -5.25,     -4.02,     286,     1.8,     3.9,     6.2,     1.5,     84,     999.9,     345.36,     253.4,     87.9,     -177.9
35,     17.12.2014 05:51:17,     -4.2,     0,     284,     1.4,     3.6,     6.4,     1.4,     84.4,     999.8,     345.36,     74.1,     88,     -1.9
36,     17.12.2014 06:01:17,     -4.2,     -2.01,     272,     0.9,     3.2,     6,     1.5,     84.6,     999.9,     345.36,     253.6,     87.9,     -177.9
37,     17.12.2014 06:11:16,     -5.25,     -2.01,     245,     1.6,     3,     5,     1.4,     84.3,     999.9,     345.36,     253.4,     88,     -178,     13.023,     0.71,     88.6
38,     17.12.2014 06:21:16,     -4.2,     0,     242,     1.3,     2.7,     4.3,     1.2,     84.7,     1000,     345.36,     253.2,     87.8,     -177.8
39,     17.12.2014 06:31:16,     -5.25,     -2.01,     245,     1.3,     2.8,     4.5,     1.1,     85.4,     1000,     345.36,     73.6,     87.7,     -2.1
40,     17.12.2014 06:41:16,     -4.2,     -2.01,     242,     0.8,     2.7,     4.2,     1,     85.4,     1000.1,     345.36,     253.9,     87.9,     -177.9
41,     17.12.2014 06:51:16,     -4.2,     -4.02,     239,     1.5,     2.8,     4.7,     1,     85.8,     1000.2,     345.36,     253.5,     87.9,     -177.9
42,     17.12.2014 07:01:16,     -3.15,     -2.01,     247,     1,     2.8,     5.3,     1.1,     85.5,     1000,     345.36,     253.4,     87.9,     -177.9
43,     17.12.2014 07:11:17,     -4.2,     -2.01,     247,     1.4,     2.8,     4.5,     1,     85.6,     1000,     345.36,     73.4,     87.9,     -2,     12.775,     0.55,     88.5
44,     17.12.2014 07:21:17,     -3.15,     -2.01,     249,     0.7,     2.8,     4.7,     0.9,     86.1,     999.9,     345.36,     253.7,     88,     -177.9
45,     17.12.2014 07:31:17,     -4.2,     -8.04,     246,     1.6,     2.9,     5.3,     1,     86.5,     999.7,     345.36,     253.6,     87.9,     -177.9
46,     17.12.2014 07:41:17,     -1.05,     -2.01,     247,     1.4,     3,     4.7,     1.1,     86.1,     999.7,     345.36,     253.7,     88,     -178
47,     17.12.2014 07:51:17,     -1.05,     0,     239,     0.8,     3,     4.9,     1,     86,     999.8,     345.36,     253.6,     87.9,     -177.9
48,     17.12.2014 08:01:17,     -1.05,     -2.01,     231,     1.6,     3,     4.2,     1,     86.2,     999.6,     345.36,     253.8,     87.9,     -177.9
49,     17.12.2014 08:11:16,     2.1,     2.01,     222,     1.8,     2.9,     4.7,     1,     86.7,     999.5,     345.36,     253.6,     87.9,     -177.9,     12.609,     1.01,     88.4
50,     17.12.2014 08:21:16,     4.2,     6.03,     233,     1.7,     3,     4.7,     1.1,     87,     999.4,     345.36,     253.8,     87.8,     -177.8
51,     17.12.2014 08:31:16,     5.25,     10.05,     243,     1.7,     2.9,     4.2,     1.3,     86.9,     999.3,     345.36,     254.2,     87.9,     -177.9
52,     17.12.2014 08:41:16,     7.35,     12.06,     240,     2.1,     3.6,     5.3,     1.5,     86.7,     999.3,     345.36,     254.7,     87.8,     -177.7
53,     17.12.2014 08:51:16,     12.6,     20.1,     243,     1.9,     3.9,     6.7,     1.8,     86.7,     999.2,     345.36,     253.8,     88,     -178
54,     17.12.2014 09:01:16,     16.8,     32.16,     243,     2.6,     4,     5.7,     1.9,     86.9,     999,     345.36,     254.8,     87.9,     -177.9
55,     17.12.2014 09:11:16,     21,     44.22,     243,     2.3,     4,     5.6,     1.9,     86.5,     999,     345.36,     253.7,     88,     -177.9,     12.609,     1.73,     88.3
56,     17.12.2014 09:21:16,     21,     40.2,     244,     1.8,     3.9,     6.8,     2.1,     87,     998.9,     345.36,     253.6,     87.7,     -177.9
57,     17.12.2014 09:31:16,     31.5,     62.31,     248,     1.8,     4.1,     7.8,     2.3,     86.3,     998.8,     345.36,     73.7,     88,     -1.8
58,     17.12.2014 09:41:16,     36.75,     70.35,     245,     2.3,     3.8,     6.1,     2.4,     86,     998.8,     345.36,     254.4,     87.9,     -177.9
59,     17.12.2014 09:51:16,     40.95,     80.4,     240,     2.2,     4,     5.8,     2.5,     85.4,     998.7,     345.36,     253.4,     88,     -178
60,     17.12.2014 10:01:16,     37.8,     74.37,     244,     2.2,     3.8,     6.5,     2.5,     85.1,     998.7,     345.36,     75,     87.9,     -2
61,     17.12.2014 10:11:16,     37.8,     72.36,     243,     1.3,     4,     6.4,     2.6,     84.6,     998.7,     345.36,     254.3,     88,     -178,     12.764,     2.69,     88.1
62,     17.12.2014 10:21:16,     44.1,     88.44,     242,     2.7,     4.1,     7.3,     2.7,     84.1,     998.4,     345.36,     74.7,     87.8,     -2.2
63,     17.12.2014 10:31:16,     47.25,     96.48,     237,     2.1,     4,     6.1,     2.8,     83.8,     998.4,     345.36,     254.5,     88,     -178
64,     17.12.2014 10:41:16,     61.95,     126.63,     234,     1.6,     3.4,     5.2,     2.9,     84.3,     998.3,     345.36,     253.9,     88,     -177.9
65,     17.12.2014 10:51:16,     56.7,     114.57,     229,     1.8,     3.1,     4.7,     2.8,     84.7,     998.1,     345.36,     253.7,     88,     -178
66,     17.12.2014 11:01:16,     53.55,     108.54,     229,     2.1,     4.1,     6.6,     2.8,     84,     997.9,     345.36,     254.2,     88.1,     -178.1
67,     17.12.2014 11:11:16,     71.4,     146.73,     231,     2.2,     4.2,     6.8,     2.8,     83.8,     997.8,     345.36,     254.3,     87.9,     -177.9,     13.084,     3.55,     87.7
68,     17.12.2014 11:21:16,     66.15,     134.67,     224,     2.6,     4,     6,     2.7,     83.9,     997.7,     345.36,     253.7,     87.7,     -177.8
69,     17.12.2014 11:31:16,     61.95,     122.61,     219,     2.6,     3.9,     5.7,     2.6,     84.3,     997.5,     345.36,     253.6,     88,     -178
70,     17.12.2014 11:41:16,     80.85,     162.81,     221,     2.4,     3.8,     5.7,     2.7,     83.9,     997.4,     345.36,     74.8,     88,     -1.9
71,     17.12.2014 11:51:16,     88.2,     176.88,     224,     1.9,     3.9,     5.9,     2.7,     83.5,     997.3,     345.36,     254.5,     87.9,     -177.9
72,     17.12.2014 12:01:16,     68.25,     138.69,     220,     2.6,     3.9,     6,     2.7,     82.5,     997.2,     345.36,     253.6,     87.9,     -177.9
73,     17.12.2014 12:11:16,     66.15,     134.67,     220,     2,     3.9,     6.4,     2.8,     81.6,     996.9,     345.36,     253.7,     88.1,     -178.1,     12.815,     3.85,     87.7
74,     17.12.2014 12:21:16,     68.25,     136.68,     225,     2.4,     3.9,     5.6,     2.9,     81,     996.8,     345.36,     253.7,     88,     -178
75,     17.12.2014 12:31:16,     113.4,     223.11,     226,     2.5,     4.2,     6.2,     3,     80.2,     996.4,     345.36,     254.5,     88,     -178
76,     17.12.2014 12:41:16,     108.15,     215.07,     222,     2.7,     4.2,     6.6,     3.1,     79.9,     996.2,     345.36,     74,     88,     -1.9
77,     17.12.2014 12:51:16,     116.55,     231.15,     222,     1.9,     3.7,     5.2,     3.1,     79.3,     996.1,     345.36,     253.9,     87.8,     -177.8
78,     17.12.2014 13:01:16,     100.8,     205.02,     223,     1.6,     3.2,     5.2,     3.2,     79.6,     996,     345.36,     74.8,     87.8,     -2.1
79,     17.12.2014 13:11:16,     58.8,     124.62,     226,     2.5,     3.8,     5.6,     3.2,     79.3,     995.6,     345.36,     75.8,     87.9,     -2,     13.461,     4.33,     87.5
80,     17.12.2014 13:21:16,     85.05,     166.83,     220,     2.1,     3.6,     5.4,     3.1,     79.1,     995.4,     345.36,     74.6,     88.2,     -1.6
81,     17.12.2014 13:31:16,     52.5,     110.55,     222,     2.2,     4.1,     6.4,     3.1,     79.1,     995.3,     345.36,     76,     87.2,     -2.7
82,     17.12.2014 13:41:16,     60.9,     128.64,     225,     2.3,     4,     7.1,     3.1,     79.5,     995.1,     345.37,     74.8,     87.8,     -2.1
83,     17.12.2014 13:51:16,     47.25,     104.52,     221,     2,     3.5,     6.3,     3,     79.4,     994.9,     345.37,     74.8,     87.8,     -2.1
84,     17.12.2014 14:01:16,     37.8,     86.43,     223,     2.4,     3.9,     5.9,     3,     79.4,     994.8,     345.37,     74.1,     87.9,     -2
85,     17.12.2014 14:11:17,     27.3,     62.31,     224,     2.1,     3.7,     5.8,     3,     80.1,     994.8,     345.37,     74.1,     87.8,     -2.1,     13.107,     4.07,     87.5
86,     17.12.2014 14:21:17,     26.25,     60.3,     228,     2.3,     3.6,     5.2,     3,     81.1,     994.7,     345.37,     73.9,     88,     -1.9
87,     17.12.2014 14:31:17,     30.45,     64.32,     229,     1.8,     3.4,     5,     2.9,     81.2,     994.7,     345.37,     253.6,     87.8,     -177.9
88,     17.12.2014 14:41:17,     19.95,     44.22,     227,     2,     3.4,     5.9,     3,     81.6,     994.7,     345.37,     74,     87.9,     -2
89,     17.12.2014 14:51:17,     18.9,     40.2,     225,     1.8,     3.3,     5.2,     2.9,     82.8,     994.6,     345.37,     74.1,     87.9,     -2
90,     17.12.2014 15:01:17,     16.8,     38.19,     231,     1.6,     2.8,     4.1,     2.9,     83.8,     994.6,     345.37,     253.3,     88,     -178
91,     17.12.2014 15:11:16,     22.05,     44.22,     230,     1.5,     3,     4.2,     2.9,     83.8,     994.7,     345.37,     74,     88,     -1.9,     13.837,     3.77,     87.8
92,     17.12.2014 15:21:16,     15.75,     32.16,     229,     1.7,     3.1,     5.2,     3,     83.8,     994.7,     345.37,     253.9,     88,     -178
93,     17.12.2014 15:31:16,     3.15,     12.06,     227,     1.9,     3.2,     4.4,     3,     84.6,     994.6,     345.37,     73.6,     87.8,     -2.1
94,     17.12.2014 15:41:16,     2.1,     8.04,     220,     1.7,     2.9,     5,     2.9,     85.3,     994.4,     345.37,     253.4,     88,     -177.9
95,     17.12.2014 15:51:16,     -1.05,     6.03,     216,     1.9,     3.1,     4.3,     2.9,     85.6,     994.3,     345.37,     73.4,     87.9,     -2
96,     17.12.2014 16:01:16,     -2.1,     0,     211,     2.2,     3.4,     5.2,     2.9,     85.7,     994.2,     345.37,     73.6,     88,     -1.9
97,     17.12.2014 16:11:17,     -4.2,     0,     214,     1.3,     2.6,     4,     3,     85.6,     994.4,     345.37,     253.9,     87.9,     -177.9,     12.819,     3.59,     87.8
98,     17.12.2014 16:21:17,     -1.05,     -2.01,     217,     1.8,     2.8,     4,     3,     85.6,     994.3,     345.37,     253.6,     87.8,     -177.8
99,     17.12.2014 16:31:17,     -1.05,     0,     213,     2,     3.3,     4.8,     3,     86.2,     994.2,     345.37,     74.1,     87.9,     -2
100,     17.12.2014 16:41:17,     -3.15,     -4.02,     220,     2,     3.4,     5.7,     3,     86.1,     994.2,     345.37,     73.6,     87.7,     -2.2
101,     17.12.2014 16:51:17,     -2.1,     -2.01,     223,     1.4,     3.9,     5.8,     3,     86.4,     994.3,     345.37,     254.1,     87.9,     -177.9
102,     17.12.2014 17:01:17,     -3.15,     -2.01,     216,     2.8,     4.4,     6.4,     3,     86.8,     994,     345.37,     74.6,     87.7,     -2.2
103,     17.12.2014 17:11:16,     -2.1,     -2.01,     220,     2.8,     4.7,     7.3,     2.9,     86.9,     994,     345.41,     254.2,     87.9,     -177.9,     12.766,     3.61,     87.9
104,     17.12.2014 17:21:16,     -3.15,     -2.01,     223,     1.9,     4.1,     7,     2.9,     86.9,     994.1,     345.44,     254.7,     88.2,     -178.3
105,     17.12.2014 17:31:16,     -2.1,     0,     224,     2.6,     4.2,     6.7,     2.8,     86.7,     994.2,     345.45,     74.2,     87.8,     -2.1
106,     17.12.2014 17:41:16,     -2.1,     -2.01,     220,     2.2,     3.9,     6.4,     2.7,     87,     993.9,     345.45,     74.1,     87.9,     -2
107,     17.12.2014 17:51:16,     -3.15,     -2.01,     221,     2.5,     4.3,     6.7,     2.7,     87,     993.8,     345.45,     254,     88.2,     -178.2
108,     17.12.2014 18:01:16,     -2.1,     -2.01,     220,     2.2,     4.3,     7.9,     2.7,     87.3,     993.7,     345.45,     74.2,     88.1,     -1.8
109,     17.12.2014 18:11:16,     -3.15,     -2.01,     221,     2,     4,     6.6,     2.7,     87.5,     994,     345.45,     253.6,     87.9,     -177.9,     12.715,     3.49,     87.9
110,     17.12.2014 18:21:16,     -2.1,     -2.01,     230,     1.3,     4,     6.1,     2.7,     87.6,     993.9,     345.45,     254.1,     88,     -178
111,     17.12.2014 18:31:16,     -3.15,     -2.01,     225,     2.1,     3.8,     7.2,     2.7,     87.9,     993.9,     345.45,     254.1,     87.9,     -177.9
112,     17.12.2014 18:41:16,     -2.1,     -2.01,     224,     1.9,     3.7,     5.8,     2.7,     88.1,     993.9,     345.45,     253.2,     88,     -178
113,     17.12.2014 18:51:16,     -3.15,     -2.01,     222,     2.4,     3.7,     5.7,     2.8,     88,     993.8,     345.45,     73.4,     87.9,     -2
114,     17.12.2014 19:01:16,     -2.1,     -2.01,     225,     1.8,     3.3,     5.1,     2.8,     88.1,     993.8,     345.45,     254,     87.9,     -177.9
115,     17.12.2014 19:11:17,     -2.1,     -2.01,     223,     1.9,     3.4,     5.3,     2.8,     88.3,     993.6,     345.45,     253.6,     87.8,     -177.8,     12.698,     3.46,     87.9
116,     17.12.2014 19:21:17,     -1.05,     -2.01,     221,     2,     3.4,     5.3,     2.8,     88.3,     993.7,     345.45,     253.5,     88,     -178
117,     17.12.2014 19:31:17,     -2.1,     -4.02,     220,     1.9,     3.3,     5,     2.9,     88.1,     993.8,     345.45,     253.9,     88,     -178
118,     17.12.2014 19:41:17,     -2.1,     -2.01,     223,     1.7,     3.4,     5.1,     3,     88.1,     994,     345.45,     254.1,     87.7,     -177.7
119,     17.12.2014 19:51:17,     -1.05,     0,     227,     1.9,     3.4,     5.5,     3,     88.1,     993.9,     345.45,     73.8,     87.8,     -2.1
120,     17.12.2014 20:01:17,     -1.05,     2.01,     227,     1.4,     3.1,     5.7,     3,     88.2,     994,     345.45,     73.4,     87.9,     -2
121,     17.12.2014 20:11:17,     0,     0,     230,     1.8,     3,     5,     3,     88.2,     994.2,     345.45,     254,     87.9,     -177.9,     12.669,     3.61,     87.9
122,     17.12.2014 20:21:17,     -2.1,     -4.02,     230,     1.7,     2.9,     4.5,     3.1,     88.6,     994.2,     345.45,     73.8,     87.9,     -2
123,     17.12.2014 20:31:17,     -2.1,     -2.01,     229,     1.5,     2.7,     4.3,     3.1,     88.6,     994.2,     345.45,     253.5,     87.9,     -178
124,     17.12.2014 20:41:17,     0,     0,     227,     1.4,     2.7,     4.4,     3.1,     88.6,     994.3,     345.45,     73.6,     87.9,     -2.1
125,     17.12.2014 20:51:17,     -2.1,     -2.01,     227,     1.2,     2.4,     3.7,     3.2,     88.6,     994.3,     345.45,     253.6,     87.9,     -177.9
126,     17.12.2014 21:01:17,     -1.05,     0,     230,     1,     2.2,     3.5,     3.2,     88.7,     994.4,     345.45,     73.2,     88,     -1.9
127,     17.12.2014 21:11:16,     -1.05,     -2.01,     230,     1.4,     2.3,     3.2,     3.3,     88.4,     994.6,     345.45,     253.2,     87.8,     -177.8,     12.669,     3.81,     87.9
128,     17.12.2014 21:21:16,     -2.1,     -2.01,     223,     1.3,     2.3,     3.6,     3.3,     88.5,     994.6,     345.45,     73.6,     87.9,     -2
129,     17.12.2014 21:31:16,     -1.05,     0,     219,     1.1,     2,     3.4,     3.3,     88.4,     994.6,     345.45,     253.2,     87.9,     -177.9
130,     17.12.2014 21:41:16,     -1.05,     -2.01,     219,     0.8,     1.8,     2.8,     3.3,     88.5,     994.7,     345.45,     253.1,     87.9,     -177.9
131,     17.12.2014 21:51:16,     -1.05,     0,     224,     1,     1.9,     2.8,     3.4,     88.6,     994.7,     345.45,     253.5,     87.9,     -177.9
132,     17.12.2014 22:01:16,     0,     -2.01,     229,     0.8,     1.7,     2.8,     3.4,     88.7,     994.8,     345.45,     253.3,     87.9,     -177.9
133,     17.12.2014 22:11:16,     -2.1,     -2.01,     226,     1.2,     1.9,     3,     3.4,     88.7,     994.9,     345.45,     253.1,     87.9,     -177.8,     12.650,     4.01,     87.8
134,     17.12.2014 22:21:16,     -1.05,     -2.01,     225,     0.8,     1.8,     2.7,     3.4,     88.9,     994.9,     345.45,     253.2,     87.9,     -177.9
135,     17.12.2014 22:31:16,     -1.05,     -2.01,     229,     0.8,     1.8,     2.7,     3.5,     89,     995,     345.45,     253.3,     87.9,     -177.8
136,     17.12.2014 22:41:16,     -1.05,     0,     229,     1,     1.8,     2.8,     3.5,     89.1,     995,     345.45,     253.1,     87.8,     -177.8
137,     17.12.2014 22:51:16,     -1.05,     0,     227,     0.9,     1.7,     3.2,     3.5,     89.2,     995.2,     345.45,     253.3,     87.9,     -177.8
138,     17.12.2014 23:01:16,     -1.05,     0,     219,     0.6,     1.7,     2.8,     3.5,     89.4,     995.2,     345.45,     73.2,     87.9,     -2
139,     17.12.2014 23:11:17,     -1.05,     -2.01,     238,     0.4,     1.6,     2.3,     3.6,     89.5,     995.3,     345.45,     253.3,     87.9,     -177.9,     12.624,     4.17,     87.7
140,     17.12.2014 23:21:17,     -2.1,     -2.01,     227,     0.8,     1.8,     2.6,     3.6,     89.6,     995.3,     345.45,     73.3,     87.9,     -2
141,     17.12.2014 23:31:17,     -1.05,     -2.01,     217,     0.8,     1.6,     2.6,     3.6,     89.8,     995.2,     345.45,     253.2,     87.9,     -177.9
142,     17.12.2014 23:41:17,     -1.05,     0,     215,     0.8,     1.6,     2.4,     3.6,     90,     995.4,     345.45,     73.4,     87.9,     -2
143,     17.12.2014 23:51:17,     -3.15,     -2.01,     220,     0.9,     1.7,     2.8,     3.6,     90.3,     995.4,     345.45,     253.3,     87.9,     -177.8
144,     18.12.2014 00:01:16,     -2.1,     -2.01,     232,     0.8,     1.7,     2.7,     3.7,     90.5,     995.3,     345.45,     253.3,     87.9,     -177.9,     12.611,     4.28,     87.7