Logger: #D10248 'TSK_Meteo' - USP_EXP2 (V2.10, Jan 24 2012)
No,     Time,     #1:W/m²:0,     #2:ÂµMol:(do.),     #5:deg:2,     #6:m/sMIN:(do.),     #7:m/sMIT:(do.),     #8:m/sMAX:(do.),     #9:Â°C:(do.),     #10:%:(do.),     #11:hPa:(do.),     #12:mm:(do.),     #14:AZ:3,     #15:EL:(do.),     #16:Roll:(do.),     #HK-Bat:V,     #HK-Temp:oC,     #HK-rH:%
(GSM Transfer OK / Signal:16)
1,     19.08.2014 00:11:16,     -2.1,     0,     287,     1.1,     6.1,     9.7,     13.8,     78.3,     996.8,     222.39,     256.2,     87.5,     -177.8,     12.488,     14.61,     68.2
2,     19.08.2014 00:21:16,     -3.15,     0,     289,     2.8,     5.1,     8.9,     13.7,     78.9,     996.9,     222.39,     256.5,     87.7,     -177.8
3,     19.08.2014 00:31:16,     -3.15,     -2.01,     291,     2.7,     5.6,     10.2,     13.7,     80.2,     997,     222.39,     256.6,     87.6,     -177.7
4,     19.08.2014 00:41:16,     -3.15,     0,     292,     1,     4.5,     7.2,     13.6,     80.9,     997.1,     222.39,     255.9,     87.9,     -178
5,     19.08.2014 00:51:16,     -3.15,     -4.02,     290,     1.4,     4.7,     8.3,     13.6,     80.8,     997.1,     222.39,     256.2,     88,     -178
6,     19.08.2014 01:01:16,     -5.25,     -4.02,     292,     2.6,     4.6,     7.2,     13.4,     81.6,     997.2,     222.39,     256.1,     87.9,     -177.9
7,     19.08.2014 01:11:22,     -3.15,     0,     291,     2.1,     4.1,     6.7,     13.3,     81.6,     997.3,     222.39,     256.3,     87.9,     -177.9,     12.529,     13.86,     69.5
8,     19.08.2014 01:21:22,     -2.1,     0,     288,     1.6,     4.3,     8.4,     13.2,     81.2,     997.3,     222.39,     255.9,     88,     -178
9,     19.08.2014 01:31:22,     -3.15,     -2.01,     287,     1,     4.4,     7.4,     13.1,     82,     997.4,     222.39,     255.9,     87.9,     -177.9
10,     19.08.2014 01:41:22,     -4.2,     -4.02,     289,     1.4,     3.7,     6.9,     13,     82.9,     997.4,     222.39,     255.8,     87.8,     -177.8
11,     19.08.2014 01:51:22,     -3.15,     -4.02,     284,     1.3,     4.1,     7.5,     13,     83.2,     997.4,     222.39,     256,     87.8,     -177.8
12,     19.08.2014 02:01:22,     -5.25,     -2.01,     282,     1.6,     4,     6.8,     12.9,     83.5,     997.5,     222.39,     256.3,     87.9,     -177.9
13,     19.08.2014 02:11:16,     -4.2,     0,     286,     1.8,     4,     6.8,     12.8,     83.5,     997.5,     222.39,     255.5,     88,     -178.1,     12.469,     13.03,     69.9
14,     19.08.2014 02:21:16,     -2.1,     0,     287,     1.1,     4.4,     8.2,     12.8,     82.8,     997.5,     222.39,     256,     87.9,     -177.9
15,     19.08.2014 02:31:16,     -4.2,     -2.01,     284,     1.8,     5.6,     8.9,     12.7,     82,     997.5,     222.39,     256.6,     87.4,     -177.5
16,     19.08.2014 02:41:16,     -5.25,     -2.01,     285,     1.1,     4.3,     8.3,     12.7,     82.2,     997.7,     222.39,     255.9,     87.9,     -177.9
17,     19.08.2014 02:51:16,     -4.2,     0,     285,     0.9,     4.4,     7.4,     12.7,     83.2,     997.8,     222.39,     256,     87.8,     -177.8
18,     19.08.2014 03:01:16,     -1.05,     0,     280,     2.3,     4.8,     9,     12.7,     82.4,     997.8,     222.39,     255.8,     88.1,     -178.2
19,     19.08.2014 03:11:16,     -3.15,     0,     282,     1.4,     4.5,     8.4,     12.9,     82.4,     997.8,     222.39,     256.1,     88,     -178,     12.431,     12.65,     70.0
20,     19.08.2014 03:21:16,     -5.25,     -2.01,     285,     1.6,     4.2,     7.6,     12.8,     82.1,     998,     222.39,     255.7,     88,     -178
21,     19.08.2014 03:31:16,     -3.15,     -2.01,     287,     1.1,     3.9,     6.6,     12.7,     81.7,     998,     222.39,     255.9,     87.9,     -177.9
22,     19.08.2014 03:41:16,     -1.05,     -2.01,     285,     1.6,     3.9,     7,     12.8,     81.8,     998.1,     222.39,     255.9,     87.9,     -177.9
23,     19.08.2014 03:51:16,     -2.1,     0,     284,     2.1,     4.6,     8.7,     12.8,     80.7,     998.1,     222.39,     255.5,     87.9,     -177.9
24,     19.08.2014 04:01:16,     -4.2,     -4.02,     280,     1.8,     4.6,     8,     12.8,     80.2,     998.2,     222.39,     256,     87.7,     -177.8
25,     19.08.2014 04:11:16,     -3.15,     -2.01,     276,     2.2,     4.9,     8.5,     12.8,     81.3,     998.4,     222.39,     256.6,     87.7,     -177.8,     12.395,     12.77,     70.0
26,     19.08.2014 04:21:16,     -3.15,     -2.01,     279,     2.3,     5.4,     9.7,     12.8,     80.4,     998.4,     222.39,     256,     87.8,     -177.9
27,     19.08.2014 04:31:16,     -3.15,     0,     280,     2.2,     4.9,     8.4,     12.8,     80,     998.5,     222.39,     255.9,     88,     -177.9
28,     19.08.2014 04:41:16,     -3.15,     0,     282,     2.1,     4.7,     8.4,     12.6,     80.8,     998.6,     222.39,     255.9,     87.8,     -177.8
29,     19.08.2014 04:51:16,     -1.05,     4.02,     287,     1.9,     4.2,     7.1,     12.5,     81.6,     998.7,     222.39,     255.7,     87.8,     -177.9
30,     19.08.2014 05:01:16,     2.1,     14.07,     285,     1.6,     4.3,     8.4,     12.5,     81.9,     998.7,     222.39,     255.9,     87.8,     -177.8
31,     19.08.2014 05:11:16,     6.3,     20.1,     278,     2.4,     5,     9.9,     12.5,     80.9,     998.8,     222.39,     256.2,     87.9,     -177.9,     12.365,     12.45,     70.1
32,     19.08.2014 05:21:16,     14.7,     36.18,     285,     1.3,     4.4,     8.7,     12.5,     80.9,     998.8,     222.39,     256.6,     88,     -178.1
33,     19.08.2014 05:31:16,     21,     50.25,     284,     2.3,     4.9,     8.1,     12.6,     81,     998.9,     222.39,     255.8,     88.1,     -178.2
34,     19.08.2014 05:41:16,     31.5,     70.35,     276,     1.9,     5.1,     9.8,     12.6,     81.4,     999,     222.39,     255.9,     87.8,     -177.7
35,     19.08.2014 05:51:16,     40.95,     90.45,     284,     2,     4.5,     8,     12.5,     81.2,     999.1,     222.39,     256.2,     87.8,     -177.9
36,     19.08.2014 06:01:16,     67.2,     134.67,     279,     1.7,     4.4,     8.5,     12.5,     80.9,     999.1,     222.39,     256.4,     87.9,     -177.9
37,     19.08.2014 06:11:17,     72.45,     154.77,     283,     3,     5.3,     9.5,     12.5,     80.5,     999.2,     222.39,     256.5,     88,     -178.2,     13.004,     13.00,     70.4
38,     19.08.2014 06:21:17,     71.4,     156.78,     285,     2.3,     5,     8.3,     12.5,     81.2,     999.3,     222.39,     256.4,     87.9,     -177.9
39,     19.08.2014 06:31:17,     102.9,     215.07,     284,     2.1,     5.2,     8.9,     12.5,     80.5,     999.3,     222.39,     256.4,     87.8,     -177.8
40,     19.08.2014 06:41:17,     208.95,     387.93,     281,     2.2,     5.5,     9.3,     12.5,     79.6,     999.4,     222.39,     256.9,     87.9,     -177.8
41,     19.08.2014 06:51:17,     207.9,     432.15,     289,     1.7,     4,     8.2,     12.6,     80.2,     999.6,     222.39,     255.6,     87.9,     -177.9
42,     19.08.2014 07:01:17,     79.8,     172.86,     283,     1.6,     4.2,     8,     12.6,     81.1,     999.5,     222.39,     255.7,     88,     -177.9
43,     19.08.2014 07:11:17,     221.55,     373.86,     276,     2,     4.9,     9.4,     12.7,     81.7,     999.5,     222.39,     256.6,     88,     -178,     14.360,     15.15,     69.7
44,     19.08.2014 07:21:17,     132.3,     275.37,     274,     2.6,     5.3,     9,     12.7,     80.2,     999.6,     222.39,     256.1,     87.8,     -177.9
45,     19.08.2014 07:31:17,     300.3,     663.3,     275,     2,     4.9,     8.7,     12.9,     79.4,     999.5,     222.39,     256.2,     87.9,     -177.9
46,     19.08.2014 07:41:17,     100.8,     209.04,     271,     2.4,     5,     9.1,     13.1,     77.5,     999.6,     222.39,     256.7,     87.7,     -177.6
47,     19.08.2014 07:51:17,     384.3,     745.71,     265,     2.1,     5.5,     8.8,     13.2,     76.9,     999.6,     222.39,     256.2,     87.8,     -177.8
48,     19.08.2014 08:01:17,     148.05,     329.64,     266,     2.1,     5.1,     8.2,     13.4,     75.7,     999.6,     222.39,     256.6,     87.8,     -177.8
49,     19.08.2014 08:11:16,     480.9,     912.54,     265,     2.6,     5.5,     9.8,     13.7,     75,     999.7,     222.39,     256.1,     87.7,     -177.8,     13.415,     18.39,     69.3
50,     19.08.2014 08:21:16,     541.8,     1013.04,     268,     2.1,     5,     7.9,     13.9,     74.8,     999.7,     222.39,     256.6,     87.7,     -177.8
51,     19.08.2014 08:31:16,     500.85,     1093.44,     265,     3.7,     6.9,     10.5,     13.9,     71,     999.8,     222.39,     256.4,     87.4,     -177.5
52,     19.08.2014 08:41:16,     172.2,     357.78,     281,     1.3,     5.8,     10.3,     14.1,     69.1,     999.8,     222.39,     257.2,     87.5,     -177.5
53,     19.08.2014 08:51:16,     144.9,     307.53,     274,     2.9,     5.7,     9,     14.2,     71.4,     999.7,     222.39,     256.9,     88.1,     -178.1
54,     19.08.2014 09:01:16,     727.65,     1368.81,     265,     2.7,     5.9,     9.9,     14.4,     69.7,     999.7,     222.39,     77.2,     88.4,     -1.5
55,     19.08.2014 09:11:16,     304.5,     721.59,     265,     1.9,     5.2,     7.9,     14.5,     69.2,     999.9,     222.39,     76.7,     87.8,     -2.2,     13.184,     20.28,     68.3
56,     19.08.2014 09:21:16,     276.15,     508.53,     261,     2.5,     5.8,     10.7,     14.5,     67,     999.9,     222.39,     257.6,     87.8,     -177.9
57,     19.08.2014 09:31:16,     391.65,     643.2,     281,     2.7,     6,     10.1,     14.7,     66.2,     999.9,     222.39,     256.2,     87.8,     -177.9
58,     19.08.2014 09:41:16,     466.2,     906.51,     273,     1.5,     5,     9.4,     14.9,     67.7,     1000,     222.39,     77.3,     87.9,     -2
59,     19.08.2014 09:51:16,     534.45,     1039.17,     258,     2.4,     7.2,     11.5,     14.6,     65.8,     999.9,     222.39,     77.5,     87.3,     -2.6
60,     19.08.2014 10:01:16,     624.75,     1195.95,     258,     2.5,     6.1,     10.5,     14.9,     65.1,     1000.1,     222.39,     77.2,     87.8,     -2.1
61,     19.08.2014 10:11:16,     592.2,     1155.75,     259,     3.5,     6.3,     11.6,     14.8,     62.7,     1000.1,     222.39,     258,     87.8,     -178,     13.402,     20.05,     68.1
62,     19.08.2014 10:21:16,     785.4,     1521.57,     263,     2.2,     5.9,     11,     15.2,     62.4,     1000.1,     222.39,     256.3,     87.8,     -177.8
63,     19.08.2014 10:31:16,     351.75,     633.15,     251,     2,     4.9,     8.7,     15.4,     62.2,     1000.1,     222.39,     255.8,     87.7,     -177.7
64,     19.08.2014 10:41:16,     676.2,     1610.01,     260,     3.4,     5.6,     9.5,     15.5,     61.2,     1000.2,     222.39,     256.8,     88.3,     -178.4
65,     19.08.2014 10:51:16,     342.3,     683.4,     265,     1.6,     6.1,     10.2,     15.5,     57.6,     1000.1,     222.39,     256.9,     87.4,     -177.4
66,     19.08.2014 11:01:16,     863.1,     1644.18,     251,     2.5,     6.7,     11.3,     15.8,     58.2,     1000.1,     222.39,     77,     88,     -1.9
67,     19.08.2014 11:11:17,     270.9,     540.69,     269,     4.1,     7,     11.7,     15.7,     59,     1000.2,     222.39,     256.7,     87.5,     -177.8,     13.394,     20.75,     67.5
68,     19.08.2014 11:21:17,     284.55,     580.89,     264,     2.4,     5.8,     10.2,     15.7,     58.9,     1000.2,     222.39,     76.9,     87.8,     -2.1
69,     19.08.2014 11:31:17,     344.4,     719.58,     254,     2.4,     5.4,     11.3,     15.7,     58.5,     1000.3,     222.39,     257.3,     88.1,     -178.1
70,     19.08.2014 11:41:17,     388.5,     789.93,     252,     2.7,     6.2,     10.5,     15.7,     60.1,     1000.2,     222.39,     77,     87.7,     -2.1
71,     19.08.2014 11:51:17,     359.1,     743.7,     262,     2.9,     5.4,     8.9,     15.8,     60.4,     1000.1,     222.39,     256.4,     87.8,     -177.8
72,     19.08.2014 12:01:17,     311.85,     633.15,     257,     2.7,     5.7,     9.4,     15.9,     59.5,     1000.1,     222.39,     256.6,     87.8,     -177.9
73,     19.08.2014 12:11:16,     297.15,     639.18,     268,     3,     5.9,     10.1,     15.9,     59.4,     1000.2,     222.39,     257.6,     87.8,     -177.7,     13.351,     19.75,     68.1
74,     19.08.2014 12:21:16,     141.75,     307.53,     278,     3.9,     7,     11.4,     15.7,     58.2,     1000.2,     222.39,     257.6,     88,     -178.4
75,     19.08.2014 12:31:16,     141.75,     299.49,     266,     3.9,     6.6,     11.8,     15.5,     59.3,     1000.2,     222.39,     77.1,     88.5,     -1.3
76,     19.08.2014 12:41:16,     284.55,     580.89,     274,     1.9,     5.2,     9.9,     15.5,     60.1,     1000.2,     222.39,     256.3,     88,     -178
77,     19.08.2014 12:51:16,     538.65,     1095.45,     261,     2.5,     5.1,     8.1,     15.6,     59.4,     1000.2,     222.39,     256.5,     87.8,     -177.8
78,     19.08.2014 13:01:16,     332.85,     671.34,     260,     3,     6.1,     10.4,     15.8,     59,     1000.1,     222.39,     256.6,     88.1,     -178.4
79,     19.08.2014 13:11:16,     399,     799.98,     253,     3.6,     7,     11.6,     15.8,     58.5,     1000.1,     222.39,     76.6,     87.8,     -2.1,     13.343,     19.10,     68.3
80,     19.08.2014 13:21:16,     258.3,     512.55,     255,     2.1,     6.2,     10.7,     16,     59.4,     1000.2,     222.39,     256.3,     87.8,     -177.8
81,     19.08.2014 13:31:16,     246.75,     508.53,     261,     2.4,     6.3,     10.7,     15.9,     55.4,     1000.1,     222.39,     257.4,     87.5,     -177.5
82,     19.08.2014 13:41:16,     368.55,     775.86,     259,     3,     5.8,     10.8,     16,     56.7,     1000.1,     222.39,     256.3,     87.7,     -177.7
83,     19.08.2014 13:51:16,     457.8,     962.79,     258,     2.7,     6.3,     11,     16,     56.4,     1000.1,     222.39,     257.4,     87.7,     -177.8
84,     19.08.2014 14:01:16,     865.2,     1708.5,     260,     3.4,     6.8,     10.7,     16.2,     56.6,     999.9,     222.39,     76.3,     88.1,     -1.8
85,     19.08.2014 14:11:16,     347.55,     687.42,     266,     2.7,     6.6,     12,     16.4,     57.9,     1000,     222.39,     76.5,     88.2,     -1.6,     13.438,     19.54,     68.1
86,     19.08.2014 14:21:16,     229.95,     468.33,     258,     1.2,     6,     11.1,     16.3,     58.9,     1000,     222.39,     76.6,     87.8,     -2.1
87,     19.08.2014 14:31:16,     241.5,     496.47,     255,     2.9,     6.8,     10.6,     16.3,     58.8,     1000,     222.39,     76.9,     88.1,     -1.6
88,     19.08.2014 14:41:16,     257.25,     512.55,     257,     2.2,     6.3,     11.7,     16.3,     61.2,     999.9,     222.39,     77.7,     88.4,     -1.6
89,     19.08.2014 14:51:16,     157.5,     307.53,     261,     3.1,     5.4,     9.9,     16.4,     62,     999.9,     222.39,     76.7,     88.2,     -1.7
90,     19.08.2014 15:01:16,     771.75,     1451.22,     270,     2.8,     5.6,     9.9,     16.4,     63.2,     999.9,     222.39,     76.6,     87.8,     -2.1
91,     19.08.2014 15:11:16,     300.3,     703.5,     256,     2.2,     4.5,     10.6,     16.4,     61,     999.7,     222.39,     76.6,     87.8,     -2,     13.313,     19.39,     68.2
92,     19.08.2014 15:21:16,     263.55,     536.67,     255,     3.5,     6,     9.7,     16.5,     60.8,     999.7,     222.39,     255.7,     87.5,     -177.8
93,     19.08.2014 15:31:16,     328.65,     669.33,     256,     1.7,     5,     7.9,     16.5,     61.6,     999.6,     222.39,     255.7,     88,     -178
94,     19.08.2014 15:41:16,     294,     578.88,     257,     2.4,     5.1,     8.5,     16.7,     62.7,     999.6,     222.39,     76.6,     87.9,     -1.9
95,     19.08.2014 15:51:16,     259.35,     518.58,     259,     2.7,     5.5,     9.2,     16.7,     61.6,     999.6,     222.39,     256.1,     88,     -177.9
96,     19.08.2014 16:01:16,     232.05,     468.33,     258,     1.7,     5.1,     8.7,     16.6,     63.5,     999.7,     222.39,     255.9,     87.5,     -177.6
97,     19.08.2014 16:11:16,     240.45,     474.36,     249,     3,     5.3,     8.7,     16.5,     62.2,     999.7,     222.39,     256.8,     88,     -178,     13.392,     19.41,     68.2
98,     19.08.2014 16:21:16,     141.75,     287.43,     244,     2.9,     6.3,     10.2,     16.4,     62.8,     999.6,     222.39,     76.8,     87.7,     -2.2
99,     19.08.2014 16:31:16,     155.4,     319.59,     250,     2.5,     5,     8.2,     16.3,     62.4,     999.5,     222.39,     256,     87.9,     -177.9
100,     19.08.2014 16:41:16,     151.2,     309.54,     246,     2.8,     4.8,     7.7,     16.2,     63.4,     999.4,     222.39,     256.2,     88.1,     -178
101,     19.08.2014 16:51:16,     154.35,     313.56,     246,     2.5,     5.4,     10.1,     16.2,     63.5,     999.3,     222.39,     256.2,     87.8,     -177.8
102,     19.08.2014 17:01:16,     139.65,     285.42,     246,     2,     5,     8.3,     16.2,     62.6,     999.2,     222.39,     76.5,     87.8,     -2.1
103,     19.08.2014 17:11:16,     99.75,     207.03,     251,     2,     4.6,     8.5,     16.2,     63.4,     999.2,     222.39,     256.4,     88.1,     -178.1,     13.553,     18.45,     68.6
104,     19.08.2014 17:21:16,     49.35,     102.51,     251,     1.7,     4.9,     8.9,     16.2,     64.1,     999.3,     222.39,     256.1,     88,     -178
105,     19.08.2014 17:31:16,     33.6,     76.38,     250,     2.8,     5.4,     9.5,     16,     63.1,     999.2,     222.39,     256.5,     87.8,     -177.8
106,     19.08.2014 17:41:16,     42,     96.48,     253,     1.2,     7,     12,     15.9,     64.4,     999.3,     222.39,     77.4,     88.1,     -1.8
107,     19.08.2014 17:51:16,     26.25,     70.35,     253,     2.1,     7.1,     12.1,     15.5,     68.1,     999.7,     222.49,     258.8,     87.5,     -177.5
108,     19.08.2014 18:01:16,     46.2,     104.52,     237,     2.8,     6,     9.5,     14.2,     76.6,     999.5,     222.58,     256.8,     88.2,     -178.2
109,     19.08.2014 18:11:16,     94.5,     188.94,     241,     3.1,     5.2,     8.2,     13.8,     78.2,     999.6,     222.62,     256.4,     87.7,     -177.7,     13.546,     16.62,     69.2
110,     19.08.2014 18:21:16,     53.55,     116.58,     239,     2.1,     5.3,     8,     13.8,     77.1,     999.5,     222.62,     256.1,     87.6,     -177.7
111,     19.08.2014 18:31:16,     66.15,     132.66,     252,     1.9,     5.2,     9,     13.9,     75.8,     999.5,     222.62,     256,     87.9,     -177.9
112,     19.08.2014 18:41:16,     57.75,     110.55,     253,     2.9,     5.9,     10.4,     14,     73.3,     999.4,     222.62,     256.6,     88.4,     -178.4
113,     19.08.2014 18:51:16,     36.75,     72.36,     249,     2.5,     5.7,     10,     13.9,     74.1,     999.3,     222.62,     256.2,     87.8,     -177.8
114,     19.08.2014 19:01:16,     22.05,     40.2,     242,     3,     4.7,     7.5,     13.5,     75,     999.3,     222.62,     256.4,     88.1,     -178.1
115,     19.08.2014 19:11:22,     11.55,     22.11,     233,     2.4,     4.3,     7.4,     13.2,     76.2,     999.4,     222.62,     256.3,     88.1,     -178.1,     12.842,     14.89,     69.7
116,     19.08.2014 19:21:22,     9.45,     16.08,     249,     2,     4.2,     7.2,     13.2,     76.5,     999.5,     222.62,     256.4,     88.1,     -178.1
117,     19.08.2014 19:31:22,     3.15,     8.04,     241,     2.4,     4.3,     7.2,     13,     78.4,     999.6,     222.62,     256,     87.8,     -177.8
118,     19.08.2014 19:41:22,     -3.15,     2.01,     241,     2.5,     4.4,     6.8,     12.9,     77.8,     999.7,     222.62,     255.7,     87.8,     -177.8
119,     19.08.2014 19:51:22,     -4.2,     -2.01,     243,     1.2,     3.8,     6.2,     12.8,     78,     999.8,     222.62,     256.2,     88,     -178
120,     19.08.2014 20:01:22,     -3.15,     0,     247,     2.1,     4.2,     7.2,     12.7,     78.3,     999.8,     222.62,     255.7,     87.9,     -177.9
121,     19.08.2014 20:11:16,     -4.2,     -2.01,     251,     0.6,     3.8,     6,     12.6,     79.2,     999.8,     222.62,     256.1,     88,     -178,     12.675,     13.49,     70.0
122,     19.08.2014 20:21:16,     -4.2,     -4.02,     250,     1.8,     4.2,     6.7,     12.6,     77.9,     1000,     222.62,     256.4,     87.9,     -178
123,     19.08.2014 20:31:16,     -4.2,     -2.01,     245,     2.7,     4.9,     7.9,     12.4,     80.3,     999.8,     222.62,     256.4,     87.9,     -177.9
124,     19.08.2014 20:41:16,     -4.2,     -2.01,     246,     2.2,     4.6,     7.8,     12.3,     80.2,     1000,     222.62,     256.4,     87.9,     -178
125,     19.08.2014 20:51:16,     -3.15,     0,     251,     2.1,     4.5,     7.7,     12.3,     80.8,     999.9,     222.62,     255.7,     87.7,     -177.8
126,     19.08.2014 21:01:16,     -3.15,     -2.01,     252,     2.1,     4.1,     6.6,     12.4,     80.7,     1000,     222.62,     255.8,     87.7,     -177.7
127,     19.08.2014 21:11:16,     -3.15,     0,     246,     0.9,     4.2,     6.8,     12.3,     80.9,     1000,     222.62,     256.5,     88.1,     -178.2,     12.639,     12.51,     70.1
128,     19.08.2014 21:21:16,     -4.2,     -2.01,     255,     2,     4.1,     6.8,     12.5,     80.2,     999.9,     222.62,     255.6,     87.9,     -177.9
129,     19.08.2014 21:31:16,     -4.2,     0,     259,     1.2,     4,     7.4,     12.5,     79.8,     999.9,     222.62,     255.5,     87.7,     -177.8
130,     19.08.2014 21:41:16,     -4.2,     -2.01,     268,     1.7,     4.1,     6.8,     12.5,     79.4,     999.9,     222.62,     255.7,     87.7,     -177.7
131,     19.08.2014 21:51:16,     -4.2,     -2.01,     240,     1.7,     3.6,     6.7,     12.2,     81.1,     999.9,     222.62,     256.5,     87.7,     -177.8
132,     19.08.2014 22:01:16,     -5.25,     -4.02,     242,     2,     3.9,     6.7,     12.1,     83.8,     999.9,     222.62,     256.7,     87.7,     -177.7
133,     19.08.2014 22:11:16,     -3.15,     0,     256,     1.8,     4.4,     8,     12.2,     82,     1000,     222.62,     255.8,     87.7,     -177.7,     12.597,     12.21,     70.1
134,     19.08.2014 22:21:16,     -3.15,     -2.01,     260,     2.2,     4.5,     7.7,     12.4,     81.9,     999.9,     222.62,     256.3,     87.7,     -177.7
135,     19.08.2014 22:31:16,     -3.15,     -2.01,     262,     1.9,     5,     9.8,     12.5,     80.7,     999.9,     222.62,     256.3,     87.9,     -177.9
136,     19.08.2014 22:41:16,     -3.15,     0,     266,     2.9,     5.4,     9,     12.7,     81.4,     1000,     222.62,     255.9,     87.9,     -177.9
137,     19.08.2014 22:51:16,     -3.15,     -2.01,     266,     1.5,     5.1,     8.9,     12.7,     80.9,     1000,     222.62,     255.6,     87.9,     -177.9
138,     19.08.2014 23:01:16,     -3.15,     -2.01,     269,     2.3,     5.4,     9.5,     12.6,     80.8,     1000.1,     222.62,     255.8,     87.9,     -178
139,     19.08.2014 23:11:22,     -5.25,     -2.01,     275,     1.4,     4.6,     7.7,     12.6,     81.2,     1000.1,     222.62,     255.9,     87.9,     -177.9,     12.580,     12.71,     69.9
140,     19.08.2014 23:21:22,     -2.1,     -2.01,     275,     1.2,     4.6,     9.5,     12.6,     79.1,     1000.1,     222.62,     256,     87.9,     -177.9
141,     19.08.2014 23:31:22,     -2.1,     -2.01,     273,     2.6,     5.3,     9.5,     12.7,     79,     1000,     222.62,     76.3,     87.6,     -2.3
142,     19.08.2014 23:41:22,     -2.1,     -2.01,     276,     2.7,     5.3,     9.1,     12.6,     78.2,     999.9,     222.62,     255.9,     87.9,     -178
143,     19.08.2014 23:51:22,     -2.1,     -2.01,     278,     1.9,     5.1,     9.5,     12.5,     77,     1000.1,     222.62,     256,     87.7,     -177.6
144,     20.08.2014 00:01:16,     -2.1,     -2.01,     278,     1.5,     5.1,     9.3,     12.4,     76.7,     1000.2,     222.62,     256.2,     88.3,     -178.3,     12.387,     12.94,     69.9