Logger: #D10248 'TSK_Meteo' - USP_EXP2 (V2.10, Jan 24 2012)
No,     Time,     #1:W/m²:0,     #2:ÂµMol:(do.),     #5:deg:2,     #6:m/sMIN:(do.),     #7:m/sMIT:(do.),     #8:m/sMAX:(do.),     #9:Â°C:(do.),     #10:%:(do.),     #11:hPa:(do.),     #12:mm:(do.),     #14:AZ:3,     #15:EL:(do.),     #16:Roll:(do.),     #HK-Bat:V,     #HK-Temp:oC,     #HK-rH:%
(GSM Transfer OK / Signal:14)
1,     19.07.2014 00:11:18,     -5.25,     0,     113,     0,     0.5,     1.4,     18.6,     78.5,     1011.5,     142.02,     255,     87.9,     -177.9,     12.522,     17.79,     68.9
2,     19.07.2014 00:21:18,     -4.2,     -2.01,     96,     0.1,     0.9,     1.5,     18.3,     76.2,     1011.4,     142.02,     255,     87.9,     -177.9
3,     19.07.2014 00:31:18,     -5.25,     -2.01,     120,     0,     0.6,     1.1,     18.2,     79,     1011.5,     142.02,     255.1,     87.8,     -177.9
4,     19.07.2014 00:41:18,     -4.2,     0,     105,     0.1,     0.7,     1.4,     18.1,     78.1,     1011.5,     142.02,     254.9,     87.9,     -177.9
5,     19.07.2014 00:51:18,     -4.2,     -2.01,     115,     0.6,     1,     1.4,     17.6,     80,     1011.6,     142.02,     255.1,     87.9,     -177.9
6,     19.07.2014 01:01:18,     -5.25,     -2.01,     106,     0.7,     1.1,     1.4,     17.3,     80.6,     1011.7,     142.02,     255,     87.9,     -178
7,     19.07.2014 01:11:17,     -5.25,     -2.01,     99,     0.4,     1,     1.5,     17.2,     82.3,     1011.8,     142.02,     255,     87.9,     -177.9,     12.546,     16.79,     70.0
8,     19.07.2014 01:21:17,     -4.2,     -2.01,     98,     0.2,     0.7,     1.4,     17.5,     84.5,     1011.8,     142.02,     255,     87.9,     -178
9,     19.07.2014 01:31:17,     -4.2,     0,     101,     0.2,     0.7,     1.4,     17.6,     83.8,     1011.8,     142.02,     255.1,     87.8,     -177.9
10,     19.07.2014 01:41:17,     -5.25,     -2.01,     102,     0.5,     1,     1.5,     17,     84.6,     1011.8,     142.02,     255,     88,     -177.9
11,     19.07.2014 01:51:17,     -6.3,     -2.01,     90,     0.3,     1.1,     2,     16.7,     84.8,     1011.8,     142.02,     255.1,     87.9,     -177.9
12,     19.07.2014 02:01:17,     -5.25,     -2.01,     95,     0.4,     0.9,     1.6,     16.7,     84.2,     1011.9,     142.02,     254.9,     87.9,     -177.9
13,     19.07.2014 02:11:16,     -4.2,     -4.02,     85,     0.5,     1,     1.9,     16.6,     83.5,     1011.8,     142.02,     255.1,     87.9,     -177.9,     12.503,     16.22,     70.1
14,     19.07.2014 02:21:16,     -5.25,     -2.01,     90,     0.4,     1,     1.6,     16.6,     82.4,     1011.7,     142.02,     255,     87.9,     -177.9
15,     19.07.2014 02:31:16,     -5.25,     -2.01,     92,     0.2,     0.8,     1.5,     16.5,     84.5,     1011.6,     142.02,     255,     87.9,     -177.9
16,     19.07.2014 02:41:16,     -5.25,     -2.01,     97,     0,     0.7,     1.4,     16.6,     84.9,     1011.5,     142.02,     254.9,     87.9,     -177.9
17,     19.07.2014 02:51:16,     -5.25,     -4.02,     73,     0.1,     0.8,     1.3,     16.7,     83.5,     1011.4,     142.02,     255.1,     88,     -178
18,     19.07.2014 03:01:16,     -4.2,     -2.01,     91,     0.1,     0.9,     1.4,     16.7,     83.7,     1011.3,     142.02,     254.9,     87.9,     -177.9
19,     19.07.2014 03:11:16,     -5.25,     -2.01,     125,     0.5,     0.9,     1.4,     16.4,     86.1,     1011.3,     142.02,     255,     87.9,     -177.9,     12.474,     15.82,     70.1
20,     19.07.2014 03:21:16,     -3.15,     -2.01,     86,     0.5,     0.9,     1.4,     16.5,     85.7,     1011.4,     142.02,     254.9,     87.9,     -177.9
21,     19.07.2014 03:31:16,     -3.15,     0,     89,     0.2,     0.8,     1.5,     16.7,     83.8,     1011.4,     142.02,     255,     87.9,     -177.9
22,     19.07.2014 03:41:16,     -4.2,     0,     77,     0.2,     1,     1.7,     16.8,     84,     1011.3,     142.02,     255,     87.9,     -177.9
23,     19.07.2014 03:51:16,     -2.1,     2.01,     98,     0,     0.9,     1.4,     16.4,     85.4,     1011.3,     142.02,     255,     87.8,     -177.8
24,     19.07.2014 04:01:16,     -2.1,     4.02,     104,     0.4,     1,     1.5,     16.2,     85.9,     1011.2,     142.02,     255,     87.8,     -177.8
25,     19.07.2014 04:11:16,     2.1,     14.07,     110,     0.4,     0.9,     1.4,     15.8,     86.5,     1011.1,     142.02,     254.9,     87.9,     -177.9,     12.450,     15.66,     70.1
26,     19.07.2014 04:21:16,     5.25,     22.11,     96,     0.1,     0.6,     1.1,     15.9,     87.5,     1011,     142.02,     255,     87.9,     -177.9
27,     19.07.2014 04:31:16,     11.55,     34.17,     67,     0,     0.5,     1,     16.3,     85.4,     1011,     142.02,     255,     87.9,     -177.9
28,     19.07.2014 04:41:16,     19.95,     50.25,     42,     0.2,     1.2,     1.9,     17.1,     79.8,     1011,     142.02,     255.1,     87.9,     -177.9
29,     19.07.2014 04:51:16,     23.1,     64.32,     64,     0,     1.1,     1.7,     17.4,     76.2,     1010.9,     142.02,     255.1,     87.9,     -177.9
30,     19.07.2014 05:01:16,     57.75,     102.51,     64,     0.1,     0.9,     1.8,     17.2,     78.6,     1010.9,     142.02,     255.1,     87.9,     -177.9
31,     19.07.2014 05:11:22,     76.65,     134.67,     66,     0.1,     1.1,     2.1,     17.3,     80.3,     1010.9,     142.02,     255.1,     87.9,     -177.9,     12.669,     16.37,     70.5
32,     19.07.2014 05:21:22,     97.65,     172.86,     58,     0.2,     1.4,     2.4,     17.1,     80.8,     1010.9,     142.02,     255.2,     87.8,     -177.8
33,     19.07.2014 05:31:22,     116.55,     215.07,     67,     0.2,     1.2,     2.6,     17.2,     80.5,     1010.9,     142.02,     255.2,     88,     -177.9
34,     19.07.2014 05:41:22,     139.65,     259.29,     49,     0.2,     1.1,     2.5,     17.3,     80,     1010.8,     142.02,     255.4,     87.9,     -177.9
35,     19.07.2014 05:51:22,     162.75,     305.52,     59,     0.1,     0.9,     1.7,     17.6,     78.9,     1010.9,     142.02,     255.5,     88,     -178
36,     19.07.2014 06:01:22,     181.65,     345.72,     49,     0.1,     1,     1.9,     17.7,     77.7,     1011,     142.02,     255.5,     87.9,     -177.9
37,     19.07.2014 06:11:16,     205.8,     389.94,     61,     0.3,     1,     1.6,     18.2,     76.5,     1010.9,     142.02,     255.5,     88,     -178,     14.276,     22.67,     70.8
38,     19.07.2014 06:21:16,     231,     446.22,     71,     0,     0.7,     1.4,     18.8,     74.9,     1010.9,     142.02,     255.7,     88,     -178
39,     19.07.2014 06:31:16,     254.1,     488.43,     33,     0.1,     0.7,     1.4,     19.2,     75.9,     1010.8,     142.02,     255.6,     87.9,     -177.9
40,     19.07.2014 06:41:16,     280.35,     546.72,     42,     0,     0.4,     1.3,     20.1,     71,     1010.7,     142.02,     255.5,     88,     -178
41,     19.07.2014 06:51:16,     305.55,     596.97,     4,     0,     0.4,     1.5,     20.6,     64.5,     1010.7,     142.02,     255.7,     88,     -178
42,     19.07.2014 07:01:16,     333.9,     655.26,     34,     0,     0.9,     1.7,     20.8,     64.5,     1010.8,     142.02,     255.6,     87.9,     -177.9
43,     19.07.2014 07:11:16,     362.25,     699.48,     10,     0,     0.8,     1.7,     21.1,     63.1,     1010.7,     142.02,     255.7,     87.9,     -178,     13.173,     30.06,     68.2
44,     19.07.2014 07:21:16,     343.35,     677.37,     66,     0,     0.7,     1.4,     22,     59.9,     1010.9,     142.02,     255.7,     87.9,     -177.9
45,     19.07.2014 07:31:16,     411.6,     797.97,     86,     0.1,     0.8,     1.8,     22,     58.4,     1011,     142.02,     255.7,     88,     -178
46,     19.07.2014 07:41:16,     434.7,     846.21,     111,     0,     1,     2.3,     22.4,     55.3,     1011,     142.02,     255.7,     88,     -177.9
47,     19.07.2014 07:51:16,     466.2,     906.51,     82,     0,     0.6,     1.7,     22.8,     54.9,     1011,     142.02,     76.1,     88,     -1.9
48,     19.07.2014 08:01:16,     490.35,     948.72,     105,     0,     0.8,     3.4,     23,     53.5,     1010.8,     142.02,     76.1,     87.9,     -2
49,     19.07.2014 08:11:16,     516.6,     994.95,     121,     0.1,     1.5,     3.2,     22.9,     53.7,     1010.7,     142.02,     76.1,     87.9,     -2,     13.256,     34.14,     66.4
50,     19.07.2014 08:21:16,     535.5,     1035.15,     128,     0,     1.2,     3.4,     23.2,     54.2,     1010.7,     142.02,     76,     88,     -1.9
51,     19.07.2014 08:31:16,     553.35,     1081.38,     121,     0,     0.8,     2.4,     23.5,     55,     1010.8,     142.02,     76,     87.9,     -2
52,     19.07.2014 08:41:16,     573.3,     1123.59,     26,     0,     0.8,     2.6,     23.3,     54.5,     1010.9,     142.02,     76.1,     87.9,     -2
53,     19.07.2014 08:51:16,     593.25,     1163.79,     76,     0.1,     1,     1.9,     23.8,     55.2,     1011,     142.02,     76.1,     87.8,     -2
54,     19.07.2014 09:01:16,     613.2,     1208.01,     10,     0.8,     1.6,     2.7,     23.2,     55.7,     1011.1,     142.02,     76.1,     87.9,     -2
55,     19.07.2014 09:11:17,     634.2,     1258.26,     352,     0.5,     1.2,     2.3,     23.5,     58,     1010.9,     142.02,     76,     87.9,     -2,     13.069,     35.41,     65.8
56,     19.07.2014 09:21:17,     652.05,     1302.48,     75,     0,     0.5,     1.6,     24.7,     50.8,     1010.8,     142.02,     76,     87.9,     -2
57,     19.07.2014 09:31:17,     670.95,     1340.67,     64,     0,     0.8,     2.2,     24.5,     50,     1010.7,     142.02,     76.1,     87.9,     -2
58,     19.07.2014 09:41:17,     687.75,     1378.86,     96,     0,     0.9,     2.3,     25,     50.2,     1010.6,     142.02,     76,     87.9,     -2
59,     19.07.2014 09:51:17,     705.6,     1413.03,     112,     0.1,     1.3,     2.9,     25.1,     50.1,     1010.6,     142.02,     75.9,     87.9,     -2
60,     19.07.2014 10:01:17,     724.5,     1453.23,     114,     0,     1.2,     3.3,     25.3,     47.7,     1010.5,     142.02,     76,     87.9,     -2
61,     19.07.2014 10:11:16,     741.3,     1483.38,     125,     0,     1.4,     3.3,     25.5,     46.7,     1010.4,     142.02,     75.9,     87.9,     -2,     12.940,     35.87,     64.8
62,     19.07.2014 10:21:16,     754.95,     1515.54,     116,     0.2,     1.7,     3.8,     25.7,     43.6,     1010.3,     142.02,     76.1,     87.8,     -2.1
63,     19.07.2014 10:31:16,     768.6,     1545.69,     158,     0.4,     1.9,     3.8,     26,     43.7,     1010.3,     142.02,     76.1,     87.8,     -2
64,     19.07.2014 10:41:16,     772.8,     1563.78,     139,     0.1,     1.2,     2.9,     26.2,     44.9,     1010.3,     142.02,     75.9,     87.8,     -2
65,     19.07.2014 10:51:16,     789.6,     1595.94,     85,     0.1,     1.8,     3.7,     26,     45.3,     1010.3,     142.02,     75.9,     87.8,     -2.1
66,     19.07.2014 11:01:16,     795.9,     1618.05,     81,     0,     1.1,     3.4,     26.4,     45.5,     1010.2,     142.02,     75.9,     87.9,     -2
67,     19.07.2014 11:11:16,     800.1,     1626.09,     63,     0.2,     1.9,     3.4,     26.3,     41.8,     1010.1,     142.02,     75.8,     87.7,     -2.2,     12.910,     34.31,     64.9
68,     19.07.2014 11:21:16,     814.8,     1656.24,     66,     0.1,     1.7,     4.2,     26.5,     42.6,     1010.1,     142.02,     75.5,     87.8,     -2.1
69,     19.07.2014 11:31:16,     811.65,     1660.26,     103,     0,     1.3,     3.2,     26.7,     41.8,     1010,     142.02,     75.9,     87.8,     -2.1
70,     19.07.2014 11:41:16,     816.9,     1676.34,     78,     0,     1.5,     5.3,     26.8,     40.1,     1010,     142.02,     75.8,     87.7,     -2.1
71,     19.07.2014 11:51:16,     825.3,     1690.41,     69,     0.1,     1.8,     3.6,     26.9,     41.2,     1010,     142.02,     75.6,     87.8,     -2.1
72,     19.07.2014 12:01:16,     817.95,     1668.3,     71,     0.2,     1.9,     4.1,     26.9,     42.3,     1009.8,     142.02,     75.9,     87.7,     -2.1
73,     19.07.2014 12:11:16,     828.45,     1696.44,     91,     0.1,     1.6,     4.3,     27.1,     38.9,     1009.8,     142.02,     75.8,     87.8,     -2.1,     13.050,     33.04,     65.5
74,     19.07.2014 12:21:16,     821.1,     1680.36,     75,     0.2,     1.8,     3.6,     27.1,     38.4,     1009.8,     142.02,     75.9,     87.8,     -2
75,     19.07.2014 12:31:16,     819,     1670.31,     98,     0,     1.9,     4.4,     27.3,     42.1,     1009.7,     142.02,     75.7,     87.8,     -2
76,     19.07.2014 12:41:16,     821.1,     1688.4,     57,     0,     1.6,     4.4,     27.3,     39.6,     1009.7,     142.02,     75.8,     87.9,     -2
77,     19.07.2014 12:51:16,     819,     1676.34,     87,     0.1,     1.6,     4,     27.5,     35.1,     1009.6,     142.02,     75.8,     87.7,     -2.1
78,     19.07.2014 13:01:16,     805.35,     1650.21,     67,     0.1,     1.8,     5.4,     27.2,     44.3,     1009.4,     142.02,     75.8,     87.7,     -2.2
79,     19.07.2014 13:11:16,     808.5,     1658.25,     50,     0,     1.8,     4.9,     27.3,     44.5,     1009.5,     142.02,     75.8,     88,     -2,     12.847,     33.34,     64.8
80,     19.07.2014 13:21:16,     800.1,     1638.15,     61,     0,     1.3,     3.2,     27.5,     40.1,     1009.4,     142.02,     75.9,     87.8,     -2
81,     19.07.2014 13:31:16,     793.8,     1618.05,     134,     0,     1.8,     3.7,     27.8,     39.1,     1009.3,     142.02,     75.7,     87.8,     -2.1
82,     19.07.2014 13:41:16,     771.75,     1569.81,     103,     0.1,     1.7,     4.3,     27.8,     40,     1009.3,     142.02,     75.6,     87.9,     -1.9
83,     19.07.2014 13:51:16,     760.2,     1535.64,     71,     0.1,     1.8,     4.1,     27.6,     40,     1009.3,     142.02,     75.7,     87.8,     -2
84,     19.07.2014 14:01:16,     761.25,     1545.69,     84,     0,     1.3,     2.8,     27.9,     35.7,     1009.2,     142.02,     75.7,     87.8,     -2
85,     19.07.2014 14:11:16,     749.7,     1517.55,     129,     0,     1.6,     4.2,     28.1,     35.8,     1009,     142.02,     75.5,     87.6,     -2.2,     12.955,     33.99,     64.7
86,     19.07.2014 14:21:16,     741.3,     1491.42,     59,     0.1,     2.2,     4.7,     28.1,     37.7,     1008.9,     142.02,     75.5,     87.8,     -2.1
87,     19.07.2014 14:31:16,     725.55,     1461.27,     121,     0,     1.4,     3.8,     28.2,     36.4,     1008.8,     142.02,     75.5,     87.8,     -2
88,     19.07.2014 14:41:16,     703.5,     1404.99,     110,     0,     1.9,     4.1,     28.3,     35.8,     1008.9,     142.02,     75.6,     87.8,     -2
89,     19.07.2014 14:51:16,     684.6,     1366.8,     129,     0,     1.1,     2.8,     28.3,     34,     1008.8,     142.02,     75.6,     87.8,     -2.1
90,     19.07.2014 15:01:16,     674.1,     1340.67,     118,     0,     1.3,     3.4,     28.4,     33.4,     1008.8,     142.02,     75.7,     87.8,     -2
91,     19.07.2014 15:11:17,     655.2,     1298.46,     72,     0,     1.8,     4.3,     28.4,     37.6,     1008.7,     142.02,     75.5,     87.9,     -1.9,     12.980,     34.63,     64.5
92,     19.07.2014 15:21:17,     639.45,     1254.24,     94,     0.2,     2.1,     5.6,     28.2,     38.1,     1008.5,     142.02,     76,     87.8,     -2
93,     19.07.2014 15:31:17,     617.4,     1208.01,     69,     0.4,     2.8,     6.1,     27.9,     38.5,     1008.5,     142.02,     75.6,     87.7,     -2.2
94,     19.07.2014 15:41:17,     602.7,     1177.86,     69,     0.1,     1.7,     4,     28.2,     39.9,     1008.5,     142.02,     75.5,     88.2,     -1.6
95,     19.07.2014 15:51:17,     578.55,     1123.59,     49,     0.1,     2.1,     5.5,     28,     39.7,     1008.4,     142.02,     74.9,     87.5,     -2.4
96,     19.07.2014 16:01:17,     558.6,     1081.38,     66,     0.3,     2.7,     5.9,     27.9,     39.6,     1008.3,     142.02,     75.5,     88,     -1.8
97,     19.07.2014 16:11:16,     539.7,     1037.16,     53,     0.4,     2.6,     5.7,     27.8,     38,     1008.3,     142.02,     75.4,     88.3,     -1.5,     13.150,     33.68,     64.7
98,     19.07.2014 16:21:16,     514.5,     986.91,     52,     0.7,     3.1,     7.3,     27.7,     37.1,     1008.2,     142.02,     75.3,     88.2,     -1.8
99,     19.07.2014 16:31:16,     489.3,     932.64,     45,     0.6,     3.6,     7.1,     27.5,     37,     1008.2,     142.02,     75.4,     88.3,     -1.4
100,     19.07.2014 16:41:16,     465.15,     886.41,     48,     0.3,     3.2,     7.6,     27.4,     36.1,     1008.2,     142.02,     75.5,     87.6,     -2.3
101,     19.07.2014 16:51:16,     437.85,     834.15,     53,     0.2,     2.8,     5.9,     27.4,     37.8,     1008.3,     142.02,     75.6,     88,     -1.9
102,     19.07.2014 17:01:16,     412.65,     781.89,     55,     0.7,     2.8,     5.6,     27.4,     36.7,     1008.2,     142.02,     75.6,     87.9,     -1.9
103,     19.07.2014 17:11:16,     387.45,     731.64,     55,     0.6,     2.5,     4.7,     27.3,     38.2,     1008.2,     142.02,     75.4,     87.9,     -2,     13.213,     32.41,     65.0
104,     19.07.2014 17:21:16,     364.35,     683.4,     47,     0.7,     2.9,     5.3,     27,     39.4,     1008,     142.02,     75.4,     88,     -1.7
105,     19.07.2014 17:31:16,     342.3,     635.16,     45,     0.7,     3.3,     6.7,     26.7,     38.8,     1007.9,     142.02,     75.5,     88.1,     -1.7
106,     19.07.2014 17:41:16,     316.05,     584.91,     45,     0.7,     3,     5.4,     26.6,     40.2,     1007.9,     142.02,     75.6,     87.9,     -2
107,     19.07.2014 17:51:16,     289.8,     538.68,     50,     0.6,     2.7,     4.8,     26.3,     41.1,     1007.9,     142.02,     75.5,     88.3,     -1.6
108,     19.07.2014 18:01:16,     261.45,     482.4,     50,     0.3,     2.6,     5.1,     26.2,     42.8,     1007.9,     142.02,     75.6,     88.2,     -1.6
109,     19.07.2014 18:11:17,     232.05,     428.13,     55,     0.3,     2.4,     4.4,     26,     41.7,     1007.9,     142.02,     75.5,     88,     -1.9,     13.353,     31.50,     65.1
110,     19.07.2014 18:21:17,     210,     381.9,     57,     0.4,     2.2,     5.2,     25.9,     42,     1008,     142.02,     75.6,     87.8,     -2.1
111,     19.07.2014 18:31:17,     182.7,     333.66,     56,     0.1,     1.7,     3.6,     25.9,     42.3,     1008,     142.02,     75.6,     88,     -1.9
112,     19.07.2014 18:41:17,     159.6,     285.42,     51,     0.3,     2,     5,     25.7,     44.2,     1008,     142.02,     75.5,     88,     -1.9
113,     19.07.2014 18:51:17,     138.6,     239.19,     58,     0.2,     1.6,     3.4,     25.5,     45.7,     1008,     142.02,     75.5,     87.9,     -1.9
114,     19.07.2014 19:01:17,     103.95,     162.81,     63,     0.1,     1.6,     4.5,     25.3,     47,     1008.1,     142.02,     75.5,     88.1,     -1.8
115,     19.07.2014 19:11:17,     95.55,     114.57,     61,     0.1,     1.6,     4,     25.1,     47.3,     1008.1,     142.02,     75.6,     88,     -1.8,     13.317,     30.34,     65.8
116,     19.07.2014 19:21:17,     75.6,     90.45,     60,     0.3,     1.6,     3,     24.8,     48,     1008.1,     142.02,     75.4,     88,     -1.8
117,     19.07.2014 19:31:17,     59.85,     72.36,     55,     0,     1.2,     2.8,     24.5,     49.7,     1008.1,     142.02,     75.5,     88,     -1.9
118,     19.07.2014 19:41:17,     44.1,     60.3,     61,     0.1,     1.2,     2.3,     24.2,     51.5,     1008.2,     142.02,     75.6,     88,     -1.8
119,     19.07.2014 19:51:17,     26.25,     46.23,     58,     0.3,     1.2,     2,     23.7,     54.1,     1008.2,     142.02,     75.3,     88,     -1.9
120,     19.07.2014 20:01:17,     14.7,     36.18,     63,     0,     1,     2.2,     23.3,     57.8,     1008.2,     142.02,     75.5,     87.8,     -2
121,     19.07.2014 20:11:16,     5.25,     20.1,     76,     0.2,     1.1,     2.4,     22.8,     58.8,     1008.2,     142.02,     75.5,     88,     -1.9,     12.764,     27.23,     67.2
122,     19.07.2014 20:21:16,     0,     10.05,     64,     0.2,     1.1,     2,     22.3,     58.5,     1008.2,     142.02,     75.5,     88,     -1.9
123,     19.07.2014 20:31:16,     -3.15,     4.02,     76,     0.2,     1.2,     2.4,     21.8,     60.7,     1008.2,     142.02,     75.4,     88,     -1.9
124,     19.07.2014 20:41:16,     -4.2,     2.01,     81,     0.2,     1.2,     2.2,     21.5,     62.4,     1008.2,     142.02,     75.5,     87.9,     -2
125,     19.07.2014 20:51:16,     -5.25,     -2.01,     71,     0.1,     1,     2.1,     21.3,     60.2,     1008.3,     142.02,     75.4,     87.8,     -2
126,     19.07.2014 21:01:16,     -5.25,     -2.01,     68,     0,     1.1,     2.3,     21.2,     60.9,     1008.3,     142.02,     75.4,     88,     -1.9
127,     19.07.2014 21:11:16,     -5.25,     -2.01,     73,     0.1,     1.5,     2.9,     20.8,     60.3,     1008.3,     142.02,     75.3,     88,     -1.9,     12.673,     22.61,     68.8
128,     19.07.2014 21:21:16,     -5.25,     0,     77,     0.3,     1.4,     2.6,     20.4,     62.2,     1008.2,     142.02,     75.3,     87.8,     -2
129,     19.07.2014 21:31:16,     -6.3,     -2.01,     74,     0.2,     1.4,     3,     20.2,     62.7,     1008.2,     142.02,     75.3,     87.9,     -2
130,     19.07.2014 21:41:16,     -4.2,     -2.01,     70,     0.2,     1.3,     2.6,     20.2,     65.7,     1008.2,     142.02,     255.1,     87.9,     -177.9
131,     19.07.2014 21:51:16,     -6.3,     -2.01,     71,     0.2,     1.5,     2.9,     20,     64.5,     1008.1,     142.02,     255,     88,     -178
132,     19.07.2014 22:01:16,     -5.25,     -2.01,     72,     0.1,     1.4,     2.9,     19.8,     68.3,     1008.1,     142.02,     75.4,     88,     -2
133,     19.07.2014 22:11:16,     -4.2,     -2.01,     61,     0.2,     1.4,     2.9,     19.7,     67.5,     1008.1,     142.02,     75.4,     88,     -1.9,     12.626,     20.05,     69.2
134,     19.07.2014 22:21:16,     -5.25,     -2.01,     65,     0.2,     1.6,     3.1,     19.5,     70.3,     1008,     142.02,     255,     88,     -178
135,     19.07.2014 22:31:16,     -4.2,     -2.01,     67,     0.2,     1.5,     2.9,     19.2,     71.7,     1007.8,     142.02,     75.4,     87.9,     -2
136,     19.07.2014 22:41:16,     -5.25,     0,     55,     0.2,     1.6,     2.8,     19,     71.6,     1007.7,     142.02,     254.9,     87.9,     -177.9
137,     19.07.2014 22:51:16,     -5.25,     -2.01,     60,     0.7,     1.6,     2.9,     18.9,     72.7,     1007.7,     142.02,     255,     87.9,     -177.9
138,     19.07.2014 23:01:16,     -5.25,     -2.01,     81,     0.2,     1.1,     2.2,     18.6,     74.3,     1007.7,     142.02,     255.1,     87.9,     -177.9
139,     19.07.2014 23:11:22,     -5.25,     2.01,     72,     0.1,     1,     2.1,     18.5,     75.8,     1007.7,     142.02,     255.1,     87.9,     -177.9,     12.607,     18.58,     69.4
140,     19.07.2014 23:21:22,     -6.3,     -4.02,     62,     0.2,     1.2,     2.3,     18.5,     77,     1007.7,     142.02,     255.1,     88,     -178
141,     19.07.2014 23:31:22,     -6.3,     -2.01,     56,     0.2,     1.4,     2.5,     18.3,     77.1,     1007.7,     142.02,     255.1,     87.9,     -177.9
142,     19.07.2014 23:41:22,     -5.25,     0,     60,     0.2,     1.1,     2.5,     18.3,     78.6,     1007.7,     142.02,     255,     88,     -178
143,     19.07.2014 23:51:22,     -4.2,     -2.01,     55,     0.5,     1.3,     2.4,     18.1,     78.8,     1007.7,     142.02,     255,     88,     -178
144,     20.07.2014 00:01:17,     -4.2,     -2.01,     57,     0.4,     1.4,     2.8,     18.1,     79.5,     1007.6,     142.02,     255,     87.9,     -177.9,     12.423,     17.75,     69.5