Logger: #D10248 'TSK_Meteo' - USP_EXP2 (V2.10, Jan 24 2012)
No,     Time,     #1:W/m²:0,     #2:ÂµMol:(do.),     #5:deg:2,     #6:m/sMIN:(do.),     #7:m/sMIT:(do.),     #8:m/sMAX:(do.),     #9:Â°C:(do.),     #10:%:(do.),     #11:hPa:(do.),     #12:mm:(do.),     #14:AZ:3,     #15:EL:(do.),     #16:Roll:(do.),     #HK-Bat:V,     #HK-Temp:oC,     #HK-rH:%
(GSM Transfer OK / Signal:14)
1,     28.08.2014 00:10:56,     -4.2,     0,     175,     0,     0.6,     1.3,     10.8,     88.5,     1009.3,     224.66,     255,     88,     -178,     12.410,     10.15,     69.0
2,     28.08.2014 00:21:22,     -4.2,     -8.04,     146,     0.1,     0.6,     1,     10.9,     88.6,     1009.3,     224.66,     255.1,     87.8,     -177.8,     12.389,     9.90,     69.8
3,     28.08.2014 00:31:22,     -5.25,     -2.01,     171,     0.2,     0.8,     1.4,     10.5,     87.3,     1009.2,     224.66,     255.1,     87.8,     -177.9
4,     28.08.2014 00:41:22,     -5.25,     -2.01,     180,     0.5,     0.9,     1.2,     10.3,     86.6,     1009.2,     224.66,     255.1,     88,     -178
5,     28.08.2014 00:51:22,     -4.2,     0,     163,     0.1,     0.6,     1.1,     10.5,     87.4,     1009.2,     224.66,     255.2,     87.9,     -177.9
6,     28.08.2014 01:01:22,     -5.25,     -2.01,     145,     0.1,     0.7,     1.5,     10.5,     86.8,     1009.2,     224.66,     255.1,     87.8,     -177.8
7,     28.08.2014 01:11:22,     -6.3,     -2.01,     132,     0.6,     0.9,     1.5,     10.3,     86.9,     1009.3,     224.66,     255.1,     87.8,     -177.8
8,     28.08.2014 01:21:22,     -5.25,     -2.01,     130,     0.4,     0.7,     1.1,     10.4,     87.1,     1009.2,     224.66,     255.2,     87.9,     -178,     12.497,     9.43,     70.2
9,     28.08.2014 01:31:22,     -5.25,     -4.02,     157,     0.2,     0.8,     1.5,     10.7,     87,     1009.1,     224.66,     255.1,     87.9,     -177.9
10,     28.08.2014 01:41:22,     -4.2,     -2.01,     178,     0.4,     0.9,     1.3,     10.4,     87.2,     1009.1,     224.66,     255.1,     87.7,     -177.9
11,     28.08.2014 01:51:22,     -5.25,     -2.01,     186,     0.5,     1.1,     1.4,     10,     88.3,     1009.1,     224.66,     255.1,     87.9,     -178
12,     28.08.2014 02:01:22,     -5.25,     -2.01,     176,     0.5,     1,     1.5,     10.4,     88.4,     1009.1,     224.66,     255.1,     87.9,     -177.9
13,     28.08.2014 02:11:22,     -5.25,     -6.03,     161,     0.4,     0.9,     1.4,     9.9,     88.2,     1009.1,     224.66,     255.1,     87.9,     -177.9
14,     28.08.2014 02:21:16,     -4.2,     -2.01,     132,     0.2,     0.7,     1.1,     9.8,     89.1,     1009.1,     224.66,     255.2,     88,     -178,     12.448,     9.31,     70.3
15,     28.08.2014 02:31:16,     -5.25,     -2.01,     168,     0.4,     0.9,     1.3,     9.9,     88.9,     1009.1,     224.66,     255.1,     87.9,     -178
16,     28.08.2014 02:41:16,     -5.25,     0,     184,     0.7,     1,     1.4,     9.7,     89,     1009.1,     224.66,     255.1,     87.9,     -177.8
17,     28.08.2014 02:51:16,     -4.2,     -2.01,     184,     0.7,     1.2,     1.6,     9.5,     89,     1009.1,     224.66,     255.1,     87.8,     -177.9
18,     28.08.2014 03:01:16,     -4.2,     0,     168,     0.2,     1,     1.6,     9.6,     89.2,     1009.1,     224.66,     255.1,     87.9,     -177.9
19,     28.08.2014 03:11:16,     -5.25,     0,     166,     0.2,     0.9,     1.4,     9.6,     89.6,     1009.1,     224.66,     255.2,     87.8,     -177.8
20,     28.08.2014 03:21:16,     -5.25,     -2.01,     177,     0.4,     0.9,     1.4,     9.4,     89.8,     1009.1,     224.66,     255.2,     87.9,     -177.9,     12.427,     9.02,     70.3
21,     28.08.2014 03:31:16,     -4.2,     0,     197,     0.8,     1.1,     1.4,     9.2,     89.3,     1009.2,     224.66,     255.1,     87.8,     -177.9
22,     28.08.2014 03:41:16,     -4.2,     0,     199,     0.9,     1.3,     1.8,     8.9,     89,     1009.1,     224.66,     255.1,     87.9,     -177.9
23,     28.08.2014 03:51:16,     -3.15,     -2.01,     180,     0.8,     1.2,     1.6,     9,     89.9,     1009.1,     224.66,     255.2,     87.8,     -177.9
24,     28.08.2014 04:01:16,     -5.25,     -2.01,     183,     0.6,     1,     1.5,     9,     89.9,     1009.1,     224.66,     255.1,     87.7,     -177.8
25,     28.08.2014 04:11:16,     -4.2,     -2.01,     226,     0.2,     1,     2.8,     9.2,     90.1,     1009.3,     224.66,     255.3,     87.8,     -177.9
26,     28.08.2014 04:21:17,     -5.25,     0,     317,     0,     1.2,     2.9,     9.4,     89.7,     1009.4,     224.66,     255.1,     87.9,     -177.9,     12.372,     8.69,     70.4
27,     28.08.2014 04:31:17,     -5.25,     -4.02,     277,     0,     0.5,     1.5,     9.6,     90.9,     1009.4,     224.66,     255.1,     87.9,     -177.9
28,     28.08.2014 04:41:17,     -4.2,     0,     293,     0,     0.8,     1.6,     9.6,     89.9,     1009.4,     224.66,     255.1,     87.8,     -177.8
29,     28.08.2014 04:51:17,     -4.2,     -2.01,     317,     0.1,     0.7,     1.4,     9.6,     89.7,     1009.4,     224.66,     255.1,     88,     -178
30,     28.08.2014 05:01:17,     -2.1,     2.01,     316,     0,     0.7,     1.6,     9.8,     89.2,     1009.5,     224.66,     255.1,     87.9,     -177.9
31,     28.08.2014 05:11:17,     -2.1,     6.03,     315,     0.1,     0.6,     1.4,     9.8,     89,     1009.4,     224.66,     255.1,     87.9,     -177.9
32,     28.08.2014 05:21:16,     4.2,     18.09,     316,     0,     0.7,     1.2,     10,     88.9,     1009.5,     224.66,     255,     87.9,     -177.9,     12.353,     8.70,     70.4
33,     28.08.2014 05:31:16,     8.4,     30.15,     167,     0,     0.5,     1.2,     10.1,     88.7,     1009.5,     224.66,     255.1,     87.8,     -177.8
34,     28.08.2014 05:41:16,     14.7,     48.24,     136,     0.1,     0.6,     1.1,     10.2,     90,     1009.5,     224.66,     255.1,     87.8,     -177.9
35,     28.08.2014 05:51:16,     21,     64.32,     158,     0,     0.5,     1.2,     10.2,     90.3,     1009.6,     224.66,     255.1,     87.9,     -177.8
36,     28.08.2014 06:01:16,     96.6,     140.7,     186,     0.2,     0.9,     1.5,     10.3,     90.4,     1009.5,     224.66,     255.3,     87.8,     -177.8
37,     28.08.2014 06:11:16,     109.2,     186.93,     191,     0.3,     1,     1.5,     10.4,     89.4,     1009.6,     224.66,     255.5,     87.9,     -177.9
38,     28.08.2014 06:21:16,     123.9,     235.17,     185,     0,     0.6,     1.2,     10.9,     88.4,     1009.7,     224.66,     255.4,     87.6,     -177.7,     13.534,     10.94,     71.5
39,     28.08.2014 06:31:16,     140.7,     277.38,     200,     0,     0.4,     1.1,     11.7,     86.5,     1009.7,     224.66,     255.5,     87.8,     -177.9
40,     28.08.2014 06:41:16,     161.7,     327.63,     229,     0,     0.5,     1,     12,     84.1,     1009.7,     224.66,     255.7,     88,     -178
41,     28.08.2014 06:51:16,     184.8,     369.84,     262,     0,     0.6,     1.2,     12.4,     82.9,     1009.7,     224.66,     255.9,     88,     -178
42,     28.08.2014 07:01:16,     206.85,     410.04,     302,     0,     0.6,     1.7,     12.6,     80.4,     1009.8,     224.66,     255.7,     87.9,     -177.9
43,     28.08.2014 07:11:16,     235.2,     460.29,     302,     0,     0.8,     1.6,     12.9,     79.7,     1009.9,     224.66,     255.9,     88,     -178
44,     28.08.2014 07:21:16,     257.25,     504.51,     310,     0,     0.5,     1.5,     13.6,     78.4,     1009.9,     224.66,     255.9,     87.9,     -177.9,     13.527,     20.45,     70.4
45,     28.08.2014 07:31:16,     285.6,     548.73,     296,     0.2,     1.4,     2.3,     13.7,     77,     1009.9,     224.66,     (NO REPLY),     (NO REPLY),     (NO REPLY)
46,     28.08.2014 07:41:16,     310.8,     596.97,     301,     0.3,     1.4,     2.2,     14.1,     75.6,     1010,     224.66,     255.8,     87.9,     -177.9
47,     28.08.2014 07:51:16,     336,     647.22,     286,     0.2,     1.1,     2.1,     14.4,     74.6,     1010,     224.66,     255.9,     87.8,     -177.8
48,     28.08.2014 08:01:16,     358.05,     699.48,     229,     0,     0.4,     1.3,     15.4,     72.8,     1010,     224.66,     255.8,     87.9,     -177.9
49,     28.08.2014 08:11:16,     381.15,     747.72,     178,     0,     0.5,     1.1,     16,     68.4,     1010.1,     224.66,     256,     88,     -178
50,     28.08.2014 08:21:17,     407.4,     793.95,     155,     0,     0.5,     1.3,     16.2,     69,     1010.1,     224.66,     255.7,     87.9,     -177.9,     13.148,     25.35,     68.5
51,     28.08.2014 08:31:17,     430.5,     840.18,     77,     0,     0.5,     1.7,     16.6,     65.1,     1010.1,     224.66,     256,     87.9,     -177.9
52,     28.08.2014 08:41:17,     454.65,     884.4,     347,     0.1,     1.1,     2.7,     16.6,     62.2,     1010.2,     224.66,     255.9,     87.8,     -177.9
53,     28.08.2014 08:51:17,     483,     926.61,     333,     0.5,     2,     3.7,     16.8,     60.5,     1010.1,     224.66,     255.7,     87.8,     -177.8
54,     28.08.2014 09:01:17,     506.1,     974.85,     312,     0.8,     2.7,     4.6,     16.9,     60.4,     1010.2,     224.66,     256,     88,     -178
55,     28.08.2014 09:11:17,     527.1,     1011.03,     291,     1.6,     3,     4.6,     17.1,     57.9,     1010.1,     224.66,     255.9,     87.9,     -177.8
56,     28.08.2014 09:21:16,     548.1,     1053.24,     287,     1.1,     3,     4.5,     17.3,     59.2,     1010.1,     224.66,     256.2,     87.9,     -177.9,     13.156,     25.81,     67.0
57,     28.08.2014 09:31:16,     569.1,     1095.45,     296,     1.3,     3.5,     5.3,     17.5,     59.4,     1010.1,     224.66,     255.9,     88,     -178
58,     28.08.2014 09:41:16,     585.9,     1127.61,     298,     1.1,     2.9,     5.1,     17.6,     58.7,     1010.1,     224.66,     256,     88,     -178
59,     28.08.2014 09:51:16,     605.85,     1167.81,     288,     1.6,     3.3,     4.9,     17.6,     56,     1010.1,     224.66,     256.1,     88,     -178
60,     28.08.2014 10:01:16,     620.55,     1201.98,     273,     0.6,     3.3,     5.9,     17.7,     56.6,     1010.1,     224.66,     256.1,     87.9,     -177.9
61,     28.08.2014 10:11:16,     634.2,     1232.13,     276,     0.5,     3.6,     6.1,     17.9,     58.9,     1010.2,     224.66,     256.3,     87.7,     -177.7
62,     28.08.2014 10:21:16,     652.05,     1268.31,     305,     1.5,     3.1,     5.5,     18.1,     52.9,     1010.2,     224.66,     255.8,     87.9,     -177.9,     13.332,     24.85,     66.7
63,     28.08.2014 10:31:16,     662.55,     1294.44,     303,     0.4,     2.9,     5.4,     18.1,     49.4,     1010.1,     224.66,     256,     87.8,     -177.8
64,     28.08.2014 10:41:16,     670.95,     1312.53,     326,     1,     3.2,     5.6,     18.3,     49.9,     1010,     224.66,     255.9,     87.8,     -177.8
65,     28.08.2014 10:51:16,     681.45,     1334.64,     314,     1.3,     3.1,     4.8,     18.6,     48.8,     1010.1,     224.66,     255.6,     87.9,     -177.9
66,     28.08.2014 11:01:16,     696.15,     1364.79,     321,     0.8,     3,     5.8,     18.6,     46.5,     1010,     224.66,     256.1,     87.8,     -177.8
67,     28.08.2014 11:11:16,     699.3,     1370.82,     309,     0.1,     3.1,     5.9,     18.7,     47,     1010,     224.66,     256.5,     87.9,     -177.9
68,     28.08.2014 11:21:16,     705.6,     1384.89,     289,     1,     2.9,     7.6,     18.8,     45.5,     1009.9,     224.66,     255.7,     87.8,     -177.8,     12.970,     24.08,     66.4
69,     28.08.2014 11:31:16,     714,     1413.03,     302,     0.1,     2.3,     5.2,     19,     47,     1009.9,     224.66,     255.7,     87.8,     -177.8
70,     28.08.2014 11:41:16,     721.35,     1427.1,     253,     0.3,     2.3,     4,     19.1,     43,     1009.7,     224.66,     76,     87.8,     -2.1
71,     28.08.2014 11:51:16,     723.45,     1431.12,     294,     0.3,     2.9,     5.1,     19.1,     42.5,     1009.7,     224.66,     76.1,     87.7,     -2.2
72,     28.08.2014 12:01:16,     726.6,     1437.15,     277,     0.1,     2.4,     5.4,     19.3,     44.5,     1009.7,     224.66,     76,     87.8,     -2
73,     28.08.2014 12:11:16,     722.4,     1433.13,     239,     0.6,     1.3,     2.1,     19.6,     41.7,     1009.6,     224.66,     76.2,     87.7,     -2.2
74,     28.08.2014 12:21:16,     729.75,     1445.19,     286,     0.5,     2.8,     6.3,     19.6,     38.1,     1009.6,     224.66,     76.5,     87.8,     -2.1,     12.849,     24.95,     65.9
75,     28.08.2014 12:31:16,     730.8,     1443.18,     301,     0.5,     2.7,     5.5,     19.8,     37.4,     1009.6,     224.66,     76,     87.8,     -2.1
76,     28.08.2014 12:41:16,     723.45,     1433.13,     312,     0,     1.6,     3.8,     19.8,     39,     1009.6,     224.66,     75.9,     87.8,     -2.1
77,     28.08.2014 12:51:16,     737.1,     1459.26,     354,     0,     1.5,     4.9,     19.9,     40.8,     1009.5,     224.66,     255.5,     87.8,     -177.8
78,     28.08.2014 13:01:16,     739.2,     1451.22,     321,     0.1,     2.5,     4.8,     20.1,     40.3,     1009.6,     224.66,     76.5,     87.7,     -2.2
79,     28.08.2014 13:11:16,     726.6,     1421.07,     254,     0.9,     2.7,     4.5,     20.1,     38.1,     1009.5,     224.66,     76,     87.8,     -2
80,     28.08.2014 13:21:16,     722.4,     1419.06,     316,     0.6,     1.9,     3.8,     20.2,     38.9,     1009.4,     224.66,     75.9,     87.8,     -2,     13.213,     25.89,     65.6
81,     28.08.2014 13:31:16,     694.05,     1362.78,     301,     0.1,     1.6,     4.7,     20.4,     35.7,     1009.5,     224.66,     76,     87.8,     -2.1
82,     28.08.2014 13:41:16,     680.4,     1326.6,     312,     0.5,     2.5,     5.1,     20.4,     39.9,     1009.4,     224.66,     76.1,     87.9,     -2
83,     28.08.2014 13:51:16,     684.6,     1332.63,     260,     0.3,     2.2,     6.7,     20.6,     38,     1009.4,     224.66,     76,     87.8,     -2.1
84,     28.08.2014 14:01:16,     696.15,     1346.7,     269,     0.2,     2.8,     5.4,     20.6,     35.8,     1009.3,     224.66,     76.1,     87.8,     -2.1
85,     28.08.2014 14:11:16,     120.75,     277.38,     305,     0.2,     2.1,     4.5,     20.5,     39.2,     1009.3,     224.66,     75.8,     87.9,     -2
86,     28.08.2014 14:21:17,     647.85,     1248.21,     307,     0,     1.4,     3.3,     20.4,     42.8,     1009.3,     224.66,     75.9,     87.9,     -2,     13.029,     25.42,     66.0
87,     28.08.2014 14:31:17,     166.95,     391.95,     306,     0.2,     2.2,     4.8,     20.6,     39.4,     1009.3,     224.66,     76,     87.7,     -2.2
88,     28.08.2014 14:41:17,     634.2,     1218.06,     302,     0.2,     1.8,     3.8,     20.8,     38.3,     1009.2,     224.66,     75.8,     87.9,     -2
89,     28.08.2014 14:51:17,     584.85,     1113.54,     294,     0.3,     2,     4.6,     20.9,     39.4,     1009.2,     224.66,     75.8,     87.8,     -2.1
90,     28.08.2014 15:01:17,     580.65,     1101.48,     305,     0.8,     3,     6,     21,     37.7,     1009.1,     224.66,     75.9,     87.7,     -2.1
91,     28.08.2014 15:11:17,     560.7,     1073.34,     329,     1,     2.1,     3.9,     20.9,     38.3,     1009,     224.66,     75.9,     87.9,     -2
92,     28.08.2014 15:21:16,     120.75,     281.4,     355,     0.3,     1.4,     2.9,     20.9,     38,     1008.9,     224.66,     75.9,     87.9,     -2,     13.355,     25.49,     66.2
93,     28.08.2014 15:31:16,     341.25,     685.41,     348,     1.1,     1.9,     3.3,     20.7,     38.4,     1008.8,     224.66,     75.8,     87.9,     -2
94,     28.08.2014 15:41:16,     489.3,     928.62,     6,     0.2,     1.2,     2.5,     20.7,     41.4,     1008.7,     224.66,     75.8,     87.9,     -2
95,     28.08.2014 15:51:16,     261.45,     462.3,     15,     0.7,     1.8,     3.7,     20.7,     37,     1008.7,     224.66,     75.9,     87.9,     -2
96,     28.08.2014 16:01:16,     126,     289.44,     299,     0.3,     0.8,     1.5,     20.9,     40.5,     1008.7,     224.66,     75.9,     87.9,     -2
97,     28.08.2014 16:11:16,     300.3,     528.63,     263,     0,     1.4,     2.3,     21.1,     41.2,     1008.6,     224.66,     75.7,     87.9,     -2
98,     28.08.2014 16:21:16,     180.6,     349.74,     281,     0,     0.8,     2.2,     21.5,     37.3,     1008.5,     224.66,     75.8,     88,     -1.9,     13.453,     24.73,     66.5
99,     28.08.2014 16:31:16,     353.85,     651.24,     358,     0.6,     1.7,     2.7,     20.9,     40.8,     1008.5,     224.66,     75.8,     87.9,     -2
100,     28.08.2014 16:41:16,     337.05,     631.14,     24,     0.8,     1.6,     2.5,     20.9,     39.9,     1008.5,     224.66,     75.7,     87.9,     -2
101,     28.08.2014 16:51:16,     286.65,     534.66,     340,     0.1,     1.4,     3.9,     21.2,     36.5,     1008.4,     224.66,     75.9,     87.9,     -2
102,     28.08.2014 17:01:16,     245.7,     462.3,     241,     0.1,     1.2,     3.3,     21.5,     37.4,     1008.4,     224.66,     75.7,     87.8,     -2
103,     28.08.2014 17:11:16,     220.5,     406.02,     303,     0.2,     1.9,     3.1,     21.6,     37.4,     1008.4,     224.66,     75.9,     88,     -1.9
104,     28.08.2014 17:21:17,     195.3,     355.77,     276,     0.9,     2,     3.2,     21.3,     39.1,     1008.3,     224.66,     75.8,     88,     -1.9,     13.440,     25.45,     65.7
105,     28.08.2014 17:31:17,     175.35,     319.59,     268,     1.1,     1.8,     3.2,     21.3,     37.7,     1008.3,     224.66,     75.9,     88,     -1.9
106,     28.08.2014 17:41:17,     149.1,     267.33,     244,     1.3,     2.4,     3.7,     21.3,     40.7,     1008.3,     224.66,     75.9,     88,     -1.8
107,     28.08.2014 17:51:17,     108.15,     192.96,     262,     1.1,     1.9,     2.9,     21.1,     40.9,     1008.3,     224.66,     75.8,     87.9,     -2
108,     28.08.2014 18:01:17,     100.8,     170.85,     263,     0.8,     1.6,     2.5,     20.9,     40,     1008.2,     224.66,     75.8,     88,     -1.9
109,     28.08.2014 18:11:17,     73.5,     124.62,     258,     0.6,     1.5,     2.6,     20.9,     43.3,     1008.2,     224.66,     75.8,     88,     -1.9
110,     28.08.2014 18:21:17,     38.85,     78.39,     255,     0.5,     0.9,     1.5,     20.7,     42.6,     1008.2,     224.66,     75.8,     88,     -1.9,     13.152,     24.23,     66.4
111,     28.08.2014 18:31:17,     15.75,     48.24,     209,     0.4,     1.1,     2.4,     20.1,     41.6,     1008.2,     224.66,     75.7,     87.8,     -2
112,     28.08.2014 18:41:17,     9.45,     30.15,     190,     0.7,     1.2,     1.7,     19.6,     45.2,     1008.2,     224.66,     75.7,     88,     -1.9
113,     28.08.2014 18:51:17,     4.2,     22.11,     198,     0.2,     1.1,     1.8,     18.9,     50,     1008.3,     224.66,     75.7,     88,     -1.9
114,     28.08.2014 19:01:17,     -1.05,     10.05,     184,     0.5,     1.1,     1.9,     18.2,     54.8,     1008.3,     224.66,     75.7,     88,     -1.9
115,     28.08.2014 19:11:17,     -4.2,     4.02,     174,     0.4,     1,     1.7,     17.7,     62.9,     1008.3,     224.66,     75.6,     88,     -1.9
116,     28.08.2014 19:21:16,     -5.25,     0,     183,     0.4,     0.9,     1.2,     17,     61.2,     1008.4,     224.66,     255.3,     87.9,     -177.9,     12.726,     19.62,     68.6
117,     28.08.2014 19:31:16,     -6.3,     -2.01,     161,     0,     0.3,     0.8,     16.6,     70.9,     1008.5,     224.66,     75.6,     87.8,     -2
118,     28.08.2014 19:41:16,     -6.3,     -2.01,     156,     0,     0.3,     0.7,     16.3,     73.2,     1008.5,     224.66,     255.3,     88,     -178
119,     28.08.2014 19:51:16,     -4.2,     2.01,     165,     0.1,     0.6,     1.1,     15.7,     70.8,     1008.4,     224.66,     255.2,     87.9,     -177.9
120,     28.08.2014 20:01:16,     -6.3,     -2.01,     158,     0.2,     0.9,     1.4,     15.4,     71.6,     1008.4,     224.66,     255.2,     87.9,     -177.9
121,     28.08.2014 20:11:16,     -5.25,     -4.02,     165,     0.1,     0.4,     0.8,     15.1,     72.6,     1008.4,     224.66,     255.3,     87.9,     -177.9
122,     28.08.2014 20:21:17,     -4.2,     2.01,     187,     0.3,     0.6,     1,     14.9,     75.9,     1008.4,     224.66,     255.3,     88,     -178,     12.652,     15.47,     69.7
123,     28.08.2014 20:31:17,     -5.25,     -2.01,     188,     0.3,     0.6,     1,     14.6,     74.8,     1008.5,     224.66,     255.2,     88,     -178
124,     28.08.2014 20:41:17,     -4.2,     -2.01,     170,     0.3,     0.8,     1.1,     14.3,     70.7,     1008.5,     224.66,     255.2,     87.9,     -177.9
125,     28.08.2014 20:51:17,     -5.25,     0,     165,     0.2,     0.7,     1.1,     14.2,     74.6,     1008.6,     224.66,     255.2,     88,     -178
126,     28.08.2014 21:01:17,     -5.25,     -2.01,     94,     0,     0.8,     2,     14.2,     80.7,     1008.6,     224.66,     255.2,     87.8,     -177.9
127,     28.08.2014 21:11:17,     -5.25,     -2.01,     112,     0,     0.4,     0.9,     14,     83.1,     1008.6,     224.66,     255.2,     87.9,     -178
128,     28.08.2014 21:21:16,     -6.3,     -2.01,     104,     0.2,     0.8,     1.2,     13.6,     77.4,     1008.5,     224.66,     255.2,     87.9,     -177.9,     12.626,     13.31,     70.0
129,     28.08.2014 21:31:16,     -5.25,     -2.01,     87,     0,     0.7,     1.4,     13.6,     79.7,     1008.6,     224.66,     255.1,     87.9,     -177.9
130,     28.08.2014 21:41:16,     -4.2,     0,     96,     0.1,     0.8,     1.5,     13.4,     76.7,     1008.6,     224.66,     255.2,     87.7,     -177.7
131,     28.08.2014 21:51:16,     -4.2,     -2.01,     117,     0.2,     0.8,     1.5,     13.3,     79,     1008.6,     224.66,     255.1,     87.8,     -177.8
132,     28.08.2014 22:01:16,     -3.15,     -2.01,     129,     0,     1,     2.6,     13,     79.9,     1008.6,     224.66,     255.2,     87.9,     -177.9
133,     28.08.2014 22:11:16,     -5.25,     -2.01,     111,     0.3,     0.8,     1.4,     13,     77.5,     1008.6,     224.66,     255.1,     87.9,     -177.9
134,     28.08.2014 22:21:17,     -4.2,     0,     109,     0.4,     0.8,     1.2,     13,     77.7,     1008.6,     224.66,     255.2,     87.9,     -177.9,     12.613,     12.13,     70.1
135,     28.08.2014 22:31:17,     -5.25,     -2.01,     136,     0.2,     0.9,     1.8,     12.9,     78.5,     1008.6,     224.66,     255.1,     87.9,     -177.9
136,     28.08.2014 22:41:17,     -6.3,     -4.02,     159,     0.2,     0.8,     1.6,     12.6,     80.5,     1008.7,     224.66,     255.1,     88,     -178
137,     28.08.2014 22:51:17,     -5.25,     -2.01,     107,     0.1,     0.7,     1.2,     12.5,     79,     1008.6,     224.66,     255.1,     87.8,     -177.8
138,     28.08.2014 23:01:17,     -4.2,     -4.02,     179,     0.4,     0.8,     1.5,     12.8,     80.4,     1008.6,     224.66,     255.2,     87.9,     -177.9
139,     28.08.2014 23:11:17,     -3.15,     -2.01,     164,     0.3,     0.9,     1.6,     12.5,     79.8,     1008.5,     224.66,     255.2,     87.9,     -177.9
140,     28.08.2014 23:21:23,     -4.2,     -2.01,     158,     0.2,     0.7,     1.1,     12.3,     77.6,     1008.5,     224.66,     255.2,     87.9,     -177.9,     12.567,     11.61,     70.1
141,     28.08.2014 23:31:23,     -3.15,     -2.01,     196,     0.1,     0.6,     1,     12.6,     81.4,     1008.4,     224.66,     255.1,     87.9,     -177.9
142,     28.08.2014 23:41:23,     -2.1,     0,     184,     0.2,     0.6,     1.1,     12.7,     81.1,     1008.4,     224.66,     255.2,     87.9,     -177.8
143,     28.08.2014 23:51:23,     -3.15,     -2.01,     188,     0.1,     0.5,     1,     12.7,     81.2,     1008.4,     224.66,     255.2,     88,     -178
144,     29.08.2014 00:01:22,     -5.25,     -4.02,     179,     0.1,     0.5,     1.1,     12.6,     80.3,     1008.3,     224.66,     255.1,     87.9,     -178,     12.480,     11.59,     70.0