Logger: #D10248 'TSK_Meteo' - USP_EXP2 (V2.10, Jan 24 2012)
No,     Time,     #1:W/m²:0,     #2:ÂµMol:(do.),     #5:deg:2,     #6:m/sMIN:(do.),     #7:m/sMIT:(do.),     #8:m/sMAX:(do.),     #9:Â°C:(do.),     #10:%:(do.),     #11:hPa:(do.),     #12:mm:(do.),     #14:AZ:3,     #15:EL:(do.),     #16:Roll:(do.),     #HK-Bat:V,     #HK-Temp:oC,     #HK-rH:%
(GSM Transfer OK / Signal:14)
1,     01.07.2014 00:11:22,     -4.2,     -2.01,     294,     0.7,     2,     4.1,     12.8,     82,     1007,     101.24,     255.2,     87.9,     -177.9,     12.505,     13.33,     69.4
2,     01.07.2014 00:21:22,     -3.15,     -2.01,     312,     0.5,     1.8,     3.7,     12.7,     83,     1007,     101.24,     254.9,     87.9,     -177.9
3,     01.07.2014 00:31:22,     -3.15,     0,     326,     0.9,     1.9,     3.4,     12.7,     82.1,     1007,     101.24,     255.1,     87.9,     -177.9
4,     01.07.2014 00:41:22,     -3.15,     -2.01,     328,     0.2,     1.8,     3.3,     12.7,     82.4,     1007.1,     101.24,     254.9,     87.9,     -177.9
5,     01.07.2014 00:51:22,     -3.15,     0,     318,     1,     2.1,     3.6,     12.6,     82.1,     1007.1,     101.24,     255.1,     87.8,     -178
6,     01.07.2014 01:01:22,     -4.2,     -2.01,     326,     0.8,     2,     4.1,     12.7,     81.8,     1007.1,     101.24,     255,     87.9,     -177.9
7,     01.07.2014 01:11:16,     -4.2,     -2.01,     322,     0.7,     1.9,     4.1,     12.6,     82.2,     1007.2,     101.24,     255,     87.8,     -177.9,     12.533,     12.56,     70.7
8,     01.07.2014 01:21:16,     -4.2,     0,     319,     0.8,     1.8,     3.2,     12.6,     82.9,     1007.2,     101.24,     255,     87.9,     -178
9,     01.07.2014 01:31:16,     -4.2,     -6.03,     318,     0.3,     1.5,     3.3,     12.4,     82.6,     1007.2,     101.24,     255.3,     87.9,     -177.9
10,     01.07.2014 01:41:16,     -5.25,     -2.01,     316,     0.2,     1.7,     3.2,     12.3,     83,     1007.2,     101.24,     255.2,     88,     -177.9
11,     01.07.2014 01:51:16,     -3.15,     0,     313,     0.6,     1.7,     3.3,     12.1,     83.8,     1007.3,     101.24,     255.2,     87.9,     -177.9
12,     01.07.2014 02:01:16,     -5.25,     -2.01,     311,     0.3,     1.4,     3.3,     11.9,     83.7,     1007.3,     101.24,     254.8,     87.8,     -177.9
13,     01.07.2014 02:11:22,     -5.25,     -2.01,     307,     0.3,     1.7,     3.5,     11.8,     84.5,     1007.3,     101.24,     255.1,     88,     -178,     12.495,     11.74,     70.9
14,     01.07.2014 02:21:22,     -4.2,     -2.01,     299,     0.5,     2.1,     3.4,     11.6,     84.6,     1007.3,     101.24,     255.1,     87.8,     -177.9
15,     01.07.2014 02:31:22,     -4.2,     0,     306,     0.5,     1.7,     3.4,     11.5,     85.8,     1007.3,     101.24,     255.1,     87.9,     -177.8
16,     01.07.2014 02:41:22,     -4.2,     2.01,     301,     0.5,     1.9,     3.7,     11.4,     85.7,     1007.3,     101.24,     255,     87.8,     -177.9
17,     01.07.2014 02:51:22,     -6.3,     -4.02,     302,     0.3,     1.6,     2.8,     11.3,     86.4,     1007.3,     101.24,     255,     88,     -178
18,     01.07.2014 03:01:22,     -5.25,     -2.01,     309,     0.2,     1.4,     2.8,     11.1,     86.6,     1007.3,     101.24,     255.2,     87.9,     -177.9
19,     01.07.2014 03:11:17,     -4.2,     0,     296,     0.3,     1.9,     3.6,     11,     86.9,     1007.3,     101.24,     255,     87.9,     -177.9,     12.467,     10.70,     71.2
20,     01.07.2014 03:21:17,     -5.25,     -2.01,     300,     0.2,     1.6,     3.1,     10.8,     86.9,     1007.4,     101.24,     255,     87.9,     -177.9
21,     01.07.2014 03:31:17,     -4.2,     4.02,     304,     0,     1.4,     3.2,     10.8,     87.1,     1007.4,     101.24,     255.1,     87.9,     -177.9
22,     01.07.2014 03:41:17,     -3.15,     4.02,     293,     0.7,     2,     3.4,     10.6,     88.1,     1007.4,     101.24,     255.1,     88,     -178
23,     01.07.2014 03:51:17,     -1.05,     10.05,     295,     0.8,     2.2,     3.9,     10.4,     87.8,     1007.5,     101.24,     255.3,     87.8,     -177.8
24,     01.07.2014 04:01:17,     2.1,     20.1,     297,     1.1,     2.5,     4.6,     10.3,     88.4,     1007.6,     101.24,     255.1,     87.9,     -177.9
25,     01.07.2014 04:11:16,     8.4,     30.15,     293,     1.1,     2.5,     4.3,     10.2,     89.4,     1007.7,     101.24,     255.1,     88,     -178,     12.452,     10.03,     71.4
26,     01.07.2014 04:21:16,     15.75,     44.22,     295,     1,     2.5,     4.1,     10.2,     89.4,     1007.8,     101.24,     255,     87.9,     -177.9
27,     01.07.2014 04:31:16,     24.15,     60.3,     294,     1.6,     2.7,     5.3,     10.5,     90,     1008,     101.24,     255.2,     87.8,     -177.9
28,     01.07.2014 04:41:16,     32.55,     78.39,     294,     1.3,     2.6,     5.3,     10.3,     88.9,     1008.1,     101.24,     255.2,     87.9,     -178
29,     01.07.2014 04:51:16,     76.65,     142.71,     293,     0.9,     2.3,     3.8,     10.4,     89,     1008.1,     101.24,     255.3,     87.9,     -177.9
30,     01.07.2014 05:01:16,     101.85,     188.94,     292,     0.9,     2.6,     3.9,     10.6,     88.8,     1008.2,     101.24,     255.2,     87.9,     -177.9
31,     01.07.2014 05:11:16,     130.2,     241.2,     288,     1.2,     2.5,     3.6,     10.7,     88.3,     1008.3,     101.24,     255.5,     87.9,     -177.9,     12.872,     11.57,     72.3
32,     01.07.2014 05:21:16,     148.05,     275.37,     291,     1.2,     2.6,     3.9,     10.9,     87.3,     1008.3,     101.24,     255.5,     87.8,     -177.8
33,     01.07.2014 05:31:16,     191.1,     343.71,     296,     1.2,     2.3,     3.7,     11.1,     86.8,     1008.3,     101.24,     255.4,     87.9,     -178
34,     01.07.2014 05:41:16,     102.9,     217.08,     294,     0.9,     2.2,     3.7,     11.3,     86.1,     1008.3,     101.24,     255.5,     87.9,     -178
35,     01.07.2014 05:51:16,     266.7,     470.34,     297,     0.7,     2.1,     3.5,     11.6,     85.2,     1008.4,     101.24,     255.6,     87.9,     -177.9
36,     01.07.2014 06:01:16,     333.9,     594.96,     295,     0.7,     2.6,     4.1,     11.8,     83.9,     1008.4,     101.24,     255.4,     88,     -178
37,     01.07.2014 06:11:22,     400.05,     711.54,     293,     0.6,     2.9,     4.9,     12.2,     82.7,     1008.5,     101.24,     255.6,     87.9,     -177.9,     14.415,     18.37,     71.8
38,     01.07.2014 06:21:22,     191.1,     371.85,     306,     1,     2.4,     4.4,     12.5,     81.9,     1008.6,     101.24,     255.7,     87.9,     -177.9
39,     01.07.2014 06:31:22,     493.5,     890.43,     303,     1.2,     2.9,     5,     12.5,     79.8,     1008.6,     101.24,     255.4,     87.9,     -177.9
40,     01.07.2014 06:41:22,     234.15,     464.31,     294,     2.3,     4.1,     6.1,     12.6,     79.2,     1008.6,     101.24,     255.7,     88,     -178
41,     01.07.2014 06:51:22,     491.4,     904.5,     307,     1.4,     3.5,     5.9,     12.6,     78.8,     1008.6,     101.24,     256,     87.9,     -177.9
42,     01.07.2014 07:01:22,     425.25,     799.98,     313,     0.6,     3.1,     6.8,     12.7,     78.1,     1008.7,     101.24,     255.9,     88,     -178
43,     01.07.2014 07:11:23,     199.5,     408.03,     313,     0.9,     3.2,     5.6,     12.9,     78.6,     1008.7,     101.24,     255.8,     87.9,     -177.9,     13.597,     21.18,     70.4
44,     01.07.2014 07:21:23,     455.7,     860.28,     312,     0.4,     2.6,     5.4,     13.2,     76.5,     1008.7,     101.24,     255.5,     87.9,     -177.9
45,     01.07.2014 07:31:23,     474.6,     898.47,     314,     0.5,     3.2,     5.6,     13.7,     73.8,     1008.7,     101.24,     255.7,     87.9,     -177.9
46,     01.07.2014 07:41:23,     500.85,     952.74,     313,     1.4,     3.5,     6.1,     13.9,     74.2,     1008.7,     101.24,     256.1,     88,     -178
47,     01.07.2014 07:51:23,     535.5,     1013.04,     299,     1.1,     4.1,     6.9,     14,     71.8,     1008.8,     101.24,     256.2,     88,     -178
48,     01.07.2014 08:01:23,     164.85,     349.74,     299,     1.5,     4.1,     6.7,     14.3,     71.3,     1008.7,     101.24,     256.2,     87.8,     -177.8
49,     01.07.2014 08:11:16,     615.3,     1163.79,     311,     1.1,     3.5,     6.6,     14.5,     68.2,     1008.8,     101.24,     256.1,     88.1,     -178.1,     13.464,     23.33,     69.2
50,     01.07.2014 08:21:16,     638.4,     1212.03,     312,     1.5,     4,     7.4,     14.6,     66,     1008.8,     101.24,     255.8,     87.9,     -177.9
51,     01.07.2014 08:31:16,     383.25,     574.86,     306,     0.5,     3.9,     7,     14.8,     66.6,     1008.8,     101.24,     255.8,     88,     -178
52,     01.07.2014 08:41:16,     687.75,     1402.98,     339,     1.6,     4,     8.8,     14.9,     58.4,     1008.7,     101.24,     (NO REPLY),     (NO REPLY),     (NO REPLY)
53,     01.07.2014 08:51:16,     685.65,     1316.55,     320,     1.9,     4.4,     6.6,     14.9,     63.1,     1008.7,     101.24,     256.1,     88,     -178
54,     01.07.2014 09:01:16,     739.2,     1435.14,     325,     1.3,     3.5,     6.1,     15.1,     62.7,     1008.7,     101.24,     255.5,     87.9,     -177.9
55,     01.07.2014 09:11:16,     134.4,     279.39,     316,     0.7,     3.6,     6,     15.3,     59.3,     1008.7,     101.24,     255.3,     87.7,     -177.8,     13.355,     23.63,     68.9
56,     01.07.2014 09:21:16,     853.65,     1644.18,     297,     1.2,     3.6,     6.3,     15.5,     56.7,     1008.7,     101.24,     255.7,     87.9,     -177.8
57,     01.07.2014 09:31:16,     926.1,     1788.9,     302,     0.5,     3.6,     7.1,     15.8,     56.6,     1008.6,     101.24,     76.5,     88.1,     -1.8
58,     01.07.2014 09:41:16,     264.6,     534.66,     312,     1.4,     3.9,     7.9,     15.8,     57.3,     1008.6,     101.24,     256.1,     88,     -178
59,     01.07.2014 09:51:16,     963.9,     1875.33,     322,     2.2,     4.3,     7.9,     15.8,     55.6,     1008.7,     101.24,     256.1,     87.8,     -177.8
60,     01.07.2014 10:01:16,     191.1,     361.8,     312,     1.6,     4.1,     7.2,     15.8,     56.6,     1008.8,     101.24,     256.1,     87.8,     -177.9
61,     01.07.2014 10:11:17,     202.65,     406.02,     316,     1.3,     3.3,     6.6,     15.5,     60.1,     1008.8,     101.24,     255.9,     88.1,     -178,     13.328,     23.36,     68.1
62,     01.07.2014 10:21:17,     179.55,     381.9,     309,     0.6,     2.5,     6.2,     15.4,     60.5,     1008.7,     101.24,     255.6,     87.9,     -177.9
63,     01.07.2014 10:31:17,     891.45,     1752.72,     291,     2.2,     4.8,     8.2,     15.8,     56.1,     1008.7,     101.24,     256.1,     87.9,     -178
64,     01.07.2014 10:41:17,     680.4,     1201.98,     302,     0.4,     4.4,     7.8,     16.1,     51,     1008.6,     101.24,     76.8,     88,     -1.9
65,     01.07.2014 10:51:17,     973.35,     1933.62,     299,     0.6,     3.7,     7.4,     16.2,     51.6,     1008.6,     101.24,     255.8,     88,     -178
66,     01.07.2014 11:01:17,     1063.65,     2084.37,     302,     1,     3.8,     7.2,     16.3,     52.1,     1008.6,     101.24,     255.3,     87.9,     -177.9
67,     01.07.2014 11:11:16,     300.3,     564.81,     304,     0.7,     4,     7.5,     16.5,     53.1,     1008.6,     101.24,     255.6,     88,     -178,     13.411,     21.73,     68.4
68,     01.07.2014 11:21:16,     291.9,     578.88,     312,     1.6,     3.9,     6.4,     16.4,     52.4,     1008.5,     101.24,     255.3,     88,     -178
69,     01.07.2014 11:31:16,     284.55,     574.86,     326,     0.6,     4.9,     8.6,     15.9,     57.4,     1008.9,     101.24,     255.6,     87.6,     -177.6
70,     01.07.2014 11:41:16,     533.4,     1113.54,     325,     1.3,     5.5,     9.8,     15.2,     60,     1008.9,     101.24,     75.9,     88.4,     -1.5
71,     01.07.2014 11:51:16,     344.4,     701.49,     327,     1.9,     4.9,     9,     15.1,     59.9,     1008.9,     101.24,     256,     88.2,     -178.2
72,     01.07.2014 12:01:16,     273,     548.73,     312,     1.5,     4.2,     8.2,     15,     59.6,     1008.9,     101.24,     255.5,     88,     -178
73,     01.07.2014 12:11:16,     210,     436.17,     307,     1.3,     3.9,     7,     14.8,     58.4,     1008.9,     101.24,     255.9,     87.9,     -178.1,     13.502,     19.83,     69.1
74,     01.07.2014 12:21:16,     212.1,     446.22,     305,     0.9,     3.4,     7.4,     14.6,     58.1,     1008.9,     101.24,     255.5,     87.9,     -177.9
75,     01.07.2014 12:31:16,     250.95,     514.56,     294,     2,     3.8,     8.2,     14.5,     59.1,     1009,     101.24,     255.7,     88,     -178
76,     01.07.2014 12:41:16,     414.75,     830.13,     312,     0.9,     3.1,     5.2,     14.8,     59.3,     1008.9,     101.24,     255.3,     88,     -177.9
77,     01.07.2014 12:51:16,     1062.6,     2102.46,     316,     0.3,     2.4,     4.8,     15.3,     56,     1008.8,     101.24,     255.4,     88,     -178
78,     01.07.2014 13:01:16,     669.9,     1360.77,     306,     1.1,     3.8,     6.9,     15.9,     54.8,     1008.7,     101.24,     255.3,     87.9,     -177.9
79,     01.07.2014 13:11:16,     597.45,     1230.12,     309,     0.3,     3.9,     7.3,     16.2,     54.4,     1008.6,     101.24,     255.9,     87.9,     -177.9,     13.097,     19.83,     69.0
80,     01.07.2014 13:21:16,     891.45,     1804.98,     334,     0.2,     3.5,     6.6,     16.6,     54.8,     1008.6,     101.24,     255.9,     88,     -178
81,     01.07.2014 13:31:16,     882,     1694.43,     309,     0.6,     4,     7.1,     17,     52.3,     1008.6,     101.24,     255.6,     87.9,     -177.8
82,     01.07.2014 13:41:16,     249.9,     484.41,     300,     0.4,     3.8,     7.1,     17.2,     53.5,     1008.6,     101.24,     75.5,     87.9,     -2
83,     01.07.2014 13:51:16,     1163.4,     2261.25,     293,     0.1,     4.5,     8.9,     17.2,     50.5,     1008.5,     101.24,     76,     88.2,     -1.7
84,     01.07.2014 14:01:16,     826.35,     1867.29,     290,     2.2,     5.1,     8.5,     17.5,     50.7,     1008.6,     101.24,     255.9,     87.7,     -177.7
85,     01.07.2014 14:11:16,     218.4,     422.1,     285,     2.6,     5.9,     9,     17.3,     52.4,     1008.6,     101.24,     256.3,     88,     -178,     13.366,     21.32,     68.3
86,     01.07.2014 14:21:16,     990.15,     1939.65,     310,     1.6,     4.2,     9.3,     17,     56,     1008.7,     101.24,     255.8,     88.1,     -178.2
87,     01.07.2014 14:31:16,     234.15,     464.31,     310,     1.1,     3.9,     7.1,     17.3,     56.6,     1008.6,     101.24,     255.5,     87.9,     -177.9
88,     01.07.2014 14:41:16,     169.05,     335.67,     302,     0.6,     3.8,     7,     17.2,     53.3,     1008.7,     101.24,     255.8,     88,     -178
89,     01.07.2014 14:51:16,     179.55,     343.71,     283,     2,     4.3,     7.1,     16.9,     55,     1008.8,     101.24,     255.5,     87.8,     -177.8
90,     01.07.2014 15:01:16,     336,     671.34,     287,     1.4,     4.3,     7.6,     16.9,     55.1,     1008.7,     101.25,     255.8,     88,     -178.1
91,     01.07.2014 15:11:16,     234.15,     464.31,     290,     0.7,     3,     5.7,     17.2,     55.8,     1008.7,     101.25,     76.3,     88.1,     -1.9,     13.360,     20.69,     68.8
92,     01.07.2014 15:21:16,     875.7,     1666.29,     287,     2,     4.7,     8.2,     17.2,     52.7,     1008.6,     101.25,     76.1,     87.9,     -2
93,     01.07.2014 15:31:16,     746.55,     1431.12,     301,     2.2,     4.7,     8.7,     17.6,     45.7,     1008.6,     101.25,     256,     88,     -177.9
94,     01.07.2014 15:41:16,     584.85,     1129.62,     292,     2.3,     6,     9.4,     17.6,     44.9,     1008.7,     101.25,     76.4,     87.7,     -2
95,     01.07.2014 15:51:16,     316.05,     665.31,     291,     1.5,     5.1,     8.1,     17.4,     47.5,     1008.7,     101.25,     256.2,     88.2,     -178.2
96,     01.07.2014 16:01:16,     252,     514.56,     290,     2.9,     5.1,     7.5,     17,     48.4,     1008.8,     101.25,     76.2,     88.1,     -1.8
97,     01.07.2014 16:11:16,     296.1,     598.98,     288,     1.4,     4.2,     7.5,     16.9,     51.1,     1008.8,     101.25,     76.1,     88,     -2,     13.368,     20.76,     68.3
98,     01.07.2014 16:21:16,     159.6,     325.62,     297,     1.3,     3.8,     6.6,     16.9,     52.2,     1008.8,     101.25,     255.2,     88,     -178
99,     01.07.2014 16:31:16,     156.45,     287.43,     325,     2.5,     5.3,     9,     16.1,     59.6,     1009,     101.25,     76,     88.1,     -1.8
100,     01.07.2014 16:41:16,     348.6,     705.51,     332,     2.7,     5.7,     9.5,     16,     58,     1009.1,     101.25,     255.4,     87.9,     -177.9
101,     01.07.2014 16:51:16,     642.6,     1167.81,     338,     2.4,     4.7,     8.3,     16.2,     57.6,     1009,     101.25,     255.5,     87.8,     -177.8
102,     01.07.2014 17:01:16,     228.9,     458.28,     342,     0.4,     3.7,     5.8,     16.3,     57.8,     1009,     101.25,     255.3,     87.7,     -177.7
103,     01.07.2014 17:11:16,     214.2,     438.18,     321,     0.4,     3.4,     5.9,     16.5,     52.7,     1009.1,     101.25,     255.5,     88,     -178,     13.472,     19.77,     68.9
104,     01.07.2014 17:21:16,     127.05,     267.33,     310,     0.9,     3.3,     7.6,     16.2,     53,     1009.1,     101.25,     255.7,     88,     -178
105,     01.07.2014 17:31:16,     470.4,     814.05,     300,     1,     3.1,     4.4,     16,     55.8,     1009.1,     101.25,     255.3,     88,     -178
106,     01.07.2014 17:41:16,     213.15,     426.12,     309,     0.4,     2.7,     5.4,     16.1,     56.2,     1009.1,     101.25,     255.5,     87.9,     -177.9
107,     01.07.2014 17:51:16,     179.55,     353.76,     328,     1.2,     2.8,     4.5,     16.1,     57.6,     1009.1,     101.25,     255.4,     87.9,     -178
108,     01.07.2014 18:01:16,     93.45,     192.96,     337,     1.4,     3.5,     6.5,     15.8,     60.3,     1009.1,     101.25,     255.2,     87.9,     -177.9
109,     01.07.2014 18:11:16,     144.9,     283.41,     329,     0.7,     2.2,     4.2,     15.6,     59.3,     1009.1,     101.25,     255.2,     88.1,     -178.1,     13.504,     18.68,     69.4
110,     01.07.2014 18:21:16,     223.65,     367.83,     327,     0.4,     1.9,     3.5,     15.6,     59.4,     1009.1,     101.25,     255.2,     88,     -178
111,     01.07.2014 18:31:16,     82.95,     176.88,     336,     1.1,     2.3,     3.9,     15.5,     60.5,     1009.1,     101.25,     255.3,     88,     -177.9
112,     01.07.2014 18:41:16,     78.75,     164.82,     327,     0.6,     1.6,     2.8,     15.5,     62.2,     1009.2,     101.25,     255.1,     87.9,     -177.9
113,     01.07.2014 18:51:16,     56.7,     128.64,     336,     0.5,     1.6,     2.5,     15.3,     62.2,     1009.2,     101.25,     255.1,     88,     -178
114,     01.07.2014 19:01:16,     27.3,     64.32,     333,     0.4,     1.4,     2.3,     15.3,     64.7,     1009.3,     101.25,     255.2,     88,     -178
115,     01.07.2014 19:11:17,     4.2,     10.05,     317,     0.6,     1.5,     3.5,     15.2,     66,     1009.4,     101.25,     255.2,     87.9,     -177.9,     12.929,     17.15,     69.9
116,     01.07.2014 19:21:17,     0,     6.03,     348,     0.9,     3.9,     6.5,     14.5,     67.3,     1009.5,     101.25,     75.4,     88.1,     -1.7
117,     01.07.2014 19:31:17,     9.45,     20.1,     342,     1.7,     4.1,     6.8,     13.5,     73.1,     1009.6,     102.29,     255.2,     87.8,     -177.8
118,     01.07.2014 19:41:17,     68.25,     52.26,     301,     0,     1.1,     2.9,     13,     77.8,     1009.5,     102.4,     255.1,     88,     -177.9
119,     01.07.2014 19:51:17,     49.35,     46.23,     281,     0.1,     1.2,     2.1,     13,     78.6,     1009.5,     102.4,     255,     87.9,     -177.9
120,     01.07.2014 20:01:17,     18.9,     38.19,     286,     0.3,     1.2,     2.1,     12.9,     78,     1009.6,     102.4,     255.1,     88,     -178
121,     01.07.2014 20:11:23,     12.6,     28.14,     283,     0.6,     1.5,     2.4,     12.9,     78.8,     1009.6,     102.4,     255.1,     88,     -178,     12.800,     14.98,     70.4
122,     01.07.2014 20:21:23,     3.15,     16.08,     255,     0.1,     1.1,     2.1,     12.9,     81.8,     1009.7,     102.4,     255.1,     87.9,     -177.9
123,     01.07.2014 20:31:23,     0,     10.05,     298,     0.4,     1.2,     1.9,     12.8,     81.3,     1009.7,     102.4,     255,     87.9,     -177.9
124,     01.07.2014 20:41:23,     0,     6.03,     283,     0.3,     1.3,     2,     13,     82.9,     1009.8,     102.4,     255.1,     87.9,     -177.9
125,     01.07.2014 20:51:23,     0,     2.01,     250,     0.4,     1.2,     1.9,     13.1,     80.4,     1009.8,     102.4,     255,     87.9,     -177.9
126,     01.07.2014 21:01:23,     -2.1,     2.01,     225,     0.9,     1.7,     2.3,     13,     79.9,     1009.8,     102.4,     255,     87.9,     -177.8
127,     01.07.2014 21:11:16,     -4.2,     0,     232,     0.6,     1.2,     2,     12.6,     80.3,     1009.9,     102.4,     255.1,     88,     -178,     12.675,     13.15,     71.0
128,     01.07.2014 21:21:16,     -4.2,     -2.01,     248,     0.2,     1.2,     1.8,     12.8,     80.7,     1009.9,     102.4,     255,     87.9,     -177.9
129,     01.07.2014 21:31:16,     -4.2,     0,     228,     0.8,     1.3,     2,     12.8,     81.5,     1009.9,     102.4,     255.1,     87.9,     -177.9
130,     01.07.2014 21:41:16,     -5.25,     -2.01,     212,     0.2,     1.1,     1.6,     12.6,     83.1,     1009.8,     102.4,     255,     87.9,     -177.9
131,     01.07.2014 21:51:16,     -3.15,     -2.01,     233,     0.5,     1.3,     2.3,     12.4,     79,     1009.9,     102.4,     255.1,     88,     -178
132,     01.07.2014 22:01:16,     -4.2,     -2.01,     295,     0.1,     1.1,     2,     12.5,     84,     1009.9,     102.4,     255,     87.9,     -177.9
133,     01.07.2014 22:11:16,     -5.25,     -2.01,     334,     0.4,     0.9,     1.5,     12.1,     84.8,     1009.8,     102.4,     255,     87.9,     -177.9,     12.620,     11.87,     71.2
134,     01.07.2014 22:21:16,     -4.2,     0,     325,     0.5,     1.1,     1.6,     11.8,     85,     1009.9,     102.4,     255,     88,     -178
135,     01.07.2014 22:31:16,     -4.2,     -2.01,     311,     0,     0.9,     1.5,     11.9,     86.3,     1009.9,     102.4,     255,     88,     -178
136,     01.07.2014 22:41:16,     -4.2,     -2.01,     185,     0.1,     0.6,     1.4,     11.8,     87.5,     1009.8,     102.4,     254.9,     87.8,     -177.9
137,     01.07.2014 22:51:16,     -5.25,     0,     182,     0.7,     1.6,     2.1,     11.5,     86.9,     1009.8,     102.4,     254.9,     88,     -178
138,     01.07.2014 23:01:16,     -4.2,     0,     195,     1,     1.4,     2.1,     11.4,     86.6,     1009.8,     102.4,     255,     88,     -178
139,     01.07.2014 23:11:22,     -5.25,     0,     192,     1,     1.5,     2.1,     11.4,     85.9,     1009.7,     102.4,     254.9,     87.9,     -177.9,     12.603,     10.97,     71.3
140,     01.07.2014 23:21:22,     -5.25,     -2.01,     199,     1.2,     1.7,     2.3,     11.4,     86.5,     1009.7,     102.4,     254.9,     87.9,     -177.9
141,     01.07.2014 23:31:22,     -3.15,     2.01,     197,     1.2,     1.8,     2.4,     11.4,     86.4,     1009.6,     102.4,     255,     88,     -178
142,     01.07.2014 23:41:22,     -4.2,     -4.02,     208,     0.4,     1.4,     2,     11.6,     86,     1009.7,     102.4,     255,     87.9,     -177.9
143,     01.07.2014 23:51:22,     -3.15,     0,     282,     0,     1.1,     2.2,     11.9,     84.8,     1009.7,     102.4,     255,     88,     -178
144,     02.07.2014 00:01:17,     -2.1,     -2.01,     286,     0.9,     1.6,     2.6,     12.1,     83.8,     1009.6,     102.4,     254.9,     87.9,     -177.9,     12.469,     10.91,     71.3