Logger: #D10248 'TSK_Meteo' - USP_EXP2 (V2.10, Jan 24 2012)
No,     Time,     #1:W/m²:0,     #2:ÂµMol:(do.),     #5:deg:2,     #6:m/sMIN:(do.),     #7:m/sMIT:(do.),     #8:m/sMAX:(do.),     #9:Â°C:(do.),     #10:%:(do.),     #11:hPa:(do.),     #12:mm:(do.),     #14:AZ:3,     #15:EL:(do.),     #16:Roll:(do.),     #HK-Bat:V,     #HK-Temp:oC,     #HK-rH:%
(GSM Transfer OK / Signal:15)
1,     31.01.2015 00:11:16,     -3.15,     -2.01,     339,     1.5,     3.1,     5.5,     0.7,     90,     966.2,     431.44,     73.6,     88,     -1.9,     12.179,     1.83,     90.2
2,     31.01.2015 00:21:16,     -1.05,     0,     341,     0.8,     2.8,     5.1,     0.7,     89.9,     966.2,     431.44,     74.3,     87.9,     -2
3,     31.01.2015 00:31:16,     -2.1,     -2.01,     7,     0.3,     1.9,     5,     0.8,     89.7,     966.3,     431.44,     73.7,     88,     -1.9
4,     31.01.2015 00:41:16,     -2.1,     0,     352,     0.5,     2.1,     4.8,     0.8,     89,     966.3,     431.44,     73.3,     87.8,     -2.1
5,     31.01.2015 00:51:16,     -2.1,     -2.01,     338,     0.6,     3.1,     6.3,     0.8,     88.8,     966.3,     431.44,     73.4,     88.2,     -1.7
6,     31.01.2015 01:01:16,     -3.15,     -2.01,     338,     1.3,     2.9,     5.3,     0.9,     88.5,     966.3,     431.44,     73,     87.9,     -2
7,     31.01.2015 01:11:17,     -2.1,     -2.01,     342,     1.1,     3,     5.5,     0.9,     87.7,     966.4,     431.44,     73.2,     88.1,     -1.8,     12.368,     1.41,     92.1
8,     31.01.2015 01:21:17,     -2.1,     -2.01,     341,     1.2,     2.7,     4.6,     0.9,     87.8,     966.4,     431.44,     73.1,     87.9,     -2
9,     31.01.2015 01:31:17,     -3.15,     -2.01,     339,     0.6,     2.4,     5.3,     0.9,     88,     966.4,     431.44,     253.1,     88.1,     -178.1
10,     31.01.2015 01:41:17,     -3.15,     -4.02,     346,     0.7,     2.6,     5.6,     0.9,     88.3,     966.5,     431.44,     252.7,     87.9,     -177.9
11,     31.01.2015 01:51:17,     -2.1,     -2.01,     345,     0.6,     2.8,     6.8,     0.9,     87.9,     966.6,     431.44,     73.4,     88,     -1.9
12,     31.01.2015 02:01:17,     -1.05,     0,     358,     0.5,     2.5,     5.5,     0.9,     88.1,     966.6,     431.44,     73.2,     87.9,     -2
13,     31.01.2015 02:11:16,     -3.15,     -2.01,     9,     0.4,     2.2,     4.8,     0.9,     87.9,     966.7,     431.44,     253.7,     87.9,     -178,     13.832,     1.36,     92.2
14,     31.01.2015 02:21:16,     -1.05,     -2.01,     0,     0.3,     1.9,     5,     0.9,     88.2,     966.8,     431.44,     253.6,     88,     -178.1
15,     31.01.2015 02:31:16,     -2.1,     -2.01,     343,     0.3,     2.9,     7.4,     0.8,     88.5,     966.9,     431.44,     73.1,     88,     -1.9
16,     31.01.2015 02:41:16,     -2.1,     -2.01,     336,     1.9,     3.4,     7.4,     0.8,     88.6,     966.9,     431.44,     73.4,     88.1,     -1.8
17,     31.01.2015 02:51:16,     -1.05,     0,     327,     2.1,     4.4,     7.6,     0.7,     88.8,     967,     431.44,     73.7,     88.1,     -1.8
18,     31.01.2015 03:01:16,     -1.05,     -2.01,     319,     1.9,     4.4,     6.6,     0.6,     89.1,     967,     431.44,     73.6,     87.9,     -2
19,     31.01.2015 03:11:16,     -1.05,     -2.01,     332,     2,     3.7,     7.5,     0.6,     89.6,     967.1,     431.44,     253.4,     88,     -178,     12.849,     1.29,     92.2
20,     31.01.2015 03:21:16,     -1.05,     -2.01,     0,     0,     0,     0,     0.5,     89.7,     967.1,     431.44,     73.9,     88,     -1.9
21,     31.01.2015 03:31:16,     -1.05,     0,     333,     1.5,     3.7,     6.6,     0.5,     89.7,     967.1,     431.44,     253.1,     88.1,     -178
22,     31.01.2015 03:41:16,     -2.1,     -2.01,     334,     1.6,     3.6,     6.6,     0.5,     89.6,     967.2,     431.44,     73.5,     88,     -2
23,     31.01.2015 03:51:16,     -2.1,     -2.01,     330,     1.7,     3.6,     7.4,     0.5,     89.5,     967.2,     431.44,     73.6,     88,     -1.9
24,     31.01.2015 04:01:16,     -1.05,     -2.01,     324,     1.1,     3.1,     6.4,     0.5,     89.3,     967.2,     431.44,     74.1,     88,     -1.9
25,     31.01.2015 04:11:16,     -2.1,     0,     319,     1.5,     3,     5.9,     0.5,     89,     967.2,     431.44,     73.6,     87.9,     -1.9,     12.588,     1.13,     92.3
26,     31.01.2015 04:21:16,     -2.1,     0,     321,     1.2,     2.9,     5.2,     0.5,     88.7,     967.2,     431.44,     73.8,     88,     -1.8
27,     31.01.2015 04:31:16,     -2.1,     -2.01,     324,     1.6,     3.2,     5.9,     0.6,     88.5,     967.2,     431.44,     73.7,     88,     -1.9
28,     31.01.2015 04:41:16,     -3.15,     -2.01,     323,     1.7,     3.1,     5.5,     0.5,     88.2,     967.2,     431.44,     73.4,     88,     -1.9
29,     31.01.2015 04:51:16,     -3.15,     -4.02,     328,     1.6,     3,     4.9,     0.5,     88.1,     967.2,     431.44,     73.7,     87.9,     -2
30,     31.01.2015 05:01:16,     -2.1,     0,     326,     1.4,     2.8,     5.1,     0.5,     88,     967.3,     431.44,     73.1,     88.1,     -1.8
31,     31.01.2015 05:11:16,     -2.1,     -2.01,     331,     1.7,     3.4,     6.2,     0.5,     87.7,     967.4,     431.44,     73.5,     88,     -1.9,     12.454,     0.93,     92.4
32,     31.01.2015 05:21:16,     -2.1,     -4.02,     324,     1.4,     2.8,     4.4,     0.5,     88,     967.4,     431.44,     73.7,     88,     -1.9
33,     31.01.2015 05:31:16,     -2.1,     -2.01,     319,     1.3,     2.6,     4.4,     0.4,     88,     967.5,     431.44,     253.4,     88,     -178
34,     31.01.2015 05:41:16,     -1.05,     -2.01,     314,     1.2,     2.8,     5.1,     0.4,     87.8,     967.6,     431.44,     73.2,     87.9,     -2
35,     31.01.2015 05:51:16,     -2.1,     -2.01,     317,     0.8,     2.6,     5,     0.4,     87.5,     967.6,     431.44,     74.2,     87.9,     -1.9
36,     31.01.2015 06:01:16,     -2.1,     -2.01,     321,     1.1,     2.8,     6.4,     0.4,     87,     967.7,     431.44,     73.4,     88,     -1.9
37,     31.01.2015 06:11:16,     -2.1,     -2.01,     317,     1.4,     3,     5.1,     0.2,     86.7,     967.6,     431.44,     73.2,     88,     -1.9,     12.389,     0.85,     92.4
38,     31.01.2015 06:21:16,     -2.1,     0,     320,     1.9,     3.4,     5.7,     0.2,     86.4,     967.7,     431.44,     73,     88,     -1.9
39,     31.01.2015 06:31:16,     -3.15,     -2.01,     315,     1.8,     3.7,     6.6,     0.1,     86.1,     967.8,     431.44,     73.9,     87.9,     -2
40,     31.01.2015 06:41:16,     -2.1,     0,     315,     1.7,     3.7,     5.8,     0.1,     85.9,     967.9,     431.44,     73.3,     88,     -1.9
41,     31.01.2015 06:51:16,     -3.15,     0,     315,     1.5,     3.5,     6,     0.1,     86.4,     968,     431.44,     253.1,     88,     -178
42,     31.01.2015 07:01:16,     -1.05,     0,     313,     1.4,     3.2,     6.7,     0,     86.8,     968.2,     431.44,     253.6,     88,     -178
43,     31.01.2015 07:11:16,     -1.05,     -2.01,     314,     1.7,     3.6,     7.3,     0,     86.8,     968.3,     431.44,     73.6,     87.9,     -2,     13.837,     0.57,     92.5
44,     31.01.2015 07:21:16,     -1.05,     0,     305,     1.8,     4.1,     7.5,     0,     86.8,     968.4,     431.44,     74.4,     88,     -1.9
45,     31.01.2015 07:31:16,     -2.1,     -2.01,     302,     1.7,     3.8,     6.5,     0,     86.7,     968.5,     431.44,     254.2,     88,     -178.1
46,     31.01.2015 07:41:16,     -2.1,     0,     309,     2.1,     4.1,     6.3,     -0.1,     86.2,     968.6,     431.44,     253,     88.1,     -178.1
47,     31.01.2015 07:51:16,     -1.05,     0,     313,     2.2,     4.3,     7.2,     -0.3,     85.8,     968.6,     431.44,     74.3,     88,     -1.9
48,     31.01.2015 08:01:16,     0,     2.01,     309,     1.9,     4,     8.3,     -0.4,     85.8,     968.8,     431.44,     254.3,     88,     -178
49,     31.01.2015 08:11:16,     -2.1,     6.03,     313,     2,     3.8,     7.1,     -0.5,     86.4,     969,     431.44,     73,     88,     -1.9,     12.726,     0.35,     92.5
50,     31.01.2015 08:21:16,     5.25,     12.06,     314,     1.4,     3.5,     6.6,     -0.5,     86.4,     969,     431.44,     73.7,     88,     -1.9
51,     31.01.2015 08:31:16,     10.5,     24.12,     315,     1.6,     3.8,     7,     -0.5,     86,     969.1,     431.44,     74.1,     88,     -1.9
52,     31.01.2015 08:41:16,     12.6,     28.14,     315,     1.7,     3.2,     5.1,     -0.5,     85.9,     969.2,     431.44,     73.4,     88.1,     -1.9
53,     31.01.2015 08:51:16,     17.85,     42.21,     308,     1.8,     3.7,     7.3,     -0.5,     85.8,     969.3,     431.44,     253.2,     88,     -177.9
54,     31.01.2015 09:01:16,     23.1,     52.26,     304,     1.5,     3.5,     6.6,     -0.5,     86.3,     969.3,     431.44,     74.6,     88.1,     -1.8
55,     31.01.2015 09:11:16,     32.55,     66.33,     300,     2.9,     4.5,     7.5,     -0.7,     86.4,     969.4,     431.44,     74.2,     88,     -2,     12.770,     0.15,     92.6
56,     31.01.2015 09:21:16,     48.3,     96.48,     301,     2.7,     4.8,     7.6,     -0.9,     86.3,     969.5,     431.44,     74.8,     88,     -1.9
57,     31.01.2015 09:31:16,     79.8,     150.75,     301,     2.4,     4.9,     8,     -0.9,     86.8,     969.4,     431.44,     73.5,     87.9,     -1.9
58,     31.01.2015 09:41:16,     93.45,     178.89,     307,     1.8,     4.3,     6.7,     -0.9,     86.8,     969.6,     431.44,     74.4,     88,     -1.9
59,     31.01.2015 09:51:16,     89.25,     168.84,     310,     1.7,     4,     7.2,     -0.9,     86.5,     969.6,     431.44,     253.6,     88,     -178
60,     31.01.2015 10:01:16,     151.2,     271.35,     302,     1.8,     4.4,     7,     -0.9,     86,     969.6,     431.44,     253.4,     88,     -178
61,     31.01.2015 10:11:16,     216.3,     361.8,     301,     1.8,     4.3,     7.3,     -0.8,     85.6,     969.7,     431.44,     254,     88,     -178.1,     13.519,     0.48,     92.9
62,     31.01.2015 10:21:16,     121.8,     243.21,     302,     1.8,     4.2,     7.8,     -0.7,     85.5,     969.8,     431.44,     74.1,     88.1,     -1.7
63,     31.01.2015 10:31:16,     249.9,     434.16,     307,     1.6,     4.4,     7.9,     -0.8,     84.4,     969.9,     431.44,     74.5,     88,     -1.9
64,     31.01.2015 10:41:16,     275.1,     478.38,     307,     1.8,     3.7,     7.3,     -0.6,     84.4,     970,     431.44,     73.9,     88,     -1.9
65,     31.01.2015 10:51:16,     149.1,     279.39,     308,     1.8,     3.4,     6.5,     -0.4,     85.1,     970.1,     431.44,     74.1,     88.2,     -1.7
66,     31.01.2015 11:01:16,     366.45,     603,     304,     2,     3.9,     6.9,     -0.4,     84.9,     970.1,     431.44,     73.5,     88,     -1.9
67,     31.01.2015 11:11:17,     340.2,     574.86,     321,     1.3,     3.4,     6.1,     -0.3,     84.2,     970.3,     431.44,     73.9,     88.1,     -1.8,     13.695,     2.36,     92.6
68,     31.01.2015 11:21:17,     434.7,     735.66,     324,     1.9,     3.6,     6.1,     -0.3,     83.7,     970.3,     431.44,     73.9,     88,     -1.9
69,     31.01.2015 11:31:17,     134.4,     265.32,     327,     1.8,     3.4,     6.1,     -0.2,     83.2,     970.4,     431.44,     73.9,     87.9,     -2
70,     31.01.2015 11:41:17,     158.55,     309.54,     317,     1.4,     3.9,     7,     -0.4,     83.1,     970.4,     431.44,     74.6,     88,     -1.9
71,     31.01.2015 11:51:17,     169.05,     323.61,     311,     2.1,     3.8,     6.3,     -0.4,     84,     970.5,     431.44,     74.5,     88,     -1.9
72,     31.01.2015 12:01:17,     181.65,     347.73,     315,     1.6,     3.2,     6.2,     -0.3,     84.2,     970.5,     431.44,     73.8,     88.1,     -1.8
73,     31.01.2015 12:11:16,     197.4,     367.83,     308,     1.5,     3.9,     7.4,     -0.3,     83.6,     970.5,     431.44,     75.3,     87.8,     -2,     13.669,     2.73,     92.0
74,     31.01.2015 12:21:16,     430.5,     745.71,     301,     2.4,     4.3,     6.5,     -0.2,     83.5,     970.6,     431.44,     73.8,     88.1,     -1.8
75,     31.01.2015 12:31:16,     463.05,     785.91,     304,     2.1,     4.4,     7.2,     0,     81.9,     970.6,     431.44,     75,     88.1,     -1.8
76,     31.01.2015 12:41:16,     506.1,     844.2,     306,     2.2,     4.1,     6.9,     0.1,     82.1,     970.7,     431.44,     73.7,     88.1,     -1.9
77,     31.01.2015 12:51:16,     397.95,     677.37,     301,     2,     4.1,     6.4,     0.2,     81.4,     970.7,     431.44,     74.3,     87.9,     -2
78,     31.01.2015 13:01:16,     276.15,     524.61,     300,     1.5,     4.3,     6.5,     0.3,     82.5,     970.7,     431.44,     74,     88.1,     -1.8
79,     31.01.2015 13:11:17,     202.65,     383.91,     308,     1.6,     3.7,     7,     0.2,     80.5,     970.8,     431.44,     74.1,     88.1,     -1.7,     13.604,     4.14,     91.3
80,     31.01.2015 13:21:17,     200.55,     379.89,     301,     2.2,     4.3,     7.8,     0.2,     80.8,     970.8,     431.44,     73.7,     87.8,     -2.1
81,     31.01.2015 13:31:17,     324.45,     552.75,     303,     1.9,     4,     6.5,     0.3,     80.9,     970.8,     431.44,     74.6,     87.9,     -2
82,     31.01.2015 13:41:17,     344.4,     582.9,     302,     1.5,     3.7,     5.8,     0.5,     79.8,     970.9,     431.44,     253.9,     88,     -178
83,     31.01.2015 13:51:17,     237.3,     446.22,     302,     1.8,     3.6,     5.6,     0.5,     80.4,     971,     431.44,     75.1,     87.9,     -1.9
84,     31.01.2015 14:01:17,     199.5,     359.79,     296,     1.3,     4.2,     6.9,     0.4,     79.9,     970.9,     431.44,     74,     87.9,     -2
85,     31.01.2015 14:11:16,     110.25,     194.97,     294,     1.9,     3.6,     5.8,     0.5,     81,     971,     431.44,     74.1,     88,     -1.9,     13.587,     4.09,     91.1
86,     31.01.2015 14:21:16,     114.45,     194.97,     287,     1.7,     3.6,     6.3,     0.3,     81.4,     971.1,     431.44,     74.1,     87.9,     -2
87,     31.01.2015 14:31:16,     126,     229.14,     290,     2.1,     3.7,     5.4,     0.3,     81.8,     971.2,     431.44,     74.1,     88,     -1.9
88,     31.01.2015 14:41:16,     149.1,     263.31,     287,     1.7,     3.6,     5.9,     0.2,     81.8,     971.2,     431.44,     73.8,     88,     -1.9
89,     31.01.2015 14:51:16,     215.25,     345.72,     290,     1.7,     3.4,     5.7,     0.3,     81.8,     971.4,     431.44,     74.1,     88,     -1.9
90,     31.01.2015 15:01:16,     246.75,     383.91,     283,     1.7,     3.4,     5,     0.4,     82,     971.5,     431.44,     73.7,     87.9,     -2
91,     31.01.2015 15:11:16,     184.8,     305.52,     280,     2,     3.5,     5.6,     0.7,     81.9,     971.5,     431.44,     253.5,     87.9,     -178,     13.686,     3.07,     91.8
92,     31.01.2015 15:21:16,     171.15,     269.34,     281,     0.9,     3.4,     5.3,     1,     80.5,     971.6,     431.44,     74.2,     88,     -1.9
93,     31.01.2015 15:31:16,     150.15,     227.13,     279,     1.7,     3.5,     5.3,     1,     79.4,     971.6,     431.44,     74.3,     88,     -1.9
94,     31.01.2015 15:41:16,     135.45,     198.99,     280,     1.7,     3.9,     6.2,     1.1,     79.3,     971.6,     431.44,     73.9,     88.1,     -1.7
95,     31.01.2015 15:51:16,     100.8,     148.74,     293,     1.6,     3.4,     5.3,     1.1,     79.3,     971.8,     431.44,     74.2,     88,     -1.9
96,     31.01.2015 16:01:16,     76.65,     108.54,     296,     1.4,     3.1,     4.8,     0.9,     79.5,     971.9,     431.44,     73.8,     88,     -1.9
97,     31.01.2015 16:11:17,     64.05,     86.43,     287,     1.1,     3,     5.1,     0.9,     80.4,     972,     431.44,     73.9,     88,     -1.9,     13.786,     3.74,     91.0
98,     31.01.2015 16:21:17,     49.35,     64.32,     291,     1.7,     2.8,     4.2,     0.8,     79.6,     972.2,     431.44,     73.6,     87.9,     -2
99,     31.01.2015 16:31:17,     18.9,     36.18,     294,     1.8,     2.8,     3.9,     0.7,     80.2,     972.3,     431.44,     73.5,     88,     -1.9
100,     31.01.2015 16:41:17,     8.4,     18.09,     292,     0.9,     2.4,     3.3,     0.5,     81.1,     972.5,     431.44,     73.5,     87.8,     -2
101,     31.01.2015 16:51:17,     1.05,     8.04,     283,     1.1,     1.9,     3.4,     0.4,     81.7,     972.6,     431.44,     73.6,     88,     -1.9
102,     31.01.2015 17:01:17,     -2.1,     2.01,     281,     0.7,     2.2,     3.6,     0.3,     81.9,     972.7,     431.44,     73.6,     88,     -1.9
103,     31.01.2015 17:11:17,     -3.15,     0,     284,     1.2,     2.3,     4,     0.2,     82.2,     972.8,     431.44,     73.4,     87.9,     -2,     12.864,     1.54,     91.8
104,     31.01.2015 17:21:17,     -5.25,     0,     280,     0.9,     2,     3.8,     0.2,     82.7,     973,     431.44,     73.7,     88,     -1.9
105,     31.01.2015 17:31:17,     -4.2,     0,     281,     1.3,     2.1,     2.9,     0.1,     83.6,     973,     431.44,     73.3,     88,     -1.9
106,     31.01.2015 17:41:17,     -4.2,     -2.01,     281,     1.1,     2,     3.1,     0,     84.1,     973.1,     431.44,     73.3,     88,     -1.9
107,     31.01.2015 17:51:17,     -4.2,     -2.01,     282,     1.2,     2.3,     3.2,     -0.2,     84.4,     973.2,     431.44,     73.3,     88,     -1.9
108,     31.01.2015 18:01:17,     -5.25,     -2.01,     286,     1.3,     2.1,     3.1,     -0.3,     84.9,     973.3,     431.44,     73.5,     88,     -1.9
109,     31.01.2015 18:11:16,     -5.25,     -2.01,     281,     1,     1.9,     3.1,     -0.4,     85.7,     973.4,     431.44,     73.2,     88,     -1.9,     12.622,     -0.43,     92.7
110,     31.01.2015 18:21:16,     -5.25,     -2.01,     280,     0.6,     2.1,     2.8,     -0.5,     86.2,     973.5,     431.44,     73.3,     87.9,     -2
111,     31.01.2015 18:31:16,     -5.25,     0,     288,     1.3,     2.1,     3.1,     -0.6,     86.2,     973.5,     431.44,     253.3,     87.9,     -178
112,     31.01.2015 18:41:16,     -5.25,     0,     300,     1.1,     1.9,     3,     -0.7,     86.4,     973.6,     431.44,     73.2,     88,     -1.9
113,     31.01.2015 18:51:16,     -5.25,     -2.01,     296,     1.1,     1.9,     2.9,     -0.8,     87.1,     973.6,     431.44,     73.2,     87.9,     -2
114,     31.01.2015 19:01:16,     -5.25,     -2.01,     307,     0.6,     1.7,     2.8,     -0.8,     87.7,     973.7,     431.44,     73.2,     87.9,     -2
115,     31.01.2015 19:11:16,     -6.3,     -2.01,     320,     0.3,     1.6,     3.1,     -1,     87.5,     973.7,     431.44,     73.1,     88,     -1.9,     12.558,     -1.57,     93.0
116,     31.01.2015 19:21:16,     -5.25,     -2.01,     300,     0.6,     1.7,     2.9,     -1.1,     88.1,     973.7,     431.44,     73.3,     88,     -1.9
117,     31.01.2015 19:31:16,     -5.25,     -2.01,     292,     1.2,     2,     3.2,     -1.1,     88.4,     973.8,     431.44,     253.2,     87.9,     -177.9
118,     31.01.2015 19:41:16,     -6.3,     0,     275,     1,     1.9,     2.8,     -1.1,     88,     973.9,     431.44,     253.3,     88,     -178
119,     31.01.2015 19:51:16,     -6.3,     -2.01,     281,     0.6,     1.9,     2.7,     -1.2,     88.1,     973.9,     431.44,     253,     88,     -178
120,     31.01.2015 20:01:16,     -6.3,     0,     288,     0.6,     1.7,     2.8,     -1.2,     87.9,     974,     431.44,     73.1,     87.9,     -2
121,     31.01.2015 20:11:16,     -5.25,     -2.01,     298,     0.3,     1.7,     2.8,     -1.3,     88.2,     974,     431.44,     73,     88,     -1.9,     12.533,     -2.35,     93.2
122,     31.01.2015 20:21:16,     -5.25,     -4.02,     300,     0.7,     2,     3.4,     -1.5,     88,     974.1,     431.44,     253.1,     87.9,     -178
123,     31.01.2015 20:31:16,     -6.3,     -2.01,     304,     1,     1.9,     3.2,     -1.6,     88.3,     974.1,     431.44,     253,     88,     -177.9
124,     31.01.2015 20:41:16,     -5.25,     0,     306,     0.7,     2,     3.2,     -1.7,     88.5,     974.2,     431.44,     73,     87.9,     -2
125,     31.01.2015 20:51:16,     -6.3,     -2.01,     308,     0.5,     1.5,     3.3,     -1.8,     88.9,     974.2,     431.44,     73.1,     88,     -1.9
126,     31.01.2015 21:01:16,     -5.25,     -2.01,     304,     0.5,     1.5,     3.3,     -1.9,     89,     974.3,     431.44,     73,     87.9,     -2
127,     31.01.2015 21:11:16,     -5.25,     -2.01,     292,     0.5,     1.4,     3.4,     -2,     89.2,     974.4,     431.44,     253,     87.9,     -178,     12.478,     -3.13,     93.4
128,     31.01.2015 21:21:16,     -5.25,     2.01,     297,     0.4,     1.2,     2.7,     -1.9,     89.4,     974.4,     431.44,     253,     87.9,     -177.9
129,     31.01.2015 21:31:16,     -5.25,     0,     253,     0.2,     0.8,     1.5,     -1.9,     89.5,     974.5,     431.44,     73.1,     88,     -1.9
130,     31.01.2015 21:41:16,     -6.3,     -2.01,     230,     0.1,     0.7,     1.2,     -1.9,     89.5,     974.5,     431.44,     72.9,     88,     -2
131,     31.01.2015 21:51:16,     -6.3,     -2.01,     291,     0.2,     0.8,     1.7,     -1.9,     89.7,     974.6,     431.44,     253,     87.9,     -177.9
132,     31.01.2015 22:01:16,     -6.3,     -2.01,     295,     0.3,     0.9,     1.5,     -1.9,     89.7,     974.6,     431.44,     73.1,     88,     -1.9
133,     31.01.2015 22:11:16,     -6.3,     -2.01,     267,     0.3,     1.1,     1.8,     -1.9,     89.7,     974.7,     431.44,     252.9,     87.9,     -177.9,     13.811,     -3.69,     93.5
134,     31.01.2015 22:21:16,     -6.3,     0,     304,     0.1,     0.9,     1.7,     -2,     89.6,     974.7,     431.44,     73,     88,     -2
135,     31.01.2015 22:31:16,     -5.25,     -6.03,     276,     0.2,     1,     2.1,     -2.1,     89.9,     974.8,     431.44,     73.2,     88,     -1.9
136,     31.01.2015 22:41:16,     -5.25,     -2.01,     230,     0.4,     1.4,     2.4,     -2.1,     89.7,     974.9,     431.44,     253.1,     87.9,     -178
137,     31.01.2015 22:51:16,     -5.25,     0,     242,     0.4,     1.1,     2,     -2,     89.9,     975,     431.44,     73,     88,     -2
138,     31.01.2015 23:01:16,     -5.25,     -2.01,     283,     0.2,     1.1,     2.1,     -2,     89.6,     975,     431.44,     253.1,     87.9,     -178
139,     31.01.2015 23:11:16,     -6.3,     -4.02,     298,     0.5,     1.2,     2,     -2,     89.5,     975,     431.44,     73.1,     87.9,     -2,     12.635,     -3.69,     93.5
140,     31.01.2015 23:21:16,     -5.25,     -2.01,     300,     0.4,     1.1,     1.5,     -2.1,     89.3,     975,     431.44,     73.1,     87.9,     -2
141,     31.01.2015 23:31:16,     -6.3,     -4.02,     313,     0.1,     0.7,     1.6,     -2.2,     89.4,     975,     431.44,     72.9,     88,     -1.9
142,     31.01.2015 23:41:16,     -5.25,     -2.01,     270,     0,     0.5,     1.2,     -2.3,     89.5,     975,     431.44,     73.1,     87.9,     -2
143,     31.01.2015 23:51:16,     -6.3,     -2.01,     261,     0,     0.7,     1.4,     -2.3,     89.8,     975.1,     431.44,     253,     88,     -177.9
144,     01.02.2015 00:01:16,     -7.35,     -4.02,     249,     0.4,     1,     2.1,     -2.2,     90.1,     975.1,     431.44,     252.8,     88,     -178,     12.160,     -3.91,     93.5