Logger: #D10248 'TSK_Meteo' - USP_EXP2 (V2.10, Jan 24 2012)
No,     Time,     #1:W/m²:0,     #2:ÂµMol:(do.),     #5:deg:2,     #6:m/sMIN:(do.),     #7:m/sMIT:(do.),     #8:m/sMAX:(do.),     #9:Â°C:(do.),     #10:%:(do.),     #11:hPa:(do.),     #12:mm:(do.),     #14:AZ:3,     #15:EL:(do.),     #16:Roll:(do.),     #HK-Bat:V,     #HK-Temp:oC,     #HK-rH:%
(GSM Transfer OK / Signal:18)
1,     22.09.2014 00:11:22,     -3.15,     -4.02,     322,     1.5,     3.2,     5.9,     12.4,     85.6,     1001.6,     283.4,     253.5,     87.9,     -178,     12.476,     12.97,     71.4
2,     22.09.2014 00:21:22,     -4.2,     -2.01,     324,     0.5,     3.2,     6.1,     12.5,     85.1,     1001.6,     283.4,     253.2,     87.9,     -178
3,     22.09.2014 00:31:22,     -3.15,     -2.01,     325,     1.3,     3.2,     6.7,     12.5,     85.9,     1001.6,     283.4,     253.3,     87.9,     -177.9
4,     22.09.2014 00:41:22,     -5.25,     -2.01,     326,     1.6,     2.9,     5,     12.4,     85.7,     1001.6,     283.4,     253.7,     88,     -178
5,     22.09.2014 00:51:22,     -4.2,     -2.01,     330,     0.7,     2.7,     4.2,     12.3,     85.7,     1001.5,     283.4,     254.1,     88,     -178
6,     22.09.2014 01:01:22,     -4.2,     -2.01,     321,     1.2,     2.7,     5.4,     12.3,     86.3,     1001.5,     283.4,     253.6,     87.9,     -177.9
7,     22.09.2014 01:11:22,     -4.2,     0,     325,     1.1,     2.8,     4.2,     12.2,     86.4,     1001.5,     283.4,     253.6,     88,     -178,     12.520,     12.26,     72.7
8,     22.09.2014 01:21:22,     -4.2,     -2.01,     323,     1.2,     2.6,     4.4,     12.1,     87,     1001.5,     283.4,     254.2,     87.9,     -178
9,     22.09.2014 01:31:22,     -4.2,     -2.01,     325,     1.5,     3.3,     6.2,     12.2,     87,     1001.4,     283.4,     253.6,     88,     -178.1
10,     22.09.2014 01:41:22,     -4.2,     -4.02,     327,     1,     3.2,     6.3,     12.2,     87,     1001.3,     283.4,     253.9,     88,     -178
11,     22.09.2014 01:51:22,     -5.25,     -4.02,     320,     1.3,     2.8,     5.8,     12.1,     86.9,     1001.2,     283.4,     253.9,     88,     -178
12,     22.09.2014 02:01:22,     -4.2,     -2.01,     320,     0.8,     2.8,     4.9,     12.1,     87.7,     1001.2,     283.4,     253.8,     87.9,     -177.9
13,     22.09.2014 02:11:22,     -3.15,     0,     323,     1.2,     3.4,     5.8,     12.1,     87.3,     1001.1,     283.4,     253.5,     87.9,     -177.9,     12.484,     11.87,     72.9
14,     22.09.2014 02:21:22,     -4.2,     -2.01,     316,     1.2,     3.6,     6.4,     12.1,     86.6,     1001,     283.4,     254.4,     87.8,     -177.9
15,     22.09.2014 02:31:22,     -4.2,     -2.01,     330,     1.3,     4,     7.4,     12.1,     86.7,     1001.1,     283.4,     253.8,     87.9,     -178
16,     22.09.2014 02:41:22,     -3.15,     -4.02,     331,     1.7,     4,     8.2,     12,     86.6,     1001.1,     283.4,     253.8,     88.1,     -178
17,     22.09.2014 02:51:22,     -3.15,     -2.01,     327,     2.1,     4,     6.9,     12,     86.6,     1001,     283.4,     253.6,     88.1,     -178.1
18,     22.09.2014 03:01:22,     -3.15,     0,     326,     1.5,     4.3,     7.1,     12,     86.8,     1001,     283.41,     253.7,     88,     -178.1
19,     22.09.2014 03:11:16,     -3.15,     0,     323,     1.4,     4,     8,     12,     86.3,     1000.8,     283.41,     253.2,     87.8,     -177.9,     12.465,     11.92,     73.0
20,     22.09.2014 03:21:16,     -4.2,     0,     315,     1.7,     4.1,     7.7,     11.9,     86,     1000.6,     283.41,     253.5,     87.9,     -177.9
21,     22.09.2014 03:31:16,     -5.25,     -2.01,     308,     1.4,     4.6,     9.5,     11.7,     85.6,     1000.5,     283.41,     254.4,     87.9,     -178
22,     22.09.2014 03:41:16,     -4.2,     -2.01,     319,     0.9,     4,     7.6,     11.5,     86.4,     1000.6,     283.41,     253.7,     88,     -178
23,     22.09.2014 03:51:16,     -5.25,     -4.02,     318,     0.9,     4.1,     8.3,     11.5,     85.5,     1000.5,     283.41,     253.9,     88,     -178
24,     22.09.2014 04:01:16,     -4.2,     -2.01,     315,     0.6,     3.7,     7.8,     11.4,     84.6,     1000.4,     283.41,     254.1,     88,     -178
25,     22.09.2014 04:11:16,     -5.25,     -2.01,     308,     1.6,     4.4,     8.6,     11.3,     85.1,     1000.3,     283.41,     75.1,     87.8,     -2.1,     12.425,     11.57,     73.0
26,     22.09.2014 04:21:16,     -5.25,     -2.01,     311,     1.7,     4.4,     8.2,     11.1,     83.4,     1000.3,     283.41,     254,     87.9,     -178
27,     22.09.2014 04:31:16,     -6.3,     -2.01,     310,     1.6,     4.3,     8.1,     11,     83.7,     1000.3,     283.41,     253.4,     87.8,     -177.9
28,     22.09.2014 04:41:16,     -5.25,     0,     311,     1.8,     3.9,     7.2,     10.9,     82.2,     1000.1,     283.41,     253.9,     87.7,     -177.7
29,     22.09.2014 04:51:16,     -5.25,     -2.01,     308,     1.8,     4.7,     8.2,     10.8,     80.7,     1000,     283.41,     254.5,     88.1,     -178.1
30,     22.09.2014 05:01:16,     -5.25,     -2.01,     309,     1.2,     3.8,     7.6,     10.7,     80.5,     1000,     283.41,     254.2,     87.7,     -177.7
31,     22.09.2014 05:11:17,     -5.25,     -2.01,     315,     1,     3.9,     7.1,     10.7,     79.7,     1000,     283.41,     253.3,     87.8,     -177.8,     12.387,     10.67,     73.3
32,     22.09.2014 05:21:17,     -4.2,     -2.01,     312,     1.6,     4.4,     7.9,     10.7,     79,     999.8,     283.41,     254.4,     87.9,     -177.9
33,     22.09.2014 05:31:17,     -4.2,     0,     304,     1.6,     4.1,     7.5,     10.6,     79.6,     999.8,     283.41,     254.8,     87.9,     -178
34,     22.09.2014 05:41:17,     -4.2,     0,     310,     1.3,     4,     7.9,     10.8,     80,     999.7,     283.41,     254.3,     87.8,     -177.9
35,     22.09.2014 05:51:17,     -2.1,     4.02,     304,     1.4,     4.2,     7.9,     10.7,     77.9,     999.6,     283.41,     254,     87.9,     -177.9
36,     22.09.2014 06:01:17,     1.05,     16.08,     304,     1.4,     3.7,     7.1,     10.6,     79,     999.5,     283.41,     253.5,     87.9,     -177.9
37,     22.09.2014 06:11:16,     7.35,     24.12,     308,     0.5,     3.4,     6.1,     10.6,     80,     999.5,     283.41,     254,     88,     -178,     12.414,     10.21,     73.4
38,     22.09.2014 06:21:16,     17.85,     44.22,     304,     1.8,     3.9,     7.6,     10.6,     78.5,     999.4,     283.41,     254.4,     88,     -178
39,     22.09.2014 06:31:16,     32.55,     68.34,     302,     1.8,     3.6,     5.9,     10.5,     78.7,     999.4,     283.41,     254,     88,     -178
40,     22.09.2014 06:41:16,     51.45,     98.49,     301,     1.6,     3.7,     6.9,     10.5,     79.7,     999.5,     283.41,     253.9,     87.8,     -177.8
41,     22.09.2014 06:51:16,     72.45,     130.65,     302,     1.9,     3.8,     6.1,     10.4,     80.1,     999.3,     283.41,     254.4,     87.9,     -178
42,     22.09.2014 07:01:16,     89.25,     162.81,     301,     1.7,     3.9,     6,     10.5,     78.9,     999.3,     283.41,     254.3,     88,     -178
43,     22.09.2014 07:11:16,     107.1,     194.97,     297,     1.9,     3.8,     6,     10.6,     78.9,     999.3,     283.41,     254.5,     87.8,     -177.8,     13.565,     11.19,     73.9
44,     22.09.2014 07:21:16,     72.45,     170.85,     302,     1.6,     3.9,     6.3,     10.8,     77.6,     999.2,     283.41,     254.1,     87.8,     -177.9
45,     22.09.2014 07:31:16,     112.35,     233.16,     306,     1.7,     3.8,     6.3,     10.9,     77.2,     999.1,     283.41,     254.9,     87.9,     -178
46,     22.09.2014 07:41:16,     92.4,     207.03,     312,     0.7,     3.2,     6,     11.2,     76,     999.1,     283.41,     253.3,     87.9,     -177.9
47,     22.09.2014 07:51:16,     173.25,     293.46,     315,     1.1,     3.5,     5.7,     11.4,     74.6,     999.1,     283.41,     254.2,     87.9,     -177.9
48,     22.09.2014 08:01:16,     212.1,     389.94,     324,     1.3,     3.2,     5.7,     11.7,     73.8,     999.1,     283.41,     253.5,     87.9,     -177.9
49,     22.09.2014 08:11:17,     267.75,     490.44,     326,     1.4,     4.2,     8.5,     11.9,     73.6,     999.2,     283.41,     254.1,     87.9,     -177.9,     14.422,     12.87,     73.1
50,     22.09.2014 08:21:17,     298.2,     552.75,     333,     2.1,     4.9,     8.8,     12.1,     71.8,     999.1,     283.41,     253.4,     87.9,     -178
51,     22.09.2014 08:31:17,     163.8,     331.65,     335,     2.5,     5.3,     9.5,     12.3,     71.2,     999.2,     283.41,     254.9,     87.8,     -177.8
52,     22.09.2014 08:41:17,     194.25,     369.84,     343,     2.2,     4.9,     9.1,     12.3,     71.2,     999.2,     283.41,     253.8,     88.2,     -178.2
53,     22.09.2014 08:51:17,     54.6,     116.58,     345,     2.2,     5.2,     9.2,     12.1,     72.6,     999.4,     283.41,     254,     87.4,     -177.4
54,     22.09.2014 09:01:17,     177.45,     359.79,     347,     1.8,     4.4,     7.8,     11.9,     74.6,     999.4,     283.41,     254.4,     88.1,     -178.2
55,     22.09.2014 09:11:17,     231,     460.29,     348,     2.4,     5.3,     9.1,     12,     72.3,     999.5,     283.41,     253.6,     88.6,     -178.7,     13.406,     14.67,     72.3
56,     22.09.2014 09:21:17,     98.7,     207.03,     341,     3.1,     6.4,     11,     11.3,     74.4,     999.8,     283.41,     73.3,     87.4,     -2.6
57,     22.09.2014 09:31:17,     139.65,     293.46,     344,     1.4,     6.7,     10.6,     10.6,     78.4,     999.9,     283.41,     255.2,     87.6,     -177.7
58,     22.09.2014 09:41:17,     220.5,     446.22,     350,     3,     6,     9.6,     10.6,     79.7,     1000,     283.41,     253.9,     87.7,     -177.7
59,     22.09.2014 09:51:17,     110.25,     249.24,     352,     3.2,     5.6,     10.7,     10.4,     81.9,     1000,     283.43,     253.8,     86.5,     -176.6
60,     22.09.2014 10:01:17,     222.6,     466.32,     352,     3,     6.1,     10.7,     10,     86.4,     1000.1,     283.54,     253.9,     85.9,     -175.9
61,     22.09.2014 10:11:16,     149.1,     319.59,     350,     3.6,     5.7,     9.8,     9.8,     86.6,     1000.3,     283.54,     253.9,     89.3,     -179.4,     13.597,     13.19,     72.7
62,     22.09.2014 10:21:16,     189,     424.11,     358,     2.3,     5.5,     9.3,     9.9,     86.7,     1000.5,     283.66,     253.5,     89.1,     179.7
63,     22.09.2014 10:31:16,     51.45,     124.62,     4,     3.2,     6.5,     9.6,     9.7,     88.5,     1000.7,     285.02,     254,     87.7,     -177.8
64,     22.09.2014 10:41:16,     26.25,     62.31,     352,     1.8,     4.9,     8.3,     9.6,     88.1,     1000.7,     285.59,     253.6,     87.1,     -177.1
65,     22.09.2014 10:51:16,     61.95,     136.68,     349,     1.9,     4.6,     7.7,     9.5,     88.3,     1000.9,     285.59,     253.3,     87.9,     -178
66,     22.09.2014 11:01:16,     117.6,     251.25,     355,     1.9,     4.4,     7,     9.6,     88.9,     1001,     285.6,     254.6,     88.2,     -178.4
67,     22.09.2014 11:11:16,     136.5,     287.43,     350,     2.7,     4.9,     8.3,     9.7,     88.5,     1001.1,     285.6,     253.4,     87.1,     -177.1,     13.599,     11.55,     73.2
68,     22.09.2014 11:21:16,     183.75,     393.96,     345,     2.1,     3.9,     6.5,     9.8,     88.8,     1001.1,     285.67,     253.3,     88.6,     -178.7
69,     22.09.2014 11:31:16,     123.9,     269.34,     353,     1.6,     3.8,     6.4,     9.9,     87.3,     1001.3,     285.88,     253.6,     87.5,     -177.6
70,     22.09.2014 11:41:16,     131.25,     281.4,     353,     1.8,     3.6,     5.8,     9.9,     88.6,     1001.3,     286.26,     254,     87.9,     -178
71,     22.09.2014 11:51:16,     304.5,     609.03,     346,     1.6,     3.3,     5,     10,     87.3,     1001.2,     286.27,     253.9,     88,     -178.1
72,     22.09.2014 12:01:16,     317.1,     639.18,     342,     1.4,     3.2,     6,     10.6,     87.3,     1001.2,     286.27,     253.4,     87.8,     -178
73,     22.09.2014 12:11:22,     239.4,     490.44,     349,     1.4,     3.1,     5.2,     11.1,     83.7,     1001.2,     286.27,     253.3,     88.2,     -178.3,     13.154,     12.42,     73.1
74,     22.09.2014 12:21:22,     661.5,     1260.27,     349,     0.9,     3.4,     5.6,     11.5,     82.7,     1001.2,     286.27,     254,     88.1,     -178.2
75,     22.09.2014 12:31:22,     296.1,     603,     350,     1.9,     4.3,     7,     12.4,     80.2,     1001.3,     286.27,     253.6,     87.9,     -178
76,     22.09.2014 12:41:22,     175.35,     359.79,     5,     2.5,     5.8,     8.3,     12.5,     73.2,     1001.3,     286.27,     253.1,     88.2,     -178.5
77,     22.09.2014 12:51:22,     331.8,     679.38,     12,     2.4,     5.4,     8,     12.4,     74.9,     1001.4,     286.27,     73.9,     88.1,     -1.8
78,     22.09.2014 13:01:22,     322.35,     655.26,     356,     2,     3.7,     5.8,     12.3,     78.1,     1001.3,     286.27,     253.6,     88.2,     -178.2
79,     22.09.2014 13:11:16,     57.75,     122.61,     2,     1.6,     3.6,     6.1,     12.4,     78.3,     1001.3,     286.34,     254.1,     88.1,     -178.1,     13.584,     14.77,     72.0
80,     22.09.2014 13:21:16,     358.05,     711.54,     9,     2.1,     4.9,     9.6,     12.2,     77.5,     1001.4,     286.42,     72.7,     88.7,     -1.3
81,     22.09.2014 13:31:16,     206.85,     426.12,     6,     2.5,     4.6,     7.7,     12.1,     77.7,     1001.4,     286.42,     254,     88.4,     -178.6
82,     22.09.2014 13:41:16,     102.9,     219.09,     0,     2.4,     4.2,     6.7,     12.4,     77.7,     1001.3,     286.42,     253.3,     88,     -178
83,     22.09.2014 13:51:16,     160.65,     363.81,     357,     2.9,     5.3,     9.7,     11.9,     78.7,     1001.5,     286.55,     253.4,     88,     -178
84,     22.09.2014 14:01:16,     142.8,     313.56,     2,     4.1,     6.3,     9.2,     11.5,     80.8,     1001.7,     286.67,     253.6,     86.2,     -176.2
85,     22.09.2014 14:11:16,     139.65,     311.55,     5,     3.5,     5.7,     9.2,     11.3,     83.7,     1001.8,     286.69,     253.8,     89.3,     -179.2,     13.512,     13.93,     72.5
86,     22.09.2014 14:21:16,     81.9,     188.94,     4,     2.7,     5.3,     8.8,     11.2,     86,     1001.9,     286.83,     253.4,     87.4,     -177.6
87,     22.09.2014 14:31:16,     93.45,     190.95,     15,     3.4,     5.3,     8.5,     11.2,     86.2,     1001.9,     287.05,     252.9,     88.4,     -178.4
88,     22.09.2014 14:41:16,     197.4,     410.04,     11,     3.4,     5.2,     7.3,     11.5,     84.4,     1002,     287.06,     252.8,     87.1,     -177.1
89,     22.09.2014 14:51:16,     155.4,     317.58,     2,     3.3,     6.1,     10.7,     11.5,     81.7,     1002.1,     287.06,     253.6,     88.3,     -178.3
90,     22.09.2014 15:01:16,     202.65,     414.06,     5,     3.1,     5.7,     8.5,     11.5,     83.1,     1002.1,     287.06,     73.8,     87.8,     -2.1
91,     22.09.2014 15:11:16,     101.85,     217.08,     357,     2.8,     5,     8.2,     11.5,     83.5,     1002.2,     287.06,     254.5,     88.1,     -178.1,     13.631,     13.01,     72.8
92,     22.09.2014 15:21:16,     92.4,     205.02,     355,     2.7,     5.3,     9.3,     11.4,     84,     1002.3,     287.06,     253.3,     87.2,     -177.2
93,     22.09.2014 15:31:16,     90.3,     194.97,     0,     3.2,     6.4,     10.7,     11.1,     83.1,     1002.5,     287.13,     254.4,     85.2,     -175.3
94,     22.09.2014 15:41:16,     127.05,     267.33,     5,     4,     6.1,     8.7,     10.9,     82.1,     1002.5,     287.14,     253.5,     88.2,     -178.4
95,     22.09.2014 15:51:16,     112.35,     233.16,     4,     4.1,     5.8,     8.5,     10.9,     84,     1002.5,     287.14,     73.4,     88.4,     -1.5
96,     22.09.2014 16:01:16,     100.8,     209.04,     3,     3.1,     5.2,     8.4,     11,     84.4,     1002.5,     287.14,     253.6,     88,     -178.3
97,     22.09.2014 16:11:17,     45.15,     98.49,     359,     2.7,     5.1,     9,     11,     84.1,     1002.7,     287.14,     253.7,     88.3,     -178.3,     13.618,     12.50,     72.9
98,     22.09.2014 16:21:17,     63,     134.67,     1,     3.2,     5.3,     8.7,     11,     83.9,     1002.8,     287.14,     253.2,     88.5,     -178.5
99,     22.09.2014 16:31:17,     80.85,     164.82,     2,     3.2,     5.2,     7.8,     11,     83.8,     1002.8,     287.14,     253,     88.2,     -178.5
100,     22.09.2014 16:41:17,     50.4,     106.53,     2,     2.9,     4.8,     7.6,     11.1,     84.7,     1002.9,     287.14,     253.6,     88,     -178
101,     22.09.2014 16:51:17,     30.45,     66.33,     357,     3.1,     5.2,     8.8,     11.1,     84.6,     1003.1,     287.14,     253.7,     88.7,     -178.7
102,     22.09.2014 17:01:17,     19.95,     40.2,     3,     3.2,     5.2,     7.9,     11.1,     84.9,     1003.2,     287.14,     254.2,     88,     -177.9
103,     22.09.2014 17:11:16,     19.95,     42.21,     0,     3.1,     5.1,     8.1,     11.1,     84.4,     1003.3,     287.14,     253.9,     88.3,     -178.2,     12.870,     12.31,     72.9
104,     22.09.2014 17:21:16,     24.15,     50.25,     4,     3.2,     5.3,     8,     11,     83.3,     1003.4,     287.14,     253.7,     88.3,     -178.5
105,     22.09.2014 17:31:16,     30.45,     60.3,     1,     3.5,     5.4,     8.1,     10.9,     83.7,     1003.4,     287.14,     254,     87.5,     -177.6
106,     22.09.2014 17:41:16,     12.6,     30.15,     5,     3.1,     5.4,     8.2,     11,     85.3,     1003.5,     287.14,     252.9,     87.8,     -177.8
107,     22.09.2014 17:51:16,     7.35,     18.09,     1,     3.2,     5.1,     8,     10.8,     85.1,     1003.6,     287.14,     253,     88,     -178.1
108,     22.09.2014 18:01:16,     2.1,     8.04,     5,     3.9,     5.8,     9.1,     10.9,     85.9,     1003.8,     287.14,     253.9,     88,     -178
109,     22.09.2014 18:11:22,     0,     2.01,     5,     4,     6.2,     8.8,     11,     83.3,     1004,     287.14,     253.7,     87.6,     -177.8,     12.707,     11.97,     73.0
110,     22.09.2014 18:21:22,     0,     2.01,     5,     4,     6.2,     8.6,     11,     82.3,     1004.1,     287.14,     253.7,     86.9,     -177
111,     22.09.2014 18:31:22,     -2.1,     0,     7,     3.9,     6,     9.4,     11.1,     82.4,     1004.2,     287.14,     73.2,     89,     -0.9
112,     22.09.2014 18:41:22,     -1.05,     0,     10,     3.1,     6.4,     9.6,     11.4,     80.5,     1004.3,     287.14,     252.4,     88.1,     -178.8
113,     22.09.2014 18:51:22,     -2.1,     -2.01,     10,     3.4,     6.5,     10.6,     11.5,     79.5,     1004.5,     287.14,     254.2,     87.3,     -177.4
114,     22.09.2014 19:01:22,     -3.15,     -2.01,     5,     3.6,     5.8,     9.3,     11.1,     80.3,     1004.6,     287.14,     73.4,     87.9,     -2
115,     22.09.2014 19:11:16,     -1.05,     -2.01,     12,     4.4,     7,     12.3,     11.5,     80.3,     1004.7,     287.14,     252.2,     85.2,     -175.8,     12.641,     12.03,     73.1
116,     22.09.2014 19:21:16,     -3.15,     -2.01,     16,     4.7,     8.4,     13.4,     11.6,     78,     1004.8,     287.14,     253.6,     84.9,     -174.9
117,     22.09.2014 19:31:16,     -2.1,     0,     27,     5.2,     7.9,     12,     11.6,     78.4,     1005.1,     287.14,     250.5,     88.9,     -179.9
118,     22.09.2014 19:41:16,     -3.15,     -4.02,     24,     4.8,     7.9,     11.8,     11.5,     79.9,     1005.3,     287.14,     252.7,     89.2,     -179.8
119,     22.09.2014 19:51:16,     -1.05,     -2.01,     27,     4.9,     8.8,     13.3,     11.4,     77.5,     1005.4,     287.14,     252.7,     88.4,     -178.7
120,     22.09.2014 20:01:16,     -2.1,     -2.01,     21,     4.9,     7.9,     10.9,     11.5,     77.2,     1005.5,     287.14,     249.5,     87.8,     178.2
121,     22.09.2014 20:11:16,     -3.15,     -2.01,     19,     5,     8.3,     12,     11.3,     77.6,     1005.7,     287.14,     73.3,     86.5,     -3.3,     12.616,     12.25,     73.0
122,     22.09.2014 20:21:16,     -2.1,     -2.01,     19,     5.7,     7.8,     11,     11.3,     78.9,     1005.8,     287.14,     71.6,     86,     -3.9
123,     22.09.2014 20:31:16,     -2.1,     0,     20,     5.4,     8,     11.5,     11.2,     79.6,     1005.9,     287.14,     253.5,     85.5,     -175.7
124,     22.09.2014 20:41:16,     -3.15,     -2.01,     25,     4.3,     6.9,     9.1,     11,     80.3,     1005.9,     287.14,     74.4,     89.2,     0.7
125,     22.09.2014 20:51:16,     -3.15,     -2.01,     34,     3.7,     6.1,     8.7,     10.9,     80.9,     1006,     287.14,     253.1,     88,     -178.2
126,     22.09.2014 21:01:16,     -2.1,     -2.01,     38,     2.8,     5.2,     7.6,     10.9,     82.6,     1006,     287.14,     253,     87.8,     -177.8
127,     22.09.2014 21:11:16,     -2.1,     -2.01,     30,     3.4,     5.8,     9.3,     11.2,     78.6,     1006,     287.14,     253.4,     87.6,     -177.8,     12.588,     11.92,     73.1
128,     22.09.2014 21:21:16,     -2.1,     -2.01,     22,     3.7,     5.4,     7.3,     11.2,     78.9,     1006.1,     287.14,     253.1,     87.7,     -177.7
129,     22.09.2014 21:31:16,     -2.1,     -2.01,     20,     3.9,     6.4,     9.5,     11.3,     75.2,     1006.2,     287.14,     73.4,     89.7,     -0.1
130,     22.09.2014 21:41:16,     -1.05,     0,     27,     3.3,     6.9,     10.4,     11.4,     76.1,     1006.4,     287.14,     253.1,     87.7,     -177.7
131,     22.09.2014 21:51:16,     -2.1,     -4.02,     29,     5,     7.1,     9.7,     11.4,     75.4,     1006.4,     287.14,     251.9,     86.7,     -176.7
132,     22.09.2014 22:01:16,     -2.1,     -2.01,     24,     4.4,     6.9,     9.4,     11.4,     75,     1006.6,     287.14,     72.5,     87.1,     -2.7
133,     22.09.2014 22:11:16,     -2.1,     -4.02,     22,     4.7,     7.1,     11.1,     11.3,     76.6,     1006.6,     287.14,     253.4,     87.3,     -177.4,     12.577,     12.12,     73.1
134,     22.09.2014 22:21:16,     -1.05,     -2.01,     31,     5.1,     7.3,     10.3,     11,     77.8,     1006.7,     287.14,     253.2,     87.2,     -177.4
135,     22.09.2014 22:31:16,     -1.05,     -2.01,     22,     4,     6.7,     9.1,     11,     78.2,     1006.9,     287.14,     254.1,     86.1,     -176.1
136,     22.09.2014 22:41:16,     -1.05,     -4.02,     24,     4.6,     7.3,     11.2,     10.9,     76.9,     1006.9,     287.14,     252.1,     87.2,     -177.1
137,     22.09.2014 22:51:16,     -1.05,     0,     22,     4.2,     6.5,     9.2,     10.8,     77,     1006.9,     287.14,     72.9,     86.8,     -3.1
138,     22.09.2014 23:01:16,     -1.05,     -2.01,     22,     4.2,     6.7,     10.1,     10.9,     78,     1007.1,     287.14,     252.6,     85.8,     -175.9
139,     22.09.2014 23:11:17,     -2.1,     -2.01,     28,     3.4,     6.6,     9.1,     10.9,     77.9,     1007.2,     287.14,     252.8,     85.2,     -175.2,     12.546,     11.82,     73.1
140,     22.09.2014 23:21:17,     -2.1,     -2.01,     25,     4.4,     6.3,     10.5,     10.8,     77.1,     1007.1,     287.14,     73.1,     88.6,     -1
141,     22.09.2014 23:31:17,     -1.05,     0,     30,     3.2,     5.7,     8.7,     10.9,     76.7,     1007.2,     287.14,     252.2,     87.9,     -178
142,     22.09.2014 23:41:17,     -2.1,     -2.01,     31,     3,     5.9,     7.8,     11,     76.6,     1007.3,     287.14,     251.3,     88.1,     -178.1
143,     22.09.2014 23:51:17,     -1.05,     -2.01,     26,     4.2,     5.6,     8.4,     11,     77.6,     1007.4,     287.14,     252.9,     87.9,     -177.9
144,     23.09.2014 00:01:16,     -1.05,     -2.01,     24,     2.9,     5.5,     8.5,     11,     77.5,     1007.5,     287.14,     253.1,     87.5,     -177.7,     12.359,     11.81,     73.1