Logger: #D10248 'TSK_Meteo' - USP_EXP2 (V2.10, Jan 24 2012)
No,     Time,     #1:W/m²:0,     #2:ÂµMol:(do.),     #5:deg:2,     #6:m/sMIN:(do.),     #7:m/sMIT:(do.),     #8:m/sMAX:(do.),     #9:Â°C:(do.),     #10:%:(do.),     #11:hPa:(do.),     #12:mm:(do.),     #14:AZ:3,     #15:EL:(do.),     #16:Roll:(do.),     #HK-Bat:V,     #HK-Temp:oC,     #HK-rH:%
(GSM Transfer OK / Signal:14)
1,     20.06.2014 00:11:23,     -2.1,     -2.01,     325,     2.3,     5.4,     10.4,     13.5,     76.1,     1001.8,     69.37,     256.6,     88.8,     -178.8,     12.461,     14.03,     69.1
2,     20.06.2014 00:21:23,     -2.1,     0,     330,     2,     5.2,     9.5,     13.5,     75.4,     1001.7,     69.37,     254.9,     88,     -178
3,     20.06.2014 00:31:23,     -2.1,     -2.01,     328,     2.2,     4.6,     9.1,     13.5,     74.1,     1001.7,     69.37,     254.7,     87.6,     -177.6
4,     20.06.2014 00:41:23,     -2.1,     -2.01,     327,     2.4,     5.3,     9.8,     13.5,     75,     1001.8,     69.37,     255.5,     87.9,     -177.9
5,     20.06.2014 00:51:23,     -1.05,     -2.01,     333,     1.5,     4.4,     9.9,     13.5,     74.6,     1001.7,     69.37,     254.9,     88,     -178.1
6,     20.06.2014 01:01:23,     -2.1,     -2.01,     331,     1.6,     4.2,     7.2,     13.5,     74.6,     1001.7,     69.37,     254.9,     88,     -178.1
7,     20.06.2014 01:11:23,     -2.1,     -2.01,     329,     1.5,     4.9,     11.1,     13.5,     73.9,     1001.7,     69.37,     75.9,     86.4,     -3.5,     12.544,     13.91,     70.4
8,     20.06.2014 01:21:23,     -2.1,     -2.01,     331,     2,     4.7,     8.7,     13.5,     74.7,     1001.8,     69.37,     255.9,     87.5,     -177.5
9,     20.06.2014 01:31:23,     -2.1,     -2.01,     332,     1.1,     4,     7.1,     13.5,     75.1,     1001.7,     69.37,     76,     87.6,     -2.3
10,     20.06.2014 01:41:23,     -3.15,     -2.01,     327,     1.7,     4.6,     8.2,     13.5,     74.8,     1001.7,     69.37,     255.9,     88,     -178
11,     20.06.2014 01:51:23,     -1.05,     -2.01,     321,     0.5,     4.3,     8.9,     13.4,     75.3,     1001.7,     69.37,     255.4,     87.9,     -178
12,     20.06.2014 02:01:23,     -3.15,     -2.01,     325,     2.3,     4.4,     8.9,     13.3,     75.3,     1001.7,     69.37,     255.1,     88.3,     -178.4
13,     20.06.2014 02:11:16,     -1.05,     -2.01,     326,     1.3,     5,     8.5,     13.2,     75.7,     1001.6,     69.37,     75,     87.7,     -2.2,     12.495,     13.87,     70.5
14,     20.06.2014 02:21:16,     -2.1,     -2.01,     326,     1.8,     4.7,     10.5,     13.2,     76.1,     1001.5,     69.37,     255.3,     87.7,     -177.7
15,     20.06.2014 02:31:16,     -3.15,     -2.01,     324,     1.1,     4.4,     7.8,     13.1,     76.8,     1001.6,     69.37,     255,     87.8,     -177.8
16,     20.06.2014 02:41:16,     -2.1,     -2.01,     324,     0.6,     4.8,     9.4,     13.1,     76.2,     1001.6,     69.37,     255.3,     88,     -178
17,     20.06.2014 02:51:16,     -1.05,     0,     326,     0.9,     4.7,     8,     13.1,     77.2,     1001.6,     69.37,     255.5,     88.2,     -178.2
18,     20.06.2014 03:01:16,     -2.1,     -2.01,     324,     1.3,     4.2,     7.7,     13.1,     77.5,     1001.6,     69.37,     255.3,     87.3,     -177.3
19,     20.06.2014 03:11:16,     -3.15,     -2.01,     316,     1.7,     4.2,     7.8,     13.1,     77.2,     1001.4,     69.37,     255.5,     88,     -177.9,     12.452,     13.67,     70.5
20,     20.06.2014 03:21:16,     -1.05,     0,     316,     1.1,     4.1,     7.6,     13.1,     76.9,     1001.4,     69.37,     255.3,     88.1,     -178.2
21,     20.06.2014 03:31:16,     0,     4.02,     321,     0.9,     4,     8.1,     13,     76.9,     1001.4,     69.37,     255.3,     87.9,     -177.9
22,     20.06.2014 03:41:16,     -1.05,     2.01,     316,     0.6,     4.1,     8.9,     13.1,     76.4,     1001.4,     69.37,     255.3,     87.9,     -177.9
23,     20.06.2014 03:51:16,     1.05,     2.01,     322,     1.5,     4.4,     8.2,     13.1,     76.5,     1001.5,     69.37,     255.5,     87.6,     -177.6
24,     20.06.2014 04:01:16,     2.1,     6.03,     329,     2.3,     4.3,     9,     13.1,     76.6,     1001.6,     69.37,     254.9,     87.8,     -177.8
25,     20.06.2014 04:11:16,     4.2,     10.05,     334,     2.1,     4.2,     7.5,     13,     74.8,     1001.5,     69.37,     255,     88.1,     -178.1,     12.408,     13.50,     70.5
26,     20.06.2014 04:21:16,     11.55,     24.12,     337,     1.2,     4.3,     6.6,     13,     75.5,     1001.5,     69.37,     254.9,     88.1,     -178.2
27,     20.06.2014 04:31:16,     23.1,     40.2,     336,     2.4,     4.5,     7.7,     13,     74.9,     1001.5,     69.37,     255.4,     88.2,     -178.2
28,     20.06.2014 04:41:16,     26.25,     48.24,     336,     1.9,     4.6,     7.9,     13,     75,     1001.5,     69.37,     255,     88,     -178
29,     20.06.2014 04:51:16,     17.85,     34.17,     336,     1.9,     4.1,     7.4,     13.1,     73.9,     1001.5,     69.37,     255,     87.5,     -177.6
30,     20.06.2014 05:01:16,     17.85,     38.19,     335,     1.6,     3.8,     6.1,     13.1,     74.3,     1001.5,     69.37,     255.1,     87.2,     -177.2
31,     20.06.2014 05:11:16,     22.05,     46.23,     331,     1.5,     3.9,     6.5,     13,     74.6,     1001.5,     69.37,     255.2,     88,     -178,     12.544,     13.81,     70.5
32,     20.06.2014 05:21:16,     33.6,     72.36,     332,     2.1,     4,     8.1,     13,     74.5,     1001.6,     69.37,     254.9,     87.9,     -178
33,     20.06.2014 05:31:16,     21,     44.22,     334,     1.1,     4.2,     6.3,     13,     74.3,     1001.6,     69.37,     255.4,     88.1,     -178.1
34,     20.06.2014 05:41:16,     19.95,     46.23,     336,     2,     4.2,     7.2,     13,     74.1,     1001.6,     69.37,     255,     88.1,     -178.1
35,     20.06.2014 05:51:16,     24.15,     54.27,     328,     1.4,     3.7,     6.6,     13,     73,     1001.6,     69.37,     255.4,     87.8,     -177.8
36,     20.06.2014 06:01:16,     36.75,     78.39,     322,     0.9,     4.1,     7.5,     12.9,     72.9,     1001.6,     69.37,     254.7,     88.1,     -178.1
37,     20.06.2014 06:11:16,     35.7,     76.38,     327,     1.3,     3.7,     6.5,     12.9,     74,     1001.7,     69.37,     255.2,     87.9,     -177.8,     12.677,     13.93,     70.4
38,     20.06.2014 06:21:16,     43.05,     92.46,     333,     1.2,     4.1,     7.2,     12.9,     73.3,     1001.7,     69.37,     255.3,     87.8,     -177.8
39,     20.06.2014 06:31:16,     60.9,     132.66,     328,     1.7,     4.5,     8.2,     12.9,     73.2,     1001.7,     69.37,     254.9,     88.4,     -178.5
40,     20.06.2014 06:41:16,     55.65,     122.61,     321,     1.6,     4.2,     7.5,     12.9,     72.8,     1001.8,     69.37,     254.9,     88.1,     -178.1
41,     20.06.2014 06:51:16,     54.6,     116.58,     320,     1.2,     3.6,     6.8,     12.9,     74.1,     1001.9,     69.37,     255,     88.1,     -178.1
42,     20.06.2014 07:01:16,     50.4,     112.56,     321,     0.8,     3.2,     6.1,     12.9,     72,     1002,     69.37,     255.6,     87.8,     -177.8
43,     20.06.2014 07:11:16,     52.5,     112.56,     323,     0.9,     3.7,     5.9,     12.9,     73.5,     1002,     69.37,     255.3,     88,     -178,     13.054,     14.12,     70.4
44,     20.06.2014 07:21:16,     61.95,     134.67,     320,     0.7,     3.3,     6,     12.8,     74,     1002,     69.37,     255.3,     87.7,     -177.7
45,     20.06.2014 07:31:16,     69.3,     148.74,     331,     1.5,     3.8,     6.8,     12.8,     73,     1002.1,     69.37,     255.5,     88,     -178
46,     20.06.2014 07:41:16,     82.95,     174.87,     326,     1.4,     4.1,     7.6,     12.8,     73.8,     1002.2,     69.37,     255.1,     87.8,     -177.8
47,     20.06.2014 07:51:16,     87.15,     184.92,     327,     0.3,     3.7,     7.5,     12.9,     74,     1002.3,     69.37,     254.7,     88,     -178
48,     20.06.2014 08:01:16,     76.65,     164.82,     326,     0.4,     3.3,     6.4,     12.9,     73.4,     1002.5,     69.37,     255.7,     87.8,     -177.8
49,     20.06.2014 08:11:17,     87.15,     188.94,     333,     0.8,     4,     6.9,     12.9,     73.1,     1002.7,     69.37,     255,     88.2,     -178.2,     13.296,     14.31,     70.4
50,     20.06.2014 08:21:17,     81.9,     178.89,     335,     1.2,     4.3,     7.6,     12.9,     74.9,     1002.8,     69.37,     254.8,     88.1,     -178.1
51,     20.06.2014 08:31:17,     105,     223.11,     326,     0.8,     4.4,     7.6,     12.9,     73.5,     1002.8,     69.37,     255.1,     88.2,     -178.2
52,     20.06.2014 08:41:17,     131.25,     277.38,     326,     0.8,     4,     7,     13,     72.6,     1002.9,     69.37,     255.9,     88.3,     -178.3
53,     20.06.2014 08:51:17,     102.9,     219.09,     333,     2,     4.7,     9.7,     12.9,     72.2,     1003.1,     69.37,     255.3,     88.4,     -178.5
54,     20.06.2014 09:01:17,     120.75,     257.28,     346,     2.3,     5.3,     10.4,     12.9,     73.2,     1003.1,     69.37,     255.9,     88.5,     -178.6
55,     20.06.2014 09:11:22,     128.1,     273.36,     340,     2.9,     5.6,     9.6,     13,     71.6,     1003.2,     69.37,     255.6,     88.6,     -178.6,     13.595,     14.67,     70.2
56,     20.06.2014 09:21:22,     214.2,     446.22,     336,     1.7,     5,     9,     13.1,     69.5,     1003.2,     69.37,     255.2,     87.7,     -177.7
57,     20.06.2014 09:31:22,     206.85,     424.11,     340,     2.1,     5,     9,     13.3,     69.1,     1003.2,     69.37,     255,     88.1,     -178.1
58,     20.06.2014 09:41:22,     150.15,     307.53,     331,     1.2,     3.4,     7,     13.5,     68.6,     1003.3,     69.37,     255.1,     87.8,     -177.8
59,     20.06.2014 09:51:22,     144.9,     297.48,     330,     3,     5.2,     8.5,     13.4,     68,     1003.3,     69.37,     255.2,     88.2,     -178.2
60,     20.06.2014 10:01:22,     170.1,     343.71,     335,     1.9,     4.2,     7,     13.5,     68.1,     1003.4,     69.37,     255,     87.6,     -177.6
61,     20.06.2014 10:11:16,     197.4,     408.03,     327,     1.3,     3.6,     7,     13.7,     68.2,     1003.5,     69.37,     255.3,     87.9,     -177.9,     13.506,     15.61,     70.1
62,     20.06.2014 10:21:16,     194.25,     399.99,     337,     2.1,     4.6,     8,     13.8,     67.4,     1003.6,     69.37,     256,     88.5,     -178.5
63,     20.06.2014 10:31:16,     170.1,     353.76,     336,     1.7,     4.4,     7.4,     13.7,     67.8,     1003.7,     69.37,     255.5,     87.9,     -178
64,     20.06.2014 10:41:16,     222.6,     460.29,     335,     1.6,     4.3,     7.5,     13.6,     67.2,     1003.8,     69.37,     255.1,     88,     -177.9
65,     20.06.2014 10:51:16,     191.1,     399.99,     335,     2.2,     4.6,     8.2,     13.5,     68.2,     1003.9,     69.37,     255.1,     88.1,     -178
66,     20.06.2014 11:01:16,     206.85,     432.15,     328,     1.8,     4.2,     7,     13.7,     67.6,     1004,     69.37,     75.9,     87.7,     -2.2
67,     20.06.2014 11:11:16,     273,     550.74,     325,     1,     4.1,     6.8,     13.7,     66.7,     1004.1,     69.37,     255.6,     87.2,     -177.2,     13.468,     16.22,     70.0
68,     20.06.2014 11:21:16,     220.5,     448.23,     338,     1.7,     4.3,     7.7,     13.8,     65.5,     1004.2,     69.37,     254.8,     88,     -178
69,     20.06.2014 11:31:16,     240.45,     484.41,     346,     2.4,     4.9,     8,     13.8,     66,     1004.1,     69.37,     255.5,     87.8,     -177.8
70,     20.06.2014 11:41:16,     589.05,     1183.89,     354,     1.6,     4,     6.8,     14.1,     67.9,     1004,     69.37,     75.5,     87.7,     -2.2
71,     20.06.2014 11:51:16,     306.6,     600.99,     349,     1.9,     4,     7.9,     14.5,     64.6,     1004,     69.37,     255.6,     88.2,     -178.2
72,     20.06.2014 12:01:16,     333.9,     671.34,     336,     1.3,     3.5,     5.8,     14.6,     64.6,     1004,     69.37,     255.2,     87.5,     -177.5
73,     20.06.2014 12:11:17,     331.8,     655.26,     326,     1.1,     4,     8.3,     14.8,     62.6,     1004,     69.37,     255.3,     87.8,     -177.9,     13.156,     17.83,     69.5
74,     20.06.2014 12:21:17,     467.25,     930.63,     329,     1.6,     4.4,     7.3,     14.8,     63.1,     1003.9,     69.37,     255.7,     88.1,     -178.1
75,     20.06.2014 12:31:17,     379.05,     739.68,     324,     1.5,     4.2,     8.7,     14.9,     61.2,     1004,     69.37,     255.5,     87.9,     -177.9
76,     20.06.2014 12:41:17,     331.8,     655.26,     315,     0.8,     3.9,     7.1,     15.1,     60,     1003.9,     69.37,     255.1,     87.8,     -177.8
77,     20.06.2014 12:51:17,     502.95,     1013.04,     338,     1.7,     4.6,     7.8,     15.4,     59.7,     1003.9,     69.37,     255.4,     88.1,     -178
78,     20.06.2014 13:01:17,     347.55,     677.37,     312,     0.8,     4.2,     7.6,     15.6,     57.3,     1003.9,     69.37,     255.1,     88,     -178
79,     20.06.2014 13:11:17,     346.5,     683.4,     335,     0.7,     3.8,     7.5,     15.8,     60.2,     1003.9,     69.37,     255.5,     87.8,     -177.9,     13.307,     19.37,     69.0
80,     20.06.2014 13:21:17,     243.6,     480.39,     343,     1.7,     3.9,     7.2,     15.8,     57.4,     1004,     69.37,     255.5,     88,     -178
81,     20.06.2014 13:31:17,     390.6,     763.8,     344,     1.3,     4.1,     9.1,     15.8,     57.7,     1004,     69.37,     255.2,     87.7,     -177.7
82,     20.06.2014 13:41:17,     378,     747.72,     333,     1,     3.8,     6.7,     16.2,     57.7,     1004,     69.37,     255.3,     87.7,     -177.7
83,     20.06.2014 13:51:17,     397.95,     777.87,     309,     1.3,     3.9,     7.3,     16.3,     55.3,     1003.9,     69.37,     255.4,     88,     -178
84,     20.06.2014 14:01:17,     315,     621.09,     340,     1.6,     4.2,     7.2,     16.4,     56.9,     1004,     69.37,     75.8,     87.5,     -2.4
85,     20.06.2014 14:11:16,     449.4,     890.43,     330,     0.7,     3.7,     8.5,     16.5,     55.9,     1003.9,     69.37,     255.4,     88.1,     -178.1,     13.173,     20.15,     68.9
86,     20.06.2014 14:21:16,     921.9,     1674.33,     330,     0.8,     4.1,     7.6,     16.9,     53.6,     1003.8,     69.37,     76.2,     88,     -1.9
87,     20.06.2014 14:31:16,     369.6,     733.65,     337,     0.6,     4.3,     10,     17.1,     53.2,     1003.8,     69.37,     75.8,     87.8,     -2.1
88,     20.06.2014 14:41:16,     453.6,     878.37,     342,     2.5,     5,     8.2,     17.1,     52.7,     1003.8,     69.37,     255.5,     87.9,     -178
89,     20.06.2014 14:51:16,     362.25,     727.62,     340,     1.1,     4.3,     7.3,     17.3,     53.8,     1003.7,     69.37,     255.3,     87.5,     -177.5
90,     20.06.2014 15:01:16,     328.65,     649.23,     340,     0.8,     3.6,     6.1,     17.4,     53.7,     1003.7,     69.37,     255.4,     88,     -178
91,     20.06.2014 15:11:16,     490.35,     972.84,     355,     1.7,     4.1,     7,     17.3,     54.2,     1003.7,     69.37,     75.8,     87.2,     -2.7,     13.218,     21.13,     68.7
92,     20.06.2014 15:21:16,     298.2,     584.91,     345,     1.5,     4.4,     8,     17.3,     51.9,     1003.7,     69.37,     75.7,     87.6,     -2.3
93,     20.06.2014 15:31:16,     322.35,     643.2,     350,     2,     5.3,     8.1,     17.1,     55.4,     1003.8,     69.37,     255.3,     87.5,     -177.5
94,     20.06.2014 15:41:16,     118.65,     227.13,     350,     2,     4.3,     8.4,     17.1,     55.9,     1003.9,     69.37,     255.2,     88.7,     -179
95,     20.06.2014 15:51:16,     204.75,     414.06,     349,     3.3,     5.7,     10.1,     16.9,     54.5,     1004,     69.37,     255.2,     87.4,     -177.4
96,     20.06.2014 16:01:16,     215.25,     432.15,     351,     2.7,     5.6,     9.2,     16.7,     56.4,     1004,     69.37,     76.1,     87.1,     -2.7
97,     20.06.2014 16:11:16,     218.4,     434.16,     352,     2.7,     4.8,     7.6,     16.7,     56.4,     1004,     69.37,     256.3,     88.3,     -178.4,     13.389,     20.09,     69.1
98,     20.06.2014 16:21:16,     308.7,     615.06,     352,     1.1,     4.2,     9,     16.8,     57.6,     1004,     69.37,     255.4,     87.8,     -177.8
99,     20.06.2014 16:31:16,     241.5,     478.38,     351,     2.9,     5.6,     9.1,     16.6,     53.5,     1004,     69.37,     75.9,     87,     -2.9
100,     20.06.2014 16:41:16,     181.65,     353.76,     346,     1.9,     4.8,     8.3,     16.7,     53.4,     1004,     69.37,     76,     87.3,     -2.6
101,     20.06.2014 16:51:16,     213.15,     420.09,     343,     2.8,     5.3,     8.7,     16.7,     54,     1004,     69.37,     75.9,     87.9,     -2
102,     20.06.2014 17:01:16,     213.15,     424.11,     335,     2.3,     5.3,     8.6,     16.7,     54.8,     1004,     69.37,     255.5,     87.9,     -177.8
103,     20.06.2014 17:11:16,     175.35,     349.74,     335,     2.5,     5.7,     10.2,     16.4,     56.3,     1004.1,     69.37,     77.4,     87.7,     -2.2,     13.442,     19.38,     69.3
104,     20.06.2014 17:21:16,     136.5,     277.38,     339,     2.8,     5.2,     9.9,     16.3,     57,     1004.2,     69.37,     76.4,     88.5,     -1.4
105,     20.06.2014 17:31:16,     99.75,     196.98,     327,     1.9,     4.8,     8.8,     16.2,     57.7,     1004.2,     69.37,     75.1,     87.5,     -2.4
106,     20.06.2014 17:41:16,     91.35,     182.91,     339,     2.7,     5.7,     9.1,     16,     57.4,     1004.3,     69.37,     255.6,     87.9,     -177.9
107,     20.06.2014 17:51:16,     91.35,     182.91,     341,     3,     5.7,     8.9,     15.9,     58.6,     1004.2,     69.37,     75.4,     87.9,     -2
108,     20.06.2014 18:01:16,     91.35,     178.89,     332,     2.3,     4.9,     8.2,     15.9,     56.5,     1004.3,     69.37,     255.1,     87.6,     -177.6
109,     20.06.2014 18:11:16,     109.2,     184.92,     333,     2.3,     5,     8.2,     15.8,     55.5,     1004.3,     69.37,     76.5,     87.8,     -2.1,     13.525,     18.02,     69.7
110,     20.06.2014 18:21:16,     216.3,     387.93,     335,     2.7,     4.5,     8.4,     16,     56.1,     1004.3,     69.37,     255.2,     87.9,     -178
111,     20.06.2014 18:31:16,     84,     170.85,     323,     1.8,     4.8,     8.4,     15.9,     55.4,     1004.4,     69.37,     255.1,     87.8,     -177.9
112,     20.06.2014 18:41:16,     58.8,     120.6,     335,     2.8,     5.4,     10.4,     15.7,     55.4,     1004.5,     69.37,     255.8,     88.1,     -178.2
113,     20.06.2014 18:51:16,     82.95,     162.81,     337,     2.2,     5.4,     9.5,     15.6,     55.6,     1004.5,     69.37,     255.2,     88.7,     -178.7
114,     20.06.2014 19:01:16,     67.2,     136.68,     343,     2.3,     5.1,     9.6,     15.6,     58,     1004.5,     69.37,     255.7,     88.2,     -178.2
115,     20.06.2014 19:11:27,     48.3,     96.48,     333,     2.5,     4.8,     8.5,     15.5,     55.6,     1004.5,     69.37,     255.6,     88.4,     -178.4,     13.531,     17.23,     69.7
116,     20.06.2014 19:21:27,     36.75,     72.36,     333,     2,     4.3,     7.5,     15.4,     54.7,     1004.6,     69.37,     255.1,     88.3,     -178.3
117,     20.06.2014 19:31:27,     33.6,     62.31,     333,     2.1,     4.3,     7.8,     15.3,     55.3,     1004.6,     69.37,     254.9,     88,     -178
118,     20.06.2014 19:41:27,     33.6,     64.32,     328,     2,     4.8,     8,     15.3,     55.2,     1004.6,     69.37,     255,     87.8,     -177.8
119,     20.06.2014 19:51:27,     7.35,     16.08,     336,     1.3,     4.2,     7.1,     15.2,     58.1,     1004.7,     69.37,     75.7,     87.6,     -2.3
120,     20.06.2014 20:01:27,     4.2,     10.05,     346,     2,     4.5,     8.9,     14.9,     57.6,     1004.8,     69.37,     255.3,     88.5,     -178.5
121,     20.06.2014 20:11:16,     2.1,     8.04,     341,     2.5,     5.3,     8.6,     14.7,     60.2,     1004.9,     69.37,     254.9,     88.1,     -178.1,     12.792,     16.29,     70.0
122,     20.06.2014 20:21:16,     2.1,     6.03,     343,     2.6,     5.1,     9,     14.6,     56.2,     1004.9,     69.37,     76,     87.6,     -2.4
123,     20.06.2014 20:31:16,     1.05,     4.02,     342,     0.8,     4.2,     7,     14.5,     57.6,     1004.9,     69.37,     254.8,     88.1,     -178.1
124,     20.06.2014 20:41:16,     0,     2.01,     335,     1.9,     4.1,     7.2,     14.4,     57.8,     1005,     69.37,     75.8,     87.6,     -2.3
125,     20.06.2014 20:51:16,     -1.05,     0,     327,     0.9,     3.8,     7,     14.3,     58.3,     1005,     69.37,     255.4,     87.9,     -177.9
126,     20.06.2014 21:01:16,     -1.05,     -2.01,     327,     1.5,     4,     7.1,     14.2,     57.1,     1005.1,     69.37,     255,     88.1,     -178.1
127,     20.06.2014 21:11:22,     -2.1,     -2.01,     336,     1.2,     4,     6.9,     14.2,     57.5,     1005.1,     69.37,     255.2,     87.7,     -177.7,     12.673,     15.28,     70.2
128,     20.06.2014 21:21:22,     -3.15,     -2.01,     335,     1,     4.4,     7.7,     14.1,     58.1,     1005.1,     69.37,     255,     88,     -178
129,     20.06.2014 21:31:22,     -2.1,     -2.01,     337,     2.4,     4.5,     7.3,     14.1,     58.1,     1005.1,     69.37,     255.4,     87.7,     -177.7
130,     20.06.2014 21:41:22,     -3.15,     -2.01,     336,     1.8,     5.1,     9.3,     14,     58.1,     1005,     69.37,     255.6,     87.8,     -177.9
131,     20.06.2014 21:51:22,     -3.15,     -4.02,     335,     2.2,     5,     8.1,     13.9,     60.3,     1005,     69.37,     255,     88.4,     -178.4
132,     20.06.2014 22:01:22,     -3.15,     0,     333,     2.1,     5.1,     9,     13.9,     59,     1005,     69.37,     254.8,     87.6,     -177.6
133,     20.06.2014 22:11:16,     -2.1,     -2.01,     331,     2,     5,     8.6,     13.7,     58,     1005,     69.37,     255,     87.4,     -177.4,     12.630,     14.71,     70.3
134,     20.06.2014 22:21:16,     -3.15,     -2.01,     335,     1.9,     4.6,     7.9,     13.7,     59.3,     1004.9,     69.37,     255,     88.7,     -178.8
135,     20.06.2014 22:31:16,     -2.1,     -2.01,     333,     2.2,     4.7,     7.8,     13.6,     59.8,     1005,     69.37,     255.1,     88.1,     -178.1
136,     20.06.2014 22:41:16,     -3.15,     -6.03,     332,     2.2,     4.6,     9,     13.5,     60.6,     1005,     69.37,     256.3,     87.9,     -177.9
137,     20.06.2014 22:51:16,     -3.15,     -2.01,     336,     2,     4.6,     7.8,     13.4,     60.3,     1005,     69.37,     255.6,     87.9,     -178
138,     20.06.2014 23:01:16,     -3.15,     -2.01,     331,     1.5,     4.7,     8,     13.3,     61.9,     1005,     69.37,     255.8,     88.2,     -178.3
139,     20.06.2014 23:11:16,     -3.15,     -2.01,     330,     1.7,     4.7,     7.5,     13.2,     62.9,     1004.9,     69.37,     255,     87.8,     -177.8,     12.597,     14.05,     70.4
140,     20.06.2014 23:21:16,     -2.1,     0,     333,     1.6,     4.7,     8.8,     13.1,     63,     1005,     69.37,     255.1,     87.6,     -177.6
141,     20.06.2014 23:31:16,     -2.1,     0,     332,     1.6,     4.7,     9.1,     13.1,     64.2,     1005,     69.37,     256.2,     88.7,     -178.7
142,     20.06.2014 23:41:16,     -2.1,     -2.01,     333,     2.2,     4.9,     8.3,     13,     63.5,     1005,     69.37,     254.8,     88.6,     -178.5
143,     20.06.2014 23:51:16,     -3.15,     -2.01,     337,     2.2,     5,     8.8,     13,     64.2,     1005,     69.37,     255.4,     87.7,     -177.7
144,     21.06.2014 00:01:16,     -4.2,     0,     335,     1.7,     4.7,     7.8,     12.9,     64,     1005,     69.37,     256,     87.8,     -177.8,     12.391,     13.57,     70.5