Logger: #D10248 'TSK_Meteo' - USP_EXP2 (V2.10, Jan 24 2012)
No,     Time,     #1:W/m²:0,     #2:ÂµMol:(do.),     #5:deg:2,     #6:m/sMIN:(do.),     #7:m/sMIT:(do.),     #8:m/sMAX:(do.),     #9:Â°C:(do.),     #10:%:(do.),     #11:hPa:(do.),     #12:mm:(do.),     #14:AZ:3,     #15:EL:(do.),     #16:Roll:(do.),     #HK-Bat:V,     #HK-Temp:oC,     #HK-rH:%
(GSM Transfer OK / Signal:16)
1,     08.11.2014 00:11:17,     -2.1,     -2.01,     224,     2,     3.9,     6.2,     7.6,     79.5,     1000.8,     323.62,     253.4,     87.8,     -177.8,     12.433,     8.78,     79.2
2,     08.11.2014 00:21:17,     -3.15,     -2.01,     222,     2.6,     3.9,     6.2,     7.5,     79.7,     1000.7,     323.62,     253.9,     87.7,     -177.7
3,     08.11.2014 00:31:17,     0,     0,     228,     1.7,     3.5,     5.9,     7.4,     79.4,     1000.7,     323.62,     254.1,     87.9,     -177.9
4,     08.11.2014 00:41:17,     -2.1,     -2.01,     224,     2,     3.4,     5.1,     7.5,     79.7,     1000.7,     323.62,     254.5,     87.9,     -177.9
5,     08.11.2014 00:51:17,     -3.15,     -2.01,     237,     0.9,     3.1,     4.7,     7.5,     80,     1000.8,     323.62,     254,     87.9,     -177.9
6,     08.11.2014 01:01:17,     -2.1,     -2.01,     233,     2.1,     3.5,     4.9,     7.4,     80.7,     1001.1,     323.62,     253.5,     87.8,     -177.8
7,     08.11.2014 01:11:22,     -2.1,     -2.01,     231,     1.9,     3.1,     4.9,     7.4,     81.1,     1001,     323.62,     254.2,     88,     -178.1,     12.497,     7.98,     82.4
8,     08.11.2014 01:21:22,     -2.1,     -2.01,     233,     1.5,     3,     4.7,     7.4,     80.7,     1000.9,     323.62,     253.7,     87.9,     -177.9
9,     08.11.2014 01:31:22,     -2.1,     -2.01,     230,     1.8,     3.2,     4.6,     7.3,     81.5,     1001.1,     323.62,     253.8,     88,     -178
10,     08.11.2014 01:41:22,     -2.1,     -2.01,     227,     1.8,     3,     4.4,     7.4,     81,     1001.2,     323.62,     253.7,     88.1,     -178.1
11,     08.11.2014 01:51:22,     -1.05,     -2.01,     223,     1.5,     2.6,     4.4,     7.3,     81.6,     1001.2,     323.62,     253.2,     88,     -177.9
12,     08.11.2014 02:01:22,     -2.1,     -2.01,     224,     1.7,     2.9,     4.6,     7.3,     82.2,     1001.3,     323.62,     253.9,     88,     -178
13,     08.11.2014 02:11:16,     -1.05,     0,     223,     1.6,     3.1,     4.6,     7.3,     81.1,     1001.5,     323.62,     253.7,     87.9,     -178,     12.484,     8.06,     82.5
14,     08.11.2014 02:21:16,     -2.1,     0,     227,     1.7,     3.1,     4.6,     7.4,     81.5,     1001.6,     323.62,     254.1,     87.9,     -177.9
15,     08.11.2014 02:31:16,     -1.05,     -2.01,     224,     1.9,     3.6,     5.7,     7.4,     81.5,     1001.6,     323.62,     253.3,     87.8,     -177.8
16,     08.11.2014 02:41:16,     -3.15,     -2.01,     224,     1.5,     3.2,     4.6,     7.4,     82,     1001.6,     323.62,     254,     87.9,     -177.9
17,     08.11.2014 02:51:16,     -3.15,     -2.01,     223,     2,     3.2,     4.8,     7.4,     81.4,     1001.6,     323.62,     253.8,     88,     -178
18,     08.11.2014 03:01:16,     -2.1,     -4.02,     226,     2.5,     3.8,     5.7,     7.4,     81.3,     1001.8,     323.62,     253.7,     87.7,     -177.8
19,     08.11.2014 03:11:16,     -2.1,     -2.01,     229,     2.1,     3.7,     5.4,     7.3,     81.6,     1001.9,     323.62,     253.9,     87.9,     -177.9,     12.433,     7.96,     82.5
20,     08.11.2014 03:21:16,     -2.1,     0,     230,     1.7,     3.2,     4.9,     7.3,     81.7,     1001.9,     323.62,     253.8,     88,     -178
21,     08.11.2014 03:31:16,     -1.05,     0,     224,     1.7,     3.3,     4.8,     7.3,     82.2,     1001.9,     323.62,     253.6,     88,     -178
22,     08.11.2014 03:41:16,     -1.05,     -2.01,     223,     2.1,     3,     4.5,     7.3,     82.6,     1002,     323.62,     253.5,     87.9,     -177.9
23,     08.11.2014 03:51:16,     -2.1,     -2.01,     221,     2.2,     3.1,     4.3,     7.3,     82.6,     1002.1,     323.62,     253.5,     87.9,     -177.9
24,     08.11.2014 04:01:16,     -1.05,     0,     229,     1.8,     3.1,     4.7,     7.3,     82.5,     1002.2,     323.62,     253.6,     88,     -178
25,     08.11.2014 04:11:16,     -1.05,     0,     232,     2,     3.1,     4.4,     7.4,     82.4,     1002.3,     323.62,     253.9,     87.9,     -177.9,     12.418,     7.92,     82.6
26,     08.11.2014 04:21:16,     -1.05,     -2.01,     228,     1.7,     2.9,     4.2,     7.5,     82.3,     1002.3,     323.62,     253.9,     87.9,     -177.9
27,     08.11.2014 04:31:16,     -2.1,     -4.02,     225,     1.3,     3.1,     4.6,     7.6,     82.1,     1002.3,     323.62,     253.6,     88,     -178
28,     08.11.2014 04:41:16,     -4.2,     -4.02,     222,     1.7,     2.8,     4.3,     7.5,     82,     1002.4,     323.62,     253.9,     88,     -178
29,     08.11.2014 04:51:16,     -4.2,     -2.01,     220,     1.3,     2.2,     3.9,     7.4,     82.4,     1002.6,     323.62,     253.5,     87.9,     -177.9
30,     08.11.2014 05:01:16,     -3.15,     -2.01,     222,     0.4,     2.1,     3.7,     7.3,     83.5,     1002.6,     323.62,     253.3,     88,     -178
31,     08.11.2014 05:11:17,     -3.15,     -4.02,     219,     1.3,     2.3,     3.7,     7.4,     83.3,     1002.6,     323.62,     253.4,     87.9,     -177.9,     12.378,     7.71,     82.6
32,     08.11.2014 05:21:17,     -4.2,     0,     215,     1.4,     2.3,     3.3,     7.4,     83.3,     1002.6,     323.62,     253.5,     87.8,     -177.8
33,     08.11.2014 05:31:17,     -5.25,     -2.01,     210,     1.2,     2.4,     3.8,     7.2,     83.9,     1002.7,     323.62,     253.7,     87.9,     -177.9
34,     08.11.2014 05:41:17,     -5.25,     -2.01,     213,     0.9,     2.8,     4,     7,     84.1,     1002.7,     323.62,     253.7,     87.9,     -178
35,     08.11.2014 05:51:17,     -5.25,     -2.01,     213,     1.5,     2.8,     4.4,     7,     84.4,     1002.7,     323.62,     253.5,     88,     -178
36,     08.11.2014 06:01:17,     -5.25,     0,     212,     1.6,     2.5,     4.2,     6.8,     84.3,     1002.8,     323.62,     253.2,     88,     -178
37,     08.11.2014 06:11:16,     -4.2,     0,     211,     1.7,     2.8,     4.3,     6.7,     84.7,     1002.8,     323.62,     253.4,     87.9,     -177.9,     12.370,     6.86,     82.8
38,     08.11.2014 06:21:16,     -5.25,     -2.01,     208,     1.1,     2.1,     3.9,     6.6,     84.9,     1002.8,     323.62,     253.3,     87.9,     -177.9
39,     08.11.2014 06:31:16,     -5.25,     -2.01,     209,     1.1,     2.2,     3.4,     6.5,     85.6,     1002.8,     323.62,     253.5,     87.9,     -177.9
40,     08.11.2014 06:41:16,     -5.25,     -2.01,     207,     1.5,     2.3,     3.9,     6.4,     86.3,     1002.8,     323.62,     253.4,     87.9,     -177.9
41,     08.11.2014 06:51:16,     -5.25,     -4.02,     213,     1.4,     2.5,     4,     6.3,     86.2,     1002.9,     323.62,     253.3,     88,     -178
42,     08.11.2014 07:01:16,     -4.2,     0,     201,     1.5,     2.5,     3.6,     6.3,     86.1,     1002.9,     323.62,     253.5,     87.9,     -177.9
43,     08.11.2014 07:11:16,     -4.2,     0,     207,     1.8,     2.7,     4,     6.3,     86.1,     1003,     323.62,     253.5,     88,     -178,     12.344,     6.05,     83.1
44,     08.11.2014 07:21:16,     -2.1,     6.03,     209,     1.2,     2.5,     4.1,     6.2,     86.2,     1003.2,     323.62,     253.3,     87.9,     -177.9
45,     08.11.2014 07:31:16,     1.05,     12.06,     207,     1.5,     2.4,     3.9,     6.2,     86.3,     1003.3,     323.62,     253.3,     87.9,     -177.9
46,     08.11.2014 07:41:16,     9.45,     28.14,     204,     1.6,     2.5,     3.8,     6.1,     86.6,     1003.4,     323.62,     253.2,     88,     -178
47,     08.11.2014 07:51:16,     17.85,     46.23,     219,     1.7,     2.5,     3.8,     6,     86.4,     1003.6,     323.62,     253.4,     88,     -178
48,     08.11.2014 08:01:16,     40.95,     76.38,     219,     1.5,     2.6,     4,     6.3,     87,     1003.7,     323.62,     253.7,     87.9,     -178
49,     08.11.2014 08:11:16,     50.4,     94.47,     208,     1.5,     2.7,     4,     6.3,     86.6,     1003.7,     323.62,     253.6,     87.9,     -178,     13.483,     6.00,     83.5
50,     08.11.2014 08:21:16,     63,     118.59,     213,     1.7,     2.7,     3.8,     6.3,     86,     1003.9,     323.62,     253.4,     88.1,     -178.1
51,     08.11.2014 08:31:16,     53.55,     116.58,     214,     2,     3,     5,     6.3,     85.4,     1004,     323.62,     253.5,     87.9,     -177.9
52,     08.11.2014 08:41:16,     74.55,     150.75,     213,     1.7,     3,     4.5,     6.4,     85.4,     1004.1,     323.62,     253.5,     88,     -178
53,     08.11.2014 08:51:16,     121.8,     227.13,     213,     1.7,     3,     4.2,     6.7,     85.1,     1004.3,     323.62,     254.1,     88.1,     -178.1
54,     08.11.2014 09:01:16,     133.35,     257.28,     210,     1.7,     3.1,     4.6,     6.9,     84,     1004.3,     323.62,     253.4,     88,     -178
55,     08.11.2014 09:11:22,     121.8,     231.15,     214,     1.7,     3.2,     5.9,     7.1,     83.1,     1004.5,     323.62,     253.9,     88,     -178,     13.661,     7.86,     83.7
56,     08.11.2014 09:21:22,     169.05,     325.62,     214,     2.3,     3.8,     6,     7.1,     83.1,     1004.5,     323.62,     253.4,     87.7,     -177.7
57,     08.11.2014 09:31:22,     178.5,     343.71,     218,     2,     3.5,     5.2,     7.3,     83,     1004.5,     323.62,     254,     87.9,     -177.9
58,     08.11.2014 09:41:22,     192.15,     371.85,     220,     1.7,     3.6,     5.3,     7.4,     81.9,     1004.7,     323.62,     253.8,     87.9,     -177.9
59,     08.11.2014 09:51:22,     192.15,     381.9,     225,     1.5,     3.5,     5,     7.7,     80.5,     1004.6,     323.62,     254,     87.9,     -177.9
60,     08.11.2014 10:01:22,     223.65,     430.14,     222,     2,     3.5,     5.6,     7.9,     80.9,     1004.6,     323.62,     253.9,     88,     -178
61,     08.11.2014 10:11:16,     239.4,     460.29,     225,     1.6,     3,     4.7,     8.3,     78.8,     1004.7,     323.62,     74.2,     87.8,     -2.1,     13.207,     9.98,     82.4
62,     08.11.2014 10:21:16,     144.9,     297.48,     228,     1.9,     3.4,     5.6,     8.5,     78.6,     1004.7,     323.62,     253.9,     88.1,     -178.1
63,     08.11.2014 10:31:16,     97.65,     213.06,     227,     2,     3.2,     5.1,     8.8,     77.8,     1004.8,     323.62,     254.2,     87.9,     -177.9
64,     08.11.2014 10:41:16,     108.15,     227.13,     227,     2.1,     3.7,     5.4,     9.1,     77,     1004.8,     323.62,     254.3,     88.1,     -178.1
65,     08.11.2014 10:51:16,     131.25,     261.3,     232,     2,     4.2,     6.2,     9,     76.4,     1004.9,     323.62,     74,     87.9,     -2
66,     08.11.2014 11:01:16,     127.05,     257.28,     230,     2.3,     3.9,     5.8,     9.1,     76.4,     1004.9,     323.62,     254.2,     87.9,     -177.9
67,     08.11.2014 11:11:16,     113.4,     229.14,     240,     1.8,     3.8,     5.8,     9.3,     75.6,     1005,     323.62,     255,     87.9,     -178,     13.593,     10.73,     81.9
68,     08.11.2014 11:21:16,     190.05,     371.85,     240,     2.5,     3.9,     6.4,     9.5,     75.2,     1005,     323.62,     254.1,     87.9,     -178
69,     08.11.2014 11:31:16,     144.9,     295.47,     237,     2.1,     3.8,     6.1,     9.6,     75.5,     1005,     323.62,     74.7,     87.9,     -2
70,     08.11.2014 11:41:16,     124.95,     253.26,     236,     2,     3.1,     4.7,     9.8,     74.7,     1005,     323.62,     253.9,     88,     -178
71,     08.11.2014 11:51:16,     136.5,     275.37,     233,     1.8,     3.2,     4.9,     9.9,     75.8,     1005,     323.62,     254.3,     88,     -178
72,     08.11.2014 12:01:16,     109.2,     221.1,     234,     2.1,     3.6,     5.5,     9.9,     74.3,     1004.9,     323.62,     74.4,     88,     -1.9
73,     08.11.2014 12:11:16,     129.15,     259.29,     235,     1.9,     3.7,     5.2,     10,     74,     1004.8,     323.62,     254.6,     88,     -178,     13.097,     11.51,     81.6
74,     08.11.2014 12:21:16,     138.6,     277.38,     234,     1.3,     3.5,     5.4,     10.1,     73.7,     1004.9,     323.62,     253.9,     88,     -178
75,     08.11.2014 12:31:16,     161.7,     323.61,     235,     1.5,     3.3,     5.1,     10.2,     74.6,     1004.9,     323.62,     254.4,     88,     -177.9
76,     08.11.2014 12:41:16,     147,     295.47,     238,     1.8,     3.6,     5.7,     10.3,     73.9,     1004.9,     323.62,     75.1,     87.9,     -2
77,     08.11.2014 12:51:16,     139.65,     281.4,     239,     2.3,     3.9,     5.5,     10.4,     73.7,     1004.9,     323.62,     74.2,     88,     -1.9
78,     08.11.2014 13:01:16,     102.9,     207.03,     242,     2.1,     3.9,     6.5,     10.4,     73.2,     1005,     323.62,     74.6,     87.9,     -2.1
79,     08.11.2014 13:11:16,     102.9,     211.05,     242,     2.9,     4.5,     6.6,     10.4,     73.7,     1005,     323.62,     75.2,     87.9,     -2.1,     13.646,     11.99,     81.4
80,     08.11.2014 13:21:16,     108.15,     219.09,     240,     2,     3.9,     5.9,     10.4,     73.1,     1005,     323.62,     74.3,     88,     -1.8
81,     08.11.2014 13:31:16,     92.4,     186.93,     240,     1.5,     3.8,     5.7,     10.5,     74.3,     1005.1,     323.62,     74.4,     88,     -1.9
82,     08.11.2014 13:41:16,     93.45,     188.94,     235,     2,     3.5,     5.4,     10.5,     74,     1005.1,     323.62,     74.7,     87.9,     -2
83,     08.11.2014 13:51:16,     81.9,     168.84,     240,     2,     3.8,     5.8,     10.5,     74.5,     1005.1,     323.62,     255.1,     87.8,     -177.8
84,     08.11.2014 14:01:16,     89.25,     178.89,     240,     2,     3.7,     5.1,     10.5,     74.3,     1005.1,     323.62,     254.6,     87.9,     -177.9
85,     08.11.2014 14:11:22,     86.1,     172.86,     240,     1.7,     3.1,     5.1,     10.5,     75.2,     1005.1,     323.62,     254.5,     88.1,     -178.1,     13.623,     11.94,     81.4
86,     08.11.2014 14:21:22,     94.5,     188.94,     240,     1.4,     3.8,     6.7,     10.5,     75.1,     1005,     323.62,     254.1,     88,     -178
87,     08.11.2014 14:31:22,     97.65,     192.96,     238,     1.2,     3.3,     5.7,     10.5,     76.1,     1005.2,     323.62,     74.3,     88,     -1.9
88,     08.11.2014 14:41:22,     94.5,     188.94,     244,     1.3,     3.1,     5.5,     10.6,     75.1,     1005.2,     323.62,     254.1,     88,     -178.1
89,     08.11.2014 14:51:22,     70.35,     144.72,     239,     2.1,     3.5,     5.4,     10.6,     74.7,     1005.3,     323.62,     254.5,     87.9,     -177.9
90,     08.11.2014 15:01:22,     70.35,     142.71,     243,     1.6,     2.9,     4.9,     10.6,     75.5,     1005.3,     323.62,     74.3,     87.9,     -2
91,     08.11.2014 15:11:16,     102.9,     174.87,     242,     1.6,     2.9,     4.4,     10.6,     75.2,     1005.4,     323.62,     74.3,     88.1,     -1.8,     13.587,     11.65,     81.6
92,     08.11.2014 15:21:16,     80.85,     136.68,     240,     1.8,     3.2,     5.3,     10.8,     74.3,     1005.4,     323.62,     74,     88.1,     -1.8
93,     08.11.2014 15:31:16,     36.75,     82.41,     242,     1.2,     3.1,     4.5,     10.7,     75.2,     1005.4,     323.62,     254.2,     88,     -178.1
94,     08.11.2014 15:41:16,     37.8,     72.36,     243,     1.5,     3.1,     5.2,     10.7,     75.8,     1005.4,     323.62,     73.8,     87.9,     -1.9
95,     08.11.2014 15:51:16,     27.3,     54.27,     241,     1.4,     2.8,     4.6,     10.6,     76.3,     1005.3,     323.62,     74.1,     87.9,     -1.9
96,     08.11.2014 16:01:16,     13.65,     38.19,     238,     1.2,     2.3,     3.5,     10.4,     77.1,     1005.3,     323.62,     253.7,     88,     -178
97,     08.11.2014 16:11:17,     5.25,     26.13,     234,     0.9,     2.1,     3.3,     10.2,     78.2,     1005.4,     323.62,     253.5,     88,     -177.9,     12.817,     11.17,     81.4
98,     08.11.2014 16:21:17,     1.05,     14.07,     234,     0.8,     1.9,     2.9,     10,     79.1,     1005.4,     323.62,     253.4,     88,     -178
99,     08.11.2014 16:31:17,     -3.15,     4.02,     226,     0.9,     1.8,     2.7,     9.6,     80.3,     1005.5,     323.62,     253.4,     88,     -178
100,     08.11.2014 16:41:17,     -4.2,     0,     225,     0.7,     1.5,     2.5,     9.4,     81.5,     1005.5,     323.62,     253.4,     87.9,     -178
101,     08.11.2014 16:51:17,     -5.25,     -2.01,     228,     0.7,     1.3,     2.4,     9.2,     82.8,     1005.5,     323.62,     253.4,     87.9,     -177.9
102,     08.11.2014 17:01:17,     -5.25,     0,     210,     0.7,     1.5,     2.5,     9,     83,     1005.6,     323.62,     253.4,     87.9,     -177.9
103,     08.11.2014 17:11:17,     -5.25,     -4.02,     197,     1,     1.5,     2.6,     8.7,     83.9,     1005.6,     323.62,     253.3,     88,     -177.9,     12.683,     9.05,     82.3
104,     08.11.2014 17:21:17,     -5.25,     -2.01,     198,     0.9,     1.4,     2,     8.4,     84.9,     1005.6,     323.62,     253.3,     88,     -178
105,     08.11.2014 17:31:17,     -6.3,     -2.01,     210,     0.1,     0.8,     1.5,     8.3,     85.3,     1005.7,     323.62,     253.3,     87.9,     -178
106,     08.11.2014 17:41:17,     -6.3,     -2.01,     190,     0.2,     0.6,     1.1,     8.2,     86,     1005.8,     323.62,     253.2,     88,     -178
107,     08.11.2014 17:51:17,     -5.25,     -2.01,     185,     0.3,     0.8,     1.2,     8,     86.1,     1005.8,     323.62,     253.2,     88,     -178
108,     08.11.2014 18:01:17,     -4.2,     0,     173,     0.4,     1,     1.7,     7.9,     86.8,     1005.8,     323.62,     253.2,     88,     -178
109,     08.11.2014 18:11:16,     -4.2,     0,     173,     0.6,     1.2,     1.8,     7.9,     86.7,     1005.9,     323.62,     253.2,     87.9,     -177.9,     12.630,     7.38,     82.9
110,     08.11.2014 18:21:16,     -5.25,     0,     184,     0.7,     1.3,     1.7,     7.6,     87.2,     1005.8,     323.62,     253.2,     87.9,     -177.9
111,     08.11.2014 18:31:16,     -5.25,     0,     213,     0.6,     0.9,     1.6,     7.5,     87.7,     1005.8,     323.62,     253.3,     87.9,     -178
112,     08.11.2014 18:41:16,     -5.25,     2.01,     191,     0.3,     0.8,     1.1,     7.3,     88,     1005.9,     323.62,     253.2,     87.9,     -177.9
113,     08.11.2014 18:51:16,     -4.2,     0,     204,     0.1,     0.6,     1,     7.2,     88.4,     1006,     323.62,     253.3,     87.9,     -177.9
114,     08.11.2014 19:01:16,     -4.2,     -2.01,     214,     0.3,     0.7,     1.1,     7.2,     89,     1006.1,     323.62,     253.2,     87.9,     -177.9
115,     08.11.2014 19:11:16,     -5.25,     -2.01,     182,     0.5,     0.9,     1.4,     7.1,     89.3,     1006.1,     323.62,     253.2,     87.9,     -177.9,     12.607,     6.42,     83.2
116,     08.11.2014 19:21:16,     -4.2,     -2.01,     194,     0.9,     1.2,     1.6,     7,     89,     1006.1,     323.62,     253.3,     88,     -178
117,     08.11.2014 19:31:16,     -5.25,     -4.02,     214,     0.8,     1.4,     2.2,     7,     89.6,     1006.3,     323.62,     253.4,     87.8,     -177.9
118,     08.11.2014 19:41:16,     -6.3,     -2.01,     195,     0.6,     1.2,     1.9,     7,     89.3,     1006.4,     323.62,     253.2,     87.9,     -177.9
119,     08.11.2014 19:51:16,     -4.2,     -2.01,     195,     0.7,     1.3,     2.2,     7.1,     89.9,     1006.4,     323.62,     253.2,     88,     -178
120,     08.11.2014 20:01:16,     -4.2,     -2.01,     207,     0.9,     1.5,     2.4,     7.2,     89.7,     1006.5,     323.62,     253.2,     87.9,     -177.9
121,     08.11.2014 20:11:22,     -4.2,     -2.01,     206,     1,     1.6,     2.5,     7.3,     89.7,     1006.5,     323.62,     253.3,     87.9,     -177.9,     12.594,     6.25,     83.2
122,     08.11.2014 20:21:22,     -3.15,     -2.01,     212,     1.3,     1.9,     2.9,     7.4,     89.2,     1006.5,     323.62,     253.1,     87.9,     -177.9
123,     08.11.2014 20:31:22,     -5.25,     0,     202,     0.9,     1.9,     3,     7.5,     88.6,     1006.5,     323.62,     253.2,     88,     -178
124,     08.11.2014 20:41:22,     -5.25,     -2.01,     201,     0.5,     1.3,     2.2,     7.4,     88.6,     1006.5,     323.62,     253.2,     87.9,     -177.9
125,     08.11.2014 20:51:22,     -5.25,     -2.01,     188,     0.6,     1.2,     2,     7.2,     88.8,     1006.5,     323.62,     253.1,     88,     -178
126,     08.11.2014 21:01:22,     -5.25,     -4.02,     188,     0.8,     1.5,     2.3,     7.3,     88.8,     1006.5,     323.62,     253.2,     87.8,     -177.8
127,     08.11.2014 21:11:16,     -5.25,     0,     185,     0.9,     1.4,     1.8,     7,     89.1,     1006.5,     323.62,     253.2,     88,     -178,     12.558,     6.41,     83.1
128,     08.11.2014 21:21:16,     -4.2,     0,     185,     0.8,     1.5,     2.3,     7.1,     89.6,     1006.4,     323.62,     253.3,     87.9,     -177.9
129,     08.11.2014 21:31:16,     -5.25,     -2.01,     192,     0.4,     0.9,     1.4,     6.8,     89.6,     1006.4,     323.62,     253.1,     87.9,     -177.9
130,     08.11.2014 21:41:16,     -4.2,     -2.01,     185,     0.6,     1,     1.4,     6.8,     89.6,     1006.3,     323.62,     253.2,     88,     -178
131,     08.11.2014 21:51:16,     -5.25,     -2.01,     194,     0.6,     1.1,     1.8,     6.9,     90,     1006.3,     323.62,     253.3,     87.9,     -177.9
132,     08.11.2014 22:01:16,     -5.25,     -2.01,     199,     0.4,     1,     1.4,     6.8,     90.1,     1006.3,     323.62,     253.3,     88,     -178
133,     08.11.2014 22:11:16,     -6.3,     -2.01,     189,     0.7,     1.1,     1.5,     6.7,     90,     1006.4,     323.62,     253.2,     87.9,     -177.9,     12.548,     6.01,     83.2
134,     08.11.2014 22:21:16,     -4.2,     -2.01,     188,     0.6,     1.1,     1.8,     6.5,     90.4,     1006.3,     323.62,     253.2,     88,     -178
135,     08.11.2014 22:31:16,     -5.25,     -2.01,     192,     0.7,     1.3,     2,     6.4,     90.4,     1006.2,     323.62,     253.2,     87.9,     -177.9
136,     08.11.2014 22:41:16,     -5.25,     -2.01,     202,     0.6,     1,     1.5,     6.3,     90.8,     1006.2,     323.62,     253.1,     87.9,     -177.9
137,     08.11.2014 22:51:16,     -4.2,     0,     205,     0.9,     1.4,     2,     6.3,     91,     1006.2,     323.62,     253.2,     88,     -178
138,     08.11.2014 23:01:16,     -4.2,     -2.01,     189,     1,     1.6,     2.4,     6.3,     91.3,     1006.3,     323.62,     253.1,     87.9,     -177.9
139,     08.11.2014 23:11:22,     -5.25,     -4.02,     192,     0.7,     1.3,     1.8,     6.3,     91.2,     1006.5,     323.62,     253.2,     88,     -178,     12.533,     5.70,     83.2
140,     08.11.2014 23:21:22,     -6.3,     0,     184,     0.8,     1.3,     1.9,     6.3,     91.4,     1006.6,     323.62,     253.2,     88,     -178
141,     08.11.2014 23:31:22,     -6.3,     -2.01,     196,     0.5,     1,     1.6,     6.3,     91.4,     1006.6,     323.62,     253.1,     87.9,     -177.9
142,     08.11.2014 23:41:22,     -5.25,     -2.01,     209,     0.4,     0.9,     1.4,     6.3,     91.5,     1006.6,     323.62,     253.1,     88,     -178
143,     08.11.2014 23:51:22,     -5.25,     -2.01,     205,     0.4,     0.8,     1.4,     6.2,     91.5,     1006.7,     323.62,     253,     87.9,     -177.9
144,     09.11.2014 00:01:16,     -5.25,     0,     162,     0,     0.8,     1.7,     6.3,     91.7,     1006.7,     323.62,     253,     87.9,     -177.9,     12.334,     5.45,     83.3