Logger: #D10248 'TSK_Meteo' - USP_EXP2 (V2.10, Jan 24 2012)
No,     Time,     #1:W/m²:0,     #2:ÂµMol:(do.),     #5:deg:2,     #6:m/sMIN:(do.),     #7:m/sMIT:(do.),     #8:m/sMAX:(do.),     #9:Â°C:(do.),     #10:%:(do.),     #11:hPa:(do.),     #12:mm:(do.),     #14:AZ:3,     #15:EL:(do.),     #16:Roll:(do.),     #HK-Bat:V,     #HK-Temp:oC,     #HK-rH:%
(GSM Transfer OK / Signal:14)
1,     23.11.2014 00:11:17,     -1.05,     -2.01,     183,     1.7,     4.8,     7.4,     5.1,     81.1,     1015.5,     324.63,     252.8,     88,     -178,     11.992,     6.35,     83.1
2,     23.11.2014 00:21:17,     -1.05,     -2.01,     187,     2.2,     4.5,     7.6,     5.1,     82.1,     1015.3,     324.63,     72.7,     87.9,     -1.9
3,     23.11.2014 00:31:17,     -1.05,     -2.01,     195,     2.3,     4.3,     6.9,     5.1,     80.8,     1015.3,     324.64,     73.2,     87.6,     -2.4
4,     23.11.2014 00:41:17,     -2.1,     -2.01,     193,     1.9,     4.9,     9,     5.1,     81,     1015.1,     324.64,     253,     87.8,     -177.8
5,     23.11.2014 00:51:17,     -3.15,     0,     191,     2.4,     4.8,     8.1,     5.1,     81.6,     1015.2,     324.64,     252.8,     87.9,     -177.9
6,     23.11.2014 01:01:17,     -3.15,     -2.01,     189,     1.5,     3.6,     7,     5.1,     81.3,     1015.4,     324.64,     253.5,     88,     -178.1
7,     23.11.2014 01:11:17,     -2.1,     0,     189,     1.8,     4.4,     8.6,     5,     81.3,     1015.2,     324.64,     252.7,     87.9,     -177.9,     12.136,     5.75,     84.8
8,     23.11.2014 01:21:17,     -2.1,     0,     196,     2.3,     4.3,     7.1,     5.1,     81.3,     1015.6,     324.64,     253.1,     88.2,     -178.2
9,     23.11.2014 01:31:17,     -3.15,     0,     186,     1.8,     3.8,     5.9,     5,     81.7,     1015.4,     324.64,     253.6,     88.2,     -178.2
10,     23.11.2014 01:41:17,     -2.1,     0,     189,     2.4,     4.1,     7,     4.9,     82.2,     1015.3,     324.64,     252.8,     88,     -177.9
11,     23.11.2014 01:51:17,     -2.1,     0,     187,     1.5,     3.6,     5.8,     4.9,     82.3,     1015.5,     324.64,     253,     88,     -178
12,     23.11.2014 02:01:17,     -2.1,     0,     188,     1.7,     4,     7,     4.9,     81.6,     1015.3,     324.64,     252.6,     87.8,     -177.8
13,     23.11.2014 02:11:16,     -2.1,     -2.01,     194,     2,     3.9,     6.5,     4.9,     82,     1015.4,     324.64,     252.8,     87.7,     -177.8,     12.141,     5.45,     84.9
14,     23.11.2014 02:21:16,     -3.15,     -2.01,     200,     1.7,     3.6,     6.1,     5,     82.3,     1015.5,     324.64,     253.4,     87.8,     -177.8
15,     23.11.2014 02:31:16,     -3.15,     -2.01,     184,     1.2,     3.1,     4.7,     4.9,     82.3,     1015.3,     324.64,     253.1,     87.8,     -177.8
16,     23.11.2014 02:41:16,     -2.1,     -2.01,     185,     1.7,     2.9,     5,     4.8,     82.6,     1015.3,     324.64,     253,     88,     -178
17,     23.11.2014 02:51:16,     -2.1,     0,     178,     1.2,     3,     4.7,     4.8,     83.2,     1015.3,     324.64,     252.9,     87.8,     -177.9
18,     23.11.2014 03:01:16,     -1.05,     -2.01,     176,     1.4,     2.7,     4.7,     4.7,     82.9,     1015.3,     324.64,     252.7,     87.9,     -177.9
19,     23.11.2014 03:11:17,     -3.15,     -4.02,     181,     1.5,     3,     4.9,     4.7,     83.2,     1015.2,     324.64,     252.8,     87.8,     -177.8,     12.149,     5.29,     85.0
20,     23.11.2014 03:21:17,     -2.1,     -2.01,     182,     1.4,     3,     4.7,     4.7,     83.4,     1015.4,     324.64,     253.1,     88.1,     -178.1
21,     23.11.2014 03:31:17,     -1.05,     0,     175,     1,     2.8,     4.8,     4.8,     83.4,     1015.3,     324.64,     253.2,     88,     -178
22,     23.11.2014 03:41:17,     -2.1,     -2.01,     178,     1.7,     3,     4.6,     4.7,     83.4,     1015.2,     324.64,     253,     88,     -178
23,     23.11.2014 03:51:17,     -3.15,     -2.01,     169,     1.1,     2.7,     5.4,     4.7,     83.7,     1015.1,     324.64,     252.9,     87.9,     -177.9
24,     23.11.2014 04:01:17,     -1.05,     -2.01,     176,     1.2,     2.8,     4.8,     4.6,     84.2,     1015.2,     324.64,     253.2,     87.9,     -177.9
25,     23.11.2014 04:11:16,     -2.1,     -2.01,     172,     1.7,     2.9,     5.1,     4.5,     83.8,     1015.1,     324.64,     253.3,     88,     -177.9,     12.130,     5.29,     85.0
26,     23.11.2014 04:21:16,     -1.05,     0,     177,     1.5,     3.1,     4.8,     4.5,     84.1,     1015.1,     324.64,     253.3,     87.8,     -177.9
27,     23.11.2014 04:31:16,     -2.1,     -2.01,     174,     1.4,     3.4,     5.8,     4.5,     83.6,     1015.1,     324.64,     252.9,     88,     -178
28,     23.11.2014 04:41:16,     -1.05,     0,     175,     1.1,     3.2,     5.3,     4.5,     83.5,     1015.1,     324.64,     253,     87.9,     -177.9
29,     23.11.2014 04:51:16,     -1.05,     -2.01,     174,     0.9,     2.7,     5.3,     4.6,     83.8,     1015.4,     324.64,     252.9,     88,     -178
30,     23.11.2014 05:01:16,     -3.15,     -2.01,     159,     0.2,     2.3,     4.5,     4.5,     83.5,     1015.3,     324.64,     253.1,     87.9,     -177.9
31,     23.11.2014 05:11:16,     -2.1,     0,     171,     1.1,     2.7,     4.7,     4.5,     83.9,     1015.3,     324.64,     253.4,     88,     -178,     12.139,     5.19,     85.0
32,     23.11.2014 05:21:16,     -3.15,     -2.01,     177,     1.1,     3,     5.4,     4.5,     83.3,     1015.3,     324.64,     252.8,     88,     -178
33,     23.11.2014 05:31:16,     -1.05,     0,     170,     1.6,     3,     4.9,     4.4,     83.6,     1015.1,     324.64,     252.9,     87.8,     -177.9
34,     23.11.2014 05:41:16,     -1.05,     -2.01,     172,     0.8,     2.5,     6,     4.4,     84,     1015.3,     324.64,     253.1,     87.9,     -177.9
35,     23.11.2014 05:51:16,     -1.05,     -2.01,     169,     1.1,     2.6,     4.3,     4.4,     84.1,     1015.2,     324.64,     253.3,     87.9,     -178
36,     23.11.2014 06:01:16,     -1.05,     -2.01,     175,     1.7,     3,     4.5,     4.4,     84.2,     1015.1,     324.64,     253,     88,     -177.9
37,     23.11.2014 06:11:17,     -2.1,     0,     173,     1,     2.9,     5.2,     4.4,     83.7,     1015.1,     324.64,     252.9,     87.9,     -177.9,     12.117,     5.12,     85.1
38,     23.11.2014 06:21:17,     -1.05,     0,     176,     1.9,     3.4,     5.2,     4.4,     83.3,     1015.2,     324.64,     252.9,     88,     -177.9
39,     23.11.2014 06:31:17,     -3.15,     -2.01,     178,     0.9,     3,     5.2,     4.4,     84,     1015.4,     324.64,     252.8,     87.8,     -177.8
40,     23.11.2014 06:41:17,     -1.05,     -2.01,     168,     0.8,     2.8,     5.1,     4.4,     83.4,     1015.5,     324.64,     252.9,     88,     -177.9
41,     23.11.2014 06:51:17,     -1.05,     -2.01,     170,     1.2,     3.1,     5,     4.4,     83.2,     1015.5,     324.64,     253.2,     87.9,     -177.9
42,     23.11.2014 07:01:17,     -2.1,     0,     167,     1.3,     3.3,     5.7,     4.4,     82.8,     1015.6,     324.64,     252.7,     88,     -178
43,     23.11.2014 07:11:16,     -3.15,     0,     177,     1.5,     3.2,     5.5,     4.5,     83.8,     1015.6,     324.64,     253,     87.9,     -177.9,     12.130,     5.13,     85.0
44,     23.11.2014 07:21:16,     -1.05,     0,     174,     1.5,     3,     5.2,     4.4,     83.1,     1015.6,     324.64,     253.2,     88.1,     -178.1
45,     23.11.2014 07:31:16,     -1.05,     0,     175,     1.6,     3.3,     5.8,     4.4,     82.9,     1015.5,     324.64,     252.7,     87.9,     -178
46,     23.11.2014 07:41:16,     0,     2.01,     179,     2.3,     3.9,     5.8,     4.5,     82.8,     1015.5,     324.64,     253.4,     88.2,     -178.2
47,     23.11.2014 07:51:16,     1.05,     6.03,     180,     2.1,     4.3,     7.1,     4.4,     83.3,     1015.6,     324.64,     252.4,     88,     -178
48,     23.11.2014 08:01:16,     2.1,     6.03,     186,     2,     3.9,     5.7,     4.5,     83,     1015.6,     324.64,     253.2,     87.9,     -177.9
49,     23.11.2014 08:11:16,     3.15,     8.04,     184,     2.4,     4.3,     7.2,     4.5,     82.5,     1015,     324.64,     253.3,     88.1,     -178.1,     12.130,     5.13,     85.1
50,     23.11.2014 08:21:16,     5.25,     14.07,     189,     2.3,     4.6,     8.4,     4.6,     82.6,     1015.3,     324.64,     253.6,     88.2,     -178.2
51,     23.11.2014 08:31:16,     9.45,     26.13,     184,     0.9,     3.3,     7.3,     4.6,     81.9,     1015.8,     324.64,     252.9,     88,     -178
52,     23.11.2014 08:41:16,     14.7,     34.17,     179,     1.5,     3.1,     5.4,     4.7,     83.1,     1015.9,     324.64,     252.9,     88,     -178
53,     23.11.2014 08:51:16,     25.2,     56.28,     180,     1.8,     3.8,     6.6,     4.7,     81.9,     1015.9,     324.64,     253.5,     87.7,     -177.7
54,     23.11.2014 09:01:16,     34.65,     72.36,     182,     2,     4,     6.4,     4.7,     81.5,     1015.9,     324.64,     252.7,     88.3,     -178.3
55,     23.11.2014 09:11:16,     42,     86.43,     178,     1.9,     4.2,     7.4,     4.7,     80.8,     1015.5,     324.64,     251.9,     87.9,     -178,     12.300,     5.32,     85.1
56,     23.11.2014 09:21:16,     51.45,     104.52,     183,     2.2,     4.2,     8.4,     4.8,     81.2,     1015.7,     324.64,     253.2,     88.3,     -178.3
57,     23.11.2014 09:31:16,     50.4,     102.51,     188,     2.4,     4.4,     6.7,     4.9,     80.9,     1015.7,     324.64,     253.9,     88,     -178
58,     23.11.2014 09:41:16,     57.75,     116.58,     180,     2,     4.3,     7.6,     4.9,     81.3,     1015.6,     324.64,     253.2,     87.9,     -177.9
59,     23.11.2014 09:51:16,     71.4,     146.73,     183,     2.8,     4.5,     7.7,     5,     79.9,     1015.6,     324.64,     253.3,     88,     -178
60,     23.11.2014 10:01:16,     87.15,     178.89,     183,     2.9,     4.6,     7.4,     5.1,     80.4,     1015.5,     324.64,     253.3,     88,     -178
61,     23.11.2014 10:11:16,     86.1,     176.88,     191,     1.4,     3.9,     7.2,     5.2,     80.4,     1015.9,     324.64,     254.3,     88,     -178,     12.751,     5.96,     84.9
62,     23.11.2014 10:21:16,     111.3,     223.11,     196,     1.6,     3.8,     5.6,     5.4,     79.2,     1015.8,     324.64,     254,     87.9,     -177.9
63,     23.11.2014 10:31:16,     164.85,     321.6,     196,     2.8,     5,     8,     5.4,     79.2,     1015.6,     324.64,     73.5,     88.3,     -1.6
64,     23.11.2014 10:41:16,     249.9,     486.42,     195,     2.6,     5.1,     8.3,     5.5,     77.6,     1015.7,     324.64,     74.3,     88.2,     -1.7
65,     23.11.2014 10:51:16,     75.6,     148.74,     193,     3,     5.3,     7.9,     5.7,     77.2,     1015.9,     324.64,     73.1,     88.1,     -1.8
66,     23.11.2014 11:01:16,     53.55,     112.56,     194,     2.7,     5.1,     7.8,     5.6,     77.8,     1015.8,     324.64,     74.1,     88.2,     -1.7
67,     23.11.2014 11:11:16,     86.1,     182.91,     192,     2.8,     4.7,     7.4,     5.6,     79.4,     1015.4,     324.69,     253.2,     88.2,     -178.2,     12.832,     7.19,     84.3
68,     23.11.2014 11:21:16,     106.05,     223.11,     189,     3.3,     5.7,     9.1,     5.7,     78.9,     1015,     324.69,     73.4,     88.6,     -1.3
69,     23.11.2014 11:31:16,     90.3,     188.94,     197,     1.8,     4.5,     8.2,     5.8,     78.8,     1015.1,     324.69,     254.7,     88.1,     -178.1
70,     23.11.2014 11:41:16,     86.1,     178.89,     206,     2,     4.3,     7,     5.9,     77.7,     1015.1,     324.69,     253.1,     87.9,     -177.9
71,     23.11.2014 11:51:16,     88.2,     184.92,     196,     2.8,     5.3,     8.6,     5.9,     78,     1014.8,     324.69,     254.1,     87.4,     -177.5
72,     23.11.2014 12:01:16,     89.25,     184.92,     207,     3.5,     5.3,     7.4,     5.9,     77.9,     1014.9,     324.69,     253.5,     87.9,     -177.9
73,     23.11.2014 12:11:16,     84,     168.84,     199,     2.6,     4.7,     8,     6,     77.7,     1014.9,     324.69,     73.6,     88,     -1.9,     12.658,     7.19,     84.5
74,     23.11.2014 12:21:16,     147,     301.5,     196,     2.6,     4.2,     6.7,     6.2,     79,     1014.7,     324.69,     73.6,     87.5,     -2.4
75,     23.11.2014 12:31:16,     212.1,     393.96,     191,     2.9,     5.3,     8.1,     6.4,     77.4,     1014.4,     324.69,     74.5,     87.5,     -2.4
76,     23.11.2014 12:41:16,     115.5,     231.15,     196,     2.4,     4.2,     6.2,     6.7,     77.4,     1014.4,     324.69,     73.7,     88,     -2
77,     23.11.2014 12:51:16,     112.35,     223.11,     196,     2.3,     5.3,     9.2,     6.9,     76.5,     1014.1,     324.69,     252.5,     87.3,     -177.3
78,     23.11.2014 13:01:16,     139.65,     273.36,     202,     2.4,     5.4,     8.8,     6.8,     75.9,     1014.3,     324.69,     74.2,     88.1,     -1.8
79,     23.11.2014 13:11:17,     87.15,     180.9,     211,     1.7,     4,     6.7,     6.8,     76.4,     1014.3,     324.69,     73.8,     87.9,     -2,     12.929,     8.17,     84.1
80,     23.11.2014 13:21:17,     164.85,     307.53,     203,     1.2,     4.4,     7,     6.8,     76.2,     1014.2,     324.69,     74.1,     88,     -1.9
81,     23.11.2014 13:31:17,     142.8,     277.38,     199,     2.7,     4.9,     8.3,     7.1,     76.2,     1014,     324.69,     75,     88,     -1.9
82,     23.11.2014 13:41:17,     186.9,     349.74,     200,     3,     5.3,     8.3,     7.3,     75.3,     1013.7,     324.69,     74.1,     88,     -1.9
83,     23.11.2014 13:51:17,     174.3,     321.6,     197,     2.3,     4.9,     8.4,     7.6,     74.6,     1013.5,     324.69,     253.8,     87.9,     -177.9
84,     23.11.2014 14:01:17,     102.9,     201,     200,     2.5,     5.2,     8.7,     7.6,     73.8,     1013.4,     324.69,     255.4,     87.9,     -177.9
85,     23.11.2014 14:11:16,     121.8,     217.08,     203,     2.1,     4.7,     8.7,     7.8,     74.4,     1013.6,     324.69,     74.1,     88.3,     -1.6,     13.281,     9.04,     83.9
86,     23.11.2014 14:21:16,     59.85,     114.57,     209,     1.9,     4.4,     7.1,     7.9,     73.9,     1013.7,     324.69,     74.3,     87.9,     -2
87,     23.11.2014 14:31:16,     109.2,     190.95,     211,     2.3,     4.9,     7.7,     7.9,     73.9,     1013.7,     324.69,     254.5,     87.9,     -177.9
88,     23.11.2014 14:41:16,     57.75,     110.55,     207,     2.8,     5,     7.4,     8,     73.7,     1013.6,     324.69,     73.4,     88,     -1.9
89,     23.11.2014 14:51:16,     44.1,     82.41,     208,     1.8,     4.9,     8.2,     7.9,     73.7,     1013.5,     324.69,     254.9,     87.6,     -177.6
90,     23.11.2014 15:01:16,     39.9,     76.38,     204,     3,     5.4,     8.5,     7.8,     74.4,     1013.4,     324.69,     74.4,     87.7,     -2.2
91,     23.11.2014 15:11:16,     28.35,     56.28,     206,     3.2,     5.5,     9,     7.7,     74.2,     1013.4,     324.69,     254.3,     87.3,     -177.3,     12.792,     9.36,     83.7
92,     23.11.2014 15:21:16,     18.9,     38.19,     202,     2.6,     4.5,     7.3,     7.7,     75.1,     1013.4,     324.69,     253.6,     88,     -178
93,     23.11.2014 15:31:16,     17.85,     34.17,     205,     2.2,     3.6,     5.9,     7.7,     76.7,     1013.4,     324.69,     253.7,     88.1,     -178.1
94,     23.11.2014 15:41:16,     8.4,     20.1,     207,     1.7,     3.4,     5.5,     7.6,     77,     1013.4,     324.69,     253.6,     88.1,     -178.1
95,     23.11.2014 15:51:16,     3.15,     10.05,     206,     2.3,     3.8,     6,     7.6,     76.5,     1013.3,     324.69,     73.6,     88,     -2
96,     23.11.2014 16:01:16,     1.05,     6.03,     203,     2.1,     3.7,     6.8,     7.5,     76.1,     1013.1,     324.69,     73.9,     87.9,     -2
97,     23.11.2014 16:11:16,     -1.05,     2.01,     200,     2.6,     4.4,     7,     7.5,     76.6,     1013,     324.69,     73.7,     88.3,     -1.6,     12.624,     8.49,     84.1
98,     23.11.2014 16:21:16,     -3.15,     0,     200,     2.2,     4.4,     7.4,     7.4,     76.5,     1013,     324.69,     253.4,     88.1,     -178.1
99,     23.11.2014 16:31:16,     -3.15,     0,     200,     2.4,     4.1,     6.1,     7.4,     76.6,     1013,     324.69,     254.4,     87.9,     -177.9
100,     23.11.2014 16:41:16,     -4.2,     0,     199,     2.5,     4.4,     6.7,     7.4,     76.4,     1012.9,     324.69,     253.2,     88,     -178
101,     23.11.2014 16:51:16,     -3.15,     -2.01,     201,     2.1,     4,     5.8,     7.3,     77.9,     1012.9,     324.69,     253.1,     87.9,     -177.9
102,     23.11.2014 17:01:16,     -3.15,     0,     203,     2,     3.9,     5.8,     7.2,     77.4,     1012.8,     324.69,     73.4,     87.8,     -2.1
103,     23.11.2014 17:11:21,     -3.15,     -2.01,     199,     2.1,     3.9,     6.5,     7.2,     77.9,     1012.8,     324.69,     253.7,     87.9,     -177.9,     12.577,     7.67,     84.4
104,     23.11.2014 17:21:21,     -3.15,     0,     201,     1.8,     3.8,     6.2,     7.2,     77.8,     1012.9,     324.69,     253.2,     88.1,     -178.1
105,     23.11.2014 17:31:21,     -3.15,     0,     200,     2,     3.5,     6,     7.2,     78.2,     1012.9,     324.69,     253.5,     87.9,     -177.9
106,     23.11.2014 17:41:21,     -4.2,     0,     197,     2.2,     4.1,     6.3,     7.2,     78,     1012.7,     324.69,     253.7,     88.5,     -178.5
107,     23.11.2014 17:51:21,     -4.2,     -2.01,     197,     2.2,     3.9,     6.7,     7.1,     78.3,     1012.7,     324.69,     253.9,     88.3,     -178.3
108,     23.11.2014 18:01:21,     -4.2,     -2.01,     202,     1.8,     4.4,     7.3,     7.1,     78.7,     1012.6,     324.69,     253.9,     88.2,     -178.2
109,     23.11.2014 18:11:17,     -3.15,     -2.01,     208,     2.4,     4.3,     8.1,     7.1,     79.1,     1012.8,     324.69,     255.6,     88,     -178,     12.554,     7.15,     84.6
110,     23.11.2014 18:21:17,     -4.2,     -2.01,     204,     2.9,     4.7,     7.3,     7,     79.1,     1012.7,     324.69,     73.8,     88.2,     -1.7
111,     23.11.2014 18:31:17,     -3.15,     -2.01,     205,     2.9,     4.6,     7,     7,     78.8,     1012.6,     324.69,     254.4,     87.5,     -177.5
112,     23.11.2014 18:41:17,     -3.15,     -2.01,     200,     2.8,     4.8,     7.6,     6.9,     79.3,     1012.5,     324.69,     253.7,     87.7,     -177.7
113,     23.11.2014 18:51:17,     -3.15,     0,     200,     2.8,     5.3,     9.7,     6.9,     79.1,     1012.2,     324.69,     255.1,     87.6,     -177.6
114,     23.11.2014 19:01:17,     -4.2,     -2.01,     200,     3.4,     5.4,     8.4,     6.9,     78.9,     1012.1,     324.69,     253.8,     87.9,     -178
115,     23.11.2014 19:11:16,     -3.15,     -2.01,     200,     3.7,     5.9,     9.4,     7,     78.7,     1012,     324.69,     254.7,     88.4,     -178.4,     12.529,     7.03,     84.7
116,     23.11.2014 19:21:16,     -4.2,     -2.01,     201,     4.1,     6.5,     10,     7,     78.7,     1011.9,     324.69,     254,     87.3,     -177.4
117,     23.11.2014 19:31:16,     -2.1,     -2.01,     200,     3.3,     6,     9.6,     6.9,     79.2,     1011.7,     324.69,     254.5,     88.1,     -178.1
118,     23.11.2014 19:41:16,     -3.15,     0,     200,     3.7,     5.9,     8.8,     6.9,     79.1,     1011.7,     324.69,     254.2,     87.7,     -177.8
119,     23.11.2014 19:51:16,     -2.1,     -2.01,     202,     3.4,     6.2,     9.2,     7,     78.8,     1011.7,     324.69,     74.4,     88.3,     -1.5
120,     23.11.2014 20:01:16,     -3.15,     -2.01,     202,     3.4,     5.5,     9,     6.9,     79.2,     1011.6,     324.69,     74.6,     87.3,     -2.6
121,     23.11.2014 20:11:16,     -4.2,     -2.01,     204,     3.4,     6,     8.6,     7,     78.9,     1011.6,     324.69,     74.6,     88.2,     -1.7,     12.514,     7.05,     84.7
122,     23.11.2014 20:21:16,     -3.15,     -2.01,     205,     3.6,     5.5,     8.1,     7,     79.2,     1011.6,     324.69,     73.9,     88,     -1.9
123,     23.11.2014 20:31:16,     -3.15,     -4.02,     201,     3.7,     6,     10.6,     7,     78.5,     1011.4,     324.69,     254.2,     88.2,     -178.2
124,     23.11.2014 20:41:16,     -3.15,     -2.01,     201,     3.4,     5.8,     8.8,     7,     79.1,     1011.3,     324.69,     254.4,     87.8,     -177.8
125,     23.11.2014 20:51:16,     -3.15,     -4.02,     199,     3.8,     6.5,     10.4,     7,     79.1,     1011.2,     324.69,     74.1,     88.1,     -1.8
126,     23.11.2014 21:01:16,     -3.15,     0,     200,     3.8,     6.3,     9.6,     6.9,     79.8,     1011.1,     324.69,     252.4,     88.1,     -178.3
127,     23.11.2014 21:11:17,     -3.15,     0,     202,     3.3,     6.3,     9.9,     6.9,     79.7,     1011.1,     324.69,     254.8,     87.2,     -177.2,     12.514,     7.13,     84.6
128,     23.11.2014 21:21:17,     -4.2,     -2.01,     201,     3.4,     5.9,     9.3,     6.8,     80.1,     1011.2,     324.69,     253.6,     87.5,     -177.5
129,     23.11.2014 21:31:17,     -2.1,     0,     205,     3.3,     5.4,     8.8,     6.8,     80.5,     1011.3,     324.69,     253.8,     87.9,     -177.9
130,     23.11.2014 21:41:17,     -3.15,     0,     204,     3.5,     5.7,     8.8,     6.7,     80,     1011.4,     324.69,     253.5,     87.4,     -177.4
131,     23.11.2014 21:51:17,     -3.15,     -2.01,     207,     3.5,     5.9,     9.6,     6.7,     80.8,     1011.3,     324.69,     74.8,     87.9,     -2
132,     23.11.2014 22:01:17,     -4.2,     -2.01,     204,     3.6,     5.9,     9.8,     6.7,     80.8,     1011.2,     324.69,     253.5,     88.5,     -178.5
133,     23.11.2014 22:11:16,     -2.1,     -2.01,     200,     4,     6.1,     9.1,     6.7,     80.6,     1011.1,     324.69,     253.5,     87.7,     -177.7,     12.484,     6.97,     84.7
134,     23.11.2014 22:21:16,     -3.15,     -2.01,     199,     3.6,     5.4,     8.3,     6.6,     80.8,     1011,     324.69,     253.4,     88,     -178
135,     23.11.2014 22:31:16,     -4.2,     -2.01,     199,     3.1,     5.5,     9,     6.6,     80.6,     1010.8,     324.69,     253.4,     88.1,     -178.2
136,     23.11.2014 22:41:16,     -4.2,     -2.01,     200,     3.3,     5.8,     9,     6.6,     80.2,     1010.7,     324.69,     253.3,     88,     -178
137,     23.11.2014 22:51:16,     -3.15,     0,     201,     3.6,     6,     10.7,     6.6,     80.3,     1010.7,     324.69,     253.6,     88.1,     -178.1
138,     23.11.2014 23:01:16,     -4.2,     -2.01,     202,     3.1,     5.9,     9.9,     6.6,     80,     1010.5,     324.69,     254,     87.6,     -177.6
139,     23.11.2014 23:11:17,     -4.2,     -2.01,     201,     3.1,     5.9,     10.4,     6.5,     80.6,     1010.5,     324.69,     75.7,     87.5,     -2.4,     12.480,     6.81,     84.8
140,     23.11.2014 23:21:17,     -4.2,     -2.01,     202,     3.1,     5.8,     10.4,     6.5,     80.8,     1010.4,     324.69,     73.4,     87.5,     -2.5
141,     23.11.2014 23:31:17,     -2.1,     -2.01,     198,     3.5,     6.4,     9.7,     6.5,     80.5,     1010.1,     324.69,     252.7,     88.6,     -178.6
142,     23.11.2014 23:41:17,     -3.15,     -2.01,     198,     3.5,     6.2,     9.4,     6.5,     79.7,     1010,     324.69,     73.4,     88.4,     -1.5
143,     23.11.2014 23:51:17,     -3.15,     -2.01,     198,     2.6,     5.7,     9.1,     6.5,     80.2,     1009.9,     324.69,     73.8,     88.3,     -1.6
144,     24.11.2014 00:01:16,     -3.15,     -4.02,     196,     3.6,     6.2,     9.5,     6.5,     79.5,     1009.7,     324.69,     255.1,     88.9,     -179,     12.416,     6.80,     84.8