Logger: #D10248 'TSK_Meteo' - USP_EXP2 (V2.10, Jan 24 2012)
No,     Time,     #1:W/m²:0,     #2:ÂµMol:(do.),     #5:deg:2,     #6:m/sMIN:(do.),     #7:m/sMIT:(do.),     #8:m/sMAX:(do.),     #9:Â°C:(do.),     #10:%:(do.),     #11:hPa:(do.),     #12:mm:(do.),     #14:AZ:3,     #15:EL:(do.),     #16:Roll:(do.),     #HK-Bat:V,     #HK-Temp:oC,     #HK-rH:%
(GSM Transfer OK / Signal:14)
1,     08.02.2015 00:11:16,     -3.15,     -2.01,     353,     3.6,     7,     12.2,     3.2,     72,     1005.9,     432.38,     79.4,     86.7,     2.5,     12.198,     3.73,     90.3
2,     08.02.2015 00:21:16,     -3.15,     0,     348,     3.9,     7.3,     12.2,     3.1,     72,     1005.8,     432.38,     74,     88.5,     -1
3,     08.02.2015 00:31:16,     -4.2,     -2.01,     353,     3.2,     7,     13,     3.1,     70.3,     1005.8,     432.38,     253.8,     83,     -173
4,     08.02.2015 00:41:16,     -2.1,     0,     354,     4,     8.5,     13.2,     3.2,     67.8,     1005.9,     432.38,     82,     86.3,     3.6
5,     08.02.2015 00:51:16,     -4.2,     -2.01,     356,     4.4,     8.4,     14.6,     3.1,     66.3,     1005.8,     432.38,     73.3,     87.5,     -2.2
6,     08.02.2015 01:01:16,     -2.1,     -2.01,     0,     0,     0,     0,     3,     64.1,     1005.6,     432.38,     254.8,     87.4,     -177.4
7,     08.02.2015 01:11:16,     -3.15,     0,     0,     0,     0,     0,     2.9,     63.4,     1005.8,     432.38,     253.5,     84.4,     -174.4,     12.374,     2.89,     92.2
8,     08.02.2015 01:21:16,     -2.1,     0,     359,     3.8,     8.3,     13.3,     2.9,     64.2,     1006,     432.38,     253.3,     84.2,     -174.2
9,     08.02.2015 01:31:16,     -3.15,     -2.01,     0,     4,     7.9,     12.9,     2.8,     63.3,     1006.1,     432.38,     74.1,     88.5,     -1.2
10,     08.02.2015 01:41:16,     -3.15,     -4.02,     2,     3.5,     8.3,     13.7,     2.8,     63,     1006.1,     432.38,     75.8,     88.4,     1.1
11,     08.02.2015 01:51:16,     -4.2,     -2.01,     3,     3.8,     7.3,     13.1,     2.7,     64.7,     1006.4,     432.38,     254.5,     83.4,     -173.5
12,     08.02.2015 02:01:16,     -3.15,     0,     358,     4.1,     6.9,     11,     2.6,     65.2,     1006.3,     432.38,     253,     85,     -175.1
13,     08.02.2015 02:11:16,     -4.2,     -2.01,     0,     0,     0,     0,     2.5,     66,     1006.3,     432.38,     74.2,     85.7,     -4.1,     12.355,     2.59,     92.3
14,     08.02.2015 02:21:16,     -3.15,     0,     7,     3.9,     7.8,     13.2,     2.4,     65.8,     1006.4,     432.38,     74.7,     89.1,     0.6
15,     08.02.2015 02:31:16,     -3.15,     -2.01,     7,     4,     8,     13.8,     2.4,     67.6,     1006.5,     432.38,     253.1,     86.6,     -176.9
16,     08.02.2015 02:41:16,     -3.15,     0,     3,     3.7,     8.1,     14,     2.3,     67.3,     1006.5,     432.38,     253.8,     87.6,     -177.8
17,     08.02.2015 02:51:16,     -4.2,     -2.01,     8,     4.6,     8.4,     13.1,     2.2,     66.2,     1006.7,     432.38,     253.4,     87.5,     -177.6
18,     08.02.2015 03:01:16,     -4.2,     -2.01,     14,     4.3,     8.5,     15.4,     2.2,     66.2,     1006.9,     432.38,     252.7,     82.9,     -173
19,     08.02.2015 03:11:17,     -3.15,     -2.01,     20,     5,     9.3,     14.6,     2.3,     64,     1007,     432.38,     73.2,     86.3,     -3.3,     13.849,     2.21,     92.6
20,     08.02.2015 03:21:17,     -3.15,     0,     19,     4.9,     8.2,     11.8,     2.2,     64.4,     1007.1,     432.38,     253.4,     80.1,     -170.2
21,     08.02.2015 03:31:17,     -3.15,     -2.01,     22,     5.2,     8.8,     14.4,     2.2,     65.5,     1007.2,     432.38,     72.3,     89.1,     -0.8
22,     08.02.2015 03:41:17,     -4.2,     -2.01,     20,     5.2,     8.6,     12.3,     2.2,     65.7,     1007.3,     432.38,     72.4,     86,     -3.9
23,     08.02.2015 03:51:17,     -3.15,     -2.01,     21,     5.5,     9.2,     13,     2.2,     65.7,     1007.4,     432.38,     253.3,     84.6,     -174.6
24,     08.02.2015 04:01:17,     -4.2,     -2.01,     21,     5.5,     8.3,     14,     2.1,     65.5,     1007.6,     432.38,     247.3,     87,     177.2
25,     08.02.2015 04:11:16,     -3.15,     0,     18,     4.6,     9.1,     13.5,     2.1,     66.3,     1007.6,     432.38,     240.9,     84.8,     174.8,     13.811,     2.09,     92.6
26,     08.02.2015 04:21:16,     -3.15,     0,     16,     6.3,     8.7,     13.7,     2,     65.5,     1007.7,     432.38,     75.6,     88.7,     0.9
27,     08.02.2015 04:31:16,     -4.2,     -2.01,     16,     4.2,     6.9,     10.4,     1.8,     67.9,     1007.8,     432.38,     253.7,     86.1,     -176.1
28,     08.02.2015 04:41:16,     -4.2,     -2.01,     12,     4.8,     7.5,     11.7,     1.8,     66.7,     1007.9,     432.38,     74.1,     86.1,     -3.6
29,     08.02.2015 04:51:16,     -4.2,     0,     12,     3.7,     6.7,     10.6,     1.8,     65.4,     1008,     432.38,     73.6,     86.6,     -3.3
30,     08.02.2015 05:01:16,     -4.2,     -4.02,     14,     4.2,     7.4,     13.5,     1.8,     66.1,     1008,     432.38,     254,     86.5,     -176.5
31,     08.02.2015 05:11:17,     -3.15,     -2.01,     15,     4.4,     7.4,     10.8,     1.8,     67,     1008.2,     432.38,     72.3,     89.4,     0.1,     13.837,     1.76,     92.8
32,     08.02.2015 05:21:17,     -3.15,     0,     32,     5,     10.7,     17.4,     0.9,     66.7,     1009.1,     432.38,     70.7,     82.7,     -6.7
33,     08.02.2015 05:31:17,     -1.05,     0,     47,     5.1,     10.3,     17,     -0.6,     86.8,     1009.8,     432.38,     72.2,     86.9,     -2.7
34,     08.02.2015 05:41:17,     -1.05,     -2.01,     68,     2.1,     6.6,     13.1,     -1.1,     87.7,     1009.3,     432.38,     71.9,     89.3,     0.5
35,     08.02.2015 05:51:17,     -2.1,     2.01,     59,     1.7,     4,     6.8,     -0.9,     86.6,     1009.4,     432.38,     72.6,     88.3,     -1.6
36,     08.02.2015 06:01:17,     -6.3,     -4.02,     33,     2.3,     4.5,     6.5,     -0.6,     83.7,     1009.4,     432.38,     252.2,     88.7,     -179.5
37,     08.02.2015 06:11:16,     -4.2,     -2.01,     14,     1.5,     4,     6,     -0.6,     82.1,     1009.6,     432.38,     253.2,     88.2,     -178.2,     12.796,     0.55,     92.6
38,     08.02.2015 06:21:16,     -4.2,     -2.01,     36,     1.5,     3.1,     5.1,     -0.6,     82.2,     1009.8,     432.38,     73.4,     88.3,     -1.6
39,     08.02.2015 06:31:16,     -3.15,     -4.02,     7,     1.7,     4.1,     6.9,     -0.4,     82.1,     1009.9,     432.38,     73.9,     88.3,     -1.6
40,     08.02.2015 06:41:16,     -2.1,     -2.01,     5,     2.7,     4.7,     6.7,     -0.2,     80.2,     1010,     432.38,     73.2,     86.9,     -3
41,     08.02.2015 06:51:16,     -1.05,     -2.01,     13,     2.6,     4.9,     8.2,     0.2,     77.2,     1010.1,     432.44,     252.9,     88.8,     -179
42,     08.02.2015 07:01:16,     -3.15,     0,     5,     2.4,     4.8,     8.3,     0.4,     74.9,     1010.2,     432.44,     253.9,     88.7,     -178.7
43,     08.02.2015 07:11:16,     -3.15,     -2.01,     7,     2.7,     5.8,     9.5,     0.6,     70.2,     1010.4,     432.44,     73.4,     87.6,     -2,     12.620,     -0.15,     93.3
44,     08.02.2015 07:21:16,     -3.15,     -2.01,     22,     4.5,     7.2,     10.1,     0.9,     65.7,     1010.6,     432.44,     249.4,     88.4,     178.5
45,     08.02.2015 07:31:16,     -2.1,     0,     18,     3.2,     5.5,     8,     0.9,     67.4,     1010.8,     432.44,     72.5,     87.7,     -2.2
46,     08.02.2015 07:41:16,     -1.05,     6.03,     16,     3.1,     5.5,     7.9,     0.9,     67.8,     1010.9,     432.44,     72.7,     88.5,     -1.4
47,     08.02.2015 07:51:16,     6.3,     16.08,     10,     3.6,     5.7,     9.1,     0.9,     64.6,     1011,     432.44,     254.3,     89.4,     -179.5
48,     08.02.2015 08:01:16,     14.7,     30.15,     8,     2.6,     5.8,     7.8,     0.9,     62.8,     1011.1,     432.44,     253.1,     87.9,     -177.9
49,     08.02.2015 08:11:16,     28.35,     50.25,     8,     3.3,     5.8,     8.1,     0.9,     61.9,     1011.3,     432.44,     73.9,     86.8,     -3.1,     12.853,     0.31,     93.2
50,     08.02.2015 08:21:16,     49.35,     80.4,     5,     3,     5.3,     9.1,     0.9,     63.3,     1011.6,     432.44,     73,     87.8,     -2.1
51,     08.02.2015 08:31:16,     60.9,     100.5,     5,     3.3,     5.8,     9.2,     1,     62.2,     1011.9,     432.44,     73.5,     87.1,     -2.7
52,     08.02.2015 08:41:16,     79.8,     144.72,     17,     3.4,     6.8,     11.5,     1.2,     62.1,     1012.1,     432.44,     73.2,     89.6,     -0.1
53,     08.02.2015 08:51:16,     102.9,     180.9,     24,     4,     7.2,     10.7,     1.3,     60.2,     1012.2,     432.44,     254,     86,     -176.1
54,     08.02.2015 09:01:16,     121.8,     251.25,     32,     4.5,     7.3,     11.1,     1.4,     53.9,     1012.3,     432.44,     252.9,     88.5,     -178.5
55,     08.02.2015 09:11:16,     152.25,     245.22,     25,     4,     6.6,     9.5,     1.5,     54.2,     1012.5,     432.44,     72.7,     88.2,     -1.7,     13.451,     1.91,     93.7
56,     08.02.2015 09:21:16,     80.85,     158.79,     20,     4,     6.3,     8.4,     1.4,     56.3,     1012.6,     432.44,     252.1,     88,     -178
57,     08.02.2015 09:31:16,     180.6,     319.59,     16,     3.4,     6.2,     9,     1.5,     56.9,     1012.7,     432.44,     72.4,     84.2,     -5.8
58,     08.02.2015 09:41:16,     194.25,     345.72,     17,     4.1,     7.2,     13.1,     1.6,     56.7,     1013,     432.44,     72.1,     85.3,     -4.6
59,     08.02.2015 09:51:16,     217.35,     361.8,     29,     5.3,     8.5,     11.9,     1.8,     54.4,     1013.2,     432.44,     74.7,     88.5,     1.4
60,     08.02.2015 10:01:16,     238.35,     434.16,     32,     4.8,     8.4,     13.8,     1.9,     53.1,     1013.3,     432.44,     71.5,     82.6,     -7.2
61,     08.02.2015 10:11:16,     250.95,     410.04,     38,     6.4,     10,     14.2,     1.9,     50.8,     1013.5,     432.44,     71.6,     85.9,     -3.8,     13.360,     3.27,     92.7
62,     08.02.2015 10:21:16,     266.7,     488.43,     33,     5.5,     8.7,     12,     2,     51.6,     1013.6,     432.44,     252.6,     82.7,     -172.7
63,     08.02.2015 10:31:16,     280.35,     512.55,     35,     5.2,     10.5,     16.1,     2.1,     51.6,     1013.7,     432.44,     76.3,     87.1,     2.7
64,     08.02.2015 10:41:16,     298.2,     568.83,     36,     5.9,     10.3,     16.1,     2.1,     48.5,     1013.8,     432.44,     73.2,     86.6,     -2.9
65,     08.02.2015 10:51:16,     118.65,     239.19,     32,     4.9,     9.8,     15.3,     2.2,     50,     1013.9,     432.44,     74.2,     88.7,     -1.1
66,     08.02.2015 11:01:16,     327.6,     584.91,     26,     6.1,     10.5,     16,     2.1,     50.8,     1014.1,     432.44,     70,     81.2,     -8.7
67,     08.02.2015 11:11:16,     324.45,     607.02,     39,     5.6,     9.7,     14.8,     2.1,     50.2,     1014.3,     432.44,     250.8,     85.4,     -175.6,     13.826,     3.75,     92.1
68,     08.02.2015 11:21:16,     367.5,     594.96,     40,     5.9,     10.8,     16.4,     2.1,     51.3,     1014.4,     432.44,     251.3,     89.5,     179.6
69,     08.02.2015 11:31:16,     135.45,     265.32,     36,     6.5,     10.5,     17.6,     2.3,     55.5,     1014.6,     432.44,     248.3,     88.4,     178.6
70,     08.02.2015 11:41:16,     345.45,     615.06,     23,     6.3,     9.6,     14.8,     1.9,     59.6,     1014.7,     432.44,     72.6,     89.4,     0.2
71,     08.02.2015 11:51:16,     361.2,     703.5,     32,     5.7,     9.4,     13.1,     1.9,     58.9,     1014.7,     432.44,     252.8,     88.8,     -179
72,     08.02.2015 12:01:16,     359.1,     631.14,     19,     5.2,     8,     12.6,     1.9,     61.5,     1014.6,     432.44,     253.7,     88,     -178.1
73,     08.02.2015 12:11:16,     256.2,     357.78,     19,     5.6,     9.2,     12.7,     1.9,     61.5,     1014.6,     432.44,     71.6,     87,     -2.3,     13.748,     4.21,     91.8
74,     08.02.2015 12:21:16,     288.75,     480.39,     23,     6.4,     9.5,     14.6,     1.9,     61.1,     1014.6,     432.44,     72.2,     82.6,     -7.3
75,     08.02.2015 12:31:16,     357,     609.03,     30,     6.8,     10,     14.1,     2,     58,     1014.6,     432.44,     72.1,     88.3,     -1.6
76,     08.02.2015 12:41:16,     352.8,     532.65,     28,     7,     10.7,     14.2,     2.1,     58,     1014.6,     432.44,     70.8,     86.4,     -3.3
77,     08.02.2015 12:51:16,     432.6,     789.93,     21,     5.3,     8.9,     13.4,     2.2,     58.3,     1014.7,     432.44,     73,     86.2,     -3.7
78,     08.02.2015 13:01:16,     365.4,     641.19,     18,     6.8,     9.7,     13,     2.2,     57.8,     1014.7,     432.44,     251.8,     87.5,     -177.5
79,     08.02.2015 13:11:16,     175.35,     293.46,     24,     5.2,     9.1,     12.5,     2.2,     59.3,     1014.8,     432.44,     73.6,     88.9,     0.5,     13.837,     4.47,     91.6
80,     08.02.2015 13:21:16,     154.35,     303.51,     21,     5.3,     8.2,     12.7,     2.3,     57.9,     1014.8,     432.44,     250.7,     87.6,     177.9
81,     08.02.2015 13:31:16,     350.7,     611.04,     17,     5.5,     9.3,     12.4,     2.2,     58.4,     1014.6,     432.44,     251.4,     86.9,     -177.6
82,     08.02.2015 13:41:16,     376.95,     655.26,     19,     5.6,     9.4,     13.4,     2.3,     60.9,     1014.8,     432.44,     73.9,     88.2,     -1.7
83,     08.02.2015 13:51:16,     182.7,     349.74,     24,     5.9,     9.5,     15.5,     2.4,     62,     1014.9,     432.44,     252.5,     88,     -178.4
84,     08.02.2015 14:01:16,     181.65,     335.67,     25,     5.2,     7.8,     11.2,     2.4,     58.4,     1015,     432.44,     73.8,     86.2,     -3.6
85,     08.02.2015 14:11:16,     192.15,     349.74,     23,     5.7,     8.8,     12.2,     2.4,     60.3,     1015.1,     432.44,     76.3,     88.4,     0.7,     13.826,     4.33,     91.5
86,     08.02.2015 14:21:16,     165.9,     303.51,     21,     5.3,     8.3,     11.8,     2.4,     57,     1015.2,     432.44,     71.7,     82.2,     -7.7
87,     08.02.2015 14:31:16,     160.65,     293.46,     36,     4.9,     8.1,     13.3,     2.3,     54.4,     1015.2,     432.44,     251.4,     88.8,     -179.8
88,     08.02.2015 14:41:16,     186.9,     335.67,     29,     4.6,     8.1,     11.7,     2.3,     56.5,     1015.3,     432.44,     72.8,     89.2,     0.7
89,     08.02.2015 14:51:16,     175.35,     315.57,     25,     4.2,     8.4,     13,     2.3,     58.7,     1015.3,     432.44,     73.3,     86.3,     -3.6
90,     08.02.2015 15:01:16,     186.9,     321.6,     20,     4.4,     8,     12.1,     2.4,     55.4,     1015.4,     432.44,     73.5,     84.7,     -5.2
91,     08.02.2015 15:11:16,     185.85,     309.54,     20,     4.5,     7.8,     10.8,     2.4,     56.1,     1015.4,     432.44,     252.5,     88.8,     -178.8,     13.832,     3.83,     91.9
92,     08.02.2015 15:21:16,     105,     184.92,     11,     4.6,     7.7,     12.2,     2.4,     57.4,     1015.4,     432.44,     79.3,     87.1,     2.8
93,     08.02.2015 15:31:16,     107.1,     190.95,     8,     4.7,     7.3,     11,     2.4,     56.6,     1015.5,     432.44,     74.7,     88.4,     -1.5
94,     08.02.2015 15:41:16,     103.95,     180.9,     4,     4.7,     6.9,     9.7,     2.4,     57.4,     1015.4,     432.44,     75.4,     89,     0.8
95,     08.02.2015 15:51:16,     89.25,     150.75,     10,     4.3,     7.4,     11.8,     2.4,     57.7,     1015.5,     432.44,     73.4,     86.9,     -2.9
96,     08.02.2015 16:01:16,     90.3,     138.69,     10,     3.6,     6.5,     8.7,     2.4,     56.1,     1015.6,     432.44,     74.3,     84.5,     -5.4
97,     08.02.2015 16:11:17,     71.4,     114.57,     9,     3.6,     7.4,     11.4,     2.5,     56.1,     1015.7,     432.44,     74,     87.6,     -2.3,     13.809,     3.74,     91.7
98,     08.02.2015 16:21:17,     52.5,     80.4,     8,     3.7,     6.2,     10,     2.5,     52.9,     1015.7,     432.44,     253.2,     87.8,     -177.8
99,     08.02.2015 16:31:17,     34.65,     54.27,     7,     3.9,     6.3,     11.3,     2.5,     52.7,     1015.8,     432.44,     73,     87.6,     -2
100,     08.02.2015 16:41:17,     19.95,     38.19,     9,     4,     6.2,     9.1,     2.5,     53.7,     1015.8,     432.44,     255.1,     85.1,     -175.1
101,     08.02.2015 16:51:17,     7.35,     24.12,     5,     2.6,     5.8,     8.8,     2.4,     52.7,     1015.6,     432.44,     73.9,     88.4,     -1.5
102,     08.02.2015 17:01:17,     -2.1,     8.04,     6,     3.2,     5.3,     7.9,     2.3,     54.4,     1015.6,     432.44,     73.3,     87,     -2.9
103,     08.02.2015 17:11:16,     -2.1,     4.02,     2,     2.1,     4.5,     7.2,     2.1,     55.8,     1015.7,     432.44,     73.4,     87.9,     -2,     12.760,     2.96,     91.8
104,     08.02.2015 17:21:16,     -3.15,     0,     359,     2.7,     4.5,     7.7,     2,     56.5,     1015.8,     432.44,     73.6,     87.9,     -2
105,     08.02.2015 17:31:16,     -4.2,     -2.01,     358,     1.9,     3.6,     5.5,     1.9,     58.3,     1015.9,     432.44,     73.3,     88.1,     -1.7
106,     08.02.2015 17:41:16,     -4.2,     -2.01,     353,     2,     3.4,     5.1,     1.7,     58.7,     1015.9,     432.44,     73.2,     88,     -1.8
107,     08.02.2015 17:51:16,     -3.15,     0,     350,     1.6,     3,     5,     1.6,     60.4,     1015.7,     432.44,     73.2,     87.9,     -2
108,     08.02.2015 18:01:16,     -2.1,     0,     344,     2,     3.3,     4.9,     1.5,     62.7,     1015.8,     432.44,     73.9,     88,     -1.9
109,     08.02.2015 18:11:16,     -4.2,     -2.01,     345,     1.8,     3.3,     5.2,     1.5,     65.7,     1015.7,     432.44,     73.2,     88,     -1.9,     12.563,     1.73,     92.5
110,     08.02.2015 18:21:16,     -2.1,     -2.01,     348,     2.4,     3.7,     5.8,     1.6,     64.3,     1015.7,     432.44,     73.6,     87.7,     -2.2
111,     08.02.2015 18:31:16,     -3.15,     -2.01,     345,     1.5,     3,     5.2,     1.5,     64.3,     1015.7,     432.44,     73.8,     88,     -1.8
112,     08.02.2015 18:41:16,     -1.05,     -2.01,     345,     1.7,     3.9,     6.1,     1.6,     63.8,     1015.5,     432.44,     73.4,     88,     -1.9
113,     08.02.2015 18:51:16,     -3.15,     -4.02,     346,     2.2,     3.6,     5.2,     1.5,     64.8,     1015.5,     432.44,     73.5,     87.9,     -2
114,     08.02.2015 19:01:16,     -3.15,     0,     342,     2.5,     4.4,     6.3,     1.6,     63.4,     1015.3,     432.44,     253.5,     88.1,     -178.1
115,     08.02.2015 19:11:17,     -3.15,     0,     347,     3,     4.6,     6.3,     1.6,     62.5,     1015.4,     432.44,     73.9,     87.9,     -1.9,     12.505,     1.63,     92.5
116,     08.02.2015 19:21:17,     -4.2,     -2.01,     344,     2.4,     4.2,     6.6,     1.5,     63.4,     1015.2,     432.44,     74.5,     88.5,     -1.3
117,     08.02.2015 19:31:17,     -4.2,     0,     345,     2,     3.5,     5.8,     1.4,     63.6,     1015.2,     432.44,     73.6,     87.9,     -1.9
118,     08.02.2015 19:41:17,     -4.2,     -2.01,     341,     2,     3.7,     6.6,     1.4,     64.4,     1015,     432.44,     73.7,     88.1,     -1.8
119,     08.02.2015 19:51:17,     -2.1,     0,     338,     2.2,     3.7,     6.1,     1.3,     63.5,     1015,     432.44,     73.2,     87.8,     -2.1
120,     08.02.2015 20:01:17,     -2.1,     -2.01,     336,     2.4,     4.2,     8,     1.3,     62.9,     1014.9,     432.44,     73.8,     88,     -1.9
121,     08.02.2015 20:11:16,     -4.2,     -2.01,     338,     2.3,     3.9,     6.5,     1.3,     63,     1014.7,     432.44,     74.1,     88,     -1.9,     12.484,     1.35,     92.6
122,     08.02.2015 20:21:16,     -4.2,     0,     334,     2.3,     3.8,     6.4,     1.3,     64,     1014.5,     432.44,     73.3,     87.8,     -2
123,     08.02.2015 20:31:16,     -5.25,     -4.02,     337,     1.6,     3.5,     5.5,     1.3,     65.4,     1014.6,     432.44,     73.4,     88,     -1.9
124,     08.02.2015 20:41:16,     -5.25,     -2.01,     333,     1.7,     3,     4.8,     1.3,     65.8,     1014.4,     432.44,     73.5,     88,     -1.9
125,     08.02.2015 20:51:16,     -5.25,     -2.01,     327,     1.3,     3,     5.5,     1.2,     67.1,     1014.3,     432.44,     73.7,     88.1,     -1.8
126,     08.02.2015 21:01:16,     -4.2,     -4.02,     328,     1.3,     3.4,     6.3,     1.2,     67.8,     1014.2,     432.44,     73.5,     88.1,     -1.9
127,     08.02.2015 21:11:16,     -4.2,     0,     331,     2,     3.7,     6.3,     1.2,     68.4,     1014.1,     432.44,     73.9,     88.1,     -1.8,     13.822,     0.88,     92.7
128,     08.02.2015 21:21:16,     -3.15,     0,     333,     1.9,     3.8,     6.2,     1.3,     69.6,     1013.9,     432.44,     73.7,     88,     -1.9
129,     08.02.2015 21:31:16,     -3.15,     -2.01,     337,     2,     3.7,     5.8,     1.4,     70.8,     1014.1,     432.44,     73.9,     88,     -1.9
130,     08.02.2015 21:41:16,     -3.15,     -2.01,     333,     2.2,     3.9,     6,     1.6,     71.7,     1013.9,     432.44,     73.6,     88,     -1.8
131,     08.02.2015 21:51:16,     -3.15,     -4.02,     337,     1.8,     3.8,     6.9,     1.7,     72.8,     1013.9,     432.44,     73.6,     88,     -1.8
132,     08.02.2015 22:01:16,     -1.05,     -2.01,     333,     2.1,     3.9,     6.4,     1.7,     74,     1013.8,     432.44,     73.8,     88.2,     -1.7
133,     08.02.2015 22:11:17,     -3.15,     -4.02,     329,     2,     3.5,     5.8,     1.8,     74.7,     1013.6,     432.44,     73.7,     88.1,     -1.9,     12.690,     1.37,     92.8
134,     08.02.2015 22:21:17,     -2.1,     -2.01,     330,     1.7,     3.5,     6,     1.8,     76,     1013.4,     432.44,     73.3,     87.7,     -2.2
135,     08.02.2015 22:31:17,     -2.1,     -2.01,     327,     2.3,     4.1,     6.8,     1.9,     76.5,     1013.3,     432.44,     73.7,     88,     -1.9
136,     08.02.2015 22:41:17,     -1.05,     0,     329,     2.3,     4.3,     6.7,     2,     77.3,     1013.2,     432.44,     73.8,     88,     -1.9
137,     08.02.2015 22:51:17,     -1.05,     -2.01,     324,     1.3,     3.5,     6.2,     2,     78.6,     1012.9,     432.44,     73.3,     87.9,     -1.9
138,     08.02.2015 23:01:17,     -2.1,     -2.01,     322,     1.4,     3.2,     5.6,     2,     81.1,     1012.7,     432.44,     73.6,     88.1,     -1.8
139,     08.02.2015 23:11:16,     -3.15,     -2.01,     322,     1.4,     3.4,     6.2,     2,     82.9,     1012.7,     432.44,     73.8,     88,     -1.9,     12.503,     2.20,     92.6
140,     08.02.2015 23:21:16,     -2.1,     0,     324,     1.9,     3.4,     5.8,     2,     84.6,     1012.5,     432.44,     73.8,     87.9,     -2
141,     08.02.2015 23:31:16,     -2.1,     -2.01,     320,     1.1,     2.9,     5.8,     2,     86.1,     1012.3,     432.51,     73.4,     88.1,     -1.8
142,     08.02.2015 23:41:16,     -1.05,     -2.01,     311,     1.3,     2.8,     5,     2,     87.5,     1012.1,     432.52,     73.7,     87.9,     -2
143,     08.02.2015 23:51:16,     -1.05,     -2.01,     302,     1.6,     3.1,     5.2,     2,     88.4,     1012,     432.52,     74.1,     88.1,     -1.8
144,     09.02.2015 00:01:16,     -1.05,     0,     304,     1.4,     3.3,     5.6,     2,     89,     1011.9,     432.52,     73.4,     88,     -1.9,     12.221,     2.42,     92.5