Logger: #D10248 'TSK_Meteo' - USP_EXP2 (V2.10, Jan 24 2012)
No,     Time,     #1:W/m²:0,     #2:ÂµMol:(do.),     #5:deg:2,     #6:m/sMIN:(do.),     #7:m/sMIT:(do.),     #8:m/sMAX:(do.),     #9:Â°C:(do.),     #10:%:(do.),     #11:hPa:(do.),     #12:mm:(do.),     #14:AZ:3,     #15:EL:(do.),     #16:Roll:(do.),     #HK-Bat:V,     #HK-Temp:oC,     #HK-rH:%
(GSM Transfer OK / Signal:16)
1,     26.10.2014 00:11:16,     -2.1,     -4.02,     255,     0.7,     2.1,     3.4,     10.6,     91.7,     1014.2,     320.69,     253.8,     88,     -178,     12.457,     11.51,     78.1
2,     26.10.2014 00:21:16,     -3.15,     -2.01,     256,     1.1,     2,     3.3,     10.6,     91.5,     1014.2,     320.69,     253.6,     88,     -178
3,     26.10.2014 00:31:16,     -2.1,     0,     266,     1.2,     2.4,     4.4,     10.7,     91.4,     1014.4,     320.69,     253.6,     88,     -178
4,     26.10.2014 00:41:16,     -3.15,     -2.01,     290,     1.1,     3.5,     5.7,     10.9,     91,     1014.5,     320.69,     254.3,     88,     -178
5,     26.10.2014 00:51:16,     -1.05,     0,     298,     2.3,     4,     6.5,     10.9,     90.3,     1014.6,     320.69,     253.7,     87.9,     -177.9
6,     26.10.2014 01:01:16,     -2.1,     0,     294,     2,     3.8,     6.7,     11,     90.2,     1014.6,     320.69,     253.6,     88.1,     -178.2
7,     26.10.2014 01:11:21,     -1.05,     -2.01,     286,     1.5,     3.1,     5.7,     11,     90,     1014.6,     320.69,     253.7,     88,     -178,     12.512,     11.35,     79.7
8,     26.10.2014 01:21:21,     0,     0,     265,     0.6,     2,     3.5,     11,     90,     1014.5,     320.69,     253.6,     88,     -178.1
9,     26.10.2014 01:31:21,     -1.05,     0,     255,     0.5,     1.8,     3.7,     11,     89.9,     1014.5,     320.69,     253.7,     88,     -178
10,     26.10.2014 01:41:21,     -1.05,     0,     270,     0.9,     2.2,     3.6,     11.1,     90.3,     1014.7,     320.69,     253.6,     88,     -178
11,     26.10.2014 01:51:21,     -2.1,     -2.01,     255,     0.8,     1.9,     3.7,     11.1,     90.2,     1014.6,     320.69,     253.5,     88,     -178
12,     26.10.2014 02:01:21,     -2.1,     2.01,     238,     0.6,     1.6,     2.6,     11.1,     90.2,     1014.5,     320.69,     253.7,     88,     -178
13,     26.10.2014 02:11:16,     -2.1,     -2.01,     227,     0.7,     1.4,     2.8,     11,     90.2,     1014.4,     320.69,     253.6,     88.1,     -178.1,     12.486,     11.48,     79.7
14,     26.10.2014 02:21:16,     -1.05,     0,     249,     0.9,     1.9,     2.8,     11,     90.4,     1014.6,     320.69,     253.6,     88,     -178
15,     26.10.2014 02:31:16,     -2.1,     -2.01,     249,     0.6,     1.7,     2.7,     11,     90.4,     1014.6,     320.69,     253.6,     87.9,     -177.9
16,     26.10.2014 02:41:16,     -1.05,     0,     257,     1,     2.2,     3.6,     11.1,     90.4,     1014.6,     320.69,     253.7,     87.9,     -177.9
17,     26.10.2014 02:51:16,     -1.05,     0,     246,     1.2,     2.3,     3.5,     11.1,     90.2,     1014.6,     320.69,     253.5,     88,     -178
18,     26.10.2014 03:01:16,     -1.05,     -2.01,     248,     0.9,     1.9,     3.3,     11.1,     90,     1014.7,     320.69,     253.5,     87.9,     -178
19,     26.10.2014 03:11:22,     -1.05,     -4.02,     245,     1,     1.9,     2.8,     11.1,     90,     1014.7,     320.69,     253.7,     88,     -178,     12.454,     11.55,     79.7
20,     26.10.2014 03:21:22,     -1.05,     -2.01,     217,     0.7,     1.7,     2.7,     11,     90.1,     1014.7,     320.69,     253.4,     88,     -178
21,     26.10.2014 03:31:22,     -2.1,     -2.01,     209,     0.8,     1.8,     2.8,     11,     90.3,     1014.5,     320.69,     253.5,     88,     -178
22,     26.10.2014 03:41:22,     -1.05,     -2.01,     200,     1.3,     2.1,     3.1,     10.9,     90.6,     1014.6,     320.69,     253.5,     88,     -178
23,     26.10.2014 03:51:22,     -2.1,     -2.01,     223,     0.6,     1.7,     3,     10.9,     90.8,     1014.8,     320.69,     253.5,     88,     -178.1
24,     26.10.2014 04:01:22,     -1.05,     -2.01,     246,     1,     2.1,     3.6,     10.9,     90.9,     1014.9,     320.69,     254.1,     87.9,     -177.9
25,     26.10.2014 04:11:17,     -1.05,     0,     232,     1.4,     2.5,     3.5,     10.8,     90.8,     1014.9,     320.69,     253.7,     88,     -178,     12.438,     11.48,     79.8
26,     26.10.2014 04:21:17,     -2.1,     -2.01,     222,     1.3,     2.2,     3.5,     10.8,     90.9,     1014.8,     320.69,     254,     88.1,     -178.1
27,     26.10.2014 04:31:17,     -1.05,     -2.01,     223,     1.5,     2.2,     3.2,     10.8,     90.9,     1015,     320.69,     253.9,     88.1,     -178.1
28,     26.10.2014 04:41:17,     -1.05,     -2.01,     224,     1.2,     2.2,     3.7,     10.8,     91,     1015,     320.69,     253.5,     88,     -178
29,     26.10.2014 04:51:17,     -1.05,     -2.01,     221,     0.8,     1.9,     3.1,     10.8,     91.2,     1015.1,     320.69,     253.5,     87.9,     -177.9
30,     26.10.2014 05:01:17,     0,     0,     195,     0.7,     1.7,     2.7,     10.8,     91.1,     1014.9,     320.69,     253.4,     88,     -178
31,     26.10.2014 05:11:21,     -1.05,     -2.01,     214,     1,     1.7,     2.6,     10.8,     91.3,     1014.9,     320.69,     253.6,     88,     -178,     12.438,     11.43,     79.7
32,     26.10.2014 05:21:21,     -2.1,     -2.01,     204,     1.2,     2.2,     3.3,     10.8,     91.2,     1014.8,     320.69,     253.7,     88,     -178
33,     26.10.2014 05:31:21,     -3.15,     -2.01,     207,     1.9,     2.9,     4,     10.8,     91.2,     1014.7,     320.69,     253.6,     87.9,     -178
34,     26.10.2014 05:41:21,     -1.05,     -2.01,     216,     1.3,     2.3,     3.2,     10.8,     91.3,     1014.9,     320.69,     253.8,     88,     -178
35,     26.10.2014 05:51:21,     -1.05,     -2.01,     227,     1.3,     2.4,     3.6,     10.8,     91.2,     1015,     320.69,     253.6,     88,     -178
36,     26.10.2014 06:01:21,     -2.1,     -2.01,     216,     1.2,     2,     3,     10.9,     91.3,     1015,     320.69,     253.6,     88,     -178
37,     26.10.2014 06:11:22,     0,     -2.01,     225,     1.4,     2.3,     4.1,     11,     91.3,     1014.9,     320.69,     254.1,     88.1,     -178.1,     12.421,     11.40,     79.8
38,     26.10.2014 06:21:22,     -1.05,     -2.01,     230,     1.4,     2.3,     3.7,     11,     91.2,     1015,     320.69,     253.6,     88,     -178
39,     26.10.2014 06:31:22,     -1.05,     -2.01,     227,     1.4,     2.2,     4.1,     11,     91.2,     1015.1,     320.69,     254.2,     87.9,     -177.9
40,     26.10.2014 06:41:22,     -1.05,     -2.01,     232,     1,     2.2,     3.4,     10.9,     91.2,     1015,     320.69,     253.8,     88,     -178
41,     26.10.2014 06:51:22,     -1.05,     0,     224,     1,     2.1,     3,     11,     91.1,     1015.1,     320.69,     253.7,     88.1,     -178.1
42,     26.10.2014 07:01:22,     1.05,     2.01,     225,     1.2,     2.2,     3.6,     11,     91.2,     1015.2,     320.69,     253.7,     88,     -178
43,     26.10.2014 07:11:17,     3.15,     8.04,     227,     1.3,     2.3,     3.6,     11.1,     91.4,     1015.3,     320.69,     253.7,     88,     -178,     12.416,     11.47,     79.8
44,     26.10.2014 07:21:17,     7.35,     14.07,     237,     1,     2.5,     4.1,     11.1,     91.1,     1015.4,     320.69,     253.7,     87.9,     -177.9
45,     26.10.2014 07:31:17,     2.1,     10.05,     243,     1.5,     2.5,     3.9,     11.2,     91,     1015.6,     320.69,     253.8,     88,     -178
46,     26.10.2014 07:41:17,     2.1,     8.04,     238,     1.5,     2.7,     4.2,     11.2,     90.9,     1015.6,     320.77,     254.2,     88.1,     -178.1
47,     26.10.2014 07:51:17,     6.3,     16.08,     238,     1.4,     2.8,     4.8,     11.2,     90.9,     1015.7,     320.79,     253.8,     88,     -178
48,     26.10.2014 08:01:17,     7.35,     18.09,     250,     0.7,     2.6,     4.1,     11.3,     90.8,     1015.8,     320.79,     253.6,     88,     -178.1
49,     26.10.2014 08:11:21,     15.75,     38.19,     256,     0.3,     2.6,     4.5,     11.4,     90.9,     1015.9,     320.79,     254,     87.9,     -177.9,     12.438,     11.78,     79.7
50,     26.10.2014 08:21:21,     18.9,     46.23,     262,     1.5,     3.3,     6.4,     11.5,     90.8,     1016.1,     320.79,     254.2,     87.9,     -177.9
51,     26.10.2014 08:31:21,     35.7,     74.37,     270,     1.3,     3.1,     6.3,     11.5,     90.4,     1016.1,     320.79,     74.7,     88.1,     -1.8
52,     26.10.2014 08:41:21,     30.45,     66.33,     278,     1.3,     2.9,     5.1,     11.5,     89.8,     1016.2,     320.79,     254,     88,     -178
53,     26.10.2014 08:51:21,     37.8,     76.38,     274,     1.1,     3.2,     5.9,     11.6,     89.3,     1016.3,     320.79,     254,     87.9,     -178
54,     26.10.2014 09:01:21,     72.45,     164.82,     267,     1.3,     2.8,     5.5,     11.6,     88.5,     1016.2,     320.79,     254.2,     87.9,     -177.9
55,     26.10.2014 09:11:22,     133.35,     281.4,     265,     0.8,     2.9,     4.6,     11.7,     87.3,     1016.3,     320.79,     254.3,     88,     -178,     14.059,     12.29,     79.7
56,     26.10.2014 09:21:22,     160.65,     377.88,     269,     1.1,     2.8,     5.2,     11.7,     86.3,     1016.3,     320.79,     254.6,     87.9,     -177.9
57,     26.10.2014 09:31:22,     156.45,     325.62,     261,     1.6,     3.3,     5.7,     11.7,     85.6,     1016.2,     320.79,     254.2,     88.2,     -178.1
58,     26.10.2014 09:41:22,     301.35,     556.77,     269,     1.1,     3,     5.5,     11.8,     85,     1016.3,     320.79,     254.2,     87.9,     -177.9
59,     26.10.2014 09:51:22,     324.45,     625.11,     270,     1.6,     3.3,     5.5,     12,     83.6,     1016.3,     320.79,     74.8,     87.9,     -2
60,     26.10.2014 10:01:22,     305.55,     582.9,     272,     1,     2.4,     4.3,     12.2,     83.3,     1016.5,     320.79,     254.2,     88,     -178
61,     26.10.2014 10:11:17,     321.3,     629.13,     274,     1.1,     3.2,     5.1,     12.3,     82.2,     1016.6,     320.79,     253.8,     87.9,     -177.9,     13.404,     14.55,     78.9
62,     26.10.2014 10:21:17,     156.45,     335.67,     273,     0.7,     3.8,     6.9,     12.3,     80.1,     1016.7,     320.79,     74.8,     88.1,     -1.8
63,     26.10.2014 10:31:17,     371.7,     699.48,     267,     2.7,     4.4,     7.2,     12.4,     79.1,     1016.7,     320.79,     254.4,     87.9,     -177.9
64,     26.10.2014 10:41:17,     319.2,     609.03,     264,     2.7,     4.6,     7,     12.5,     77.6,     1016.6,     320.79,     75.5,     88.1,     -1.7
65,     26.10.2014 10:51:17,     256.2,     488.43,     260,     2.6,     4.6,     8.3,     12.5,     75.5,     1016.5,     320.79,     76.1,     87.8,     -2.1
66,     26.10.2014 11:01:17,     274.05,     514.56,     271,     2,     4.2,     6.7,     12.6,     75,     1016.6,     320.79,     74.4,     88,     -1.9
67,     26.10.2014 11:11:16,     236.25,     454.26,     272,     2,     3.8,     6.2,     12.6,     73.7,     1016.5,     320.79,     254.2,     88.1,     -178.1,     13.277,     15.21,     78.7
68,     26.10.2014 11:21:16,     327.6,     609.03,     272,     1.7,     3.6,     5,     12.8,     71.9,     1016.6,     320.79,     254.3,     87.9,     -177.9
69,     26.10.2014 11:31:16,     283.5,     534.66,     267,     1.9,     4.2,     6.6,     12.9,     70.3,     1016.5,     320.79,     74.4,     88,     -1.8
70,     26.10.2014 11:41:16,     353.85,     659.28,     267,     1.5,     5.1,     7.5,     12.9,     67,     1016.5,     320.79,     254.9,     87.6,     -177.6
71,     26.10.2014 11:51:16,     334.95,     633.15,     282,     2,     4.3,     7,     13,     67.4,     1016.4,     320.79,     74.4,     87.8,     -2.1
72,     26.10.2014 12:01:16,     263.55,     506.52,     275,     1.7,     4.3,     8.3,     13.1,     64.6,     1016.4,     320.79,     75.7,     87.9,     -2
73,     26.10.2014 12:11:16,     252,     482.4,     276,     2.5,     4.7,     8.1,     13.1,     64.6,     1016.3,     320.79,     75.4,     88.1,     -1.8,     13.491,     15.80,     78.4
74,     26.10.2014 12:21:16,     347.55,     663.3,     269,     1.9,     4.4,     7.5,     13.2,     64.4,     1016.2,     320.79,     76.4,     88.1,     -1.7
75,     26.10.2014 12:31:16,     388.5,     737.67,     261,     1,     4.9,     7.8,     13.2,     66.4,     1016.2,     320.79,     74.9,     87.9,     -2.1
76,     26.10.2014 12:41:16,     334.95,     645.21,     263,     2.3,     5,     7.7,     13.3,     64.4,     1016.2,     320.79,     75.2,     88,     -1.9
77,     26.10.2014 12:51:16,     332.85,     641.19,     267,     2.4,     4.7,     7,     13.4,     63.8,     1016.2,     320.79,     254.2,     87.6,     -177.7
78,     26.10.2014 13:01:16,     223.65,     438.18,     269,     2.9,     5.6,     9.1,     13.4,     64.9,     1016.3,     320.79,     256.5,     87.7,     -177.8
79,     26.10.2014 13:11:16,     288.75,     562.8,     272,     1.5,     4.6,     7.4,     13.4,     65,     1016.4,     320.79,     254.4,     88,     -178,     13.203,     16.16,     78.2
80,     26.10.2014 13:21:16,     295.05,     568.83,     262,     1.9,     4.5,     7.5,     13.5,     66.2,     1016.4,     320.79,     75.7,     87.9,     -2
81,     26.10.2014 13:31:16,     245.7,     474.36,     258,     3.3,     4.9,     7.9,     13.5,     66.2,     1016.3,     320.79,     254.9,     88.1,     -178
82,     26.10.2014 13:41:16,     173.25,     345.72,     265,     2,     4.6,     8,     13.5,     65.9,     1016.3,     320.79,     74.5,     88,     -1.9
83,     26.10.2014 13:51:16,     198.45,     389.94,     264,     1.3,     3.4,     5.5,     13.6,     67.2,     1016.3,     320.79,     75.4,     88,     -2
84,     26.10.2014 14:01:16,     210,     410.04,     261,     2.2,     3.6,     6.4,     13.6,     67.9,     1016.3,     320.79,     254.2,     88,     -178
85,     26.10.2014 14:11:17,     206.85,     399.99,     257,     2.1,     4.1,     6.9,     13.6,     67.6,     1016.3,     320.79,     74.7,     87.9,     -2,     13.383,     15.95,     78.4
86,     26.10.2014 14:21:17,     199.5,     389.94,     250,     1.7,     3.8,     6.9,     13.7,     68,     1016.3,     320.79,     75.2,     87.8,     -2.1
87,     26.10.2014 14:31:17,     205.8,     395.97,     262,     2,     4.2,     7.5,     13.8,     66.8,     1016.3,     320.79,     74.5,     88,     -1.9
88,     26.10.2014 14:41:17,     193.2,     361.8,     254,     2.4,     4.2,     7.5,     13.8,     66.6,     1016.3,     320.79,     75.1,     88,     -1.9
89,     26.10.2014 14:51:17,     105,     209.04,     257,     2.2,     4.1,     7,     13.8,     67.1,     1016.4,     320.79,     74.2,     87.8,     -2.1
90,     26.10.2014 15:01:17,     116.55,     225.12,     256,     2.3,     4.2,     7,     13.8,     67.5,     1016.3,     320.79,     74.1,     88,     -1.9
91,     26.10.2014 15:11:16,     95.55,     194.97,     261,     1.6,     3.1,     5.6,     13.8,     67.4,     1016.2,     320.79,     74.6,     87.9,     -2,     13.608,     15.86,     78.3
92,     26.10.2014 15:21:16,     77.7,     158.79,     261,     1.4,     3.2,     4.9,     13.7,     67.4,     1016.2,     320.79,     74.9,     87.9,     -1.9
93,     26.10.2014 15:31:16,     45.15,     96.48,     261,     1.2,     3.2,     5.3,     13.7,     69.3,     1016.2,     320.79,     74.7,     88,     -1.9
94,     26.10.2014 15:41:16,     26.25,     54.27,     258,     1,     2.9,     6.4,     13.7,     68.3,     1016.2,     320.79,     74.3,     88,     -1.9
95,     26.10.2014 15:51:16,     23.1,     48.24,     254,     1,     2.8,     4.7,     13.6,     68.7,     1016.2,     320.79,     253.9,     88,     -178
96,     26.10.2014 16:01:16,     22.05,     48.24,     258,     1.5,     3.3,     5.4,     13.6,     68.1,     1016.3,     320.79,     74.7,     88,     -1.9
97,     26.10.2014 16:11:16,     16.8,     38.19,     264,     1.4,     2.9,     4.8,     13.5,     67.4,     1016.4,     320.79,     74.7,     88,     -1.9,     12.849,     14.85,     78.9
98,     26.10.2014 16:21:16,     8.4,     18.09,     257,     2,     3.9,     7.9,     13.6,     65.5,     1016.4,     320.79,     74.8,     88,     -1.9
99,     26.10.2014 16:31:16,     5.25,     14.07,     261,     1.3,     4.1,     6.6,     13.6,     66.4,     1016.3,     320.79,     74.7,     88,     -1.9
100,     26.10.2014 16:41:16,     2.1,     6.03,     260,     1.1,     4.2,     7.8,     13.6,     63.8,     1016.3,     320.79,     254.3,     88.1,     -178
101,     26.10.2014 16:51:16,     -1.05,     2.01,     271,     1.7,     3.5,     5.8,     13.6,     64.6,     1016.4,     320.79,     73.9,     88.1,     -1.8
102,     26.10.2014 17:01:16,     -3.15,     -4.02,     262,     1.6,     3.6,     5.9,     13.5,     64.2,     1016.5,     320.79,     255.1,     87.9,     -177.9
103,     26.10.2014 17:11:16,     -2.1,     0,     253,     1.8,     3.4,     6.8,     13.5,     64.7,     1016.5,     320.79,     74.1,     88.1,     -1.9,     12.705,     14.11,     79.3
104,     26.10.2014 17:21:16,     -1.05,     -2.01,     241,     1.1,     2.6,     4.3,     13.3,     66.5,     1016.6,     320.79,     254,     87.9,     -177.9
105,     26.10.2014 17:31:16,     -1.05,     -2.01,     251,     1.3,     2.6,     4.9,     13.2,     67,     1016.7,     320.79,     253.7,     88,     -178
106,     26.10.2014 17:41:16,     -1.05,     0,     251,     1.3,     2.6,     4.1,     13.2,     67.5,     1016.7,     320.79,     73.8,     88.1,     -1.9
107,     26.10.2014 17:51:16,     -2.1,     -2.01,     242,     1.3,     2.3,     3.5,     13.1,     67.6,     1016.7,     320.79,     254,     88,     -178
108,     26.10.2014 18:01:16,     -2.1,     -2.01,     242,     1.6,     2.6,     3.8,     13.1,     67.8,     1016.7,     320.79,     254,     88.1,     -178.1
109,     26.10.2014 18:11:17,     -3.15,     0,     238,     1.3,     2.7,     4.8,     13,     67.7,     1016.8,     320.79,     253.8,     88,     -178,     12.666,     13.61,     79.4
110,     26.10.2014 18:21:17,     -2.1,     -2.01,     237,     1.2,     2.6,     3.9,     13,     69.2,     1016.8,     320.79,     253.7,     88,     -178
111,     26.10.2014 18:31:17,     -1.05,     -4.02,     239,     1.7,     2.6,     4,     12.9,     69.7,     1016.9,     320.79,     74.4,     88,     -1.9
112,     26.10.2014 18:41:17,     -2.1,     -2.01,     242,     1.3,     2.8,     4.3,     13,     68.9,     1016.9,     320.79,     73.8,     87.9,     -2
113,     26.10.2014 18:51:17,     -3.15,     -2.01,     249,     1.2,     3,     5.3,     13,     67.5,     1016.9,     320.79,     253.8,     88,     -178
114,     26.10.2014 19:01:17,     -2.1,     -4.02,     246,     1.5,     2.7,     4.1,     13,     67.9,     1016.9,     320.79,     253.9,     87.9,     -177.9
115,     26.10.2014 19:11:17,     -3.15,     -2.01,     242,     0.9,     2.6,     4.5,     13,     67.4,     1016.9,     320.79,     253.9,     88,     -178,     12.650,     13.29,     79.5
116,     26.10.2014 19:21:17,     -2.1,     -2.01,     239,     1.4,     2.6,     4.8,     12.9,     67.3,     1017,     320.79,     73.7,     88,     -1.9
117,     26.10.2014 19:31:17,     -3.15,     -2.01,     236,     1.3,     2.2,     3.4,     12.9,     67.4,     1017,     320.79,     253.9,     88,     -178
118,     26.10.2014 19:41:17,     -2.1,     -2.01,     236,     1.7,     2.8,     5.3,     12.9,     67,     1016.9,     320.79,     254.5,     88,     -178
119,     26.10.2014 19:51:17,     -2.1,     -2.01,     236,     1.9,     2.9,     4.8,     12.9,     67.5,     1016.8,     320.79,     253.8,     87.9,     -177.9
120,     26.10.2014 20:01:17,     -3.15,     -4.02,     238,     1.8,     2.7,     4,     12.9,     67.7,     1016.8,     320.79,     253.7,     88.1,     -178.1
121,     26.10.2014 20:11:16,     -2.1,     -2.01,     237,     1.1,     2.3,     4,     12.8,     67.5,     1016.9,     320.79,     254,     88,     -178,     12.616,     13.15,     79.5
122,     26.10.2014 20:21:16,     -2.1,     -4.02,     229,     1.2,     2.6,     4.5,     12.7,     68.7,     1016.9,     320.79,     253.9,     88,     -178
123,     26.10.2014 20:31:16,     -2.1,     -2.01,     232,     0.9,     2.3,     3.6,     12.7,     69.4,     1017.1,     320.79,     253.7,     88,     -178.1
124,     26.10.2014 20:41:16,     -3.15,     -2.01,     225,     1.7,     2.7,     4.3,     12.7,     70.3,     1017.1,     320.79,     253.2,     88,     -178
125,     26.10.2014 20:51:16,     -1.05,     0,     224,     1.4,     2.4,     3.8,     12.6,     70.7,     1017,     320.79,     253.7,     88,     -178
126,     26.10.2014 21:01:16,     -3.15,     -4.02,     225,     1.2,     2.6,     4.1,     12.5,     71.9,     1016.9,     320.79,     254,     87.9,     -177.9
127,     26.10.2014 21:11:16,     -3.15,     0,     223,     1.4,     2.7,     4.7,     12.4,     71.4,     1017,     320.79,     254,     88,     -178,     12.590,     12.91,     79.6
128,     26.10.2014 21:21:16,     -3.15,     -2.01,     232,     0.9,     2.5,     3.7,     12.3,     72.7,     1017,     320.79,     253.5,     88,     -177.9
129,     26.10.2014 21:31:16,     -4.2,     0,     227,     1.2,     2.7,     4.5,     12.2,     72.6,     1017,     320.79,     253.6,     87.9,     -177.9
130,     26.10.2014 21:41:16,     -3.15,     -2.01,     228,     1.1,     2.3,     3.6,     12.1,     73.3,     1017.1,     320.79,     253.7,     88,     -178
131,     26.10.2014 21:51:16,     -3.15,     4.02,     228,     1.3,     2.6,     4,     12.1,     73.5,     1017,     320.79,     73.9,     88,     -1.9
132,     26.10.2014 22:01:16,     -4.2,     -2.01,     227,     1.2,     2.3,     3.7,     12,     73.6,     1017,     320.79,     253.6,     88,     -178
133,     26.10.2014 22:11:17,     -5.25,     0,     233,     1.3,     2.3,     3.6,     11.8,     75,     1016.9,     320.79,     253.8,     88,     -177.9,     12.582,     12.14,     79.8
134,     26.10.2014 22:21:17,     -4.2,     -2.01,     225,     1.2,     2.4,     3.7,     11.6,     75.5,     1016.9,     320.79,     253.7,     88,     -178
135,     26.10.2014 22:31:17,     -4.2,     0,     227,     1.1,     2.1,     3.2,     11.4,     75.7,     1017,     320.79,     253.6,     88,     -178
136,     26.10.2014 22:41:17,     -3.15,     -2.01,     227,     1.1,     2,     3.5,     11.3,     75.9,     1017,     320.79,     253.6,     88,     -178
137,     26.10.2014 22:51:17,     -2.1,     -2.01,     228,     0.8,     2,     2.8,     11.3,     76.6,     1017,     320.79,     253.6,     88,     -178
138,     26.10.2014 23:01:17,     -3.15,     -2.01,     228,     1.1,     1.9,     2.9,     11.3,     76.4,     1017,     320.79,     253.6,     87.9,     -177.9
139,     26.10.2014 23:11:22,     -2.1,     -2.01,     220,     1.3,     2,     3,     11.2,     76.6,     1017,     320.79,     253.6,     88,     -177.9,     12.552,     11.37,     80.1
140,     26.10.2014 23:21:22,     -1.05,     0,     223,     1,     2.1,     3.4,     11.2,     76.3,     1017,     320.79,     253.6,     88,     -178
141,     26.10.2014 23:31:22,     -2.1,     0,     226,     1.2,     2.4,     3.7,     11.3,     77.3,     1017,     320.79,     253.6,     88.1,     -178.1
142,     26.10.2014 23:41:22,     -1.05,     -2.01,     228,     1.4,     2.4,     3.5,     11.3,     76.6,     1017.1,     320.79,     253.9,     88,     -178
143,     26.10.2014 23:51:22,     -2.1,     -2.01,     223,     1.5,     2.3,     3.5,     11.3,     75.9,     1017.1,     320.79,     253.8,     88.1,     -178.1
144,     27.10.2014 00:01:17,     -2.1,     0,     215,     1,     2.3,     3.4,     11.3,     76.2,     1017,     320.79,     253.7,     87.9,     -177.9,     12.482,     11.52,     80.0