Logger: #D10248 'TSK_Meteo' - USP_EXP2 (V2.10, Jan 24 2012)
No,     Time,     #1:W/m²:0,     #2:ÂµMol:(do.),     #5:deg:2,     #6:m/sMIN:(do.),     #7:m/sMIT:(do.),     #8:m/sMAX:(do.),     #9:Â°C:(do.),     #10:%:(do.),     #11:hPa:(do.),     #12:mm:(do.),     #14:AZ:3,     #15:EL:(do.),     #16:Roll:(do.),     #HK-Bat:V,     #HK-Temp:oC,     #HK-rH:%
(GSM Transfer OK / Signal:15)
1,     29.06.2014 00:11:17,     -2.1,     0,     196,     0.2,     0.9,     1.6,     14.5,     88.7,     999.8,     91.04,     255,     87.9,     -177.9,     12.469,     15.33,     68.6
2,     29.06.2014 00:21:17,     -1.05,     -2.01,     168,     0.7,     1.3,     1.8,     14.6,     89.3,     999.7,     91.04,     255.1,     88,     -178
3,     29.06.2014 00:31:17,     -2.1,     -4.02,     176,     0.2,     1.1,     1.9,     14.5,     89.6,     999.8,     91.04,     255.1,     87.9,     -177.9
4,     29.06.2014 00:41:17,     -1.05,     -2.01,     208,     0.2,     0.6,     1.3,     14.5,     89.3,     999.7,     91.04,     254.9,     88,     -178
5,     29.06.2014 00:51:17,     -2.1,     -2.01,     186,     0.4,     1.1,     2,     14.6,     89.7,     999.6,     91.04,     255,     87.8,     -177.9
6,     29.06.2014 01:01:17,     -2.1,     0,     188,     0.1,     0.9,     1.5,     14.6,     89.7,     999.7,     91.04,     255.1,     88,     -178
7,     29.06.2014 01:11:16,     -2.1,     -2.01,     202,     0,     0.5,     1.2,     14.5,     89.6,     999.5,     91.04,     255.1,     88,     -178,     12.469,     14.81,     69.8
8,     29.06.2014 01:21:16,     -2.1,     0,     118,     0.2,     0.9,     1.5,     14.5,     89.1,     999.5,     91.04,     255,     87.8,     -177.9
9,     29.06.2014 01:31:16,     -2.1,     -4.02,     104,     0.5,     1,     1.4,     14.5,     89.7,     999.4,     91.04,     255.1,     88,     -178
10,     29.06.2014 01:41:16,     -3.15,     -2.01,     90,     0.6,     1,     1.5,     14.5,     90.2,     999.3,     91.05,     255.2,     88,     -178
11,     29.06.2014 01:51:16,     -2.1,     -2.01,     112,     0.7,     1.1,     1.7,     14.4,     90.3,     999.3,     91.12,     255,     88,     -178
12,     29.06.2014 02:01:16,     -3.15,     -2.01,     90,     0.8,     1.4,     1.9,     14.3,     90.3,     999,     91.19,     255,     88,     -178
13,     29.06.2014 02:11:16,     -3.15,     -4.02,     99,     0.6,     1.2,     1.9,     14.2,     90.6,     999,     91.34,     255,     87.9,     -177.9,     12.440,     14.73,     69.9
14,     29.06.2014 02:21:16,     -2.1,     -2.01,     103,     0,     0.7,     1.4,     14.3,     90.5,     999,     91.4,     254.9,     88,     -178
15,     29.06.2014 02:31:16,     -2.1,     -2.01,     99,     0.6,     1.1,     1.6,     14.3,     90.3,     998.9,     91.45,     254.9,     88,     -178
16,     29.06.2014 02:41:16,     -2.1,     0,     71,     0.8,     1.3,     2.2,     14.3,     90.8,     998.7,     91.5,     255,     87.9,     -177.9
17,     29.06.2014 02:51:16,     -3.15,     0,     52,     0.9,     1.5,     2.2,     14.5,     91.1,     998.7,     91.54,     254.9,     87.9,     -177.9
18,     29.06.2014 03:01:16,     -2.1,     -2.01,     58,     1.2,     2.1,     2.7,     14.4,     90.7,     998.6,     91.63,     255.1,     87.9,     -177.9
19,     29.06.2014 03:11:16,     -2.1,     -2.01,     57,     1.1,     1.8,     2.9,     14.3,     91,     998.4,     91.71,     255.1,     87.9,     -177.9,     12.393,     14.65,     69.9
20,     29.06.2014 03:21:16,     -2.1,     -2.01,     51,     1.1,     1.9,     2.7,     14.4,     91.5,     998.3,     91.84,     255,     87.8,     -177.8
21,     29.06.2014 03:31:16,     -2.1,     -2.01,     54,     0.9,     2,     3.7,     14.3,     91.5,     998.4,     92.07,     254.9,     88,     -178
22,     29.06.2014 03:41:16,     -1.05,     0,     38,     1.6,     2.9,     4.2,     14.4,     91.8,     998.3,     92.29,     255,     87.8,     -177.9
23,     29.06.2014 03:51:16,     -2.1,     -2.01,     51,     1.1,     2.5,     3.8,     14.1,     91.3,     998.2,     92.5,     254.9,     87.9,     -177.8
24,     29.06.2014 04:01:16,     0,     0,     51,     1.3,     2.4,     3.8,     14.1,     91.2,     997.9,     92.86,     254.9,     88.1,     -178.2
25,     29.06.2014 04:11:18,     -1.05,     0,     46,     0.5,     2.3,     4.2,     13.6,     89.9,     997.7,     93.48,     255,     87.7,     -177.8,     12.401,     14.69,     69.8
26,     29.06.2014 04:21:18,     -1.05,     0,     48,     1.5,     2.8,     4.3,     13.4,     88.8,     997.6,     94.31,     254.7,     88,     -178
27,     29.06.2014 04:31:18,     5.25,     12.06,     48,     1,     2.9,     5,     13.3,     89.2,     997.5,     95.07,     254.6,     87.9,     -178
28,     29.06.2014 04:41:18,     2.1,     10.05,     44,     0.7,     2.9,     4.7,     13.2,     88.7,     997.3,     95.23,     254.8,     87.8,     -177.9
29,     29.06.2014 04:51:18,     2.1,     8.04,     44,     1.5,     3.2,     5.3,     13.1,     89.2,     997.1,     95.46,     254.8,     88.1,     -178.1
30,     29.06.2014 05:01:18,     6.3,     14.07,     45,     1.2,     3.1,     5.4,     13.2,     89.4,     997.1,     95.74,     254.9,     87.7,     -177.7
31,     29.06.2014 05:11:22,     10.5,     24.12,     44,     1,     2.5,     4,     13.1,     90,     997.1,     95.97,     254.8,     87.9,     -178,     12.406,     13.84,     70.1
32,     29.06.2014 05:21:22,     12.6,     30.15,     40,     1.2,     2.7,     4.5,     13.2,     90.9,     996.9,     96.45,     255,     87.9,     -177.9
33,     29.06.2014 05:31:22,     10.5,     26.13,     40,     1.3,     2.8,     4,     13.3,     90.9,     997,     96.71,     255,     87.7,     -177.7
34,     29.06.2014 05:41:22,     10.5,     28.14,     36,     1.9,     3.7,     5.6,     13.2,     90.7,     996.9,     96.95,     254.9,     87.9,     -177.9
35,     29.06.2014 05:51:22,     17.85,     44.22,     33,     2.5,     4.1,     5.5,     13.1,     90.3,     996.9,     97.31,     255.2,     88.5,     -178.5
36,     29.06.2014 06:01:22,     15.75,     36.18,     45,     1.8,     3.4,     5.7,     13.1,     90.9,     996.8,     97.76,     254.7,     87.7,     -177.8
37,     29.06.2014 06:11:21,     22.05,     52.26,     42,     1.5,     3.1,     5,     13.2,     90.5,     996.6,     98.04,     255,     87.7,     -177.7,     12.461,     13.79,     70.0
38,     29.06.2014 06:21:21,     16.8,     42.21,     48,     1.1,     3.3,     6.4,     13,     89.8,     996.6,     98.46,     255,     88,     -178
39,     29.06.2014 06:31:21,     14.7,     36.18,     48,     1,     2.9,     5.3,     13,     90.2,     996.6,     99,     255,     87.6,     -177.7
40,     29.06.2014 06:41:21,     15.75,     40.2,     46,     1.1,     2.7,     4.6,     13,     89.9,     996.6,     99.53,     255.1,     87.9,     -178
41,     29.06.2014 06:51:21,     24.15,     56.28,     43,     1.5,     3,     5.2,     13,     89.5,     996.5,     99.89,     255,     87.9,     -177.9
42,     29.06.2014 07:01:21,     29.4,     68.34,     34,     1.8,     3.7,     5.4,     12.8,     89.6,     996.5,     100.03,     254.9,     87.8,     -177.9
43,     29.06.2014 07:11:16,     33.6,     78.39,     42,     1.8,     3.6,     5.8,     12.8,     90.1,     996.3,     100.1,     254.6,     88.1,     -178.1,     12.565,     13.63,     70.1
44,     29.06.2014 07:21:16,     43.05,     102.51,     47,     0.8,     3.1,     5.4,     12.8,     90.5,     996.4,     100.16,     254.9,     87.9,     -177.9
45,     29.06.2014 07:31:16,     43.05,     104.52,     45,     1.6,     3.2,     5,     13,     91,     996.4,     100.19,     255,     87.7,     -177.7
46,     29.06.2014 07:41:16,     29.4,     68.34,     31,     1.4,     3.6,     5.2,     13,     90.6,     996.5,     100.25,     255.1,     87.8,     -177.8
47,     29.06.2014 07:51:16,     49.35,     122.61,     32,     1.4,     3.7,     5.7,     13.1,     91,     996.5,     100.29,     254.9,     87.9,     -177.9
48,     29.06.2014 08:01:16,     64.05,     150.75,     38,     2.1,     4.2,     6.6,     13.1,     90.8,     996.6,     100.32,     255,     88,     -178
49,     29.06.2014 08:11:17,     42,     96.48,     37,     2.1,     4.5,     6.5,     13.1,     90.7,     996.7,     100.33,     254.1,     88,     -178.2,     12.868,     13.73,     70.0
50,     29.06.2014 08:21:17,     26.25,     66.33,     34,     1,     4.4,     6.6,     13.1,     90.9,     996.9,     100.33,     254.9,     88.4,     -178.4
51,     29.06.2014 08:31:17,     58.8,     140.7,     32,     3.1,     4.8,     6.5,     12.9,     90.4,     997,     100.33,     254.7,     88,     -178.2
52,     29.06.2014 08:41:17,     67.2,     156.78,     38,     2.2,     4.2,     6.2,     12.8,     90.6,     997,     100.34,     255,     88.1,     -178.1
53,     29.06.2014 08:51:17,     58.8,     134.67,     29,     0.8,     4.2,     6.4,     12.8,     90.4,     997.1,     100.34,     254.9,     87.8,     -177.8
54,     29.06.2014 09:01:17,     100.8,     233.16,     30,     0.5,     3.9,     6.2,     12.9,     90.7,     997.1,     100.34,     255.1,     87.7,     -177.9
55,     29.06.2014 09:11:17,     95.55,     219.09,     34,     1.9,     4.2,     6.4,     12.9,     90.4,     997.2,     100.35,     254.9,     87.8,     -177.9,     13.241,     13.83,     70.0
56,     29.06.2014 09:21:17,     113.4,     257.28,     36,     1,     4,     5.7,     12.8,     90.3,     997.2,     100.35,     254.9,     88.1,     -178.1
57,     29.06.2014 09:31:17,     160.65,     355.77,     40,     2.4,     3.9,     5.8,     13,     90.3,     997.2,     100.35,     255.1,     87.8,     -177.8
58,     29.06.2014 09:41:17,     166.95,     365.82,     43,     2.2,     4.1,     6.5,     13,     89.8,     997.1,     100.35,     254.8,     88.1,     -178.2
59,     29.06.2014 09:51:17,     163.8,     351.75,     42,     1.6,     3.9,     6.2,     13.2,     90,     997.1,     100.35,     254.9,     88,     -178
60,     29.06.2014 10:01:17,     171.15,     381.9,     43,     2.2,     4.1,     7.7,     13.3,     89.1,     997.2,     100.35,     254.9,     87.6,     -177.6
61,     29.06.2014 10:11:22,     153.3,     339.69,     43,     1,     3.2,     5.8,     13.5,     89.5,     997.3,     100.36,     255,     88.2,     -178.3,     14.462,     14.33,     69.8
62,     29.06.2014 10:21:22,     160.65,     363.81,     38,     1.8,     3.5,     5.2,     13.6,     89.6,     997.3,     100.36,     255.1,     88.2,     -178.3
63,     29.06.2014 10:31:22,     133.35,     291.45,     46,     1.8,     3.8,     5.7,     13.6,     89,     997.3,     100.36,     255.2,     87.7,     -177.8
64,     29.06.2014 10:41:22,     89.25,     190.95,     48,     1.8,     3.2,     4.5,     13.6,     88.6,     997.3,     100.36,     255,     88.2,     -178.2
65,     29.06.2014 10:51:22,     128.1,     287.43,     41,     1.4,     3,     5.2,     13.7,     89.9,     997.4,     100.36,     255.2,     88,     -178
66,     29.06.2014 11:01:22,     94.5,     205.02,     36,     1.7,     3.3,     5.2,     13.8,     87.6,     997.7,     100.36,     255.1,     88,     -178
67,     29.06.2014 11:11:16,     137.55,     297.48,     33,     1.8,     3.1,     4.9,     13.9,     85.7,     997.7,     100.36,     255.1,     87.6,     -177.6,     13.555,     14.90,     69.7
68,     29.06.2014 11:21:16,     187.95,     406.02,     33,     2.2,     3.4,     4.7,     13.9,     86.8,     997.7,     100.36,     255,     87.8,     -177.9
69,     29.06.2014 11:31:16,     266.7,     566.82,     36,     1.9,     3.7,     6.6,     13.9,     84.5,     997.6,     100.36,     255,     87.9,     -178
70,     29.06.2014 11:41:16,     274.05,     572.85,     44,     1.7,     3.9,     6.7,     14,     85.5,     997.7,     100.36,     255,     88,     -178
71,     29.06.2014 11:51:16,     257.25,     536.67,     50,     1.4,     3.1,     4.7,     14,     83.3,     997.7,     100.36,     255.3,     88,     -177.9
72,     29.06.2014 12:01:16,     237.3,     494.46,     45,     0.8,     2.6,     4.3,     14.3,     83,     997.8,     100.36,     255.2,     88,     -178
73,     29.06.2014 12:11:16,     225.75,     480.39,     40,     1.5,     2.5,     4.3,     14.4,     83.4,     997.8,     100.36,     255.1,     88,     -178.1,     13.544,     16.51,     69.3
74,     29.06.2014 12:21:16,     198.45,     422.1,     32,     1.4,     2.6,     4.1,     14.5,     78.9,     997.9,     100.36,     255.2,     87.7,     -177.8
75,     29.06.2014 12:31:16,     254.1,     542.7,     37,     1.5,     2.5,     3.5,     14.5,     80,     998,     100.37,     255.3,     88,     -178.1
76,     29.06.2014 12:41:16,     323.4,     683.4,     18,     1.2,     2.1,     3,     14.6,     83.1,     998,     100.38,     255.4,     87.9,     -177.9
77,     29.06.2014 12:51:16,     180.6,     389.94,     355,     1.3,     2.2,     3.3,     14.5,     82.1,     998.1,     100.42,     255.2,     87.9,     -178.1
78,     29.06.2014 13:01:16,     214.2,     464.31,     0,     1.1,     2.1,     3.6,     14.6,     82.6,     998.2,     100.42,     255.3,     87.8,     -177.9
79,     29.06.2014 13:11:22,     227.85,     484.41,     355,     0.5,     2.2,     3.7,     14.6,     83,     998.3,     100.43,     255.4,     87.9,     -177.9,     13.470,     17.05,     69.4
80,     29.06.2014 13:21:22,     274.05,     588.93,     340,     0.8,     2,     3.3,     14.7,     83.6,     998.3,     100.45,     255.2,     87.9,     -177.9
81,     29.06.2014 13:31:22,     288.75,     619.08,     347,     1.1,     2.2,     3.7,     14.8,     83.2,     998.4,     100.46,     255.4,     88,     -178
82,     29.06.2014 13:41:22,     257.25,     538.68,     332,     1.1,     1.9,     3.2,     14.9,     84.1,     998.4,     100.46,     255.4,     88,     -178
83,     29.06.2014 13:51:22,     206.85,     434.16,     334,     0.1,     2.2,     3.9,     15.2,     84.9,     998.6,     100.46,     255.2,     88,     -178
84,     29.06.2014 14:01:22,     254.1,     542.7,     300,     1.3,     2.6,     4.2,     15.2,     84.2,     998.5,     100.47,     255.4,     88,     -178
85,     29.06.2014 14:11:22,     362.25,     743.7,     333,     0.4,     2.6,     4.2,     15.3,     81.1,     998.3,     100.47,     255.2,     87.9,     -177.9,     13.428,     18.08,     69.1
86,     29.06.2014 14:21:22,     836.85,     1804.98,     2,     1.8,     3.4,     5,     15.4,     77.2,     998.3,     100.47,     255.4,     87.7,     -177.7
87,     29.06.2014 14:31:22,     570.15,     1137.66,     2,     1.4,     3.2,     5.1,     15.7,     75.7,     998.2,     100.47,     255.3,     88,     -178
88,     29.06.2014 14:41:22,     341.25,     715.56,     354,     1.5,     3.2,     5.3,     15.9,     76,     998.2,     100.47,     255.5,     88,     -178
89,     29.06.2014 14:51:22,     381.15,     793.95,     335,     1.3,     2.9,     5.4,     16,     74.9,     998.6,     100.47,     255.4,     87.8,     -177.9
90,     29.06.2014 15:01:22,     596.4,     1226.1,     339,     0.2,     2.5,     4.8,     16.1,     74.1,     998.8,     100.47,     255.5,     87.8,     -177.8
91,     29.06.2014 15:11:16,     203.7,     432.15,     342,     0.8,     2.7,     4.4,     16.2,     73.8,     998.8,     100.47,     255.5,     87.8,     -177.9,     13.370,     20.30,     68.3
92,     29.06.2014 15:21:16,     161.7,     325.62,     328,     0.8,     2.4,     4.1,     16.3,     75.8,     998.7,     100.47,     255.3,     88,     -178
93,     29.06.2014 15:31:16,     51.45,     108.54,     313,     0.8,     2.6,     4.7,     16.2,     77.8,     998.7,     100.47,     255.4,     87.9,     -177.9
94,     29.06.2014 15:41:16,     36.75,     78.39,     307,     0.7,     3.1,     5.7,     15.9,     79.6,     998.9,     100.47,     255.7,     87.9,     -177.9
95,     29.06.2014 15:51:16,     38.85,     82.41,     319,     0.8,     2.5,     5.1,     15.6,     77.5,     998.9,     100.47,     255.5,     87.9,     -177.9
96,     29.06.2014 16:01:16,     73.5,     164.82,     331,     1.1,     2.5,     4.6,     15.6,     79.1,     999,     100.47,     255.3,     87.9,     -177.9
97,     29.06.2014 16:11:16,     173.25,     393.96,     323,     0.5,     1.9,     4.2,     15.6,     81,     999.2,     100.47,     255.4,     87.9,     -177.9,     13.455,     18.59,     69.1
98,     29.06.2014 16:21:16,     110.25,     243.21,     341,     1.1,     2.9,     4.8,     15.6,     79.7,     999.1,     100.47,     255.1,     88,     -178
99,     29.06.2014 16:31:16,     147,     317.58,     339,     1.7,     2.9,     4.8,     15.6,     79.7,     999.3,     100.47,     255.5,     88,     -178
100,     29.06.2014 16:41:16,     132.3,     287.43,     350,     1.3,     2.8,     4.4,     15.5,     83,     999.2,     100.47,     255.4,     87.8,     -177.8
101,     29.06.2014 16:51:16,     156.45,     331.65,     340,     0.6,     2.2,     3.6,     15.4,     82.3,     999.1,     100.47,     255.3,     88,     -178
102,     29.06.2014 17:01:16,     123.9,     259.29,     338,     0.3,     2.2,     3.9,     15.5,     80.3,     999.2,     100.47,     255.3,     88,     -178
103,     29.06.2014 17:11:22,     82.95,     178.89,     322,     0.6,     2.2,     4.2,     15.6,     81.9,     999.3,     100.47,     255.6,     88,     -178,     13.472,     17.92,     69.3
104,     29.06.2014 17:21:22,     55.65,     120.6,     289,     1.2,     2.5,     3.6,     15.5,     82.1,     999.5,     100.47,     255.4,     87.9,     -178
105,     29.06.2014 17:31:22,     78.75,     164.82,     285,     0.8,     2.3,     3.5,     15.5,     83.3,     999.5,     100.47,     255.4,     88,     -178
106,     29.06.2014 17:41:22,     76.65,     162.81,     291,     0.8,     2.2,     3.4,     15.4,     83.8,     999.4,     100.47,     255.3,     87.9,     -177.9
107,     29.06.2014 17:51:22,     85.05,     176.88,     298,     1,     2,     3.5,     15.5,     83.7,     999.2,     100.47,     255.3,     87.9,     -177.9
108,     29.06.2014 18:01:22,     74.55,     156.78,     305,     0.6,     1.9,     3.4,     15.5,     83.6,     999.2,     100.47,     255.4,     88,     -178
109,     29.06.2014 18:11:16,     63,     136.68,     290,     0.7,     1.7,     3.2,     15.6,     84.2,     999.4,     100.47,     255.2,     87.9,     -177.9,     13.561,     17.27,     69.5
110,     29.06.2014 18:21:16,     51.45,     104.52,     295,     0.3,     1.4,     2.5,     15.6,     84,     999.4,     100.47,     255.2,     87.9,     -177.9
111,     29.06.2014 18:31:16,     58.8,     120.6,     294,     0.5,     1.4,     2.4,     15.6,     84,     999.2,     100.47,     255.3,     88,     -178
112,     29.06.2014 18:41:16,     61.95,     128.64,     289,     0.2,     1.5,     2.6,     15.6,     83.9,     999.3,     100.47,     255.2,     88,     -178
113,     29.06.2014 18:51:16,     39.9,     84.42,     288,     0.9,     1.7,     2.7,     15.6,     85,     999.4,     100.47,     255.4,     87.9,     -177.9
114,     29.06.2014 19:01:16,     47.25,     92.46,     286,     0.8,     1.8,     3.2,     15.6,     85,     999.5,     100.47,     255.3,     87.9,     -177.9
115,     29.06.2014 19:11:22,     38.85,     78.39,     289,     0.8,     2.4,     5.2,     15.6,     84.3,     999.7,     100.47,     255.3,     88,     -178,     13.591,     17.00,     69.5
116,     29.06.2014 19:21:22,     44.1,     82.41,     299,     0.4,     2.4,     3.8,     15.6,     82,     999.8,     100.47,     255.3,     87.9,     -178
117,     29.06.2014 19:31:22,     59.85,     110.55,     305,     1.1,     2,     4,     15.6,     82.6,     999.7,     100.47,     255.3,     87.9,     -177.9
118,     29.06.2014 19:41:22,     35.7,     68.34,     299,     0.3,     1.5,     2.5,     15.7,     82.9,     999.8,     100.47,     255.2,     87.9,     -177.8
119,     29.06.2014 19:51:22,     24.15,     52.26,     273,     0.7,     1.4,     2.4,     15.6,     82.4,     999.7,     100.47,     255.3,     87.9,     -177.9
120,     29.06.2014 20:01:22,     15.75,     38.19,     277,     0.7,     1.8,     2.5,     15.7,     83.8,     999.9,     100.47,     255.2,     87.9,     -177.9
121,     29.06.2014 20:11:16,     4.2,     22.11,     294,     0.5,     1.7,     2.5,     15.6,     84.1,     999.9,     100.47,     255.3,     88,     -178,     12.857,     16.51,     69.6
122,     29.06.2014 20:21:16,     4.2,     16.08,     298,     0.9,     1.6,     2.4,     15.4,     84.4,     1000,     100.47,     255.3,     88,     -178
123,     29.06.2014 20:31:16,     1.05,     10.05,     306,     0.9,     1.8,     2.9,     15.4,     84.9,     1000,     100.47,     255.2,     88,     -178
124,     29.06.2014 20:41:16,     0,     6.03,     309,     0.5,     1.4,     2.4,     15.3,     85.8,     1000,     100.47,     255.3,     87.9,     -177.9
125,     29.06.2014 20:51:16,     -4.2,     2.01,     301,     0.3,     1.5,     2.7,     15,     86.2,     1000.1,     100.47,     255.3,     88,     -178
126,     29.06.2014 21:01:16,     -4.2,     0,     320,     0.1,     1.3,     3.2,     14.7,     86.6,     1000.1,     100.47,     255.1,     88,     -178
127,     29.06.2014 21:11:22,     -3.15,     0,     339,     0.1,     1.5,     2.8,     14.5,     88,     1000.1,     100.47,     255.2,     87.9,     -177.9,     12.696,     15.10,     70.0
128,     29.06.2014 21:21:22,     -4.2,     -2.01,     320,     0.2,     1.3,     2.8,     14.3,     87.8,     1000.3,     100.47,     255.1,     88,     -178
129,     29.06.2014 21:31:22,     -4.2,     -2.01,     294,     0.2,     1.5,     2.4,     14.3,     88.4,     1000.4,     100.47,     255.3,     87.9,     -178
130,     29.06.2014 21:41:22,     -4.2,     -2.01,     287,     0.9,     2.2,     3.7,     14.3,     87.3,     1000.3,     100.47,     255.4,     87.9,     -177.9
131,     29.06.2014 21:51:22,     -4.2,     -2.01,     286,     0.4,     1.9,     3.8,     14.3,     87.5,     1000.2,     100.47,     255.1,     87.8,     -177.9
132,     29.06.2014 22:01:22,     -4.2,     -2.01,     283,     0.5,     1.7,     2.8,     14.2,     87.5,     1000.4,     100.47,     255.2,     88,     -178
133,     29.06.2014 22:11:22,     -3.15,     -2.01,     274,     0.6,     1.7,     2.8,     14.2,     88.5,     1000.5,     100.47,     255.2,     87.9,     -178,     12.656,     14.06,     70.4
134,     29.06.2014 22:21:22,     -3.15,     -2.01,     282,     1.2,     2.2,     3.4,     14.1,     88.4,     1000.4,     100.47,     255.2,     88,     -178
135,     29.06.2014 22:31:22,     -4.2,     -2.01,     323,     0.1,     1.3,     3.1,     14,     88.8,     1000.5,     100.47,     255.1,     88,     -178
136,     29.06.2014 22:41:22,     -3.15,     0,     332,     0,     0.8,     2,     13.8,     89.3,     1000.6,     100.47,     255.2,     87.9,     -177.9
137,     29.06.2014 22:51:22,     -4.2,     -4.02,     334,     0,     0.7,     1.8,     13.8,     89.5,     1000.7,     100.47,     255.1,     87.8,     -177.8
138,     29.06.2014 23:01:22,     -3.15,     -2.01,     314,     0.1,     0.9,     2.4,     13.7,     89.2,     1000.8,     100.47,     255,     87.8,     -177.9
139,     29.06.2014 23:11:16,     -2.1,     -2.01,     290,     0.1,     1.3,     2.9,     13.7,     88.9,     1000.9,     100.47,     255.2,     87.9,     -177.9,     12.637,     13.67,     70.4
140,     29.06.2014 23:21:16,     -2.1,     -2.01,     287,     1.5,     2.3,     3.4,     13.8,     88.6,     1001.1,     100.47,     255.2,     87.9,     -177.9
141,     29.06.2014 23:31:16,     -3.15,     0,     281,     0.7,     1.9,     3.4,     13.7,     88,     1001.1,     100.47,     255.2,     88,     -178
142,     29.06.2014 23:41:16,     -3.15,     -4.02,     288,     0.7,     1.6,     2.9,     13.7,     87.5,     1001.1,     100.47,     255.1,     88,     -178
143,     29.06.2014 23:51:16,     -3.15,     -2.01,     304,     0.1,     1.4,     2.9,     13.8,     87.6,     1001.1,     100.47,     255.2,     87.8,     -177.9
144,     30.06.2014 00:01:16,     -3.15,     -4.02,     310,     0.1,     1.2,     2.3,     13.7,     86.9,     1001.2,     100.47,     255.2,     87.9,     -178,     12.495,     13.56,     70.4