Logger: #D10248 'TSK_Meteo' - USP_EXP2 (V2.10, Jan 24 2012)
No,     Time,     #1:W/m²:0,     #2:ÂµMol:(do.),     #5:deg:2,     #6:m/sMIN:(do.),     #7:m/sMIT:(do.),     #8:m/sMAX:(do.),     #9:Â°C:(do.),     #10:%:(do.),     #11:hPa:(do.),     #12:mm:(do.),     #14:AZ:3,     #15:EL:(do.),     #16:Roll:(do.),     #HK-Bat:V,     #HK-Temp:oC,     #HK-rH:%
(GSM Transfer OK / Signal:15)
1,     17.08.2014 00:11:17,     -4.2,     -4.02,     244,     1.1,     3,     4.6,     14.1,     78.4,     1004.9,     215.9,     255.4,     87.8,     -177.9,     12.427,     14.97,     68.1
2,     17.08.2014 00:21:17,     -2.1,     -2.01,     245,     1.4,     2.9,     5.1,     14.2,     77.8,     1004.8,     215.9,     255.5,     87.9,     -177.9
3,     17.08.2014 00:31:17,     -2.1,     -2.01,     251,     1.7,     3.4,     5.4,     14.2,     78,     1004.6,     215.9,     255.3,     87.7,     -177.7
4,     17.08.2014 00:41:17,     -3.15,     -4.02,     257,     2.2,     3.7,     6.3,     14.3,     77.4,     1004.5,     215.9,     255.3,     87.9,     -177.9
5,     17.08.2014 00:51:17,     -2.1,     0,     260,     2.2,     4,     6.1,     14.4,     76.8,     1004.5,     215.9,     255.9,     87.8,     -177.9
6,     17.08.2014 01:01:17,     -2.1,     -2.01,     267,     2.1,     3.9,     6.5,     14.4,     76.6,     1004.4,     215.9,     255.7,     88,     -178
7,     17.08.2014 01:11:16,     -2.1,     -6.03,     277,     2.1,     4.4,     8.9,     14.4,     76.5,     1004.3,     215.9,     255.6,     87.9,     -178.1,     12.518,     14.63,     69.2
8,     17.08.2014 01:21:16,     -2.1,     -2.01,     276,     2,     4.1,     7.7,     14.3,     77.3,     1004.3,     215.9,     256.5,     87.8,     -177.8
9,     17.08.2014 01:31:16,     -2.1,     -2.01,     279,     2,     4.6,     7.7,     14.3,     76.6,     1004.3,     215.9,     255.3,     88,     -178
10,     17.08.2014 01:41:16,     -2.1,     -2.01,     284,     1.3,     3.6,     6.3,     14.2,     78.4,     1004.3,     215.9,     256,     87.9,     -177.9
11,     17.08.2014 01:51:16,     -2.1,     -2.01,     287,     0.9,     4.1,     7.1,     14.1,     80.2,     1004.3,     215.9,     255.5,     88,     -178
12,     17.08.2014 02:01:16,     -3.15,     -4.02,     292,     1.9,     4.5,     7.6,     13.9,     80.2,     1004.3,     215.9,     255.5,     87.9,     -177.9
13,     17.08.2014 02:11:16,     -3.15,     -2.01,     283,     1.6,     4,     6.5,     13.6,     83.6,     1004.1,     215.9,     255.6,     87.9,     -178,     12.488,     14.70,     69.2
14,     17.08.2014 02:21:16,     -4.2,     -2.01,     280,     1.2,     3.4,     5.9,     13.7,     83.3,     1004,     215.9,     255.6,     87.9,     -177.9
15,     17.08.2014 02:31:16,     -4.2,     -2.01,     283,     0.6,     3.1,     4.9,     13.7,     83.1,     1003.9,     215.9,     255.4,     88,     -178
16,     17.08.2014 02:41:16,     -3.15,     -2.01,     285,     1.2,     3.1,     5.9,     13.8,     83.5,     1003.7,     215.9,     255.6,     87.8,     -177.8
17,     17.08.2014 02:51:16,     -2.1,     2.01,     273,     1.4,     3.9,     7.4,     13.8,     82.6,     1003.6,     215.9,     256.1,     88,     -178
18,     17.08.2014 03:01:16,     -3.15,     0,     281,     1.2,     3.5,     6.8,     14,     82.7,     1003.6,     215.9,     255.7,     88,     -178
19,     17.08.2014 03:11:16,     -5.25,     -2.01,     282,     0.9,     3.5,     6.4,     13.9,     82.2,     1003.5,     215.9,     255.9,     88,     -178,     12.438,     14.31,     69.4
20,     17.08.2014 03:21:16,     -4.2,     -2.01,     278,     1.1,     4.1,     8.1,     13.8,     81.6,     1003.5,     215.9,     255.5,     87.9,     -177.9
21,     17.08.2014 03:31:16,     -3.15,     0,     276,     1.2,     4.4,     8.1,     13.7,     83,     1003.4,     215.9,     256,     87.9,     -177.9
22,     17.08.2014 03:41:16,     -4.2,     -2.01,     274,     0.6,     4.1,     6.9,     13.7,     83.3,     1003.3,     215.9,     255.7,     87.9,     -177.9
23,     17.08.2014 03:51:16,     -5.25,     -2.01,     274,     1.9,     4.2,     7.8,     13.7,     83.1,     1003.2,     215.9,     256.1,     87.8,     -177.8
24,     17.08.2014 04:01:16,     -6.3,     -2.01,     279,     1.1,     4,     7,     13.6,     83.5,     1003.1,     215.9,     256.1,     87.9,     -178
25,     17.08.2014 04:11:17,     -5.25,     -2.01,     280,     1.7,     4.1,     7.6,     13.5,     82.7,     1003,     215.9,     255.4,     87.9,     -177.9,     12.408,     13.57,     69.6
26,     17.08.2014 04:21:17,     -4.2,     0,     280,     1.7,     3.4,     6.5,     13.4,     83.1,     1003,     215.9,     255.3,     87.8,     -177.8
27,     17.08.2014 04:31:17,     -4.2,     -2.01,     280,     1.2,     3.7,     6.9,     13.4,     82.5,     1002.9,     215.9,     255.6,     87.9,     -177.9
28,     17.08.2014 04:41:17,     -3.15,     2.01,     275,     1.2,     3.8,     6.6,     13.3,     82.1,     1002.9,     215.9,     256.2,     87.8,     -177.8
29,     17.08.2014 04:51:17,     0,     4.02,     275,     1.3,     4.3,     7.4,     13.3,     81.2,     1002.8,     215.9,     255.9,     88.1,     -178.1
30,     17.08.2014 05:01:17,     4.2,     14.07,     268,     2.3,     3.9,     7,     13.4,     81.9,     1002.7,     215.9,     255.7,     87.9,     -177.9
31,     17.08.2014 05:11:16,     13.65,     32.16,     260,     1.7,     3.6,     6.2,     13.4,     81.4,     1002.7,     215.9,     256,     87.9,     -178,     12.412,     13.09,     69.7
32,     17.08.2014 05:21:16,     27.3,     56.28,     259,     2.2,     4.2,     7.5,     13.3,     81.7,     1002.7,     215.9,     255.8,     88,     -177.9
33,     17.08.2014 05:31:16,     49.35,     88.44,     247,     1.9,     4,     6.5,     13.3,     80.4,     1002.6,     215.9,     255.4,     87.8,     -177.8
34,     17.08.2014 05:41:16,     43.05,     76.38,     249,     1.1,     3.8,     6.8,     13.4,     81.3,     1002.7,     215.9,     255.7,     88.1,     -178.1
35,     17.08.2014 05:51:16,     34.65,     62.31,     258,     0.2,     3.5,     6.3,     13.6,     81.3,     1002.5,     215.9,     256.3,     87.8,     -177.9
36,     17.08.2014 06:01:16,     27.3,     60.3,     260,     0.8,     3.7,     7.9,     13.7,     80.5,     1002.5,     215.9,     255.9,     87.9,     -177.9
37,     17.08.2014 06:11:16,     37.8,     78.39,     265,     1,     3.8,     6.2,     13.9,     81,     1002.5,     215.9,     255.6,     87.8,     -177.9,     12.736,     13.91,     69.7
38,     17.08.2014 06:21:16,     48.3,     102.51,     259,     2.6,     4.6,     6.7,     13.8,     79.1,     1002.4,     215.9,     256.8,     88,     -177.9
39,     17.08.2014 06:31:16,     56.7,     116.58,     258,     2.2,     4,     6.7,     14,     79.8,     1002.4,     215.9,     255.9,     87.9,     -177.9
40,     17.08.2014 06:41:16,     54.6,     120.6,     259,     1.5,     4.5,     7.5,     13.9,     78.5,     1002.3,     215.9,     255.4,     87.5,     -177.8
41,     17.08.2014 06:51:16,     56.7,     122.61,     254,     2,     4.6,     7.1,     14,     77.9,     1002.2,     215.9,     255.8,     88,     -178
42,     17.08.2014 07:01:16,     68.25,     144.72,     249,     2.1,     4.4,     7.8,     14.1,     77.9,     1002.2,     215.9,     256.3,     87.9,     -177.9
43,     17.08.2014 07:11:16,     89.25,     188.94,     259,     0.4,     5.5,     8.8,     14.1,     76.4,     1002.1,     215.9,     256.3,     87.9,     -177.9,     13.122,     14.88,     69.1
44,     17.08.2014 07:21:16,     231,     460.29,     248,     2.1,     4.4,     7.5,     14.1,     76.8,     1002,     215.9,     256.7,     87.7,     -177.8
45,     17.08.2014 07:31:16,     186.9,     389.94,     248,     2.3,     5.1,     9.4,     14.2,     76.8,     1001.9,     215.9,     255.8,     88,     -178.1
46,     17.08.2014 07:41:16,     103.95,     221.1,     247,     2,     4.4,     7,     14.3,     77.1,     1001.8,     215.9,     255.9,     87.7,     -177.7
47,     17.08.2014 07:51:16,     80.85,     178.89,     243,     2.4,     4.6,     7.9,     14.3,     77.8,     1001.7,     215.9,     256.2,     87.8,     -177.8
48,     17.08.2014 08:01:16,     69.3,     156.78,     247,     2.2,     4.7,     7.7,     14.2,     78.2,     1001.8,     215.9,     76.6,     88.1,     -1.8
49,     17.08.2014 08:11:17,     75.6,     162.81,     253,     1.9,     4.3,     8.5,     14.3,     77.5,     1001.8,     215.9,     256.5,     88.2,     -178.2,     13.262,     16.27,     68.7
50,     17.08.2014 08:21:17,     124.95,     269.34,     254,     1.9,     4.8,     8.5,     14.4,     77,     1001.7,     215.9,     256.2,     87.9,     -177.8
51,     17.08.2014 08:31:17,     96.6,     207.03,     261,     2.1,     4.8,     9.4,     14.6,     75.7,     1001.8,     215.9,     256,     88,     -178
52,     17.08.2014 08:41:17,     127.05,     273.36,     265,     2.7,     5.2,     7.8,     14.6,     74.8,     1001.6,     215.9,     255.9,     87.9,     -178
53,     17.08.2014 08:51:17,     118.65,     253.26,     257,     2.7,     5.6,     9.3,     14.7,     75.3,     1001.6,     215.9,     256.4,     87.9,     -177.9
54,     17.08.2014 09:01:17,     123.9,     263.31,     253,     3.1,     5.7,     8.6,     14.8,     73.8,     1001.5,     215.9,     256.1,     87.9,     -178.1
55,     17.08.2014 09:11:16,     173.25,     365.82,     254,     2.3,     5.2,     8.4,     14.8,     74.8,     1001.5,     215.9,     254.9,     87.8,     -177.9,     13.536,     16.39,     68.7
56,     17.08.2014 09:21:16,     136.5,     287.43,     249,     2.2,     5.2,     9.1,     14.8,     74.5,     1001.4,     215.9,     255.9,     88.1,     -178.2
57,     17.08.2014 09:31:16,     124.95,     263.31,     243,     0.9,     4.5,     8.6,     14.8,     74.1,     1001.3,     215.9,     256.2,     87.8,     -177.8
58,     17.08.2014 09:41:16,     170.1,     357.78,     247,     2.8,     5,     8.7,     14.8,     73.2,     1001.3,     215.9,     76.5,     87.7,     -2.2
59,     17.08.2014 09:51:16,     149.1,     311.55,     238,     2,     5.4,     9,     14.9,     73.8,     1001.2,     215.9,     255.7,     87.6,     -177.6
60,     17.08.2014 10:01:16,     212.1,     440.19,     244,     2.4,     5.4,     9.2,     15,     73.4,     1001.1,     215.9,     256.1,     88,     -178
61,     17.08.2014 10:11:16,     233.1,     484.41,     254,     1.6,     4.8,     8.3,     15.1,     72.3,     1001.1,     215.9,     76.4,     87.8,     -2.1,     13.536,     16.95,     68.6
62,     17.08.2014 10:21:16,     221.55,     460.29,     248,     1.6,     4.7,     7.1,     15.2,     73.6,     1001.1,     215.9,     75.7,     87.8,     -2.1
63,     17.08.2014 10:31:16,     226.8,     470.34,     243,     1.6,     5.8,     9.9,     15.1,     71.8,     1000.9,     215.9,     76.5,     87.9,     -2
64,     17.08.2014 10:41:16,     233.1,     484.41,     247,     0.4,     5.7,     10.4,     15.2,     72.4,     1000.9,     215.9,     256,     88.1,     -178.1
65,     17.08.2014 10:51:16,     244.65,     508.53,     244,     0.4,     5.2,     9,     15.3,     72.9,     1000.8,     215.9,     256,     87.7,     -177.6
66,     17.08.2014 11:01:16,     190.05,     395.97,     241,     1.1,     4.8,     7.3,     15.4,     72.4,     1000.7,     215.9,     256.1,     88,     -178
67,     17.08.2014 11:11:22,     205.8,     432.15,     239,     2.1,     5,     9,     15.6,     72.3,     1000.7,     215.9,     256,     87.9,     -178,     13.466,     17.86,     68.4
68,     17.08.2014 11:21:22,     233.1,     490.44,     245,     2.5,     4.4,     7.4,     15.8,     72.4,     1000.6,     215.9,     255.6,     87.9,     -178
69,     17.08.2014 11:31:22,     244.65,     514.56,     251,     1.8,     4.7,     8.1,     15.9,     70.1,     1000.5,     215.9,     256.5,     87.9,     -177.9
70,     17.08.2014 11:41:22,     231,     486.42,     257,     3,     5.4,     9.5,     16.2,     70.2,     1000.5,     215.9,     255.8,     88.1,     -178.1
71,     17.08.2014 11:51:22,     257.25,     540.69,     258,     2.7,     5.7,     12.9,     16.3,     69.6,     1000.1,     215.9,     76.4,     88.2,     -1.7
72,     17.08.2014 12:01:22,     260.4,     542.7,     257,     2.1,     6.4,     11.3,     16.3,     69.6,     1000.4,     215.9,     257.4,     87.1,     -177.2
73,     17.08.2014 12:11:17,     221.55,     462.3,     256,     2.9,     5.6,     10.4,     16.4,     69.3,     1000.3,     215.9,     256.6,     88.1,     -178,     13.623,     18.64,     68.2
74,     17.08.2014 12:21:17,     210,     442.2,     260,     2,     5.5,     11.2,     16.5,     68.5,     1000.3,     215.9,     77.1,     87.7,     -2.2
75,     17.08.2014 12:31:17,     239.4,     500.49,     259,     3,     6,     10.3,     16.6,     70.5,     1000.2,     215.9,     257,     88,     -178
76,     17.08.2014 12:41:17,     247.8,     516.57,     262,     2.3,     5.1,     8.2,     16.6,     67.8,     1000,     215.9,     78,     88.8,     -1.2
77,     17.08.2014 12:51:17,     218.4,     454.26,     257,     3.2,     7.3,     11.4,     16.5,     67.1,     999.8,     215.9,     257.6,     87.5,     -177.5
78,     17.08.2014 13:01:17,     258.3,     538.68,     263,     2.8,     6.1,     10.1,     16.6,     67.7,     999.9,     215.9,     255.7,     88,     -178
79,     17.08.2014 13:11:17,     674.1,     1330.62,     258,     3.2,     5.6,     10.5,     16.8,     65.9,     999.7,     215.9,     257,     88.2,     -178.2,     13.146,     19.15,     68.0
80,     17.08.2014 13:21:17,     333.9,     681.39,     264,     2.6,     5.6,     11.9,     17,     64.1,     999.6,     215.9,     256.3,     88,     -177.9
81,     17.08.2014 13:31:17,     345.45,     705.51,     258,     2.2,     5,     9.6,     17.3,     63.2,     999.5,     215.9,     76.9,     88.3,     -1.6
82,     17.08.2014 13:41:17,     245.7,     510.54,     251,     3.2,     5.6,     9.8,     17.4,     62.9,     999.3,     215.9,     76.8,     87.7,     -2.1
83,     17.08.2014 13:51:17,     96.6,     203.01,     255,     2.9,     5.8,     10.3,     17.4,     63.4,     999.2,     215.9,     77.2,     88,     -2
84,     17.08.2014 14:01:17,     302.4,     625.11,     253,     2.5,     5.6,     10.6,     17.3,     64.2,     999.1,     215.9,     257.2,     88.1,     -178.1
85,     17.08.2014 14:11:16,     132.3,     271.35,     252,     3,     6.2,     10.5,     17.5,     62.3,     998.9,     215.9,     257.4,     88.4,     -178.4,     13.432,     20.02,     67.8
86,     17.08.2014 14:21:16,     127.05,     267.33,     250,     3.8,     7.3,     11.8,     17.5,     61.1,     998.8,     215.9,     76.3,     87.7,     -2
87,     17.08.2014 14:31:16,     175.35,     365.82,     252,     2.5,     5.7,     9.5,     17.5,     61.7,     998.8,     215.9,     256,     87.7,     -177.7
88,     17.08.2014 14:41:16,     124.95,     265.32,     266,     2.8,     6.4,     12.2,     17.5,     60.2,     998.8,     215.9,     76.2,     88.1,     -1.8
89,     17.08.2014 14:51:16,     134.4,     289.44,     261,     2.1,     6.8,     13.5,     17.5,     60.1,     998.8,     215.9,     78.6,     88.3,     -1.6
90,     17.08.2014 15:01:16,     131.25,     277.38,     259,     2.2,     6.7,     11.3,     17.3,     61,     998.8,     215.9,     256.2,     87.9,     -177.9
91,     17.08.2014 15:11:16,     185.85,     389.94,     254,     2.7,     5.9,     9.5,     17.1,     59.8,     998.6,     215.9,     256.9,     88.2,     -178.2,     13.392,     19.44,     68.1
92,     17.08.2014 15:21:16,     168,     347.73,     254,     3.3,     6.2,     12.6,     17.1,     60.1,     998.4,     215.9,     256.9,     88.4,     -178.4
93,     17.08.2014 15:31:16,     334.95,     683.4,     251,     2.4,     6.3,     10.6,     17.1,     61.4,     998.5,     215.9,     256.1,     87.7,     -177.8
94,     17.08.2014 15:41:16,     121.8,     253.26,     252,     1.8,     6.2,     10.6,     17.2,     60.1,     998.2,     215.9,     257.1,     88.3,     -178.5
95,     17.08.2014 15:51:16,     96.6,     203.01,     247,     2.4,     6.6,     11.5,     17.1,     60.9,     998.2,     215.9,     256.6,     88.1,     -178.1
96,     17.08.2014 16:01:16,     181.65,     371.85,     252,     3.1,     6.8,     10.9,     17.1,     60.4,     998,     215.9,     257.5,     87.6,     -177.7
97,     17.08.2014 16:11:17,     168,     343.71,     249,     0.9,     5.7,     9.9,     17,     62.7,     998,     215.9,     256,     88,     -178,     13.498,     19.09,     68.2
98,     17.08.2014 16:21:17,     124.95,     255.27,     247,     2.5,     6.4,     12.7,     17.1,     60.3,     997.8,     215.9,     78.3,     87.8,     -2.1
99,     17.08.2014 16:31:17,     95.55,     201,     249,     3.3,     7.9,     12.7,     17.1,     59.5,     997.7,     215.9,     77.3,     88.4,     -1.5
100,     17.08.2014 16:41:17,     103.95,     215.07,     257,     2.6,     6.1,     10,     16.9,     63.8,     997.8,     215.9,     256.1,     87.6,     -177.7
101,     17.08.2014 16:51:17,     426.3,     785.91,     251,     1.1,     6,     9.6,     16.9,     65,     997.6,     215.9,     256.5,     87.6,     -177.6
102,     17.08.2014 17:01:17,     81.9,     174.87,     253,     3.1,     6.2,     10.4,     17.2,     62.9,     997.7,     215.9,     256.5,     87.9,     -177.9
103,     17.08.2014 17:11:16,     87.15,     176.88,     255,     2.4,     6.3,     12.7,     17.1,     62.3,     997.5,     215.9,     256.7,     87.8,     -178,     13.553,     18.89,     68.3
104,     17.08.2014 17:21:16,     138.6,     279.39,     249,     1,     6.5,     9.8,     17,     60.7,     997.4,     215.9,     256.6,     87.9,     -178.1
105,     17.08.2014 17:31:16,     109.2,     225.12,     248,     1.7,     5.3,     9.2,     17,     62.7,     997.3,     215.9,     256,     88.2,     -178.2
106,     17.08.2014 17:41:16,     51.45,     104.52,     243,     0.8,     5.9,     11.3,     16.9,     62.3,     997.1,     215.9,     256,     87.9,     -178
107,     17.08.2014 17:51:16,     66.15,     130.65,     246,     2.4,     5.4,     9,     16.9,     61.9,     997,     215.9,     76.9,     88,     -1.9
108,     17.08.2014 18:01:16,     50.4,     106.53,     247,     1.8,     5.3,     8.5,     16.9,     61.6,     996.9,     215.9,     256.1,     88,     -178.1
109,     17.08.2014 18:11:21,     31.5,     70.35,     249,     3.1,     6.4,     9.6,     17,     60.4,     996.9,     215.9,     76.5,     88.6,     -1.2,     13.601,     18.34,     68.4
110,     17.08.2014 18:21:21,     23.1,     46.23,     252,     2.7,     5.6,     9.8,     17,     60.9,     996.8,     215.9,     256,     87.8,     -177.8
111,     17.08.2014 18:31:21,     34.65,     72.36,     252,     3,     5.4,     9,     17,     61.7,     996.9,     215.9,     255.9,     88,     -178
112,     17.08.2014 18:41:21,     39.9,     82.41,     255,     1.3,     5,     8.6,     17,     61,     996.8,     215.9,     256,     87.9,     -178
113,     17.08.2014 18:51:21,     25.2,     54.27,     254,     1.9,     5.3,     11.8,     17,     62.1,     996.8,     215.9,     255.9,     88.2,     -178.2
114,     17.08.2014 19:01:21,     8.4,     20.1,     255,     2.1,     5,     13,     16.9,     62.6,     996.6,     215.9,     76.4,     87.6,     -2.2
115,     17.08.2014 19:11:16,     3.15,     10.05,     258,     2.8,     6.3,     9.9,     17,     63.2,     996.5,     215.9,     257.3,     88.2,     -178.3,     12.802,     17.75,     68.6
116,     17.08.2014 19:21:16,     2.1,     8.04,     253,     2.6,     6.1,     9.7,     17,     60.9,     996.4,     215.9,     255.7,     87.4,     -177.4
117,     17.08.2014 19:31:16,     0,     4.02,     251,     2,     5.6,     8.9,     16.9,     61.5,     996.4,     215.9,     77.5,     88.1,     -1.8
118,     17.08.2014 19:41:16,     -2.1,     -2.01,     251,     2.5,     5.6,     8.6,     16.9,     61.3,     996.4,     215.9,     255.5,     88,     -178
119,     17.08.2014 19:51:16,     -1.05,     0,     247,     2.5,     4.9,     7.7,     16.8,     62.5,     996.3,     215.9,     255.8,     87.8,     -177.9
120,     17.08.2014 20:01:16,     -2.1,     -2.01,     246,     2.7,     5.8,     10.2,     16.8,     63.9,     996.4,     215.9,     255.8,     88.1,     -178.1
121,     17.08.2014 20:11:16,     -3.15,     -2.01,     256,     3.2,     5.6,     9.2,     16.8,     62.8,     996.3,     215.9,     78.7,     87.9,     -2,     12.681,     17.43,     68.7
122,     17.08.2014 20:21:16,     -2.1,     -2.01,     249,     2.5,     5.9,     9.4,     16.7,     62.8,     996.3,     215.9,     255.8,     87.7,     -177.7
123,     17.08.2014 20:31:16,     -2.1,     -2.01,     252,     2.6,     5.1,     8.5,     16.6,     64,     996.3,     215.9,     256.9,     87.8,     -177.9
124,     17.08.2014 20:41:16,     -2.1,     -2.01,     248,     2.1,     4.8,     8.6,     16.5,     66.2,     996.3,     215.9,     256.2,     87.9,     -177.9
125,     17.08.2014 20:51:16,     -2.1,     -2.01,     250,     3,     6.3,     11.4,     16.5,     65.7,     996.3,     215.9,     256.8,     87.8,     -177.8
126,     17.08.2014 21:01:16,     0,     -2.01,     267,     2.3,     6.2,     12.4,     16.4,     65.8,     996.2,     215.9,     255.7,     87.8,     -177.9
127,     17.08.2014 21:11:17,     -8.4,     -2.01,     258,     1.8,     5.5,     11.1,     16.4,     66.9,     996.1,     215.92,     256.3,     88.2,     -178.3,     12.639,     17.16,     68.7
128,     17.08.2014 21:21:17,     -6.3,     -2.01,     257,     1.8,     5.8,     11,     15.8,     71.9,     996.1,     216.13,     256.1,     87.5,     -177.6
129,     17.08.2014 21:31:17,     -4.2,     0,     251,     3,     5.3,     8.8,     15.1,     78.3,     996.1,     216.47,     255.9,     88,     -178.1
130,     17.08.2014 21:41:17,     -3.15,     -2.01,     249,     1.8,     4.3,     8.1,     14.5,     81.7,     995.9,     216.47,     255.7,     88.1,     -178.1
131,     17.08.2014 21:51:17,     -4.2,     -2.01,     242,     1.3,     3.5,     5.3,     14.4,     81.3,     995.9,     216.47,     255.4,     88.1,     -178.1
132,     17.08.2014 22:01:17,     -4.2,     0,     248,     1.1,     4,     6.3,     14.6,     79.8,     995.9,     216.47,     255.8,     87.9,     -177.9
133,     17.08.2014 22:11:16,     -5.25,     -2.01,     247,     1.4,     4,     6.8,     14.6,     79.3,     995.9,     216.47,     256.2,     87.9,     -178,     12.620,     15.59,     69.3
134,     17.08.2014 22:21:16,     -3.15,     -4.02,     250,     1.3,     4.1,     6.4,     14.8,     77.8,     995.8,     216.47,     256.2,     88,     -178
135,     17.08.2014 22:31:16,     -4.2,     -2.01,     246,     1.7,     4.3,     8.3,     14.7,     77.3,     995.7,     216.47,     255.9,     88.2,     -178.2
136,     17.08.2014 22:41:16,     -3.15,     -2.01,     244,     2.2,     4.3,     8,     14.8,     77.5,     995.7,     216.47,     256.6,     87.9,     -177.9
137,     17.08.2014 22:51:16,     -4.2,     -2.01,     260,     2.2,     5.6,     10.7,     15,     76,     995.6,     216.47,     256.7,     88.1,     -178.3
138,     17.08.2014 23:01:16,     -3.15,     -2.01,     253,     1.3,     5.3,     9,     14.9,     78.1,     995.5,     216.47,     256.3,     88.1,     -178.2
139,     17.08.2014 23:11:16,     -4.2,     -4.02,     251,     1.5,     5.4,     9.7,     14.6,     80.3,     995.5,     216.47,     256.1,     87.9,     -177.9,     12.586,     15.26,     69.3
140,     17.08.2014 23:21:16,     -2.1,     0,     249,     1.1,     4.9,     7.7,     14.5,     81.2,     995.4,     216.47,     256.3,     87.8,     -177.9
141,     17.08.2014 23:31:16,     -2.1,     -2.01,     244,     2.6,     4.9,     8.3,     14.4,     81.9,     995.4,     216.47,     255.7,     87.9,     -178
142,     17.08.2014 23:41:16,     -3.15,     -4.02,     242,     2.1,     4.2,     7.6,     14.4,     82,     995,     216.47,     255.4,     88,     -178
143,     17.08.2014 23:51:16,     -1.05,     0,     241,     2.5,     5,     8.6,     14.4,     81,     995,     216.47,     256.3,     87.7,     -177.8
144,     18.08.2014 00:01:16,     -3.15,     -4.02,     250,     1.8,     4.9,     7.5,     14.7,     80.2,     994.9,     216.47,     256.2,     87.9,     -177.9,     12.488,     15.07,     69.3