Logger: #D10248 'TSK_Meteo' - USP_EXP2 (V2.10, Jan 24 2012)
No,     Time,     #1:W/m²:0,     #2:ÂµMol:(do.),     #5:deg:2,     #6:m/sMIN:(do.),     #7:m/sMIT:(do.),     #8:m/sMAX:(do.),     #9:Â°C:(do.),     #10:%:(do.),     #11:hPa:(do.),     #12:mm:(do.),     #14:AZ:3,     #15:EL:(do.),     #16:Roll:(do.),     #HK-Bat:V,     #HK-Temp:oC,     #HK-rH:%
(GSM Transfer OK / Signal:17)
1,     08.10.2014 00:11:17,     -3.15,     0,     215,     1.7,     2.6,     3.8,     11.5,     88.7,     999.2,     297.77,     253.6,     87.9,     -177.9,     12.372,     12.41,     73.9
2,     08.10.2014 00:21:17,     -4.2,     -4.02,     216,     1.7,     2.9,     4.2,     11.3,     88.6,     999.3,     297.77,     253.8,     87.9,     -177.9
3,     08.10.2014 00:31:17,     -4.2,     -2.01,     218,     1.6,     2.7,     4.6,     11.2,     88.9,     999.4,     297.77,     253.5,     88,     -178
4,     08.10.2014 00:41:17,     -3.15,     -2.01,     221,     1.3,     2.6,     4.2,     11.3,     89.3,     999.6,     297.77,     253.7,     87.8,     -177.8
5,     08.10.2014 00:51:17,     -4.2,     -2.01,     228,     1.4,     3,     5.2,     11.3,     88.5,     999.8,     297.77,     254.4,     87.9,     -177.9
6,     08.10.2014 01:01:17,     -3.15,     0,     230,     1.3,     3.5,     5,     11.4,     88.3,     999.8,     297.77,     254.3,     87.9,     -177.9
7,     08.10.2014 01:11:22,     -2.1,     -2.01,     229,     1.6,     3.5,     5.8,     11.4,     87.9,     1000,     297.77,     254.1,     87.9,     -177.9,     12.493,     11.35,     75.5
8,     08.10.2014 01:21:22,     -2.1,     0,     231,     1.6,     3.3,     5.5,     11.4,     88.1,     1000,     297.77,     254.8,     88,     -178
9,     08.10.2014 01:31:22,     -4.2,     -4.02,     231,     1.7,     3.9,     5.6,     11.5,     88,     1000.2,     297.77,     254.2,     87.9,     -177.9
10,     08.10.2014 01:41:22,     -3.15,     -2.01,     238,     2.4,     4.1,     7,     11.6,     87.1,     1000.3,     297.77,     254.2,     87.9,     -177.9
11,     08.10.2014 01:51:22,     -4.2,     0,     239,     2.2,     4.3,     6.3,     11.6,     86.4,     1000.4,     297.77,     254.7,     88.1,     -178.1
12,     08.10.2014 02:01:22,     -4.2,     -2.01,     242,     2.1,     4.2,     6.8,     11.5,     85.4,     1000.5,     297.77,     254.2,     88,     -177.9
13,     08.10.2014 02:11:17,     -3.15,     0,     242,     1.7,     4.2,     6.3,     11.5,     85.4,     1000.6,     297.77,     254.3,     88.1,     -178.1,     12.471,     11.17,     75.6
14,     08.10.2014 02:21:17,     -4.2,     -2.01,     243,     1.7,     4.1,     5.9,     11.4,     85.3,     1000.7,     297.77,     254.2,     88,     -178
15,     08.10.2014 02:31:17,     -3.15,     0,     248,     1.4,     4.4,     8.1,     11.4,     85,     1000.8,     297.77,     254.8,     87.9,     -177.8
16,     08.10.2014 02:41:17,     -3.15,     0,     250,     1.3,     4.2,     7,     11.4,     84.9,     1000.7,     297.77,     254.4,     88,     -178
17,     08.10.2014 02:51:17,     -4.2,     0,     250,     1.4,     4,     5.9,     11.3,     84.3,     1000.9,     297.77,     253.8,     87.9,     -177.9
18,     08.10.2014 03:01:17,     -3.15,     2.01,     251,     1.9,     3.8,     6.2,     11.3,     84,     1001,     297.77,     254,     87.9,     -177.9
19,     08.10.2014 03:11:21,     -4.2,     -2.01,     250,     1.8,     3.9,     5.6,     11.2,     83.7,     1001.1,     297.77,     254.6,     88.1,     -178.1,     12.427,     10.71,     75.7
20,     08.10.2014 03:21:21,     -4.2,     -2.01,     251,     2.3,     4.1,     7.2,     11.2,     83.7,     1001.2,     297.77,     254.2,     87.9,     -177.9
21,     08.10.2014 03:31:21,     -4.2,     -2.01,     247,     1.7,     3.9,     6.2,     11.1,     83.4,     1001.4,     297.77,     253.8,     88.1,     -178.1
22,     08.10.2014 03:41:21,     -3.15,     0,     246,     2.1,     3.8,     6.3,     11,     82.5,     1001.5,     297.77,     254,     88,     -178
23,     08.10.2014 03:51:21,     -3.15,     -4.02,     244,     2.1,     3.9,     6.7,     11,     82.7,     1001.6,     297.77,     254.3,     87.9,     -177.9
24,     08.10.2014 04:01:21,     -4.2,     -2.01,     237,     1.9,     3.6,     5.8,     10.9,     83,     1001.7,     297.77,     254.5,     87.9,     -177.9
25,     08.10.2014 04:11:23,     -4.2,     0,     235,     1.6,     3.2,     5.9,     10.8,     83.8,     1001.7,     297.77,     253.9,     88,     -178,     12.404,     10.31,     75.8
26,     08.10.2014 04:21:23,     -5.25,     -2.01,     228,     1.6,     3,     4.7,     10.7,     83.6,     1001.8,     297.77,     253.8,     87.9,     -177.9
27,     08.10.2014 04:31:23,     -4.2,     0,     228,     1.1,     2.7,     4.4,     10.6,     83.8,     1002,     297.77,     253.9,     88,     -178
28,     08.10.2014 04:41:23,     -5.25,     -2.01,     220,     0.5,     1.9,     3.1,     10.5,     85,     1002.1,     297.77,     253.6,     88,     -178
29,     08.10.2014 04:51:23,     -5.25,     -2.01,     228,     1.2,     2.4,     3.9,     10.5,     85.2,     1002.2,     297.77,     253.8,     88,     -178
30,     08.10.2014 05:01:23,     -4.2,     0,     231,     1.6,     2.8,     4.3,     10.5,     85.3,     1002.2,     297.77,     253.8,     87.9,     -178
31,     08.10.2014 05:11:16,     -5.25,     -4.02,     234,     1.6,     2.8,     4.2,     10.4,     85.1,     1002.2,     297.77,     254.1,     87.9,     -177.9,     12.359,     9.81,     75.9
32,     08.10.2014 05:21:16,     -5.25,     -2.01,     235,     1.3,     2.8,     4.6,     10.4,     85.9,     1002.3,     297.77,     253.6,     87.9,     -177.9
33,     08.10.2014 05:31:16,     -5.25,     -2.01,     237,     1.5,     2.6,     3.7,     10.3,     86.1,     1002.3,     297.77,     253.8,     87.9,     -178
34,     08.10.2014 05:41:16,     -4.2,     -2.01,     225,     1.8,     2.8,     4.7,     10,     86.7,     1002.5,     297.77,     253.6,     87.9,     -177.9
35,     08.10.2014 05:51:16,     -3.15,     0,     227,     1.7,     3,     5,     9.8,     87,     1002.6,     297.77,     253.3,     87.9,     -178
36,     08.10.2014 06:01:16,     -4.2,     -2.01,     230,     1.6,     2.9,     5.1,     9.8,     86.7,     1002.7,     297.77,     254.1,     87.8,     -177.9
37,     08.10.2014 06:11:16,     -3.15,     2.01,     228,     1.6,     2.9,     4.2,     9.7,     87.1,     1002.7,     297.77,     253.6,     88,     -178,     12.361,     9.45,     76.0
38,     08.10.2014 06:21:16,     -2.1,     4.02,     230,     1.4,     2.5,     3.8,     9.7,     87,     1002.8,     297.77,     253.5,     88,     -178.1
39,     08.10.2014 06:31:16,     1.05,     10.05,     225,     1.6,     3.2,     4.9,     9.6,     87.2,     1003,     297.77,     254,     88,     -178
40,     08.10.2014 06:41:16,     8.4,     20.1,     231,     1.2,     2.8,     4.3,     9.6,     87.5,     1003,     297.77,     254.1,     87.9,     -177.9
41,     08.10.2014 06:51:16,     14.7,     34.17,     232,     1.9,     3.1,     4.6,     9.6,     87.2,     1003.1,     297.77,     254.2,     87.9,     -177.9
42,     08.10.2014 07:01:16,     17.85,     44.22,     228,     1.2,     2.9,     4.5,     9.7,     86.9,     1003.2,     297.77,     253.2,     88,     -178
43,     08.10.2014 07:11:22,     29.4,     64.32,     222,     1.4,     2.7,     4,     9.8,     87,     1003.4,     297.77,     253.7,     87.9,     -177.9,     12.503,     9.33,     76.1
44,     08.10.2014 07:21:22,     37.8,     76.38,     224,     1.1,     2.3,     3.8,     9.7,     87,     1003.4,     297.77,     254,     88,     -178
45,     08.10.2014 07:31:22,     43.05,     90.45,     225,     1.3,     2.5,     3.7,     9.8,     86.8,     1003.5,     297.77,     253.4,     88,     -178
46,     08.10.2014 07:41:22,     53.55,     110.55,     228,     1,     2.5,     4,     9.9,     86.1,     1003.5,     297.77,     253.7,     87.8,     -177.8
47,     08.10.2014 07:51:22,     73.5,     148.74,     229,     1.4,     2.5,     3.8,     10,     85.8,     1003.5,     297.77,     254.3,     88,     -178
48,     08.10.2014 08:01:22,     80.85,     170.85,     228,     1.7,     2.9,     4.3,     10.1,     85.4,     1003.6,     297.77,     254.2,     88,     -178
49,     08.10.2014 08:11:18,     135.45,     267.33,     226,     1.4,     2.6,     4.5,     10.3,     84.8,     1003.5,     297.77,     254,     87.9,     -178,     14.040,     9.91,     76.2
50,     08.10.2014 08:21:18,     163.8,     317.58,     223,     1.5,     2.7,     4.3,     10.5,     84.9,     1003.7,     297.77,     254.5,     87.9,     -177.9
51,     08.10.2014 08:31:18,     135.45,     269.34,     229,     1.2,     2.4,     4,     10.9,     83.8,     1003.6,     297.77,     254,     88,     -178
52,     08.10.2014 08:41:18,     235.2,     444.21,     235,     0.9,     2.6,     4.3,     11.1,     81.9,     1003.5,     297.77,     254,     88.1,     -178.1
53,     08.10.2014 08:51:18,     257.25,     486.42,     236,     1.4,     2.8,     4.2,     11.4,     81.3,     1003.6,     297.77,     254.1,     88.1,     -178.1
54,     08.10.2014 09:01:18,     342.3,     641.19,     241,     1.4,     2.8,     4.2,     11.8,     80.1,     1003.6,     297.77,     254.2,     87.9,     -177.9
55,     08.10.2014 09:11:16,     349.65,     649.23,     244,     0.7,     3,     5.2,     12.1,     76.5,     1003.6,     297.77,     254.4,     88,     -178,     13.292,     14.07,     75.7
56,     08.10.2014 09:21:16,     173.25,     347.73,     239,     1.4,     3.4,     5.6,     12.5,     75.9,     1003.6,     297.77,     253.9,     88,     -178
57,     08.10.2014 09:31:16,     137.55,     275.37,     243,     0.9,     3.4,     5.2,     12.7,     74.3,     1003.6,     297.77,     254.3,     88.1,     -178.1
58,     08.10.2014 09:41:16,     378,     715.56,     240,     1.3,     2.5,     4.1,     13,     73.7,     1003.5,     297.77,     253.8,     88,     -178
59,     08.10.2014 09:51:16,     387.45,     735.66,     245,     0.6,     2.6,     4.3,     13.3,     73.1,     1003.4,     297.77,     254.3,     87.9,     -177.9
60,     08.10.2014 10:01:16,     258.3,     486.42,     246,     0.1,     2.4,     4.4,     13.4,     72.4,     1003.5,     297.77,     253.9,     88.1,     -178.1
61,     08.10.2014 10:11:16,     457.8,     868.32,     222,     1.4,     2.8,     5.1,     13.5,     70.3,     1003.3,     297.77,     254.2,     87.8,     -177.8,     13.394,     16.67,     74.1
62,     08.10.2014 10:21:16,     428.4,     820.08,     229,     0.3,     3.2,     5.3,     13.7,     69.8,     1003.4,     297.77,     74.4,     87.9,     -2
63,     08.10.2014 10:31:16,     476.7,     916.56,     228,     1.5,     2.9,     4.7,     14,     69.4,     1003.4,     297.77,     253.6,     87.9,     -177.9
64,     08.10.2014 10:41:16,     502.95,     960.78,     230,     1.4,     3.7,     6.4,     14.1,     66.6,     1003.5,     297.77,     254.1,     87.9,     -177.9
65,     08.10.2014 10:51:16,     494.55,     944.7,     230,     1.6,     3.5,     6.2,     14.3,     66.9,     1003.4,     297.77,     254.1,     87.8,     -177.7
66,     08.10.2014 11:01:16,     477.75,     918.57,     235,     1,     3.8,     5.7,     14.4,     63.8,     1003.3,     297.77,     254.8,     87.9,     -178
67,     08.10.2014 11:11:22,     515.55,     994.95,     224,     1.2,     3.9,     8.4,     14.5,     64.9,     1003.2,     297.77,     255,     87.8,     -177.9,     12.989,     18.36,     73.3
68,     08.10.2014 11:21:22,     446.25,     862.29,     222,     1.8,     3.7,     5.9,     14.7,     67.2,     1003.1,     297.77,     254.6,     87.8,     -177.8
69,     08.10.2014 11:31:22,     493.5,     944.7,     209,     2.4,     4.1,     6.1,     14.7,     66.5,     1003.1,     297.77,     74.7,     88.1,     -1.8
70,     08.10.2014 11:41:22,     445.2,     860.28,     213,     1.9,     4.2,     7.7,     14.7,     66.9,     1002.9,     297.77,     74.7,     87.9,     -1.9
71,     08.10.2014 11:51:22,     439.95,     854.25,     202,     2.4,     4.5,     7,     14.7,     64.7,     1002.8,     297.77,     254.9,     87.9,     -177.9
72,     08.10.2014 12:01:22,     530.25,     1027.11,     203,     2.4,     4.6,     8.3,     14.7,     65,     1002.6,     297.77,     255.4,     87.8,     -177.9
73,     08.10.2014 12:11:17,     362.25,     733.65,     211,     2.3,     4.5,     7,     14.9,     64,     1002.5,     297.77,     253.9,     87.8,     -177.9,     13.084,     18.62,     73.4
74,     08.10.2014 12:21:17,     260.4,     506.52,     211,     1.9,     4.1,     6.5,     14.9,     65.4,     1002.4,     297.77,     253.7,     87.8,     -177.8
75,     08.10.2014 12:31:17,     247.8,     496.47,     209,     2.2,     3.9,     5.9,     14.9,     66.5,     1002.4,     297.77,     254,     87.9,     -177.9
76,     08.10.2014 12:41:17,     269.85,     538.68,     210,     1.3,     3.6,     7,     15,     65.4,     1002.4,     297.77,     74.4,     87.9,     -2
77,     08.10.2014 12:51:17,     206.85,     422.1,     203,     2.3,     4.2,     6.7,     15,     64,     1002.3,     297.77,     74.6,     88,     -1.9
78,     08.10.2014 13:01:17,     203.7,     416.07,     217,     2,     3.6,     6.2,     15,     63.7,     1002.2,     297.77,     254,     87.9,     -177.9
79,     08.10.2014 13:11:16,     242.55,     496.47,     200,     1.9,     3.7,     6.3,     15,     66.4,     1002.1,     297.77,     75.7,     87.3,     -2.6,     13.368,     17.53,     73.9
80,     08.10.2014 13:21:16,     227.85,     462.3,     198,     1.8,     3.7,     6,     15.1,     67.2,     1002,     297.8,     255,     87.1,     -177.1
81,     08.10.2014 13:31:16,     218.4,     444.21,     190,     2.4,     4.5,     6.9,     15.1,     66.7,     1001.8,     297.8,     255.5,     88.3,     -178.3
82,     08.10.2014 13:41:16,     241.5,     494.46,     197,     2,     4.2,     6.3,     15.2,     67.9,     1001.8,     297.8,     254.7,     87.9,     -177.9
83,     08.10.2014 13:51:16,     207.9,     420.09,     199,     2.7,     4.6,     7.2,     15.2,     67.6,     1001.5,     297.8,     253.7,     88.1,     -178.1
84,     08.10.2014 14:01:16,     183.75,     379.89,     198,     2.8,     4.3,     6.2,     15.3,     68.1,     1001.3,     297.8,     254,     88,     -178
85,     08.10.2014 14:11:16,     169.05,     351.75,     200,     1.6,     3.9,     5.9,     15.3,     68.7,     1001.3,     297.8,     254.2,     88.1,     -178.1,     13.495,     17.16,     74.0
86,     08.10.2014 14:21:16,     203.7,     418.08,     197,     1.7,     3.8,     6.5,     15.3,     67.6,     1001.2,     297.8,     75,     88,     -1.8
87,     08.10.2014 14:31:16,     218.4,     446.22,     195,     2,     4.1,     7.3,     15.4,     68.1,     1001,     297.8,     253.9,     88.2,     -178.2
88,     08.10.2014 14:41:16,     130.2,     265.32,     195,     2.1,     4,     5.9,     15.5,     68.5,     1001.1,     297.8,     253.8,     88.2,     -178.2
89,     08.10.2014 14:51:16,     70.35,     146.73,     198,     2.7,     4.8,     7.7,     15.5,     70.3,     1001.1,     297.8,     254.1,     88.1,     -178.1
90,     08.10.2014 15:01:16,     74.55,     158.79,     203,     2.4,     4,     6.5,     15.4,     70.9,     1001.1,     297.8,     254.1,     88.1,     -178.1
91,     08.10.2014 15:11:21,     84,     176.88,     199,     2.5,     4.1,     6.2,     15.4,     71.8,     1001.2,     297.8,     253.8,     88,     -178,     13.606,     16.93,     74.2
92,     08.10.2014 15:21:21,     77.7,     168.84,     203,     2.2,     3.7,     6.1,     15.5,     71.9,     1001.1,     297.8,     254.1,     88.1,     -178
93,     08.10.2014 15:31:21,     45.15,     104.52,     204,     1.8,     4,     6.2,     15.6,     71.5,     1001.1,     297.8,     254.4,     87.9,     -177.9
94,     08.10.2014 15:41:21,     36.75,     94.47,     202,     2.6,     4.2,     6.6,     15.4,     73.4,     1001,     297.82,     73.8,     87.8,     -2.1
95,     08.10.2014 15:51:21,     23.1,     64.32,     207,     1,     3.1,     5,     15.1,     76,     1001,     297.83,     253.9,     88.1,     -178.1
96,     08.10.2014 16:01:21,     37.8,     96.48,     202,     1.6,     2.9,     4.8,     14.9,     77.6,     1000.8,     297.84,     253.5,     88,     -178
97,     08.10.2014 16:11:16,     18.9,     54.27,     198,     1.8,     3,     4.7,     14.8,     78.1,     1000.6,     297.85,     253.7,     88.1,     -178.1,     13.358,     15.88,     74.7
98,     08.10.2014 16:21:16,     42,     96.48,     188,     1.1,     2.5,     4.4,     14.6,     79.8,     1000.4,     297.92,     253.7,     88,     -178
99,     08.10.2014 16:31:16,     16.8,     46.23,     191,     1.3,     2.6,     4.2,     14.6,     81,     1000.5,     297.98,     253.7,     88.1,     -178.1
100,     08.10.2014 16:41:16,     14.7,     40.2,     184,     1.2,     2.5,     3.8,     14.5,     81.9,     1000.2,     298,     253.5,     88.1,     -178
101,     08.10.2014 16:51:16,     6.3,     20.1,     177,     1.6,     2.8,     4.6,     14.4,     81.9,     999.9,     298,     253.4,     88,     -178
102,     08.10.2014 17:01:16,     5.25,     20.1,     179,     1.4,     3,     5.3,     14.4,     81.9,     999.7,     298,     253.7,     88.1,     -178.1
103,     08.10.2014 17:11:17,     3.15,     14.07,     184,     1.7,     3.5,     5.7,     14.3,     81.7,     999.5,     298.03,     253.6,     88.2,     -178.2,     12.743,     14.78,     75.0
104,     08.10.2014 17:21:17,     -1.05,     8.04,     187,     2.1,     3.4,     5.8,     14.4,     82.4,     999.3,     298.05,     253.9,     88,     -178
105,     08.10.2014 17:31:17,     -1.05,     2.01,     191,     0.7,     3.5,     5.7,     14.3,     82.5,     999.4,     298.2,     253.3,     88,     -178
106,     08.10.2014 17:41:17,     -3.15,     0,     187,     1.8,     3.8,     6.7,     14.3,     82.7,     999.2,     298.2,     254,     88,     -178
107,     08.10.2014 17:51:17,     -3.15,     -2.01,     197,     2,     3.6,     5.3,     14.4,     83.5,     999,     298.2,     254.1,     88,     -177.9
108,     08.10.2014 18:01:17,     -3.15,     0,     197,     1.9,     3.8,     5.7,     14.4,     83.6,     998.8,     298.2,     253.6,     88.1,     -178.1
109,     08.10.2014 18:11:16,     -3.15,     -2.01,     198,     1.6,     3.1,     5.5,     14.5,     84.3,     998.6,     298.2,     253.6,     88.1,     -178.1,     12.666,     14.41,     75.2
110,     08.10.2014 18:21:16,     -3.15,     0,     197,     1.6,     3.1,     5.3,     14.4,     84.9,     998.5,     298.2,     253.6,     88.1,     -178.1
111,     08.10.2014 18:31:16,     -3.15,     -2.01,     195,     1.1,     2.9,     5.6,     14.4,     85.3,     998.4,     298.2,     253.4,     88,     -178.1
112,     08.10.2014 18:41:16,     -2.1,     -2.01,     199,     1.5,     3.5,     6.7,     14.4,     85,     998.4,     298.2,     253.9,     88,     -178
113,     08.10.2014 18:51:16,     -3.15,     -2.01,     203,     2.1,     4.2,     6.2,     14.5,     85.2,     998.5,     298.2,     253.6,     88,     -178
114,     08.10.2014 19:01:16,     -2.1,     -2.01,     204,     2.5,     4.1,     6.9,     14.5,     85.6,     998.4,     298.2,     254,     88,     -177.9
115,     08.10.2014 19:11:16,     -1.05,     2.01,     200,     2.7,     4.2,     6.3,     14.5,     86.2,     998.3,     298.2,     254.8,     88,     -178,     12.633,     14.60,     75.0
116,     08.10.2014 19:21:16,     -2.1,     0,     208,     2.8,     4.8,     7.8,     14.5,     86.8,     998.4,     298.2,     254.2,     88.1,     -178.1
117,     08.10.2014 19:31:16,     -1.05,     0,     211,     2.9,     4.6,     8.4,     14.4,     87.9,     998.2,     298.2,     254.7,     88,     -178
118,     08.10.2014 19:41:16,     -1.05,     -2.01,     203,     2.3,     3.8,     6.4,     14.2,     89.1,     998.1,     298.2,     254,     88.2,     -178.2
119,     08.10.2014 19:51:16,     -1.05,     -2.01,     218,     1.2,     3.2,     5.7,     14.2,     89.9,     998,     298.2,     254.4,     87.9,     -177.9
120,     08.10.2014 20:01:16,     -3.15,     -2.01,     0,     0,     0,     0,     14.2,     90.2,     997.8,     298.2,     253.7,     88.3,     -178.3
121,     08.10.2014 20:11:22,     -2.1,     -2.01,     204,     2.3,     3.6,     5.5,     14.3,     90.1,     997.8,     298.2,     253.5,     88.1,     -178.1,     12.626,     14.70,     74.9
122,     08.10.2014 20:21:22,     -2.1,     -2.01,     197,     2,     4.2,     6.7,     14.3,     90.2,     997.5,     298.2,     253.7,     88,     -178
123,     08.10.2014 20:31:22,     -2.1,     -2.01,     194,     2.4,     4.1,     6.2,     14.3,     90,     997.4,     298.2,     253.7,     87.9,     -178
124,     08.10.2014 20:41:22,     -3.15,     0,     220,     1.4,     4,     7.4,     14.3,     89.3,     997.6,     298.2,     253.9,     87.8,     -177.9
125,     08.10.2014 20:51:22,     -1.05,     0,     257,     0.6,     3.2,     4.7,     14.4,     89.3,     997.4,     298.2,     253.7,     88,     -178
126,     08.10.2014 21:01:22,     -2.1,     -2.01,     196,     2.4,     5,     8,     14.6,     87.3,     997.1,     298.2,     254.4,     88.4,     -178.5
127,     08.10.2014 21:11:22,     -2.1,     -2.01,     203,     2,     4,     6.1,     14.6,     87.7,     997.3,     298.2,     254.8,     88.2,     -178.3,     12.594,     14.75,     75.0
128,     08.10.2014 21:21:22,     -1.05,     -2.01,     204,     2.3,     4.9,     8.7,     14.7,     87.7,     997.3,     298.2,     254.6,     88.2,     -178.3
129,     08.10.2014 21:31:22,     -1.05,     -2.01,     220,     2.1,     4.2,     7.6,     14.7,     87.5,     997.1,     298.2,     254.2,     87.8,     -177.9
130,     08.10.2014 21:41:22,     -1.05,     0,     219,     1.5,     4.1,     7.4,     14.8,     86.9,     997.2,     298.2,     253.8,     88.3,     -178.3
131,     08.10.2014 21:51:22,     -1.05,     -2.01,     216,     2.1,     3.9,     7.3,     14.8,     87.2,     997,     298.2,     254.4,     88,     -178.1
132,     08.10.2014 22:01:22,     -3.15,     -4.02,     223,     1.9,     3.8,     6.7,     14.8,     87.5,     996.9,     298.2,     254.1,     88,     -178
133,     08.10.2014 22:11:16,     -1.05,     0,     220,     2.3,     4.1,     6.7,     14.7,     87.8,     996.8,     298.2,     254,     88.1,     -178.1,     12.575,     15.00,     74.9
134,     08.10.2014 22:21:16,     -1.05,     -2.01,     219,     2,     3.4,     5,     14.7,     88,     996.8,     298.2,     253.8,     88,     -178
135,     08.10.2014 22:31:16,     -2.1,     -4.02,     222,     2,     3.6,     6,     14.7,     87.9,     996.8,     298.2,     253.6,     88.1,     -178.2
136,     08.10.2014 22:41:16,     -1.05,     0,     231,     1.5,     3.2,     4.8,     14.8,     87.9,     996.9,     298.2,     254,     88,     -178
137,     08.10.2014 22:51:16,     -3.15,     0,     231,     1.1,     3.4,     5.7,     14.8,     87.9,     996.7,     298.2,     253.9,     88,     -178
138,     08.10.2014 23:01:16,     -4.2,     -4.02,     230,     1.8,     3.3,     5.9,     14.8,     88.1,     996.6,     298.2,     254.3,     88.1,     -178.1
139,     08.10.2014 23:11:21,     -1.05,     -2.01,     235,     1.5,     3.2,     5.3,     14.7,     88.3,     996.8,     298.2,     254.2,     88,     -178,     12.556,     14.84,     74.9
140,     08.10.2014 23:21:21,     -1.05,     -2.01,     234,     1.8,     3.5,     5.3,     14.8,     88.3,     996.8,     298.2,     254.4,     88,     -178
141,     08.10.2014 23:31:21,     -2.1,     0,     232,     2.1,     3.8,     6,     14.9,     88.2,     996.7,     298.2,     254.8,     88,     -178
142,     08.10.2014 23:41:21,     -2.1,     -2.01,     233,     1.9,     3.7,     5.8,     14.9,     88.1,     996.7,     298.2,     253.7,     88,     -178
143,     08.10.2014 23:51:21,     -3.15,     -2.01,     233,     1.9,     3.8,     6,     14.9,     88.1,     996.9,     298.2,     254.2,     88.1,     -178.1
144,     09.10.2014 00:01:16,     -4.2,     -2.01,     233,     2,     3.6,     6,     14.9,     88.1,     996.9,     298.2,     254,     87.9,     -178,     12.397,     14.95,     74.9