Logger: #D10248 'TSK_Meteo' - USP_EXP2 (V2.10, Jan 24 2012)
No,     Time,     #1:W/m²:0,     #2:ÂµMol:(do.),     #5:deg:2,     #6:m/sMIN:(do.),     #7:m/sMIT:(do.),     #8:m/sMAX:(do.),     #9:Â°C:(do.),     #10:%:(do.),     #11:hPa:(do.),     #12:mm:(do.),     #14:AZ:3,     #15:EL:(do.),     #16:Roll:(do.),     #HK-Bat:V,     #HK-Temp:oC,     #HK-rH:%
(GSM Transfer OK / Signal:15)
1,     18.06.2014 00:11:16,     -4.2,     -2.01,     185,     0.9,     1.5,     2,     11.3,     85,     1012,     69.37,     254.7,     87.9,     -177.9,     12.410,     11.87,     70.3
2,     18.06.2014 00:21:16,     -4.2,     0,     199,     0.7,     1.2,     1.6,     11.1,     84.7,     1012,     69.37,     254.7,     87.9,     -177.9
3,     18.06.2014 00:31:16,     -5.25,     -4.02,     196,     1,     1.3,     1.8,     11,     85.5,     1011.9,     69.37,     254.8,     87.9,     -177.9
4,     18.06.2014 00:41:16,     -4.2,     -2.01,     194,     0.6,     1.3,     1.9,     10.9,     85.7,     1011.8,     69.37,     254.6,     87.7,     -177.8
5,     18.06.2014 00:51:16,     -5.25,     -2.01,     193,     0.3,     0.9,     1.4,     11.1,     86.7,     1011.8,     69.37,     254.8,     87.7,     -177.8
6,     18.06.2014 01:01:16,     -4.2,     -2.01,     195,     0.7,     1.3,     1.7,     10.9,     85.6,     1011.8,     69.37,     254.8,     87.9,     -177.9
7,     18.06.2014 01:11:16,     -4.2,     -4.02,     199,     0.6,     1.2,     1.7,     10.9,     86.7,     1011.7,     69.37,     254.9,     87.8,     -177.8,     12.529,     10.71,     71.7
8,     18.06.2014 01:21:16,     -4.2,     0,     204,     0.9,     1.3,     1.8,     10.7,     85.3,     1011.8,     69.37,     254.8,     87.8,     -177.9
9,     18.06.2014 01:31:16,     -4.2,     -2.01,     181,     0.5,     1.2,     1.7,     11.2,     88,     1011.7,     69.37,     254.8,     87.9,     -177.9
10,     18.06.2014 01:41:16,     -4.2,     -2.01,     195,     0.5,     1.1,     1.8,     11.2,     87.9,     1011.7,     69.37,     254.8,     87.9,     -177.9
11,     18.06.2014 01:51:16,     -5.25,     -4.02,     200,     0.8,     1.3,     1.9,     10.8,     87.1,     1011.6,     69.37,     254.8,     87.9,     -177.9
12,     18.06.2014 02:01:16,     -5.25,     -6.03,     193,     0.9,     1.3,     1.9,     10.6,     87.8,     1011.7,     69.37,     254.8,     87.9,     -177.9
13,     18.06.2014 02:11:22,     -4.2,     0,     189,     0.6,     1.1,     1.5,     10.8,     88.2,     1011.7,     69.37,     254.8,     87.8,     -177.9,     12.476,     10.36,     71.7
14,     18.06.2014 02:21:22,     -4.2,     0,     204,     0.1,     1.1,     5,     11,     88.4,     1011.9,     69.37,     255.1,     87.9,     -177.9
15,     18.06.2014 02:31:22,     -5.25,     -4.02,     306,     0,     1.6,     4.6,     11,     86.2,     1011.8,     69.37,     254.8,     87.8,     -177.9
16,     18.06.2014 02:41:22,     -5.25,     0,     298,     0.1,     1,     2.4,     11.2,     84.2,     1011.8,     69.37,     254.8,     87.9,     -177.9
17,     18.06.2014 02:51:22,     -5.25,     -2.01,     195,     0.4,     1.3,     2.1,     11.2,     86.2,     1011.8,     69.37,     254.9,     87.9,     -177.9
18,     18.06.2014 03:01:22,     -5.25,     0,     194,     0.7,     1.4,     1.9,     11.2,     86.6,     1011.8,     69.37,     254.8,     87.9,     -177.9
19,     18.06.2014 03:11:16,     -5.25,     0,     184,     0.6,     1.3,     2,     11,     87.7,     1011.8,     69.37,     254.8,     87.9,     -177.9,     12.442,     10.27,     71.7
20,     18.06.2014 03:21:16,     -3.15,     2.01,     185,     0.2,     1.4,     2,     11.1,     88.2,     1011.8,     69.37,     254.7,     87.9,     -177.9
21,     18.06.2014 03:31:16,     -3.15,     2.01,     182,     1,     1.6,     2.3,     10.6,     88.1,     1011.8,     69.37,     254.8,     87.9,     -177.9
22,     18.06.2014 03:41:16,     -1.05,     6.03,     186,     0.8,     1.3,     2.1,     10.9,     87.8,     1011.7,     69.37,     254.8,     87.8,     -177.8
23,     18.06.2014 03:51:16,     2.1,     12.06,     185,     0.7,     1.4,     2.2,     10.9,     87,     1011.8,     69.37,     254.8,     87.9,     -177.9
24,     18.06.2014 04:01:16,     8.4,     22.11,     186,     0.4,     1.2,     1.9,     11,     86.3,     1011.8,     69.37,     254.9,     87.9,     -177.9
25,     18.06.2014 04:11:22,     12.6,     34.17,     198,     0.3,     1.2,     1.9,     11.2,     85.5,     1011.7,     69.37,     254.8,     87.9,     -177.9,     12.431,     10.37,     71.6
26,     18.06.2014 04:21:22,     19.95,     46.23,     244,     0.1,     1.2,     2.8,     11.3,     81.5,     1011.8,     69.37,     254.9,     87.7,     -177.8
27,     18.06.2014 04:31:22,     28.35,     64.32,     299,     0.3,     1.7,     2.6,     11.5,     78.7,     1011.7,     69.37,     254.9,     87.9,     -177.9
28,     18.06.2014 04:41:22,     43.05,     90.45,     297,     0.6,     1.6,     2.7,     11.6,     78.1,     1011.8,     69.37,     255,     87.9,     -178
29,     18.06.2014 04:51:22,     87.15,     150.75,     300,     0.7,     1.8,     2.8,     11.6,     79,     1011.8,     69.37,     255,     87.8,     -177.8
30,     18.06.2014 05:01:22,     90.3,     166.83,     305,     1.1,     1.8,     2.8,     11.8,     78.5,     1011.8,     69.37,     255,     87.9,     -177.9
31,     18.06.2014 05:11:22,     101.85,     194.97,     300,     0.9,     1.9,     3.2,     11.8,     79.1,     1011.8,     69.37,     255.1,     87.7,     -177.7,     12.948,     12.31,     72.6
32,     18.06.2014 05:21:22,     116.55,     219.09,     303,     1.1,     2,     3.1,     11.8,     80.5,     1011.9,     69.37,     255.1,     87.9,     -177.9
33,     18.06.2014 05:31:22,     153.3,     279.39,     319,     0.8,     1.6,     2.5,     11.9,     79.7,     1011.9,     69.37,     255.3,     88,     -178
34,     18.06.2014 05:41:22,     181.65,     337.68,     321,     0.1,     1.4,     2.6,     12.1,     80,     1011.9,     69.37,     255.3,     87.9,     -177.9
35,     18.06.2014 05:51:22,     218.4,     404.01,     308,     0.5,     1.7,     3.3,     12.2,     81.7,     1011.8,     69.37,     255.3,     87.9,     -177.9
36,     18.06.2014 06:01:22,     231,     430.14,     305,     0.5,     1.6,     3,     12.6,     80.3,     1011.8,     69.37,     255.4,     87.9,     -177.9
37,     18.06.2014 06:11:16,     212.1,     402,     316,     0.5,     1.7,     3.3,     12.8,     79.9,     1011.7,     69.37,     255.5,     87.9,     -177.9,     14.335,     18.48,     72.5
38,     18.06.2014 06:21:16,     296.1,     546.72,     302,     0.6,     1.9,     3.3,     13.1,     81.4,     1011.7,     69.37,     255.4,     87.9,     -177.9
39,     18.06.2014 06:31:16,     253.05,     482.4,     297,     0.7,     1.7,     3.3,     13.4,     79.7,     1011.8,     69.37,     255.4,     88,     -178
40,     18.06.2014 06:41:16,     225.75,     438.18,     312,     0.6,     2,     3.3,     13.6,     79.5,     1011.8,     69.37,     255.4,     87.9,     -177.9
41,     18.06.2014 06:51:16,     325.5,     623.1,     320,     0.1,     1.7,     3.7,     13.9,     76.8,     1011.9,     69.37,     255.4,     88,     -178
42,     18.06.2014 07:01:16,     305.55,     580.89,     309,     0.4,     1.9,     4.1,     14.1,     75,     1011.9,     69.37,     255.5,     87.9,     -177.9
43,     18.06.2014 07:11:16,     341.25,     649.23,     331,     0.7,     2,     3.5,     14.2,     73.1,     1011.9,     69.37,     255.4,     88,     -178,     13.396,     21.71,     70.7
44,     18.06.2014 07:21:16,     334.95,     643.2,     337,     0.1,     2.4,     4.1,     14.3,     72.5,     1011.8,     69.37,     255.5,     87.8,     -177.9
45,     18.06.2014 07:31:16,     351.75,     677.37,     324,     0.3,     2,     3.9,     14.5,     72.5,     1011.8,     69.37,     255.4,     88,     -178
46,     18.06.2014 07:41:16,     328.65,     635.16,     312,     0.7,     2.1,     3.7,     14.7,     71.3,     1011.8,     69.37,     255.6,     87.9,     -177.9
47,     18.06.2014 07:51:16,     388.5,     739.68,     316,     0.5,     2.1,     4,     14.8,     71.3,     1011.8,     69.37,     255.4,     87.9,     -177.9
48,     18.06.2014 08:01:16,     359.1,     697.47,     323,     0.3,     1.8,     3.8,     15,     71.2,     1011.9,     69.37,     255.5,     87.9,     -177.9
49,     18.06.2014 08:11:16,     542.85,     1041.18,     299,     0.1,     1.6,     3.2,     15.4,     68.2,     1011.9,     69.37,     255.4,     87.8,     -177.8,     13.296,     22.86,     70.1
50,     18.06.2014 08:21:16,     621.6,     1183.89,     291,     0.6,     2.5,     4.7,     15.7,     66.6,     1011.9,     69.37,     255.6,     87.9,     -177.9
51,     18.06.2014 08:31:16,     589.05,     1127.61,     289,     1.6,     3.2,     5.5,     15.8,     64.1,     1011.8,     69.37,     255.5,     88,     -178
52,     18.06.2014 08:41:16,     600.6,     1157.76,     296,     1,     3,     5.3,     16.1,     63.6,     1011.8,     69.37,     255.5,     87.8,     -177.9
53,     18.06.2014 08:51:16,     616.35,     1193.94,     291,     0.3,     3,     6.2,     16.4,     61.1,     1011.7,     69.37,     75.9,     87.8,     -2.1
54,     18.06.2014 09:01:16,     647.85,     118.59,     300,     1.3,     3.5,     5.5,     16.5,     57.4,     1011.7,     69.37,     255.8,     87.9,     -177.9
55,     18.06.2014 09:11:16,     681.45,     150.75,     307,     0.1,     2.8,     4.5,     16.7,     58.6,     1011.7,     69.37,     76,     87.9,     -2.1,     13.213,     25.33,     68.4
56,     18.06.2014 09:21:16,     559.65,     1119.57,     307,     1.1,     3.3,     6,     16.9,     61.8,     1011.7,     69.37,     255.6,     87.9,     -177.9
57,     18.06.2014 09:31:16,     704.55,     1376.85,     307,     0.9,     3.4,     7,     17,     56,     1011.7,     69.37,     76.5,     88.1,     -1.8
58,     18.06.2014 09:41:16,     748.65,     1455.24,     304,     0.5,     4.2,     7.2,     17,     57.7,     1011.8,     69.37,     255.9,     87.8,     -177.7
59,     18.06.2014 09:51:16,     712.95,     1400.97,     303,     0.5,     4.1,     7.3,     17.1,     56.2,     1011.7,     69.37,     255.7,     87.9,     -177.9
60,     18.06.2014 10:01:16,     764.4,     1499.46,     302,     1.1,     3.5,     6.2,     17.3,     58.7,     1011.7,     69.37,     256,     87.9,     -177.9
61,     18.06.2014 10:11:16,     771.75,     1513.53,     283,     1.2,     4.9,     7.8,     17.3,     55.7,     1011.7,     69.37,     76.3,     87.8,     -2.1,     13.205,     25.25,     67.9
62,     18.06.2014 10:21:16,     799.05,     1569.81,     285,     2.2,     5,     8.9,     17.3,     57.5,     1011.6,     69.37,     76,     87.8,     -2.1
63,     18.06.2014 10:31:16,     842.1,     1662.27,     289,     1.6,     4.3,     7.2,     17.5,     59,     1011.6,     69.37,     76,     88,     -1.9
64,     18.06.2014 10:41:16,     859.95,     1696.44,     314,     0.9,     4,     7.1,     17.7,     57.9,     1011.6,     69.37,     255.5,     88,     -178
65,     18.06.2014 10:51:16,     774.9,     1535.64,     297,     1.9,     4.9,     8.5,     17.8,     56.9,     1011.6,     69.37,     255.5,     87.7,     -177.7
66,     18.06.2014 11:01:16,     883.05,     1744.68,     296,     1.1,     5.1,     8.8,     17.9,     53.5,     1011.6,     69.37,     255.6,     87.8,     -177.7
67,     18.06.2014 11:11:16,     538.65,     709.53,     326,     1.9,     4.5,     8.1,     17.8,     57.2,     1011.4,     69.37,     255.6,     88.1,     -178.2,     13.372,     24.35,     67.7
68,     18.06.2014 11:21:16,     897.75,     1780.86,     310,     1.6,     4.3,     7.4,     18,     52.4,     1011.6,     69.37,     76.4,     87.7,     -2.3
69,     18.06.2014 11:31:16,     987,     1959.75,     304,     1.4,     4.5,     8.7,     18,     53.6,     1011.5,     69.37,     75.8,     87.6,     -2.3
70,     18.06.2014 11:41:16,     323.4,     651.24,     312,     1.4,     4,     8,     18,     54.7,     1011.5,     69.37,     75.9,     87.9,     -2
71,     18.06.2014 11:51:16,     852.6,     1698.45,     286,     1.8,     4.5,     7.5,     18.1,     56.1,     1011.5,     69.37,     75.9,     87.9,     -2
72,     18.06.2014 12:01:16,     328.65,     647.22,     319,     2.1,     4.3,     6.8,     18,     54.5,     1011.5,     69.37,     77.3,     87.6,     -2.3
73,     18.06.2014 12:11:16,     373.8,     709.53,     294,     2.1,     5.2,     8.4,     18.1,     56.3,     1011.5,     69.37,     76.4,     88,     -1.8,     13.226,     23.29,     68.4
74,     18.06.2014 12:21:16,     562.8,     1208.01,     315,     1.1,     4.2,     7.9,     18.1,     55.2,     1011.6,     69.37,     255.4,     87.9,     -177.9
75,     18.06.2014 12:31:16,     423.15,     828.12,     314,     1.8,     4.6,     9.5,     18.1,     56.7,     1011.6,     69.37,     76.2,     88,     -1.9
76,     18.06.2014 12:41:16,     359.1,     711.54,     303,     1.6,     4.5,     9.3,     18.1,     55.7,     1011.4,     69.37,     76,     87.8,     -2
77,     18.06.2014 12:51:16,     363.3,     723.6,     293,     2,     4.9,     8.6,     18.2,     56.1,     1011.4,     69.37,     255.5,     88,     -178
78,     18.06.2014 13:01:16,     417.9,     816.06,     289,     1.5,     4.4,     9.2,     18.4,     53.5,     1011.2,     69.37,     75.9,     88,     -1.9
79,     18.06.2014 13:11:16,     969.15,     1905.48,     326,     1.1,     4.3,     9.8,     18.3,     53.9,     1011.2,     69.37,     75.7,     87.8,     -2.1,     13.127,     23.09,     68.4
80,     18.06.2014 13:21:16,     451.5,     932.64,     305,     0.7,     4.4,     8.1,     18.7,     50.6,     1011.1,     69.37,     75.4,     87.8,     -2.1
81,     18.06.2014 13:31:16,     1054.2,     2048.19,     318,     1.7,     4.1,     7.8,     18.7,     52.4,     1011,     69.37,     75.8,     87.9,     -2
82,     18.06.2014 13:41:16,     932.4,     1821.06,     327,     1.5,     4.3,     8.1,     18.8,     49.8,     1011,     69.37,     255.5,     88.1,     -178.1
83,     18.06.2014 13:51:16,     283.5,     584.91,     307,     1.4,     3.5,     7.3,     19,     49.2,     1010.9,     69.37,     255.2,     87.6,     -177.6
84,     18.06.2014 14:01:16,     789.6,     1543.68,     309,     1.5,     3.6,     7.4,     19.2,     48.7,     1010.8,     69.37,     75.8,     87.9,     -2
85,     18.06.2014 14:11:16,     516.6,     1268.31,     323,     0.5,     3.2,     6.6,     19.4,     47.3,     1010.7,     69.37,     76.1,     87.8,     -2.1,     13.239,     23.21,     68.4
86,     18.06.2014 14:21:16,     769.65,     940.68,     350,     1.7,     4.4,     7.1,     19.4,     48.5,     1010.6,     69.37,     76.2,     88.4,     -1.5
87,     18.06.2014 14:31:16,     808.5,     1553.73,     340,     2,     4.3,     7.9,     19.6,     47.6,     1010.5,     69.37,     75.9,     88.2,     -1.8
88,     18.06.2014 14:41:16,     496.65,     1145.7,     335,     1.5,     4.1,     7,     19.7,     45.6,     1010.5,     69.37,     75.5,     87.5,     -2.4
89,     18.06.2014 14:51:16,     752.85,     1443.18,     337,     1.4,     4.5,     7.7,     19.8,     44.8,     1010.5,     69.37,     255.3,     87.6,     -177.6
90,     18.06.2014 15:01:16,     714,     1354.74,     320,     0.9,     4.1,     7.6,     20,     45.9,     1010.4,     69.37,     255.4,     88.1,     -178.1
91,     18.06.2014 15:11:22,     478.8,     1095.45,     322,     0.6,     3.9,     7.9,     20.1,     44.8,     1010.3,     69.37,     76.1,     88,     -1.9,     13.127,     23.67,     68.1
92,     18.06.2014 15:21:22,     376.95,     852.24,     317,     0.2,     3.1,     6.8,     19.9,     45.3,     1010.2,     69.37,     75.7,     87.7,     -2.1
93,     18.06.2014 15:31:22,     745.5,     1386.9,     337,     1.3,     4.4,     7,     20,     44.3,     1010.2,     69.37,     75.9,     88,     -1.9
94,     18.06.2014 15:41:22,     320.25,     586.92,     336,     1.6,     3.5,     6.5,     20.2,     46.7,     1010.1,     69.37,     75.6,     87.9,     -2
95,     18.06.2014 15:51:22,     598.5,     998.97,     341,     2.1,     4,     7,     20.1,     48.3,     1010,     69.37,     76,     87.9,     -2
96,     18.06.2014 16:01:22,     244.65,     480.39,     349,     1.2,     3.8,     6.6,     20.2,     45.4,     1009.9,     69.37,     75.7,     88,     -1.9
97,     18.06.2014 16:11:16,     586.95,     1083.39,     349,     1.3,     3.7,     6.8,     20.2,     47.2,     1009.8,     69.37,     75.5,     88,     -1.9,     13.288,     23.65,     68.1
98,     18.06.2014 16:21:16,     498.75,     946.71,     336,     1.2,     3.2,     5.7,     20.4,     47.3,     1009.7,     69.37,     75.4,     87.7,     -2.2
99,     18.06.2014 16:31:16,     525,     974.85,     340,     0.8,     3.5,     6.3,     20.6,     44.1,     1009.5,     69.37,     75.4,     87.2,     -2.7
100,     18.06.2014 16:41:16,     500.85,     928.62,     338,     0.5,     3.8,     7.9,     20.7,     45.4,     1009.5,     69.37,     75.6,     87.6,     -2.3
101,     18.06.2014 16:51:16,     403.2,     753.75,     338,     1.9,     3.9,     6.6,     20.6,     45.4,     1009.4,     69.37,     76,     87.9,     -2
102,     18.06.2014 17:01:16,     347.55,     649.23,     336,     1.2,     3.9,     6.8,     20.7,     44.8,     1009.4,     69.37,     75.9,     87.9,     -2
103,     18.06.2014 17:11:16,     351.75,     659.28,     337,     0.9,     2.8,     5.2,     20.6,     45.6,     1009.3,     69.37,     75.6,     87.9,     -2,     13.383,     24.54,     67.6
104,     18.06.2014 17:21:16,     289.8,     550.74,     338,     1,     3.8,     6.3,     20.7,     44.7,     1009.3,     69.37,     255.3,     87.9,     -178
105,     18.06.2014 17:31:16,     257.25,     482.4,     350,     1.5,     3.9,     7.4,     20.5,     43.7,     1009.3,     69.37,     75.6,     88.3,     -1.6
106,     18.06.2014 17:41:16,     284.55,     532.65,     355,     2.4,     4.2,     7.5,     20.4,     45,     1009.2,     69.37,     76,     88.1,     -1.8
107,     18.06.2014 17:51:16,     273,     504.51,     348,     1.4,     4.1,     6.6,     20.4,     45.3,     1009.2,     69.37,     76.1,     87.4,     -2.5
108,     18.06.2014 18:01:16,     246.75,     460.29,     332,     1.9,     3.8,     6.5,     20.5,     44.6,     1009.2,     69.37,     75.6,     88.3,     -1.6
109,     18.06.2014 18:11:16,     204.75,     381.9,     336,     1.5,     3.7,     6.6,     20.6,     43.9,     1009.1,     69.37,     75.7,     88,     -1.9,     13.392,     23.55,     68.3
110,     18.06.2014 18:21:16,     271.95,     474.36,     332,     1.7,     4.1,     7.8,     20.5,     44.9,     1009.1,     69.37,     75.7,     87.7,     -2.2
111,     18.06.2014 18:31:16,     233.1,     408.03,     328,     1.9,     3.7,     6.2,     20.5,     44.7,     1009,     69.37,     76.1,     88,     -1.9
112,     18.06.2014 18:41:16,     195.3,     341.7,     338,     2,     4.1,     7.1,     20.4,     44.5,     1008.9,     69.37,     75.7,     87.6,     -2.2
113,     18.06.2014 18:51:16,     169.05,     273.36,     342,     2.2,     4.1,     6.4,     20.3,     47.1,     1008.9,     69.37,     255.4,     87.7,     -177.7
114,     18.06.2014 19:01:16,     124.95,     172.86,     341,     1.9,     4.1,     7.4,     20.2,     48,     1008.8,     69.37,     75.6,     88.2,     -1.7
115,     18.06.2014 19:11:16,     118.65,     140.7,     346,     1.9,     3.9,     8.5,     20.1,     47.9,     1008.8,     69.37,     75.4,     88,     -1.9,     13.447,     23.50,     68.2
116,     18.06.2014 19:21:16,     91.35,     104.52,     343,     1.8,     3.7,     6.2,     20,     49.5,     1008.8,     69.37,     75.6,     87.8,     -2.1
117,     18.06.2014 19:31:16,     64.05,     92.46,     345,     1.5,     3.3,     7,     19.8,     50.3,     1008.8,     69.37,     255.3,     87.9,     -177.8
118,     18.06.2014 19:41:16,     32.55,     78.39,     342,     1.3,     3.4,     5.7,     19.5,     53.3,     1008.9,     69.37,     75.6,     87.9,     -2
119,     18.06.2014 19:51:16,     46.2,     66.33,     342,     1.6,     3.6,     6.1,     19.2,     55.6,     1008.8,     69.37,     255.5,     88.1,     -178.1
120,     18.06.2014 20:01:16,     25.2,     54.27,     343,     1.4,     3,     4.8,     19.1,     56.9,     1008.8,     69.37,     75.6,     88.1,     -1.8
121,     18.06.2014 20:11:16,     17.85,     42.21,     338,     1.5,     3.4,     6,     18.8,     60.1,     1008.9,     69.37,     75.9,     88,     -1.9,     12.902,     21.15,     69.5
122,     18.06.2014 20:21:16,     9.45,     28.14,     332,     1.2,     4.3,     8.3,     18.4,     62.4,     1009,     69.37,     76,     87.3,     -2.6
123,     18.06.2014 20:31:16,     4.2,     16.08,     342,     2.3,     4.5,     7.1,     18.1,     63.8,     1009,     69.37,     255.3,     87.8,     -177.8
124,     18.06.2014 20:41:16,     1.05,     8.04,     342,     2,     4.5,     7.7,     17.8,     64.6,     1009,     69.37,     256.2,     87.7,     -177.7
125,     18.06.2014 20:51:16,     -2.1,     4.02,     338,     1.4,     4.1,     7,     17.5,     66.6,     1009.1,     69.37,     75.7,     88.2,     -1.7
126,     18.06.2014 21:01:16,     -4.2,     2.01,     335,     0.7,     4.1,     8.4,     17.2,     68.4,     1009.2,     69.37,     255.3,     87.7,     -177.7
127,     18.06.2014 21:11:17,     -5.25,     -2.01,     332,     1.5,     3.9,     7.1,     16.9,     69.2,     1009.2,     69.37,     75.8,     87.9,     -2,     12.726,     18.42,     70.2
128,     18.06.2014 21:21:17,     -5.25,     -4.02,     330,     1.5,     4,     8,     16.6,     69,     1009.2,     69.37,     254.9,     87.6,     -177.7
129,     18.06.2014 21:31:17,     -5.25,     -2.01,     334,     1.9,     3.6,     6.6,     16.3,     69.2,     1009.2,     69.37,     255.7,     87.6,     -177.6
130,     18.06.2014 21:41:17,     -4.2,     0,     330,     1.8,     3.7,     6.4,     16.1,     71,     1009.2,     69.37,     255.5,     88.1,     -178.1
131,     18.06.2014 21:51:17,     -5.25,     -2.01,     331,     1.8,     3.7,     6.5,     15.9,     70.5,     1009.2,     69.37,     255,     87.6,     -177.6
132,     18.06.2014 22:01:17,     -5.25,     0,     335,     0.7,     3.2,     5.3,     15.6,     72.3,     1009.2,     69.37,     254.8,     88,     -178
133,     18.06.2014 22:11:21,     -5.25,     -2.01,     339,     1.2,     3,     5.1,     15.5,     74.2,     1009.2,     69.37,     254.9,     88.1,     -178.1,     12.656,     16.42,     70.5
134,     18.06.2014 22:21:21,     -5.25,     -4.02,     326,     1.3,     2.7,     5.1,     15.2,     73.7,     1009.1,     69.37,     255.1,     87.7,     -177.7
135,     18.06.2014 22:31:21,     -5.25,     0,     324,     0.8,     2.5,     5,     15,     74.7,     1009,     69.37,     255.1,     88.1,     -178.1
136,     18.06.2014 22:41:21,     -5.25,     -2.01,     324,     0.8,     2.7,     5.1,     14.9,     76.8,     1009,     69.37,     255.2,     88,     -178
137,     18.06.2014 22:51:21,     -6.3,     -2.01,     323,     0.6,     2.2,     5,     14.7,     77,     1008.9,     69.37,     255.2,     88,     -178
138,     18.06.2014 23:01:21,     -4.2,     0,     326,     0.3,     2.2,     5,     14.7,     77.8,     1008.9,     69.37,     254.9,     87.8,     -177.9
139,     18.06.2014 23:11:16,     -5.25,     -2.01,     326,     0.5,     2.1,     4,     14.5,     78,     1008.9,     69.37,     255,     87.9,     -177.9,     12.624,     14.65,     70.8
140,     18.06.2014 23:21:16,     -4.2,     -2.01,     324,     0.5,     2,     3.7,     14.3,     79.9,     1008.8,     69.37,     255,     87.8,     -177.9
141,     18.06.2014 23:31:16,     -3.15,     0,     322,     0.3,     2.2,     4.5,     14.3,     79.2,     1008.7,     69.37,     255.2,     87.9,     -178
142,     18.06.2014 23:41:16,     -2.1,     0,     307,     0.4,     2.3,     4.8,     14.5,     79.8,     1008.8,     69.37,     255,     87.9,     -177.9
143,     18.06.2014 23:51:16,     -2.1,     -2.01,     320,     0.3,     2.4,     4.8,     14.4,     79.3,     1008.7,     69.37,     254.9,     87.9,     -177.9
144,     19.06.2014 00:01:22,     -2.1,     0,     318,     0.5,     2.7,     5.8,     14.4,     78.9,     1008.7,     69.37,     255.2,     87.8,     -177.8,     12.454,     14.25,     70.9
(GSM ERROR Server Transfer: Timeout 166 / Signal:14 / 19.06.2014 00:06:20)