Logger: #D10248 'TSK_Meteo' - USP_EXP2 (V2.10, Jan 24 2012)
No,     Time,     #1:W/m²:0,     #2:ÂµMol:(do.),     #5:deg:2,     #6:m/sMIN:(do.),     #7:m/sMIT:(do.),     #8:m/sMAX:(do.),     #9:Â°C:(do.),     #10:%:(do.),     #11:hPa:(do.),     #12:mm:(do.),     #14:AZ:3,     #15:EL:(do.),     #16:Roll:(do.),     #HK-Bat:V,     #HK-Temp:oC,     #HK-rH:%
(GSM Transfer OK / Signal:13)
1,     10.01.2015 00:11:17,     -3.15,     -4.02,     308,     2.7,     6.4,     11.4,     6.4,     78.2,     995.6,     401.23,     254.5,     87.8,     -177.8,     12.283,     6.79,     87.7
2,     10.01.2015 00:21:17,     -3.15,     -2.01,     316,     1.6,     5.2,     9.7,     6.4,     77.9,     995.7,     401.23,     74.6,     87.9,     -2
3,     10.01.2015 00:31:17,     -2.1,     0,     323,     1.6,     5.9,     11.1,     6.5,     76.7,     995.5,     401.23,     74.6,     87.9,     -1.9
4,     10.01.2015 00:41:17,     -3.15,     0,     322,     1.9,     5.5,     10,     6.5,     77,     995.4,     401.23,     74.3,     88.1,     -1.8
5,     10.01.2015 00:51:17,     -4.2,     0,     310,     1.1,     5.2,     9,     6.4,     77,     995.3,     401.23,     255.1,     87.7,     -177.7
6,     10.01.2015 01:01:17,     -2.1,     -2.01,     312,     2.1,     4.8,     10,     6.3,     77.7,     995.3,     401.23,     254.9,     88,     -178
7,     10.01.2015 01:11:17,     -2.1,     -2.01,     313,     1.6,     4.2,     7.9,     6.2,     78.2,     995.4,     401.23,     74.1,     88,     -2,     12.344,     6.24,     89.4
8,     10.01.2015 01:21:17,     0,     0,     309,     1.8,     4,     7.6,     6.2,     78.8,     995.3,     401.23,     74,     87.9,     -2
9,     10.01.2015 01:31:17,     -1.05,     -2.01,     297,     2.4,     4.7,     8.2,     6.2,     79,     995.1,     401.23,     75,     87.9,     -2
10,     10.01.2015 01:41:17,     -1.05,     0,     301,     2.4,     4.8,     9.6,     6.2,     79.1,     995.4,     401.23,     76.1,     87.9,     -2
11,     10.01.2015 01:51:17,     -2.1,     -2.01,     301,     1.6,     4.5,     9.9,     6.2,     79.3,     995.8,     401.23,     74.5,     87.9,     -1.9
12,     10.01.2015 02:01:17,     -1.05,     0,     298,     2.1,     4.1,     6.3,     6.1,     79.8,     995.7,     401.23,     75.2,     87.9,     -2
13,     10.01.2015 02:11:16,     -1.05,     -2.01,     292,     2.8,     4.6,     7.4,     6.1,     80,     995.6,     401.23,     75.8,     88,     -1.9,     12.348,     6.45,     89.4
14,     10.01.2015 02:21:16,     -1.05,     0,     291,     2.7,     5.1,     8.1,     6.1,     80.4,     995.6,     401.23,     74.5,     88.1,     -1.8
15,     10.01.2015 02:31:16,     -1.05,     -2.01,     289,     3,     4.9,     8,     6,     81,     995.3,     401.23,     75.5,     88,     -1.9
16,     10.01.2015 02:41:16,     -2.1,     -2.01,     291,     2.4,     4.9,     7.8,     5.8,     82.5,     995.1,     401.23,     74.6,     87.7,     -2.2
17,     10.01.2015 02:51:16,     -3.15,     -2.01,     287,     2.4,     4.8,     7.6,     5.7,     84.1,     995.3,     401.23,     75.1,     87.7,     -2.2
18,     10.01.2015 03:01:16,     -1.05,     -2.01,     292,     2.1,     4.3,     7,     5.5,     85.5,     995,     401.23,     74.9,     88,     -1.9
19,     10.01.2015 03:11:16,     -2.1,     -4.02,     294,     1.9,     3.9,     6,     5.5,     86.4,     995,     401.23,     73.8,     88,     -1.9,     12.342,     6.34,     89.4
20,     10.01.2015 03:21:16,     -2.1,     0,     295,     2.2,     4,     6.4,     5.4,     86.5,     994.8,     401.23,     74.2,     88,     -1.9
21,     10.01.2015 03:31:16,     -1.05,     -2.01,     289,     1.6,     3.5,     5.9,     5.5,     86.7,     995,     401.23,     74.1,     88,     -1.9
22,     10.01.2015 03:41:16,     -2.1,     0,     289,     0.6,     2.9,     4.8,     5.4,     87.2,     995,     401.23,     73.7,     88,     -1.9
23,     10.01.2015 03:51:16,     -2.1,     -2.01,     284,     1,     2.9,     4.9,     5.4,     87.6,     994.8,     401.23,     74.6,     88,     -1.9
24,     10.01.2015 04:01:16,     -3.15,     -2.01,     276,     2,     3.4,     5,     5.3,     88.4,     994.5,     401.23,     74.2,     87.9,     -2
25,     10.01.2015 04:11:16,     -1.05,     0,     264,     1.5,     2.8,     4.1,     5.2,     89,     994.1,     401.23,     74.4,     88,     -1.9,     12.348,     6.02,     89.5
26,     10.01.2015 04:21:16,     -1.05,     -2.01,     257,     1.3,     2.6,     3.8,     5.2,     89.5,     994.1,     401.23,     74,     87.9,     -2
27,     10.01.2015 04:31:16,     -1.05,     -2.01,     245,     1.3,     2.5,     3.8,     5.2,     89.7,     993.9,     401.24,     74.4,     88,     -1.8
28,     10.01.2015 04:41:16,     -1.05,     -2.01,     244,     1.5,     2.5,     3.6,     5.2,     90,     993.7,     401.27,     74.1,     88,     -1.9
29,     10.01.2015 04:51:16,     -1.05,     -2.01,     237,     1.2,     2.5,     4.7,     5.1,     90.2,     993.7,     401.29,     73.3,     88.1,     -1.9
30,     10.01.2015 05:01:16,     -2.1,     -2.01,     242,     1.3,     2.6,     3.9,     5.2,     90.4,     993.4,     401.37,     74.3,     88,     -2
31,     10.01.2015 05:11:17,     0,     -2.01,     240,     1.5,     2.8,     4.9,     5.2,     90.4,     993.1,     401.43,     74.1,     88,     -1.9,     12.338,     5.77,     89.7
32,     10.01.2015 05:21:17,     -1.05,     0,     245,     1.2,     3.1,     5.1,     5.3,     90.5,     993,     401.43,     74.3,     88,     -1.9
33,     10.01.2015 05:31:17,     -2.1,     -2.01,     247,     1.1,     2.8,     4.6,     5.5,     90.7,     992.7,     401.43,     74.6,     88.1,     -1.8
34,     10.01.2015 05:41:17,     0,     -2.01,     252,     1.4,     3,     4.9,     5.7,     90.9,     992.4,     401.43,     74,     87.9,     -1.9
35,     10.01.2015 05:51:17,     -1.05,     -2.01,     257,     1.9,     3.2,     5.6,     5.8,     91,     992.2,     401.43,     73.6,     88,     -1.9
36,     10.01.2015 06:01:17,     -1.05,     -2.01,     263,     2,     3.3,     5.9,     6,     91,     992,     401.43,     74.5,     88,     -1.9
37,     10.01.2015 06:11:16,     -1.05,     -2.01,     275,     1.7,     4.1,     6.5,     6.4,     91.4,     992,     401.43,     74.8,     88,     -1.9,     12.327,     6.03,     89.7
38,     10.01.2015 06:21:16,     -1.05,     0,     275,     1.8,     4,     7.8,     6.6,     91.2,     991.6,     401.43,     76.7,     88.1,     -1.8
39,     10.01.2015 06:31:16,     -1.05,     -2.01,     272,     2,     4.2,     6.7,     6.8,     91.1,     991.6,     401.43,     74.6,     87.8,     -2
40,     10.01.2015 06:41:16,     -1.05,     0,     278,     2.4,     4.6,     7.3,     7.1,     91.1,     991.4,     401.43,     75.6,     88.1,     -1.8
41,     10.01.2015 06:51:16,     -1.05,     -2.01,     283,     1.7,     4.6,     7.4,     7.5,     91.1,     991.3,     401.43,     74.5,     87.9,     -2
42,     10.01.2015 07:01:16,     0,     0,     282,     2.6,     4.6,     8.4,     7.8,     91.2,     991.2,     401.43,     76.3,     88.2,     -1.7
43,     10.01.2015 07:11:16,     -1.05,     -2.01,     282,     2.3,     4.5,     8.7,     8,     90.9,     991.1,     401.43,     74.5,     88.2,     -1.8,     12.332,     7.15,     89.4
44,     10.01.2015 07:21:16,     -2.1,     -4.02,     281,     1.6,     3.9,     6.6,     8.1,     90.9,     991,     401.43,     74.7,     87.9,     -2
45,     10.01.2015 07:31:16,     -1.05,     -2.01,     280,     2,     4.1,     6.9,     8.4,     91.1,     991.1,     401.43,     253.7,     88,     -178
46,     10.01.2015 07:41:16,     -1.05,     -2.01,     280,     1.7,     4.2,     7.4,     8.4,     91,     991,     401.43,     74.6,     87.9,     -1.9
47,     10.01.2015 07:51:16,     -1.05,     -2.01,     284,     1.9,     4.7,     8.7,     8.7,     91.2,     990.9,     401.43,     74.8,     88,     -1.9
48,     10.01.2015 08:01:16,     -1.05,     -2.01,     285,     1.4,     4,     7.6,     8.8,     91,     990.7,     401.43,     73.9,     87.8,     -2
49,     10.01.2015 08:11:16,     -2.1,     -2.01,     289,     3,     5.1,     8.6,     9.2,     91.1,     990.5,     401.43,     76,     88.3,     -1.6,     12.327,     8.35,     89.0
50,     10.01.2015 08:21:16,     0,     0,     290,     2.6,     5.4,     8.8,     9.5,     90.5,     990.3,     401.43,     74.3,     87.9,     -1.8
51,     10.01.2015 08:31:16,     -1.05,     0,     289,     2.8,     5.6,     9.2,     9.9,     90.3,     990.3,     401.43,     74.9,     88,     -1.9
52,     10.01.2015 08:41:16,     1.05,     2.01,     288,     2.6,     5.2,     8.2,     10.1,     90.4,     990,     401.43,     74.8,     87.5,     -2.3
53,     10.01.2015 08:51:16,     1.05,     4.02,     291,     2.4,     5.8,     8.9,     10.5,     89.9,     989.8,     401.43,     253.9,     88.1,     -178.1
54,     10.01.2015 09:01:16,     1.05,     8.04,     291,     3.5,     7.2,     11.1,     10.8,     89.1,     989.5,     401.43,     76.4,     88.2,     -1.6
55,     10.01.2015 09:11:16,     5.25,     12.06,     294,     3.3,     6.7,     12.4,     11,     87.8,     989.5,     401.43,     254.8,     88.1,     -178.1,     12.342,     9.78,     88.6
56,     10.01.2015 09:21:16,     12.6,     26.13,     290,     4.2,     8.5,     13.2,     11.2,     87.7,     989.1,     401.43,     255.2,     88,     -178.3
57,     10.01.2015 09:31:16,     18.9,     38.19,     288,     4.1,     7.2,     12.6,     11,     87.6,     989.1,     401.43,     254.6,     88.4,     -178.4
58,     10.01.2015 09:41:16,     16.8,     38.19,     284,     3.6,     7.6,     12.7,     11.2,     87.7,     988.8,     401.43,     78.2,     89,     -0.9
59,     10.01.2015 09:51:16,     12.6,     26.13,     287,     3.5,     8.3,     13.7,     11.2,     87.6,     988.8,     401.43,     76.7,     87.3,     -2.1
60,     10.01.2015 10:01:16,     13.65,     28.14,     282,     3.7,     7.4,     12.2,     11.2,     87.6,     988.8,     401.43,     76.1,     87.5,     -2.4
61,     10.01.2015 10:11:17,     10.5,     26.13,     282,     2.9,     7.5,     13.7,     11.1,     88.5,     988.5,     401.43,     76.4,     87,     -2.5,     12.380,     10.70,     88.3
62,     10.01.2015 10:21:17,     17.85,     40.2,     272,     3.2,     8.4,     13.5,     11,     88.6,     988.3,     401.43,     256.7,     87.7,     -177.7
63,     10.01.2015 10:31:17,     27.3,     56.28,     264,     2.2,     7.3,     12.9,     11,     88.6,     988.1,     401.43,     76.3,     86.9,     -2.7
64,     10.01.2015 10:41:17,     29.4,     64.32,     282,     2,     6.3,     11.5,     11.1,     88.7,     987.9,     401.43,     76.2,     88.3,     -1.7
65,     10.01.2015 10:51:17,     29.4,     64.32,     283,     3.5,     6.7,     12.1,     11.2,     88.3,     987.8,     401.43,     78,     87.7,     -2.1
66,     10.01.2015 11:01:17,     42,     90.45,     282,     2.9,     7.6,     15.4,     11.4,     86.7,     987.6,     401.43,     77.4,     88,     -1.9
67,     10.01.2015 11:11:16,     39.9,     80.4,     288,     4,     8.5,     14.1,     11.4,     85.9,     987.5,     401.43,     256.1,     88.2,     -178.2,     12.531,     10.98,     88.2
68,     10.01.2015 11:21:16,     25.2,     52.26,     287,     3.6,     8.6,     15.7,     11.6,     84.5,     987.4,     401.43,     256.1,     87.9,     -179.1
69,     10.01.2015 11:31:16,     21,     46.23,     287,     5.6,     10,     16.3,     11.6,     83.6,     987.4,     401.43,     256.6,     87.1,     -177.6
70,     10.01.2015 11:41:16,     27.3,     58.29,     287,     3.6,     9.1,     14.7,     11.5,     82.9,     987.2,     401.43,     256.4,     87.5,     -178
71,     10.01.2015 11:51:16,     34.65,     78.39,     288,     4.5,     8.7,     14.1,     11.5,     83,     987.1,     401.49,     76.4,     87.6,     -2.3
72,     10.01.2015 12:01:16,     36.75,     80.4,     286,     4,     8.1,     15.8,     11.3,     84.3,     986.9,     401.51,     256.3,     88,     -178.1
73,     10.01.2015 12:11:17,     30.45,     62.31,     287,     5.3,     10.2,     17.5,     11.2,     83.6,     986.6,     401.51,     257.6,     89,     -179.1,     12.378,     11.09,     88.3
74,     10.01.2015 12:21:17,     29.4,     64.32,     290,     3.7,     8.4,     14.5,     11,     84.8,     986.6,     401.51,     76.8,     87.9,     -1.7
75,     10.01.2015 12:31:17,     28.35,     66.33,     291,     3.2,     9.3,     18.3,     11.1,     83,     986.6,     401.51,     77.3,     88.1,     -1.1
76,     10.01.2015 12:41:17,     35.7,     80.4,     291,     4.6,     9.4,     15.1,     10.9,     84.2,     986.6,     401.51,     77.3,     87.3,     -1.8
77,     10.01.2015 12:51:17,     37.8,     80.4,     285,     2.3,     8.6,     15.5,     10.7,     85.2,     986.2,     401.51,     257,     86.6,     -176.8
78,     10.01.2015 13:01:17,     34.65,     74.37,     282,     5.3,     10,     17.3,     10.7,     85.4,     985.9,     401.51,     79.6,     88.1,     -1.7
79,     10.01.2015 13:11:16,     42,     90.45,     284,     4.4,     9.5,     18.3,     10.7,     85.5,     985.7,     401.51,     256.9,     88.7,     -178.8,     12.480,     10.81,     88.4
80,     10.01.2015 13:21:16,     28.35,     62.31,     281,     4.1,     9.1,     18.8,     10.6,     85.4,     985.6,     401.51,     77.8,     87.3,     -2.4
81,     10.01.2015 13:31:16,     26.25,     58.29,     284,     2.7,     8.9,     16,     10.6,     85.5,     985.3,     401.51,     77,     88.1,     -1.7
82,     10.01.2015 13:41:16,     28.35,     62.31,     280,     1.5,     9.1,     18.1,     10.6,     85.8,     985,     401.51,     256.2,     86.7,     -177.6
83,     10.01.2015 13:51:16,     40.95,     88.44,     284,     2.3,     9,     16.6,     10.6,     85.6,     984.8,     401.51,     78.6,     85.6,     -3.1
84,     10.01.2015 14:01:16,     43.05,     90.45,     279,     4.5,     9.6,     18.3,     10.6,     85.9,     984.7,     401.51,     255.6,     88.4,     -178.3
85,     10.01.2015 14:11:16,     31.5,     66.33,     286,     3.5,     8.5,     14.1,     10.6,     85.9,     984.6,     401.51,     256.7,     89.1,     -179.1,     12.546,     10.60,     88.5
86,     10.01.2015 14:21:16,     23.1,     48.24,     281,     3.8,     9.3,     15.8,     10.7,     85,     984.5,     401.52,     77.4,     89.5,     -0.4
87,     10.01.2015 14:31:16,     27.3,     58.29,     277,     4.3,     9.2,     16.4,     10.6,     85.6,     984.3,     401.53,     256.8,     86.6,     -176.7
88,     10.01.2015 14:41:16,     19.95,     40.2,     266,     3.1,     9.1,     17.2,     10.7,     85.3,     984,     401.56,     79.7,     85.8,     -1.6
89,     10.01.2015 14:51:16,     15.75,     32.16,     283,     4.3,     8.5,     14.7,     10.6,     85.8,     984.1,     401.85,     257.9,     87.5,     -177.8
90,     10.01.2015 15:01:16,     14.7,     34.17,     278,     5.1,     9.7,     17.5,     10.9,     84,     984.1,     401.88,     258.8,     86.4,     -176.4
91,     10.01.2015 15:11:16,     3.15,     8.04,     292,     3.5,     8.8,     15.9,     10.8,     85.1,     985,     402.72,     255,     87.6,     -177.5,     12.446,     10.51,     88.6
92,     10.01.2015 15:21:16,     18.9,     38.19,     319,     4.2,     12.3,     22,     10,     71,     985.8,     403.83,     78,     86.4,     -3.3
93,     10.01.2015 15:31:16,     11.55,     28.14,     323,     4.6,     10.7,     17.8,     9.4,     71.5,     985.9,     403.84,     76.9,     86.7,     -3.2
94,     10.01.2015 15:41:16,     27.3,     44.22,     319,     4.1,     10.6,     18.8,     9.3,     66.3,     985.9,     403.84,     75.6,     87.5,     -2.3
95,     10.01.2015 15:51:16,     5.25,     14.07,     322,     4.1,     9.5,     14.8,     9,     65.8,     985.9,     403.84,     254.7,     89.4,     -179.4
96,     10.01.2015 16:01:16,     1.05,     4.02,     323,     4.5,     8.8,     15,     8.7,     66.6,     986.3,     403.84,     76.1,     88.1,     -1.6
97,     10.01.2015 16:11:16,     1.05,     2.01,     322,     3.2,     8.5,     17.1,     8.6,     68,     986.4,     403.84,     254.9,     88.8,     -178.8,     12.380,     9.55,     88.7
98,     10.01.2015 16:21:16,     -1.05,     2.01,     320,     4.3,     9.4,     17.6,     8.5,     67.4,     986.3,     403.84,     76.2,     87.5,     -1.9
99,     10.01.2015 16:31:16,     -2.1,     0,     329,     3.5,     8.5,     14.3,     8.5,     67.3,     986.4,     403.84,     75.1,     89.6,     -0.2
100,     10.01.2015 16:41:16,     -4.2,     -2.01,     327,     5.2,     9.8,     16.8,     8.4,     65.8,     986.4,     403.84,     75.8,     86.7,     -3
101,     10.01.2015 16:51:16,     -5.25,     -2.01,     324,     4.4,     9.5,     16.6,     8.3,     65,     986.8,     403.84,     76.7,     88.3,     -0.9
102,     10.01.2015 17:01:16,     -3.15,     -2.01,     324,     3.6,     9.1,     14.9,     8.2,     61.6,     987,     403.84,     256.4,     88,     -178
103,     10.01.2015 17:11:16,     -4.2,     -2.01,     323,     4.6,     9.8,     21.4,     8,     60,     987.3,     403.84,     75.6,     88.7,     -1.1,     12.346,     8.41,     89.0
104,     10.01.2015 17:21:16,     -2.1,     -2.01,     325,     4.8,     10,     16.5,     7.9,     59.3,     987.5,     403.84,     255.7,     86.7,     -176.9
105,     10.01.2015 17:31:16,     -4.2,     -2.01,     321,     2,     8.2,     16.6,     7.7,     60,     988,     403.84,     255.8,     87.9,     -178.1
106,     10.01.2015 17:41:16,     -1.05,     -2.01,     325,     4.6,     9.6,     18.5,     7.5,     61.5,     988.2,     403.84,     75.9,     88.4,     -1.2
107,     10.01.2015 17:51:16,     -2.1,     0,     331,     3.6,     8.2,     16.2,     7.3,     64.9,     988.6,     403.84,     75.2,     87.1,     -2.6
108,     10.01.2015 18:01:16,     -3.15,     -2.01,     337,     3.6,     8.3,     13.4,     6.9,     67.7,     988.7,     403.84,     75.2,     88.3,     -1.6
109,     10.01.2015 18:11:16,     -3.15,     -2.01,     323,     3.1,     7.9,     14,     7.1,     64.5,     988.8,     403.84,     75.3,     86.9,     -3,     12.346,     7.64,     89.2
110,     10.01.2015 18:21:16,     -3.15,     -2.01,     324,     1.6,     7.3,     14.4,     7,     62.8,     989,     403.84,     256,     87.6,     -177.7
111,     10.01.2015 18:31:16,     -4.2,     -4.02,     322,     4.5,     8.4,     15.2,     6.9,     60.5,     989.3,     403.84,     76.1,     88.4,     -1.1
112,     10.01.2015 18:41:16,     -4.2,     -2.01,     313,     4.1,     9.8,     21.7,     6.8,     61.2,     989.4,     403.84,     254.9,     87.3,     -179.6
113,     10.01.2015 18:51:16,     -4.2,     -2.01,     319,     3.7,     9.6,     17.3,     6.6,     61.8,     990,     403.84,     78.5,     83.4,     -5.3
114,     10.01.2015 19:01:16,     -3.15,     -2.01,     319,     3.5,     8.9,     14.3,     6.6,     59.9,     990,     403.84,     255.5,     87.2,     -178.3
115,     10.01.2015 19:11:16,     -1.05,     -2.01,     320,     4.5,     9.4,     15.4,     6.5,     59.6,     990.2,     403.84,     254.8,     88.2,     -178.8,     12.340,     6.77,     89.6
116,     10.01.2015 19:21:16,     -2.1,     2.01,     330,     5,     10.3,     18,     6.5,     59.7,     990.4,     403.84,     84.5,     85.6,     4.2
117,     10.01.2015 19:31:16,     -3.15,     -2.01,     330,     4.5,     9.1,     16.6,     6.4,     59.4,     990.7,     403.84,     254.1,     82.9,     -172.9
118,     10.01.2015 19:41:16,     -4.2,     -2.01,     330,     4.3,     8.4,     15.1,     6.2,     57.8,     991,     403.84,     75.4,     87.5,     -2.4
119,     10.01.2015 19:51:16,     -4.2,     -2.01,     322,     3.4,     8.6,     14.9,     6.2,     57.3,     991,     403.84,     74.7,     87.8,     -2
120,     10.01.2015 20:01:16,     -3.15,     -2.01,     314,     3.2,     8.3,     18.2,     6,     58.7,     991.1,     403.84,     76.4,     84.3,     -4.2
121,     10.01.2015 20:11:16,     -3.15,     -2.01,     308,     3.7,     9.2,     16,     5.8,     62.9,     991,     403.84,     76,     87.7,     -2.2,     12.327,     6.19,     89.7
122,     10.01.2015 20:21:16,     -2.1,     -2.01,     303,     3.2,     8.8,     15.3,     5.7,     64.5,     991.4,     403.84,     76.5,     86.4,     -3.2
123,     10.01.2015 20:31:16,     -2.1,     -4.02,     306,     2.3,     9,     17.3,     5.8,     64.1,     991.4,     403.84,     77,     87.7,     -2.2
124,     10.01.2015 20:41:16,     -3.15,     -2.01,     313,     2.8,     10.6,     20.6,     6,     60.7,     991.7,     403.84,     74.9,     86.5,     -2.8
125,     10.01.2015 20:51:16,     -3.15,     -2.01,     320,     4.1,     8.8,     16.6,     5.9,     60.9,     991.6,     403.84,     254.8,     88.5,     -178.8
126,     10.01.2015 21:01:16,     -3.15,     -2.01,     315,     2.6,     8.8,     15.7,     5.9,     60.1,     991.6,     403.84,     77.6,     87.7,     -2.1
127,     10.01.2015 21:11:16,     -4.2,     -2.01,     313,     3.6,     9.8,     17.5,     5.9,     59.3,     991.6,     403.84,     74.1,     89.1,     -0.5,     12.321,     5.99,     89.7
128,     10.01.2015 21:21:16,     -3.15,     -2.01,     318,     4,     8.4,     15.5,     6,     58.8,     991.9,     403.84,     255.7,     88.6,     -178.7
129,     10.01.2015 21:31:16,     -5.25,     0,     314,     4.1,     9.6,     16.6,     5.8,     62.2,     992.3,     403.84,     75.9,     86.8,     -2.7
130,     10.01.2015 21:41:16,     -5.25,     0,     309,     4.7,     9.5,     17.5,     5.4,     64.6,     992.3,     403.84,     76.2,     87.4,     -2.4
131,     10.01.2015 21:51:16,     -4.2,     -2.01,     320,     4.1,     9,     16.6,     5.2,     65.6,     992.4,     403.84,     255.4,     88.1,     -178.2
132,     10.01.2015 22:01:16,     -4.2,     0,     315,     2.3,     9.1,     16.3,     5.2,     65.2,     992.6,     403.84,     77.8,     88.5,     -1.4
133,     10.01.2015 22:11:16,     -5.25,     -4.02,     311,     3.1,     8,     16.8,     5.2,     65.4,     992.6,     403.84,     79.9,     86.3,     -3.6,     12.327,     5.46,     89.8
134,     10.01.2015 22:21:16,     -5.25,     0,     302,     3.3,     8.7,     15.9,     5.2,     65.3,     992.8,     403.84,     76.4,     89.1,     -0.5
135,     10.01.2015 22:31:16,     -3.15,     -2.01,     300,     3.6,     8.8,     16.1,     5.2,     65.4,     992.9,     403.84,     76.7,     87.4,     -1.2
136,     10.01.2015 22:41:16,     -1.05,     -2.01,     309,     3.3,     9.3,     20.8,     4.7,     71.6,     993.4,     404.25,     78.5,     85.6,     -1.5
137,     10.01.2015 22:51:16,     -1.05,     -2.01,     307,     3.5,     10.1,     19.5,     4.2,     72.5,     994.4,     404.42,     255.8,     87,     -177.3
138,     10.01.2015 23:01:16,     -2.1,     0,     316,     4.1,     10.2,     17.2,     3,     78.2,     993.8,     404.64,     77.5,     87.1,     -2.1
139,     10.01.2015 23:11:16,     -2.1,     -2.01,     312,     2.8,     7.6,     15.1,     3.1,     77.8,     993.7,     404.64,     255.9,     87.5,     -177.5,     12.872,     4.46,     89.9
140,     10.01.2015 23:21:16,     -3.15,     0,     307,     3.2,     7,     12.4,     2.9,     79.7,     993.8,     404.64,     75.1,     87.6,     -2.1
141,     10.01.2015 23:31:16,     -3.15,     -2.01,     303,     3.1,     5.9,     11,     2.8,     81.5,     993.8,     404.64,     255.2,     87.5,     -177.6
142,     10.01.2015 23:41:16,     -4.2,     -4.02,     300,     2.2,     5.6,     10.1,     2.9,     81.5,     993.9,     404.75,     74.8,     87.7,     -2.2
143,     10.01.2015 23:51:16,     -3.15,     -2.01,     298,     1.8,     5.7,     10.7,     3.1,     81,     994,     404.88,     254.4,     87.8,     -178
144,     11.01.2015 00:01:16,     -2.1,     0,     309,     2,     6.6,     13.9,     3.5,     78,     994,     405.1,     75.2,     87.8,     -2,     12.537,     3.35,     90.6