Logger: #D10248 'TSK_Meteo' - USP_EXP2 (V2.10, Jan 24 2012)
No,     Time,     #1:W/m²:0,     #2:ÂµMol:(do.),     #5:deg:2,     #6:m/sMIN:(do.),     #7:m/sMIT:(do.),     #8:m/sMAX:(do.),     #9:Â°C:(do.),     #10:%:(do.),     #11:hPa:(do.),     #12:mm:(do.),     #14:AZ:3,     #15:EL:(do.),     #16:Roll:(do.),     #HK-Bat:V,     #HK-Temp:oC,     #HK-rH:%
(GSM Transfer OK / Signal:15)
1,     16.08.2014 00:11:16,     -4.2,     -2.01,     288,     0.7,     1.8,     2.9,     13.3,     87.8,     1003,     213.02,     255.4,     87.9,     -177.9,     12.491,     13.45,     68.3
2,     16.08.2014 00:21:16,     -3.15,     0,     295,     0.8,     2.1,     3.5,     13.3,     88.5,     1003,     213.02,     255.3,     87.9,     -178
3,     16.08.2014 00:31:16,     -5.25,     -2.01,     297,     0.9,     2,     3.4,     13,     88,     1003,     213.02,     255.2,     88,     -178
4,     16.08.2014 00:41:16,     -4.2,     -2.01,     295,     1,     2.2,     3.9,     12.9,     88.6,     1003,     213.02,     255.3,     87.8,     -177.9
5,     16.08.2014 00:51:16,     -4.2,     -2.01,     293,     0.4,     1.9,     3.5,     12.9,     89.5,     1003,     213.02,     255.3,     87.8,     -177.9
6,     16.08.2014 01:01:16,     -4.2,     -4.02,     296,     0.1,     1.5,     3.1,     13,     89.4,     1003,     213.02,     255.4,     87.7,     -177.9
7,     16.08.2014 01:11:17,     -4.2,     -2.01,     297,     0.4,     1.4,     2.8,     12.9,     89.6,     1003,     213.02,     255.4,     87.9,     -177.9,     12.507,     12.75,     69.6
8,     16.08.2014 01:21:17,     -3.15,     -2.01,     293,     0.6,     2,     3,     12.9,     89.6,     1003.1,     213.02,     255.3,     87.9,     -177.9
9,     16.08.2014 01:31:17,     -3.15,     2.01,     296,     0.1,     2,     3.5,     13,     90.3,     1003.2,     213.02,     255.3,     87.9,     -177.9
10,     16.08.2014 01:41:17,     -4.2,     -2.01,     296,     0.4,     1.8,     3.8,     13,     90.3,     1003.2,     213.02,     255.4,     87.9,     -177.9
11,     16.08.2014 01:51:17,     -4.2,     0,     293,     0.8,     2,     3.3,     12.9,     89.9,     1003.3,     213.02,     255.3,     87.9,     -177.9
12,     16.08.2014 02:01:17,     -4.2,     -2.01,     300,     0.3,     1.7,     2.9,     13,     89.8,     1003.3,     213.02,     255.3,     88,     -178
13,     16.08.2014 02:11:16,     -5.25,     -4.02,     295,     0.2,     2.1,     3.7,     12.9,     89.6,     1003.3,     213.02,     255.3,     87.9,     -177.9,     12.484,     12.60,     69.6
14,     16.08.2014 02:21:16,     -4.2,     0,     298,     0.6,     2,     4,     12.9,     89.7,     1003.3,     213.02,     255.3,     87.8,     -177.8
15,     16.08.2014 02:31:16,     -3.15,     0,     299,     0.6,     1.9,     3.5,     12.9,     89.8,     1003.3,     213.02,     255.2,     87.9,     -177.9
16,     16.08.2014 02:41:16,     -4.2,     -2.01,     292,     1.1,     2.5,     4.1,     12.8,     89.8,     1003.3,     213.02,     255.3,     87.9,     -177.9
17,     16.08.2014 02:51:16,     -5.25,     -2.01,     297,     1.3,     2.4,     3.8,     12.7,     89.8,     1003.3,     213.02,     255.5,     87.9,     -177.8
18,     16.08.2014 03:01:16,     -4.2,     0,     296,     0.6,     2.4,     4.2,     12.7,     89.6,     1003.3,     213.02,     255.5,     87.9,     -177.9
19,     16.08.2014 03:11:22,     -3.15,     -2.01,     299,     0.3,     1.9,     3.3,     12.7,     90.3,     1003.4,     213.02,     255.2,     87.9,     -177.9,     12.429,     12.48,     69.6
20,     16.08.2014 03:21:22,     -4.2,     -2.01,     302,     0.3,     2,     3.5,     12.7,     89.7,     1003.4,     213.02,     255.6,     87.8,     -177.9
21,     16.08.2014 03:31:22,     -4.2,     0,     301,     0.7,     2.5,     4.5,     12.6,     89.6,     1003.4,     213.02,     255.4,     88,     -177.9
22,     16.08.2014 03:41:22,     -5.25,     -2.01,     296,     1.4,     2.8,     4.8,     12.5,     89.5,     1003.4,     213.02,     255.4,     87.9,     -177.9
23,     16.08.2014 03:51:22,     -4.2,     -2.01,     303,     1,     2.4,     4.2,     12.5,     89.9,     1003.4,     213.02,     255.2,     87.9,     -177.9
24,     16.08.2014 04:01:22,     -4.2,     -2.01,     297,     0.4,     2.4,     4.2,     12.5,     90.1,     1003.5,     213.02,     255.6,     87.9,     -177.9
25,     16.08.2014 04:11:17,     -4.2,     0,     296,     1.4,     2.6,     4,     12.6,     89.9,     1003.5,     213.02,     255.3,     87.8,     -177.8,     12.395,     12.27,     69.7
26,     16.08.2014 04:21:17,     -3.15,     0,     304,     0.9,     2.1,     3.7,     12.5,     90,     1003.6,     213.02,     255.5,     87.8,     -177.9
27,     16.08.2014 04:31:17,     -3.15,     -2.01,     299,     0.2,     2.2,     3.8,     12.3,     89.9,     1003.7,     213.02,     255.4,     87.9,     -177.9
28,     16.08.2014 04:41:17,     -3.15,     2.01,     296,     0.9,     2.4,     4.5,     12.2,     90.2,     1003.7,     213.02,     255.5,     87.8,     -177.9
29,     16.08.2014 04:51:17,     0,     6.03,     301,     1.5,     2.4,     3.7,     12.3,     90.3,     1003.7,     213.02,     255.2,     87.8,     -177.9
30,     16.08.2014 05:01:17,     3.15,     14.07,     296,     1,     2.3,     3.2,     12.4,     90.4,     1003.7,     213.02,     255.4,     88,     -178
31,     16.08.2014 05:11:16,     10.5,     28.14,     298,     0.8,     2.2,     4,     12.4,     89.9,     1003.8,     213.02,     255.4,     87.9,     -177.9,     12.382,     12.31,     69.7
32,     16.08.2014 05:21:16,     16.8,     42.21,     313,     0.9,     1.9,     3.5,     12.5,     89.9,     1003.8,     213.02,     255.4,     87.8,     -177.8
33,     16.08.2014 05:31:16,     24.15,     62.31,     316,     0.5,     1.9,     3.5,     12.6,     89.3,     1003.9,     213.02,     255.4,     87.8,     -177.8
34,     16.08.2014 05:41:16,     64.05,     116.58,     320,     0.8,     2.1,     3.8,     12.6,     89.3,     1003.9,     213.02,     255,     87.9,     -178
35,     16.08.2014 05:51:16,     90.3,     160.8,     319,     0.8,     2.1,     5.2,     12.9,     88.7,     1004,     213.02,     255.4,     88,     -178
36,     16.08.2014 06:01:16,     117.6,     211.05,     306,     0.8,     2.4,     4.3,     13,     88.6,     1004.1,     213.02,     255.7,     88,     -177.9
37,     16.08.2014 06:11:22,     141.75,     257.28,     300,     0.4,     2.5,     4.2,     13.2,     88.7,     1004.2,     213.02,     255.7,     88,     -177.9,     13.311,     14.13,     70.3
38,     16.08.2014 06:21:22,     178.5,     329.64,     312,     0.9,     2.4,     4.1,     13.3,     88.4,     1004.3,     213.02,     255.9,     87.9,     -177.9
39,     16.08.2014 06:31:22,     168,     321.6,     323,     1.1,     2.8,     6.1,     13.6,     87.2,     1004.4,     213.02,     255.7,     87.9,     -178
40,     16.08.2014 06:41:22,     207.9,     391.95,     317,     0.5,     2.7,     4.7,     13.8,     86.2,     1004.4,     213.02,     256.1,     87.8,     -177.9
41,     16.08.2014 06:51:22,     236.25,     446.22,     320,     1.1,     2.7,     5.9,     13.9,     86.2,     1004.5,     213.02,     256,     87.8,     -177.9
42,     16.08.2014 07:01:22,     295.05,     544.71,     312,     0.9,     2.5,     4.4,     14.1,     84.9,     1004.5,     213.02,     (NO REPLY),     (NO REPLY),     (NO REPLY)
43,     16.08.2014 07:11:17,     248.85,     397.98,     316,     1.5,     2.9,     4.6,     14.2,     86,     1004.6,     213.02,     255.9,     87.9,     -178,     13.408,     20.13,     69.9
44,     16.08.2014 07:21:17,     322.35,     607.02,     314,     0.2,     3.1,     5.3,     14.3,     84.6,     1004.7,     213.02,     255.8,     88,     -177.9
45,     16.08.2014 07:31:17,     281.4,     592.95,     326,     1.5,     3.2,     5.5,     14.5,     83.4,     1004.8,     213.02,     255.9,     87.9,     -177.9
46,     16.08.2014 07:41:17,     332.85,     725.61,     325,     1.4,     3.7,     7.1,     14.8,     82.7,     1004.9,     213.02,     256.1,     87.8,     -177.9
47,     16.08.2014 07:51:17,     408.45,     773.85,     330,     2.3,     4.6,     7.9,     14.8,     80.5,     1004.9,     213.02,     256.2,     88.3,     -178.3
48,     16.08.2014 08:01:17,     428.4,     810.03,     322,     1.6,     3.9,     6.2,     14.9,     77.8,     1005,     213.02,     255.5,     87.8,     -177.9
49,     16.08.2014 08:11:17,     458.85,     874.35,     329,     1.3,     4.3,     7,     15.2,     77.2,     1005.1,     213.02,     256.4,     88.1,     -178.2,     13.389,     23.06,     68.9
50,     16.08.2014 08:21:17,     487.2,     926.61,     330,     0.6,     3.7,     7,     15.5,     77,     1005.2,     213.02,     256,     87.9,     -177.9
51,     16.08.2014 08:31:17,     511.35,     970.83,     327,     1.8,     4.3,     7,     15.5,     73.3,     1005.2,     213.02,     256.1,     88.2,     -178.2
52,     16.08.2014 08:41:17,     564.9,     1069.32,     331,     2.4,     4.1,     6.6,     15.8,     71.5,     1005.2,     213.02,     255.8,     87.5,     -177.5
53,     16.08.2014 08:51:17,     591.15,     1123.59,     311,     1.7,     4.8,     8.4,     15.9,     68.1,     1005.3,     213.02,     255.7,     87.8,     -177.8
54,     16.08.2014 09:01:17,     632.1,     1224.09,     313,     1.7,     4.1,     7,     16.1,     66,     1005.4,     213.02,     256.2,     87.9,     -177.9
55,     16.08.2014 09:11:16,     267.75,     538.68,     308,     1.1,     4.3,     9,     16,     64.9,     1005.4,     213.02,     255.6,     87.9,     -177.9,     13.328,     23.68,     67.8
56,     16.08.2014 09:21:16,     542.85,     852.24,     319,     1.1,     3.9,     6.8,     16,     64.3,     1005.6,     213.02,     255.9,     88,     -178
57,     16.08.2014 09:31:16,     840,     1626.09,     323,     1.8,     4.4,     7.6,     16.2,     63.8,     1005.6,     213.02,     255.6,     87.9,     -177.9
58,     16.08.2014 09:41:16,     436.8,     954.75,     335,     1.5,     5,     7.8,     16.2,     63.5,     1005.6,     213.02,     255.7,     87.8,     -177.8
59,     16.08.2014 09:51:16,     309.75,     625.11,     329,     2.3,     4.5,     7.9,     16.3,     60.6,     1005.7,     213.02,     256.2,     88.1,     -178.1
60,     16.08.2014 10:01:16,     345.45,     689.43,     321,     1.9,     4,     7,     16.3,     63.8,     1005.7,     213.02,     256.1,     88.1,     -178.1
61,     16.08.2014 10:11:16,     450.45,     902.49,     322,     2.4,     5.1,     8.9,     16.3,     60.7,     1005.8,     213.02,     255.2,     87.8,     -177.8,     13.262,     21.78,     67.7
62,     16.08.2014 10:21:16,     232.05,     482.4,     316,     1.7,     4.2,     8,     16.4,     62.7,     1005.9,     213.02,     256.3,     88,     -178
63,     16.08.2014 10:31:16,     145.95,     301.5,     322,     2,     4.8,     7.8,     16.1,     64.7,     1006,     213.02,     256.3,     87.8,     -177.9
64,     16.08.2014 10:41:16,     435.75,     896.46,     324,     0.5,     4.1,     8.6,     16.1,     65.3,     1006,     213.02,     76.3,     87.8,     -2
65,     16.08.2014 10:51:16,     90.3,     176.88,     323,     1.7,     3.6,     6,     16.2,     63.9,     1006,     213.02,     255.4,     87.9,     -177.9
66,     16.08.2014 11:01:16,     580.65,     1248.21,     307,     1.8,     4.1,     8.2,     16.2,     64.6,     1006,     213.02,     255.1,     87.9,     -177.9
67,     16.08.2014 11:11:16,     527.1,     948.72,     298,     1.2,     5.1,     8,     16.5,     65.8,     1005.9,     213.02,     255.6,     87.9,     -177.9,     13.224,     20.27,     68.1
68,     16.08.2014 11:21:16,     508.2,     1025.1,     303,     1.7,     4.5,     9.3,     16.5,     64.1,     1005.9,     213.02,     255.8,     87.7,     -177.7
69,     16.08.2014 11:31:16,     348.6,     705.51,     323,     2.3,     4.3,     7.6,     16.6,     62.8,     1005.8,     213.02,     256.2,     87.6,     -177.6
70,     16.08.2014 11:41:16,     354.9,     721.59,     315,     1.4,     4,     7,     16.6,     64.9,     1005.7,     213.02,     256,     88,     -178
71,     16.08.2014 11:51:16,     589.05,     1189.92,     297,     2.4,     5.4,     9.6,     16.6,     65.9,     1005.7,     213.02,     256.1,     87.6,     -177.6
72,     16.08.2014 12:01:16,     480.9,     982.89,     324,     1.6,     5,     8.8,     16.6,     62.8,     1005.8,     213.02,     256.3,     87.5,     -177.6
73,     16.08.2014 12:11:17,     388.5,     799.98,     311,     2.4,     4.6,     8.5,     16.7,     64.5,     1005.7,     213.02,     255.7,     87.5,     -177.5,     13.432,     21.10,     67.6
74,     16.08.2014 12:21:17,     242.55,     512.55,     312,     1.9,     4.8,     8.6,     16.5,     63.8,     1005.8,     213.02,     256,     88,     -178.1
75,     16.08.2014 12:31:17,     147,     327.63,     327,     1.7,     4.7,     9.6,     16,     69.5,     1005.8,     213.03,     256.1,     87.7,     -177.7
76,     16.08.2014 12:41:17,     241.5,     508.53,     331,     1.7,     3.4,     5.5,     15.5,     74,     1005.7,     213.03,     255.6,     88,     -178
77,     16.08.2014 12:51:17,     843.15,     1696.44,     334,     0.1,     2.4,     4.1,     15.8,     74.4,     1005.5,     213.03,     255.7,     87.9,     -177.9
78,     16.08.2014 13:01:17,     670.95,     1392.93,     334,     0.8,     3,     6.3,     16.4,     69.1,     1005.5,     213.03,     255.7,     88,     -178
79,     16.08.2014 13:11:16,     66.15,     140.7,     302,     0.2,     2.5,     5.3,     16.6,     66.6,     1005.4,     213.03,     255.6,     87.9,     -177.9,     13.408,     20.45,     67.7
80,     16.08.2014 13:21:16,     64.05,     152.76,     356,     2.1,     6,     10.5,     15.1,     76.5,     1005.8,     213.18,     256.5,     87.5,     -177.6
81,     16.08.2014 13:31:16,     628.95,     1220.07,     357,     1.7,     3.6,     6.4,     14.4,     83,     1005.7,     213.28,     255.6,     86.8,     -176.9
82,     16.08.2014 13:41:16,     180.6,     381.9,     348,     1.2,     2.8,     5.1,     14.7,     81.6,     1005.6,     213.28,     255.8,     88.2,     -178.2
83,     16.08.2014 13:51:16,     203.7,     432.15,     329,     0.4,     1.8,     3.4,     14.9,     79.4,     1005.4,     213.28,     255.6,     87.9,     -177.9
84,     16.08.2014 14:01:16,     229.95,     476.37,     298,     0.9,     2.1,     3.5,     15,     78.1,     1005.3,     213.28,     255.6,     88,     -178
85,     16.08.2014 14:11:16,     255.15,     526.62,     287,     1.3,     2.5,     4.1,     15.1,     78.6,     1005.4,     213.28,     255.8,     87.8,     -177.8,     13.487,     18.51,     68.5
86,     16.08.2014 14:21:16,     764.4,     1509.51,     289,     0.2,     2,     3.6,     15.5,     78.2,     1005.3,     213.28,     255.7,     87.9,     -177.9
87,     16.08.2014 14:31:16,     658.35,     1300.47,     294,     0.6,     2.4,     4.6,     15.8,     75.1,     1005.3,     213.28,     255.6,     87.9,     -177.9
88,     16.08.2014 14:41:16,     695.1,     1358.76,     272,     1.1,     2.8,     5.1,     16.1,     76.8,     1005.3,     213.28,     256,     87.9,     -177.9
89,     16.08.2014 14:51:16,     229.95,     482.4,     284,     0.2,     2.5,     5.1,     16.4,     72.1,     1005.2,     213.28,     255.7,     87.9,     -177.9
90,     16.08.2014 15:01:16,     161.7,     339.69,     304,     0.3,     2.5,     4.6,     16.6,     71.9,     1005.2,     213.28,     255.9,     87.9,     -177.9
91,     16.08.2014 15:11:16,     214.2,     440.19,     293,     0.7,     2.4,     4.1,     16.6,     71.7,     1005.2,     213.28,     255.8,     88,     -177.9,     13.425,     20.19,     67.5
92,     16.08.2014 15:21:16,     236.25,     498.48,     291,     0.9,     2.4,     4.6,     16.7,     72.9,     1005.2,     213.28,     255.8,     87.8,     -177.8
93,     16.08.2014 15:31:16,     115.5,     243.21,     271,     2.1,     3.5,     5.1,     16.5,     73.5,     1005.2,     213.28,     76.1,     87.9,     -2
94,     16.08.2014 15:41:16,     29.4,     62.31,     272,     0.8,     2.2,     3.9,     16.5,     74.6,     1005.2,     213.28,     255.8,     88,     -178
95,     16.08.2014 15:51:16,     58.8,     134.67,     329,     1.7,     4.6,     9.4,     15.1,     80.9,     1005.6,     215.85,     255.6,     88,     -178
96,     16.08.2014 16:01:16,     111.3,     239.19,     315,     0.5,     2.3,     5.6,     14.8,     82.7,     1005.4,     215.87,     255.5,     87.8,     -177.8
97,     16.08.2014 16:11:16,     95.55,     196.98,     331,     1.1,     2.4,     4.1,     14.8,     82.4,     1005.3,     215.87,     255.6,     87.9,     -177.9,     13.551,     18.19,     68.5
98,     16.08.2014 16:21:16,     97.65,     198.99,     331,     1.3,     2.6,     4.5,     14.8,     81.6,     1005.4,     215.87,     255.5,     88,     -178
99,     16.08.2014 16:31:16,     81.9,     166.83,     322,     0.7,     2.4,     4.1,     14.6,     81.2,     1005.3,     215.87,     255.6,     88,     -178
100,     16.08.2014 16:41:16,     123.9,     245.22,     323,     0.6,     2.2,     3.8,     14.6,     83,     1005.4,     215.87,     255.7,     87.9,     -177.9
101,     16.08.2014 16:51:16,     205.8,     397.98,     322,     1.2,     2.3,     4.1,     14.7,     80.9,     1005.4,     215.87,     255.8,     87.8,     -177.8
102,     16.08.2014 17:01:16,     118.65,     241.2,     316,     1.1,     2.6,     4.1,     14.9,     77.8,     1005.4,     215.87,     255.8,     87.9,     -177.9
103,     16.08.2014 17:11:16,     46.2,     90.45,     316,     0.8,     2.5,     4.8,     15,     77,     1005.4,     215.87,     255.8,     87.9,     -177.9,     13.599,     16.81,     68.8
104,     16.08.2014 17:21:16,     40.95,     82.41,     318,     0.3,     2.1,     3.9,     14.9,     77.8,     1005.4,     215.87,     255.5,     87.9,     -177.9
105,     16.08.2014 17:31:16,     43.05,     90.45,     295,     0.4,     2.4,     4.9,     14.8,     78.2,     1005.3,     215.9,     255.9,     88,     -178
106,     16.08.2014 17:41:16,     75.6,     148.74,     284,     0.8,     2.7,     5.6,     14.7,     79.6,     1005.2,     215.9,     256.1,     87.9,     -177.9
107,     16.08.2014 17:51:16,     110.25,     217.08,     284,     1,     2.8,     5.7,     14.4,     79.3,     1005.2,     215.9,     255.6,     87.9,     -177.9
108,     16.08.2014 18:01:16,     93.45,     174.87,     291,     1.1,     2.5,     4.3,     14.3,     79.8,     1005.2,     215.9,     255.7,     87.9,     -177.9
109,     16.08.2014 18:11:22,     195.3,     321.6,     291,     1.6,     2.7,     4.1,     14.3,     79.4,     1005.2,     215.9,     255.7,     88,     -178,     13.578,     16.11,     69.0
110,     16.08.2014 18:21:22,     76.65,     154.77,     292,     1.4,     2.8,     4.7,     14.5,     78.7,     1005.1,     215.9,     255.6,     87.9,     -177.9
111,     16.08.2014 18:31:22,     46.2,     100.5,     286,     0.9,     2.7,     4.6,     14.5,     79.9,     1005.1,     215.9,     255.8,     87.9,     -177.9
112,     16.08.2014 18:41:22,     30.45,     70.35,     284,     0.8,     2.6,     4.3,     14.4,     80.6,     1005.2,     215.9,     255.7,     87.9,     -177.9
113,     16.08.2014 18:51:22,     32.55,     68.34,     286,     0.5,     2.6,     4.3,     14.3,     81.6,     1005.2,     215.9,     255.5,     88,     -178
114,     16.08.2014 19:01:22,     19.95,     46.23,     287,     0.8,     2.4,     4.2,     14.3,     80.8,     1005.2,     215.9,     255.6,     88,     -178
115,     16.08.2014 19:11:21,     13.65,     30.15,     285,     1.1,     2.5,     5,     14.4,     80.1,     1005.2,     215.9,     255.7,     87.9,     -177.9,     12.825,     15.38,     69.1
116,     16.08.2014 19:21:21,     6.3,     20.1,     283,     0.7,     2.6,     4.5,     14.4,     80,     1005.3,     215.9,     255.4,     87.9,     -177.9
117,     16.08.2014 19:31:21,     1.05,     8.04,     287,     0.7,     2.9,     5.3,     14.4,     78.3,     1005.4,     215.9,     255.9,     87.8,     -178
118,     16.08.2014 19:41:21,     -3.15,     2.01,     284,     0.7,     2.7,     4.3,     14.4,     81.4,     1005.4,     215.9,     255.7,     87.9,     -177.9
119,     16.08.2014 19:51:21,     -1.05,     2.01,     282,     0.9,     2.8,     4.8,     14.3,     78.4,     1005.4,     215.9,     255.5,     87.7,     -177.9
120,     16.08.2014 20:01:21,     -3.15,     -2.01,     281,     0.8,     2.2,     3.1,     14.3,     79.9,     1005.5,     215.9,     255.5,     87.9,     -177.9
121,     16.08.2014 20:11:23,     -2.1,     0,     283,     1,     2.2,     3.7,     14.2,     80.7,     1005.6,     215.9,     255.4,     87.8,     -177.8,     12.683,     14.19,     69.6
122,     16.08.2014 20:21:23,     -3.15,     -2.01,     282,     1,     2.2,     4,     14.2,     78.9,     1005.6,     215.9,     255.4,     87.8,     -177.8
123,     16.08.2014 20:31:23,     -2.1,     -2.01,     285,     0.2,     2.1,     3.6,     14.3,     80.9,     1005.6,     215.9,     255.4,     87.8,     -177.9
124,     16.08.2014 20:41:23,     -3.15,     -2.01,     284,     0.6,     2.9,     4.9,     14.3,     79,     1005.6,     215.9,     255.4,     87.8,     -177.9
125,     16.08.2014 20:51:23,     -2.1,     -2.01,     288,     1.5,     3,     4.4,     14.2,     75.5,     1005.6,     215.9,     255.5,     88.1,     -178
126,     16.08.2014 21:01:23,     -3.15,     -2.01,     288,     1.1,     3.1,     4.6,     14.3,     74.4,     1005.6,     215.9,     255.8,     87.9,     -177.9
127,     16.08.2014 21:11:23,     -3.15,     -2.01,     292,     2.1,     3.6,     5.5,     14.3,     73.8,     1005.6,     215.9,     255.7,     88,     -178,     12.635,     14.37,     69.4
128,     16.08.2014 21:21:23,     -3.15,     -2.01,     294,     0.9,     3,     4.5,     14.4,     74.7,     1005.6,     215.9,     255.5,     88,     -178
129,     16.08.2014 21:31:23,     -3.15,     -2.01,     290,     1.3,     3.2,     5.6,     14.3,     74.9,     1005.5,     215.9,     255.5,     87.8,     -177.9
130,     16.08.2014 21:41:23,     -3.15,     -2.01,     289,     1.6,     3.2,     5.2,     14.3,     73.7,     1005.6,     215.9,     255.2,     87.9,     -177.9
131,     16.08.2014 21:51:23,     -2.1,     0,     294,     1.2,     3,     4.3,     14.2,     76.4,     1005.6,     215.9,     255.9,     87.8,     -177.9
132,     16.08.2014 22:01:23,     -2.1,     -2.01,     293,     1.2,     3.4,     5.6,     14.2,     74.6,     1005.6,     215.9,     255.6,     87.9,     -177.9
133,     16.08.2014 22:11:16,     -2.1,     -2.01,     294,     0.9,     3.3,     5.9,     14.2,     75.7,     1005.5,     215.9,     255.7,     87.9,     -177.9,     12.609,     14.58,     69.3
134,     16.08.2014 22:21:16,     -3.15,     -2.01,     290,     1.9,     3.8,     6.3,     14.2,     73.7,     1005.6,     215.9,     256.1,     87.9,     -178
135,     16.08.2014 22:31:16,     -2.1,     -2.01,     290,     1.6,     3.8,     5.8,     14.3,     75.6,     1005.5,     215.9,     255.7,     87.8,     -177.9
136,     16.08.2014 22:41:16,     -3.15,     -4.02,     288,     1.3,     3.6,     6.3,     14.2,     74.8,     1005.5,     215.9,     255.6,     88,     -178
137,     16.08.2014 22:51:16,     -2.1,     0,     294,     1.6,     3.3,     5.2,     14.2,     74.5,     1005.5,     215.9,     255.7,     88,     -178
138,     16.08.2014 23:01:16,     -3.15,     -2.01,     289,     1.8,     3.4,     6.2,     14.2,     76.1,     1005.5,     215.9,     255.7,     87.8,     -177.8
139,     16.08.2014 23:11:22,     -3.15,     -4.02,     286,     1,     3.4,     6.8,     14.1,     76.3,     1005.4,     215.9,     255.5,     87.7,     -177.9,     12.586,     14.62,     69.3
140,     16.08.2014 23:21:22,     -2.1,     0,     280,     0.8,     3,     5.1,     14.1,     77.4,     1005.3,     215.9,     255.6,     87.9,     -177.9
141,     16.08.2014 23:31:22,     -2.1,     0,     273,     1,     3.4,     5,     14.1,     76.1,     1005.2,     215.9,     255.8,     87.9,     -177.9
142,     16.08.2014 23:41:22,     -2.1,     -2.01,     270,     1.4,     3.4,     5.8,     14.1,     77,     1005.1,     215.9,     255.7,     87.9,     -177.9
143,     16.08.2014 23:51:22,     -3.15,     -2.01,     264,     1.1,     3.2,     5,     14.1,     77.9,     1005,     215.9,     256.1,     87.7,     -177.8
144,     17.08.2014 00:01:16,     -3.15,     -2.01,     255,     1,     3,     5.1,     14.2,     77.4,     1005,     215.9,     255.7,     88,     -178,     12.480,     14.54,     69.3