Logger: #D10248 'TSK_Meteo' - USP_EXP2 (V2.10, Jan 24 2012)
No,     Time,     #1:W/m²:0,     #2:ÂµMol:(do.),     #5:deg:2,     #6:m/sMIN:(do.),     #7:m/sMIT:(do.),     #8:m/sMAX:(do.),     #9:Â°C:(do.),     #10:%:(do.),     #11:hPa:(do.),     #12:mm:(do.),     #14:AZ:3,     #15:EL:(do.),     #16:Roll:(do.),     #HK-Bat:V,     #HK-Temp:oC,     #HK-rH:%
(GSM Transfer OK / Signal:18)
1,     09.09.2014 00:11:22,     -4.2,     0,     304,     0.2,     1,     1.6,     12.7,     81.3,     1009.4,     261.47,     253.4,     88,     -178,     12.480,     11.84,     69.9
2,     09.09.2014 00:21:22,     -5.25,     0,     304,     0.4,     1,     1.7,     12.6,     81.7,     1009.5,     261.47,     253.5,     88,     -178
3,     09.09.2014 00:31:22,     -4.2,     -2.01,     303,     0.5,     1.2,     1.9,     12.4,     82.7,     1009.4,     261.47,     253.3,     88,     -178
4,     09.09.2014 00:41:22,     -5.25,     -4.02,     289,     0.1,     0.7,     1.3,     12.3,     83.8,     1009.3,     261.47,     253.5,     87.9,     -177.9
5,     09.09.2014 00:51:22,     -5.25,     2.01,     282,     0.1,     0.8,     1.5,     12.5,     84.5,     1009.2,     261.47,     253.3,     88,     -178
6,     09.09.2014 01:01:22,     -4.2,     0,     273,     0.1,     1.2,     2.2,     12.8,     83.9,     1009.2,     261.47,     253.5,     87.9,     -177.9
7,     09.09.2014 01:11:21,     -3.15,     -2.01,     306,     0.6,     1.4,     2.5,     12.8,     82.2,     1009.1,     261.47,     253.5,     88,     -178,     12.507,     11.21,     71.4
8,     09.09.2014 01:21:21,     -2.1,     -2.01,     311,     0.7,     1.4,     2.2,     12.5,     82.1,     1009.2,     261.47,     253.4,     87.9,     -177.9
9,     09.09.2014 01:31:21,     -3.15,     -2.01,     293,     0.2,     1.3,     2,     12.6,     84.1,     1009.1,     261.47,     253.4,     87.9,     -177.9
10,     09.09.2014 01:41:21,     -3.15,     -2.01,     283,     0.1,     1.2,     2.2,     12.7,     84,     1009,     261.47,     253.5,     87.9,     -177.9
11,     09.09.2014 01:51:21,     -4.2,     -2.01,     296,     0.4,     1.4,     2.3,     12.8,     83.3,     1009,     261.47,     253.4,     87.9,     -177.9
12,     09.09.2014 02:01:21,     -3.15,     -2.01,     325,     0.2,     1.2,     2.1,     12.6,     83.1,     1008.9,     261.47,     253.4,     87.9,     -178
13,     09.09.2014 02:11:23,     -4.2,     -2.01,     303,     0.5,     1.4,     2.5,     12.4,     84.6,     1008.9,     261.47,     253.6,     88,     -178,     12.469,     11.93,     71.1
14,     09.09.2014 02:21:23,     -3.15,     -2.01,     291,     0.5,     1.3,     2.5,     12.6,     85,     1008.8,     261.47,     253.5,     87.9,     -177.9
15,     09.09.2014 02:31:23,     -5.25,     0,     310,     0.4,     1.2,     2,     12.4,     84.5,     1008.7,     261.47,     253.4,     88,     -178
16,     09.09.2014 02:41:23,     -5.25,     -2.01,     322,     0.1,     1,     1.9,     12.2,     85.1,     1008.6,     261.47,     253.3,     87.9,     -177.9
17,     09.09.2014 02:51:23,     -5.25,     -2.01,     303,     0.1,     1.3,     2.4,     12,     85.4,     1008.6,     261.47,     253.4,     87.9,     -177.9
18,     09.09.2014 03:01:23,     -5.25,     -4.02,     297,     0.7,     1.4,     2.4,     12,     86.7,     1008.5,     261.47,     253.5,     88,     -178
19,     09.09.2014 03:11:17,     -3.15,     -2.01,     299,     0.3,     1.5,     2.8,     12,     86.9,     1008.5,     261.47,     253.5,     87.9,     -177.9,     12.440,     11.45,     71.2
20,     09.09.2014 03:21:17,     -2.1,     -2.01,     303,     0.5,     1.4,     2.3,     12,     86.8,     1008.4,     261.47,     253.4,     87.9,     -177.9
21,     09.09.2014 03:31:17,     -4.2,     -2.01,     293,     0.2,     1.2,     2.2,     12.1,     87.1,     1008.3,     261.47,     253.4,     87.9,     -177.9
22,     09.09.2014 03:41:17,     -4.2,     -2.01,     297,     0.6,     1.4,     2.7,     12.1,     87.4,     1008.3,     261.47,     253.5,     88,     -178
23,     09.09.2014 03:51:17,     -5.25,     -2.01,     294,     0.4,     1.6,     2.6,     12.2,     86.9,     1008.3,     261.47,     253.4,     88,     -178
24,     09.09.2014 04:01:17,     -5.25,     -2.01,     299,     0.2,     1.4,     2.2,     12.2,     86.6,     1008.2,     261.47,     253.4,     88,     -177.9
25,     09.09.2014 04:11:16,     -6.3,     -2.01,     313,     0.1,     1.2,     2.5,     12.1,     86.7,     1008.1,     261.47,     253.4,     87.9,     -178,     12.414,     11.46,     71.2
26,     09.09.2014 04:21:16,     -5.25,     -2.01,     310,     0.4,     1.1,     2,     12.1,     87.4,     1008,     261.47,     253.6,     87.9,     -177.9
27,     09.09.2014 04:31:16,     -5.25,     -4.02,     306,     0.7,     1.4,     2.1,     11.8,     87.5,     1008,     261.47,     253.4,     87.9,     -177.9
28,     09.09.2014 04:41:16,     -5.25,     -2.01,     298,     0.3,     1.1,     2.1,     11.9,     87.9,     1007.9,     261.47,     253.3,     87.9,     -177.9
29,     09.09.2014 04:51:16,     -5.25,     -2.01,     304,     0.3,     1,     2,     12,     88.1,     1007.9,     261.47,     253.3,     87.8,     -177.9
30,     09.09.2014 05:01:16,     -4.2,     0,     293,     0.1,     1.1,     2.5,     12.1,     88.2,     1007.9,     261.47,     253.6,     87.8,     -177.9
31,     09.09.2014 05:11:16,     -5.25,     -2.01,     290,     0.2,     1.5,     2.7,     12.2,     87.5,     1007.9,     261.47,     253.5,     88,     -178,     12.368,     11.11,     71.4
32,     09.09.2014 05:21:16,     -4.2,     0,     292,     0.9,     1.9,     3,     12.2,     87.4,     1007.9,     261.47,     253.6,     87.9,     -177.9
33,     09.09.2014 05:31:16,     -2.1,     6.03,     292,     0.5,     2.1,     3.2,     12.3,     87.2,     1007.9,     261.47,     253.3,     87.9,     -178
34,     09.09.2014 05:41:16,     1.05,     14.07,     295,     1.3,     2.5,     3.8,     12.1,     86.9,     1008,     261.47,     253.9,     87.9,     -177.9
35,     09.09.2014 05:51:16,     6.3,     26.13,     299,     1.5,     2.5,     3.8,     12,     87.5,     1008.1,     261.47,     253.4,     88,     -177.9
36,     09.09.2014 06:01:16,     17.85,     48.24,     314,     0.4,     1.6,     2.8,     11.9,     87.6,     1008.1,     261.47,     253.5,     88,     -178
37,     09.09.2014 06:11:16,     50.4,     92.46,     319,     0.2,     1.3,     2.8,     11.7,     88.4,     1008.2,     261.47,     253.5,     87.9,     -178,     12.584,     11.40,     71.2
38,     09.09.2014 06:21:16,     86.1,     148.74,     306,     0.3,     1.6,     3.9,     11.9,     88,     1008.2,     261.47,     253.9,     88,     -178
39,     09.09.2014 06:31:16,     85.05,     152.76,     292,     1,     2.4,     4.1,     12.4,     86.9,     1008.2,     261.47,     253.6,     87.8,     -177.9
40,     09.09.2014 06:41:16,     100.8,     182.91,     299,     1.5,     3,     4.9,     12.6,     85.7,     1008.2,     261.47,     254,     87.9,     -178
41,     09.09.2014 06:51:16,     179.55,     305.52,     301,     1.5,     3.1,     4.7,     12.7,     84.5,     1008.1,     261.47,     254.2,     88,     -178
42,     09.09.2014 07:01:16,     68.25,     136.68,     299,     1.6,     3.4,     5.3,     12.8,     84.9,     1008.1,     261.47,     254.1,     87.9,     -177.9
43,     09.09.2014 07:11:17,     76.65,     158.79,     292,     1,     3.4,     5.4,     13,     84.6,     1008,     261.47,     254.4,     87.9,     -177.9,     13.196,     14.95,     70.9
44,     09.09.2014 07:21:17,     98.7,     203.01,     300,     1.5,     3.2,     4.9,     13,     83.6,     1008,     261.47,     253.8,     87.9,     -177.9
45,     09.09.2014 07:31:17,     48.3,     102.51,     300,     2,     3.7,     5.5,     13,     84.1,     1008,     261.47,     254.2,     88,     -178
46,     09.09.2014 07:41:17,     101.85,     209.04,     295,     1.2,     3.2,     5.2,     13.1,     83.2,     1008,     261.47,     254.2,     88,     -178
47,     09.09.2014 07:51:17,     141.75,     291.45,     294,     1.6,     3.5,     5.4,     13.1,     82.3,     1008,     261.47,     253.8,     87.9,     -177.9
48,     09.09.2014 08:01:17,     80.85,     184.92,     302,     0.4,     3.6,     6.2,     13.4,     82.4,     1008,     261.47,     254.2,     88,     -177.9
49,     09.09.2014 08:11:17,     336,     645.21,     301,     1.4,     3.1,     5.1,     13.5,     82.3,     1008,     261.47,     254.1,     88,     -178,     14.244,     14.93,     70.7
50,     09.09.2014 08:21:17,     358.05,     683.4,     297,     0.3,     3.2,     7.2,     13.9,     80,     1007.9,     261.47,     253.6,     87.7,     -177.8
51,     09.09.2014 08:31:17,     383.25,     739.68,     293,     0.8,     3.4,     5.7,     14.3,     78.8,     1008,     261.47,     254.2,     88,     -178
52,     09.09.2014 08:41:17,     408.45,     781.89,     294,     2.1,     4.3,     6.7,     14.6,     76.2,     1008,     261.47,     255.5,     87.8,     -177.9
53,     09.09.2014 08:51:17,     464.1,     890.43,     295,     1.4,     4.1,     6.6,     14.8,     76.6,     1008,     261.47,     254.6,     88,     -177.9
54,     09.09.2014 09:01:17,     464.1,     894.45,     295,     1.4,     4,     6.6,     14.9,     75,     1008.1,     261.47,     254.2,     87.9,     -177.9
55,     09.09.2014 09:11:16,     463.05,     940.68,     297,     1,     3.9,     7.2,     15.2,     73.6,     1008.1,     261.47,     255.1,     87.8,     -177.9,     13.059,     19.69,     69.6
56,     09.09.2014 09:21:16,     288.75,     558.78,     289,     1.1,     5.7,     9.4,     15.3,     74.2,     1008.1,     261.47,     254.6,     87.9,     -177.9
57,     09.09.2014 09:31:16,     422.1,     860.28,     296,     2.5,     5,     7.9,     15.4,     72,     1008.2,     261.47,     254.1,     87.9,     -177.9
58,     09.09.2014 09:41:16,     628.95,     1218.06,     306,     2.5,     5.2,     8.8,     15.5,     72,     1008.2,     261.47,     254,     88,     -178
59,     09.09.2014 09:51:16,     365.4,     709.53,     288,     2.1,     5.5,     9,     15.6,     72.8,     1008.2,     261.47,     75.8,     87.9,     -2
60,     09.09.2014 10:01:16,     373.8,     737.67,     290,     2.4,     5.1,     9.1,     15.7,     73.3,     1008.2,     261.47,     255.6,     88,     -178.1
61,     09.09.2014 10:11:16,     385.35,     757.77,     283,     1.8,     5.4,     8.9,     15.4,     72.8,     1008.2,     261.47,     255.4,     88,     -178,     13.099,     20.90,     68.5
62,     09.09.2014 10:21:16,     334.95,     675.36,     286,     2.8,     5.2,     9.4,     15.4,     72.2,     1008.3,     261.47,     254.6,     88.2,     -178.3
63,     09.09.2014 10:31:16,     670.95,     1302.48,     299,     1.9,     5.7,     9.9,     15.5,     73.9,     1008.4,     261.47,     253.8,     88.2,     -178.2
64,     09.09.2014 10:41:16,     376.95,     753.75,     297,     1.1,     6.1,     10.5,     15.6,     72.9,     1008.3,     261.47,     254,     87.9,     -177.9
65,     09.09.2014 10:51:16,     309.75,     627.12,     297,     1.2,     5.3,     10.5,     15.8,     71.4,     1008.3,     261.47,     254.1,     88,     -178.1
66,     09.09.2014 11:01:16,     823.2,     1549.71,     301,     2.1,     4.8,     9.4,     15.9,     72.4,     1008.3,     261.47,     254.1,     87.8,     -177.7
67,     09.09.2014 11:11:17,     271.95,     542.7,     291,     2.2,     5.4,     9,     16,     73.3,     1008.3,     261.47,     254.5,     87.8,     -177.9,     13.307,     20.57,     68.6
68,     09.09.2014 11:21:17,     317.1,     647.22,     297,     1.1,     3.9,     6.9,     16.3,     71.9,     1008.2,     261.47,     254.2,     87.9,     -177.9
69,     09.09.2014 11:31:17,     359.1,     725.61,     293,     2.3,     5.2,     9.5,     16.3,     69.7,     1008.2,     261.47,     254.9,     87.9,     -177.9
70,     09.09.2014 11:41:17,     236.25,     482.4,     298,     2.6,     5.8,     9.5,     16.4,     69.6,     1008.2,     261.47,     254.5,     87.6,     -177.9
71,     09.09.2014 11:51:17,     303.45,     637.17,     302,     2,     4.4,     8.3,     16.4,     69.3,     1008.1,     261.47,     254.7,     88,     -178
72,     09.09.2014 12:01:17,     366.45,     757.77,     304,     1.5,     4.9,     10,     16.5,     68.8,     1008.2,     261.47,     254.2,     87.8,     -177.9
73,     09.09.2014 12:11:16,     170.1,     365.82,     298,     2.6,     5.2,     8.2,     16.7,     68.2,     1008.2,     261.47,     256,     88.1,     -178.1,     13.461,     20.23,     68.9
74,     09.09.2014 12:21:16,     122.85,     267.33,     291,     2.3,     4.6,     8.4,     16.5,     69,     1008.2,     261.47,     254.4,     88.1,     -178.1
75,     09.09.2014 12:31:16,     162.75,     361.8,     290,     2,     4.5,     9.3,     16.5,     71.1,     1008.1,     261.47,     74.5,     87.9,     -2
76,     09.09.2014 12:41:16,     43.05,     102.51,     300,     2.7,     5.7,     9.8,     16.4,     70.7,     1008.3,     261.47,     75.4,     88,     -1.8
77,     09.09.2014 12:51:16,     121.8,     289.44,     322,     2.1,     5.4,     9.5,     14.9,     83.3,     1008.6,     261.74,     255.3,     88.2,     -178.2
78,     09.09.2014 13:01:16,     190.05,     414.06,     305,     2.3,     5,     8.5,     14.3,     83.1,     1008.6,     261.74,     74,     87.8,     -2
79,     09.09.2014 13:11:30,     537.6,     1137.66,     310,     0.8,     3.3,     7.2,     14.5,     85.2,     1008.4,     261.74,     (NO REPLY),     (NO REPLY),     (NO REPLY),     13.341,     18.06,     69.8
80,     09.09.2014 13:21:30,     620.55,     1248.21,     305,     1.2,     3.6,     7,     15.2,     82.7,     1008.3,     261.74,     254.3,     88,     -178
81,     09.09.2014 13:31:30,     602.7,     1193.94,     300,     1.3,     3.9,     7.7,     15.7,     81.8,     1008.2,     261.74,     253.6,     88,     -178
82,     09.09.2014 13:41:30,     399,     806.01,     310,     1,     4.4,     8.9,     16.3,     77.9,     1008,     261.74,     254.3,     87.9,     -177.9
83,     09.09.2014 13:51:30,     656.25,     1262.28,     287,     0.4,     4.4,     9.4,     16.7,     74.5,     1008,     261.74,     75.1,     88.2,     -1.7
84,     09.09.2014 14:01:30,     574.35,     1254.24,     302,     2.1,     5.1,     10.1,     17,     70.5,     1007.9,     261.74,     75.1,     88,     -1.9
85,     09.09.2014 14:11:16,     590.1,     1149.72,     302,     2.3,     4.9,     7.9,     17.2,     69.7,     1007.9,     261.74,     74.4,     87.8,     -2.1,     13.252,     19.97,     68.6
86,     09.09.2014 14:21:16,     333.9,     699.48,     302,     1.6,     4.3,     7.3,     17.3,     68.9,     1008,     261.74,     253.5,     88,     -178
87,     09.09.2014 14:31:16,     206.85,     359.79,     308,     1.5,     3.8,     7.4,     17.4,     70.4,     1007.9,     261.74,     253.9,     88,     -178
88,     09.09.2014 14:41:16,     79.8,     172.86,     307,     1.5,     4.2,     10.3,     17.4,     70.8,     1007.9,     261.74,     254.7,     87.9,     -178
89,     09.09.2014 14:51:16,     602.7,     1159.77,     301,     2.1,     5,     8.7,     17,     70.3,     1007.9,     261.74,     253.9,     88,     -178.1
90,     09.09.2014 15:01:16,     291.9,     572.85,     315,     1.1,     3.8,     7.5,     17.4,     69.7,     1008,     261.74,     75.3,     88.1,     -1.8
91,     09.09.2014 15:11:28,     208.95,     426.12,     297,     3.4,     5.5,     8.1,     17.4,     68.4,     1007.8,     261.74,     253.9,     88,     -178,     13.355,     20.24,     68.8
92,     09.09.2014 15:21:28,     187.95,     385.92,     294,     1.5,     5.3,     9,     17.5,     68.2,     1007.8,     261.74,     255.1,     88.1,     -178.1
93,     09.09.2014 15:31:28,     111.3,     225.12,     300,     1.7,     4.3,     8,     17.5,     69.4,     1007.7,     261.74,     254.5,     88,     -178
94,     09.09.2014 15:41:28,     140.7,     289.44,     305,     2.6,     5.1,     8.9,     17.4,     69.7,     1007.8,     261.74,     255.2,     88.1,     -178.1
95,     09.09.2014 15:51:28,     447.3,     834.15,     293,     1.5,     5.8,     10.2,     17.1,     71.8,     1007.8,     261.74,     255.5,     87.9,     -177.9
96,     09.09.2014 16:01:28,     143.85,     309.54,     301,     1.1,     5,     8.7,     17,     72.1,     1007.8,     261.74,     74.4,     87.7,     -2.1
97,     09.09.2014 16:11:16,     344.4,     635.16,     297,     2.1,     4.6,     7.4,     17.1,     71.5,     1007.8,     261.74,     74,     88.3,     -1.6,     13.398,     20.01,     68.9
98,     09.09.2014 16:21:16,     60.9,     140.7,     298,     1.5,     4.7,     9.3,     17,     72.9,     1007.9,     261.74,     253.9,     88,     -178
99,     09.09.2014 16:31:16,     79.8,     174.87,     300,     1.9,     4.2,     8.1,     16.7,     74.3,     1007.9,     261.74,     253.9,     88.1,     -178.1
100,     09.09.2014 16:41:16,     25.2,     60.3,     296,     1.3,     5.2,     9.6,     16.5,     76.3,     1008,     261.77,     255.3,     88,     -178.1
101,     09.09.2014 16:51:16,     45.15,     108.54,     308,     1.4,     5.2,     9.3,     15.7,     78.8,     1008.1,     261.79,     253.8,     88.1,     -178.1
102,     09.09.2014 17:01:16,     55.65,     126.63,     308,     1.2,     3.5,     7,     15.6,     79.6,     1007.9,     261.79,     254.5,     88,     -178.1
103,     09.09.2014 17:11:21,     56.7,     126.63,     296,     2,     3.5,     5.4,     15.6,     79.5,     1007.8,     261.79,     254.2,     88,     -178,     13.544,     18.01,     69.8
104,     09.09.2014 17:21:21,     59.85,     128.64,     293,     1.4,     3.4,     6.1,     15.6,     81.6,     1007.8,     261.79,     254.1,     88.1,     -178
105,     09.09.2014 17:31:21,     76.65,     156.78,     289,     1,     2.9,     4.7,     15.7,     83.7,     1007.7,     261.79,     253.8,     88,     -178
106,     09.09.2014 17:41:21,     30.45,     74.37,     296,     1.1,     2.8,     4.9,     15.7,     83.9,     1007.7,     261.79,     254.3,     88.1,     -178.1
107,     09.09.2014 17:51:21,     28.35,     68.34,     300,     1.5,     3.1,     5.3,     15.7,     84.2,     1007.6,     261.79,     253.4,     88,     -178
108,     09.09.2014 18:01:21,     19.95,     50.25,     300,     1.4,     3.2,     5.1,     15.8,     83.5,     1007.5,     261.79,     254,     87.8,     -177.9
109,     09.09.2014 18:11:22,     10.5,     28.14,     299,     1.5,     3.1,     4.8,     15.8,     84.3,     1007.5,     261.79,     254.3,     87.9,     -177.9,     12.811,     16.74,     70.2
110,     09.09.2014 18:21:22,     5.25,     16.08,     297,     1.4,     3.5,     5.3,     15.8,     82.6,     1007.5,     261.79,     254.8,     88,     -178
111,     09.09.2014 18:31:22,     4.2,     14.07,     296,     1.6,     3.6,     5.9,     15.8,     82.2,     1007.5,     261.79,     254.3,     88,     -178
112,     09.09.2014 18:41:22,     0,     6.03,     298,     2.3,     4.2,     7.2,     15.8,     81.6,     1007.5,     261.79,     254.2,     87.8,     -177.8
113,     09.09.2014 18:51:22,     -3.15,     2.01,     303,     1.9,     3.4,     5.8,     15.7,     82.2,     1007.6,     261.79,     254.5,     87.9,     -178
114,     09.09.2014 19:01:22,     -3.15,     -2.01,     305,     1.2,     3,     4.9,     15.5,     82.9,     1007.7,     261.79,     253.9,     88,     -178
115,     09.09.2014 19:11:16,     -3.15,     -2.01,     306,     1,     3.2,     6.4,     15.6,     82.3,     1007.7,     261.79,     254.6,     88,     -178,     12.690,     16.01,     70.4
116,     09.09.2014 19:21:16,     -4.2,     -2.01,     306,     1.7,     3.7,     8.1,     15.4,     82.9,     1007.8,     261.79,     254,     88,     -178.1
117,     09.09.2014 19:31:16,     -4.2,     -2.01,     301,     2.3,     3.8,     6.2,     15.3,     83.3,     1007.8,     261.79,     254,     88.1,     -178
118,     09.09.2014 19:41:16,     -1.05,     0,     304,     1.5,     3.5,     6.1,     15.2,     84.1,     1007.8,     261.79,     254.2,     88.1,     -178.1
119,     09.09.2014 19:51:16,     -3.15,     -2.01,     309,     1.5,     3.6,     7,     15.3,     84.2,     1007.9,     261.79,     254.2,     87.9,     -177.9
120,     09.09.2014 20:01:16,     -2.1,     0,     312,     1,     3.3,     7,     15.2,     84.8,     1007.9,     261.79,     254,     88,     -178
121,     09.09.2014 20:11:16,     -2.1,     -2.01,     313,     1.4,     3.3,     6.8,     15.1,     84.1,     1007.9,     261.79,     254.3,     88,     -178,     12.641,     15.53,     70.5
122,     09.09.2014 20:21:16,     -2.1,     0,     319,     0.6,     3,     5.6,     15.2,     83.5,     1007.9,     261.79,     253.7,     87.9,     -177.9
123,     09.09.2014 20:31:16,     -2.1,     -2.01,     322,     1.3,     3.2,     5.5,     15.2,     82.4,     1007.9,     261.79,     253.6,     88,     -178
124,     09.09.2014 20:41:16,     -3.15,     -2.01,     317,     0.8,     2.8,     4.6,     15.1,     82.6,     1008,     261.79,     254.2,     88.1,     -178.1
125,     09.09.2014 20:51:16,     -2.1,     -2.01,     324,     1.1,     2.9,     5.8,     15,     83.5,     1008,     261.79,     254.8,     87.9,     -177.9
126,     09.09.2014 21:01:16,     -3.15,     -4.02,     323,     1,     3,     5.3,     14.9,     83.9,     1007.9,     261.79,     253.8,     88,     -178
127,     09.09.2014 21:11:16,     -3.15,     -2.01,     318,     0.8,     2.8,     5.9,     14.9,     84.2,     1008,     261.79,     253.4,     88,     -178,     12.607,     15.46,     70.4
128,     09.09.2014 21:21:16,     -3.15,     -2.01,     320,     1.1,     3,     5.4,     14.9,     84.5,     1008,     261.79,     253.5,     88,     -177.9
129,     09.09.2014 21:31:16,     -4.2,     -2.01,     323,     1.5,     3.4,     6.2,     14.8,     83.9,     1008,     261.79,     253.5,     88.1,     -178.1
130,     09.09.2014 21:41:16,     -3.15,     -2.01,     330,     1.2,     2.9,     5.1,     14.6,     85.1,     1008,     261.79,     253.6,     88,     -178
131,     09.09.2014 21:51:16,     -3.15,     -2.01,     327,     1,     2.6,     4.7,     14.6,     85.1,     1008.1,     261.79,     253.8,     88,     -178.1
132,     09.09.2014 22:01:16,     -1.05,     -2.01,     322,     0.9,     2.5,     4.3,     14.6,     84.9,     1008.1,     261.79,     253.9,     88.1,     -178
133,     09.09.2014 22:11:16,     -3.15,     0,     327,     1.2,     2.6,     4.6,     14.6,     84.8,     1008.2,     261.79,     253.8,     88,     -178,     12.590,     15.02,     70.5
134,     09.09.2014 22:21:16,     -3.15,     -2.01,     327,     1.2,     3.1,     6,     14.5,     84.8,     1008.3,     261.79,     254,     87.9,     -177.9
135,     09.09.2014 22:31:16,     -1.05,     -2.01,     325,     0.7,     2.8,     5,     14.5,     85,     1008.3,     261.79,     253.6,     88,     -178
136,     09.09.2014 22:41:16,     -4.2,     -2.01,     327,     1.3,     2.9,     4.9,     14.5,     84,     1008.2,     261.79,     254,     88,     -178
137,     09.09.2014 22:51:16,     -2.1,     -2.01,     324,     1,     2.8,     5.4,     14.5,     83.6,     1008.1,     261.79,     253.6,     88.1,     -178.1
138,     09.09.2014 23:01:16,     -3.15,     -4.02,     320,     0.2,     2.6,     4.6,     14.4,     83.6,     1008.2,     261.79,     254,     88,     -178
139,     09.09.2014 23:11:23,     -3.15,     -2.01,     322,     0.8,     2.4,     5.1,     14.4,     83.8,     1008.1,     261.79,     253.7,     88,     -178,     12.563,     14.65,     70.6
140,     09.09.2014 23:21:23,     -2.1,     -2.01,     321,     0.8,     2.3,     4.3,     14.4,     83.9,     1008.1,     261.79,     253.8,     87.8,     -177.9
141,     09.09.2014 23:31:23,     -2.1,     -2.01,     314,     0.4,     2.3,     4.7,     14.4,     83.7,     1008.1,     261.79,     253.7,     87.8,     -177.9
142,     09.09.2014 23:41:23,     -2.1,     -2.01,     303,     1,     3.1,     5.2,     14.4,     83.4,     1008.2,     261.79,     253.8,     88,     -178
143,     09.09.2014 23:51:23,     -2.1,     -2.01,     312,     1.1,     2.8,     5.5,     14.4,     83.8,     1008.3,     261.79,     253.9,     88.1,     -178.1
144,     10.09.2014 00:01:16,     -2.1,     -2.01,     314,     1.1,     3,     5.1,     14.4,     83.9,     1008.2,     261.79,     253.9,     87.9,     -177.9,     12.393,     14.72,     70.5