Logger: #D10248 'TSK_Meteo' - USP_EXP2 (V2.10, Jan 24 2012)
No,     Time,     #1:W/m²:0,     #2:ÂµMol:(do.),     #5:deg:2,     #6:m/sMIN:(do.),     #7:m/sMIT:(do.),     #8:m/sMAX:(do.),     #9:Â°C:(do.),     #10:%:(do.),     #11:hPa:(do.),     #12:mm:(do.),     #14:AZ:3,     #15:EL:(do.),     #16:Roll:(do.),     #HK-Bat:V,     #HK-Temp:oC,     #HK-rH:%
(GSM Transfer OK / Signal:15)
1,     09.11.2014 00:11:16,     -5.25,     -2.01,     204,     0.1,     0.7,     1.5,     6.2,     91.6,     1006.7,     323.62,     253.2,     87.9,     -177.9,     12.442,     5.93,     81.4
2,     09.11.2014 00:21:16,     -4.2,     0,     218,     0.6,     1.3,     2,     6,     91.3,     1006.7,     323.62,     253,     87.9,     -177.9
3,     09.11.2014 00:31:16,     -5.25,     -2.01,     184,     0.3,     0.9,     1.4,     5.9,     91.4,     1006.6,     323.62,     253,     88,     -178
4,     09.11.2014 00:41:16,     -6.3,     -2.01,     132,     0.4,     0.9,     1.4,     6,     91.6,     1006.6,     323.62,     253,     87.9,     -177.9
5,     09.11.2014 00:51:16,     -5.25,     -2.01,     106,     0.2,     0.6,     1.2,     6,     91.8,     1006.6,     323.62,     253.1,     87.9,     -177.9
6,     09.11.2014 01:01:16,     -5.25,     -2.01,     100,     0.3,     0.7,     1.2,     5.9,     91.6,     1006.6,     323.62,     253,     87.9,     -177.9
7,     09.11.2014 01:11:16,     -5.25,     0,     86,     0.3,     0.6,     1,     5.7,     91.5,     1006.6,     323.62,     253,     87.9,     -177.9,     12.467,     4.96,     83.2
8,     09.11.2014 01:21:16,     -6.3,     -4.02,     83,     0.2,     0.8,     1.2,     5.6,     91.8,     1006.5,     323.62,     253.1,     87.9,     -177.9
9,     09.11.2014 01:31:16,     -6.3,     -2.01,     131,     0,     0.6,     1.1,     5.7,     91.9,     1006.6,     323.62,     253,     88,     -178
10,     09.11.2014 01:41:16,     -7.35,     -2.01,     112,     0.1,     0.5,     1,     5.6,     92,     1006.5,     323.62,     253.1,     88,     -178
11,     09.11.2014 01:51:16,     -4.2,     0,     198,     0.1,     0.9,     1.9,     5.3,     91.8,     1006.7,     323.62,     253.2,     87.9,     -177.9
12,     09.11.2014 02:01:16,     -5.25,     -2.01,     185,     0.4,     1.3,     2.3,     5.2,     92.1,     1006.7,     323.62,     253.1,     88,     -178
13,     09.11.2014 02:11:16,     -4.2,     0,     174,     0.3,     1.6,     2.7,     5.4,     92.3,     1006.7,     323.62,     253,     88,     -178,     12.446,     4.45,     83.6
14,     09.11.2014 02:21:16,     -4.2,     0,     182,     0.9,     1.9,     3.2,     5.4,     92.1,     1006.8,     323.62,     253.2,     88,     -178
15,     09.11.2014 02:31:16,     -4.2,     -2.01,     180,     1,     2,     3.5,     5.3,     91.8,     1006.7,     323.62,     253.1,     87.9,     -177.9
16,     09.11.2014 02:41:16,     -5.25,     -2.01,     140,     0.5,     1.4,     3.2,     5.3,     91.8,     1006.5,     323.62,     253,     87.9,     -177.9
17,     09.11.2014 02:51:16,     -4.2,     -2.01,     148,     0.7,     1.8,     3.3,     5.2,     91.7,     1006.4,     323.62,     252.9,     87.8,     -177.8
18,     09.11.2014 03:01:16,     -5.25,     0,     175,     0.4,     2.2,     3.5,     5.2,     91.5,     1006.5,     323.62,     253.2,     88,     -178
19,     09.11.2014 03:11:16,     -5.25,     -2.01,     177,     1,     2.2,     3.9,     5,     91.1,     1006.5,     323.62,     253.3,     87.9,     -177.9,     12.408,     4.67,     83.5
20,     09.11.2014 03:21:16,     -5.25,     -2.01,     183,     0.4,     1.7,     3.3,     4.9,     91.2,     1006.5,     323.62,     253.1,     87.9,     -177.9
21,     09.11.2014 03:31:16,     -4.2,     0,     178,     0.6,     1.8,     3.1,     4.7,     91.2,     1006.5,     323.62,     253,     87.9,     -177.9
22,     09.11.2014 03:41:16,     -3.15,     -2.01,     180,     0.6,     1.7,     3.1,     4.7,     91.4,     1006.5,     323.62,     253.1,     88,     -177.9
23,     09.11.2014 03:51:16,     -5.25,     -4.02,     189,     0.6,     1.4,     2.9,     4.6,     91.4,     1006.5,     323.62,     253.2,     87.9,     -177.9
24,     09.11.2014 04:01:16,     -5.25,     -2.01,     185,     0.6,     1.4,     2.5,     4.5,     91.4,     1006.4,     323.62,     253.1,     88,     -178
25,     09.11.2014 04:11:17,     -5.25,     -2.01,     177,     0.7,     1.5,     2.9,     4.5,     91.5,     1006.5,     323.62,     253,     88,     -178,     12.393,     4.31,     83.5
26,     09.11.2014 04:21:17,     -5.25,     -2.01,     154,     0.9,     2,     3.3,     4.5,     91.6,     1006.4,     323.62,     253,     87.9,     -177.9
27,     09.11.2014 04:31:17,     -4.2,     0,     180,     0.8,     1.8,     3.3,     4.5,     91.6,     1006.4,     323.62,     253.1,     87.9,     -177.9
28,     09.11.2014 04:41:17,     -4.2,     -2.01,     182,     0.8,     1.7,     2.9,     4.5,     91.5,     1006.3,     323.62,     253,     87.9,     -177.9
29,     09.11.2014 04:51:17,     -4.2,     -2.01,     165,     1.1,     2.8,     4.7,     4.8,     91.8,     1006.2,     323.62,     253.1,     87.9,     -177.9
30,     09.11.2014 05:01:17,     -5.25,     0,     178,     1.2,     2.5,     4.3,     4.9,     91.4,     1006.3,     323.62,     253,     87.9,     -177.9
31,     09.11.2014 05:11:16,     -5.25,     -4.02,     186,     1.1,     2.1,     3.6,     4.7,     91.1,     1006.2,     323.62,     253.1,     88,     -178,     12.372,     4.13,     83.7
32,     09.11.2014 05:21:16,     -4.2,     0,     194,     0.9,     1.9,     3.2,     4.7,     91.1,     1006.3,     323.62,     253,     88,     -178
33,     09.11.2014 05:31:16,     -5.25,     -2.01,     179,     0.7,     2,     3.4,     4.8,     91.2,     1006.2,     323.62,     253.1,     88,     -178
34,     09.11.2014 05:41:16,     -4.2,     -2.01,     171,     0.4,     2.2,     4,     4.8,     91,     1006.2,     323.62,     253.1,     88,     -178
35,     09.11.2014 05:51:16,     -5.25,     0,     198,     0.6,     2.3,     3.6,     4.9,     90.8,     1006.2,     323.62,     253.1,     87.9,     -177.9
36,     09.11.2014 06:01:16,     -4.2,     -2.01,     199,     0.8,     2,     3.4,     4.7,     90.6,     1006.1,     323.62,     253.2,     87.9,     -177.9
37,     09.11.2014 06:11:17,     -4.2,     0,     204,     0.6,     2.1,     4.2,     4.8,     90.9,     1006.2,     323.62,     253,     88,     -178,     12.325,     3.97,     83.6
38,     09.11.2014 06:21:17,     -4.2,     0,     219,     1,     2.2,     3.7,     4.6,     90.6,     1006.3,     323.62,     253.2,     88,     -178
39,     09.11.2014 06:31:17,     -4.2,     -2.01,     189,     0.8,     1.8,     3.6,     4.5,     90.5,     1006.4,     323.62,     253.1,     87.9,     -177.9
40,     09.11.2014 06:41:17,     -4.2,     -2.01,     178,     0.8,     1.9,     3.2,     4.6,     90.8,     1006.4,     323.62,     253.1,     87.9,     -177.9
41,     09.11.2014 06:51:17,     -4.2,     -2.01,     167,     1.2,     2.6,     4.5,     4.7,     90.7,     1006.3,     323.62,     252.9,     87.9,     -177.9
42,     09.11.2014 07:01:17,     -4.2,     0,     163,     0.9,     2.2,     3.8,     4.8,     90.5,     1006.3,     323.62,     253.1,     88,     -178
43,     09.11.2014 07:11:16,     -1.05,     0,     151,     0.6,     1.8,     3.2,     4.8,     90.5,     1006.3,     323.62,     253,     87.9,     -177.9,     12.310,     3.94,     83.7
44,     09.11.2014 07:21:16,     -1.05,     6.03,     152,     0.7,     1.7,     2.7,     4.8,     90.7,     1006.4,     323.62,     253,     87.9,     -177.9
45,     09.11.2014 07:31:16,     1.05,     10.05,     150,     0.7,     1.8,     3.2,     4.7,     90.6,     1006.4,     323.62,     253.1,     87.8,     -177.9
46,     09.11.2014 07:41:16,     6.3,     20.1,     177,     0.4,     1.9,     3.6,     4.8,     90.7,     1006.5,     323.62,     253.1,     87.9,     -177.9
47,     09.11.2014 07:51:16,     14.7,     34.17,     168,     0.7,     1.7,     2.9,     4.8,     90.6,     1006.6,     323.62,     253.1,     87.9,     -177.9
48,     09.11.2014 08:01:16,     27.3,     56.28,     129,     0.4,     1.2,     2.1,     4.6,     90.3,     1006.6,     323.62,     253.2,     88,     -178
49,     09.11.2014 08:11:17,     46.2,     88.44,     116,     0.2,     1,     2.3,     4.8,     91,     1006.7,     323.62,     253.1,     88,     -178,     12.690,     4.23,     83.7
50,     09.11.2014 08:21:17,     58.8,     118.59,     170,     0.3,     1.2,     2.3,     5.1,     90.8,     1006.6,     323.62,     253.1,     87.9,     -177.9
51,     09.11.2014 08:31:17,     65.1,     132.66,     155,     0.3,     1.1,     1.9,     5.2,     90.3,     1006.5,     323.62,     253.2,     88,     -178
52,     09.11.2014 08:41:17,     88.2,     170.85,     148,     0.3,     1.3,     2.3,     5.4,     89.6,     1006.6,     323.62,     253.2,     87.9,     -177.9
53,     09.11.2014 08:51:17,     138.6,     251.25,     172,     0.1,     1.2,     2,     5.9,     89.1,     1006.5,     323.62,     253.4,     88,     -178
54,     09.11.2014 09:01:17,     124.95,     247.23,     177,     0.6,     1.5,     2.7,     6,     87.5,     1006.5,     323.62,     253.3,     87.9,     -177.9
55,     09.11.2014 09:11:16,     126,     257.28,     171,     0.3,     1.4,     2.6,     6.2,     87.2,     1006.5,     323.62,     253.2,     87.9,     -177.9,     14.475,     6.15,     83.6
56,     09.11.2014 09:21:16,     133.35,     281.4,     171,     0.6,     1.5,     2.4,     6.4,     86.9,     1006.4,     323.62,     253.3,     87.9,     -177.9
57,     09.11.2014 09:31:16,     120.75,     259.29,     170,     0.2,     1.5,     3.2,     6.8,     86.7,     1006.3,     323.62,     253.3,     87.9,     -177.9
58,     09.11.2014 09:41:16,     144.9,     327.63,     158,     0.3,     1.6,     3.1,     7.1,     86.1,     1006.2,     323.62,     253.2,     87.9,     -177.9
59,     09.11.2014 09:51:16,     207.9,     484.41,     164,     0.4,     1.9,     3.7,     7.6,     84.4,     1006.1,     323.62,     253,     87.9,     -177.9
60,     09.11.2014 10:01:16,     181.65,     424.11,     174,     0.9,     2.2,     4.7,     8,     82.7,     1006.2,     323.62,     252.8,     87.9,     -177.9
61,     09.11.2014 10:11:21,     143.85,     321.6,     170,     1.1,     2.6,     4.8,     8.1,     81.8,     1006.2,     323.62,     253.4,     88,     -178,     13.699,     8.60,     82.6
62,     09.11.2014 10:21:21,     99.75,     227.13,     177,     1.1,     2.9,     4.7,     8.5,     80.8,     1006.2,     323.62,     253.2,     88.1,     -178.1
63,     09.11.2014 10:31:21,     214.2,     478.38,     170,     1.6,     3.2,     5.8,     8.7,     79.4,     1005.9,     323.62,     253.4,     87.9,     -177.9
64,     09.11.2014 10:41:21,     201.6,     440.19,     173,     1.5,     3.2,     5.1,     9.1,     78.8,     1005.9,     323.62,     253.2,     88,     -178
65,     09.11.2014 10:51:21,     252,     536.67,     167,     1.2,     3.1,     5.1,     9.2,     78.4,     1005.7,     323.62,     253.3,     87.8,     -177.9
66,     09.11.2014 11:01:21,     220.5,     446.22,     171,     1.2,     3.3,     5.8,     9.2,     77.6,     1005.5,     323.62,     73.7,     87.9,     -1.9
67,     09.11.2014 11:11:16,     175.35,     365.82,     162,     1.1,     3.5,     6.8,     9.1,     77.1,     1005.3,     323.62,     253.2,     87.9,     -177.9,     13.474,     11.13,     81.6
68,     09.11.2014 11:21:16,     213.15,     450.24,     164,     1.6,     3.2,     5.7,     8.9,     78,     1005.3,     323.62,     73.5,     87.9,     -2
69,     09.11.2014 11:31:16,     184.8,     375.87,     167,     1,     3.4,     6.2,     9.1,     77.3,     1005.1,     323.62,     73.5,     87.9,     -2
70,     09.11.2014 11:41:16,     245.7,     508.53,     166,     0.5,     3.1,     7.2,     9.3,     77.4,     1005,     323.62,     73.6,     87.9,     -2.1
71,     09.11.2014 11:51:16,     201.6,     399.99,     163,     0.9,     3.3,     6,     9.5,     76.1,     1004.8,     323.62,     253.7,     88,     -178
72,     09.11.2014 12:01:16,     351.75,     675.36,     167,     0.4,     3.8,     6.6,     9.7,     75.2,     1004.6,     323.62,     73.8,     87.9,     -2
73,     09.11.2014 12:11:16,     181.65,     383.91,     167,     0.5,     4.1,     7,     9.8,     74.3,     1004.6,     323.62,     74,     87.9,     -2,     13.411,     12.25,     81.2
74,     09.11.2014 12:21:16,     302.4,     586.92,     167,     0.6,     3.4,     7,     9.8,     74.9,     1004.5,     323.62,     73.9,     88,     -1.9
75,     09.11.2014 12:31:16,     242.55,     478.38,     164,     0.3,     2.9,     6,     10,     75.7,     1004.4,     323.62,     252.8,     88,     -178.1
76,     09.11.2014 12:41:16,     158.55,     323.61,     155,     0.4,     3.1,     6.4,     9.8,     75.7,     1004.4,     323.62,     73.4,     88,     -1.9
77,     09.11.2014 12:51:16,     190.05,     377.88,     154,     0.6,     2.5,     5.3,     9.9,     74.9,     1004.3,     323.62,     73.2,     87.9,     -2
78,     09.11.2014 13:01:16,     231,     450.24,     164,     1.1,     3,     6,     9.8,     74.7,     1004.3,     323.62,     73.6,     87.9,     -2
79,     09.11.2014 13:11:17,     145.95,     299.49,     153,     0.8,     3.2,     5.8,     9.8,     75.2,     1004.1,     323.62,     73.4,     88,     -1.9,     13.604,     12.94,     80.8
80,     09.11.2014 13:21:17,     138.6,     279.39,     150,     1.1,     3.5,     6.3,     9.5,     76.1,     1003.9,     323.62,     253.5,     88,     -177.9
81,     09.11.2014 13:31:17,     148.05,     299.49,     161,     0.5,     3.1,     5.7,     9.6,     76.2,     1003.8,     323.62,     72.8,     88,     -2
82,     09.11.2014 13:41:17,     169.05,     337.68,     160,     1.2,     3.9,     6.9,     9.2,     77.5,     1003.9,     323.62,     73.2,     88.1,     -1.8
83,     09.11.2014 13:51:17,     129.15,     263.31,     170,     1.6,     4.3,     8.7,     8.8,     78.7,     1003.9,     323.62,     73.5,     87.9,     -2
84,     09.11.2014 14:01:17,     108.15,     219.09,     170,     1.9,     4.4,     7.7,     8.6,     79.9,     1003.7,     323.62,     253,     87.8,     -177.8
85,     09.11.2014 14:11:21,     232.05,     414.06,     167,     1.1,     3.4,     6.5,     8.7,     81,     1003.8,     323.62,     73.6,     88,     -1.9,     13.510,     11.63,     81.5
86,     09.11.2014 14:21:21,     219.45,     404.01,     175,     1.2,     3.1,     6.1,     9,     80.1,     1003.7,     323.62,     73.4,     87.9,     -2
87,     09.11.2014 14:31:21,     152.25,     287.43,     200,     0.3,     3.4,     5.7,     9,     77.3,     1003.7,     323.62,     74.1,     88,     -1.9
88,     09.11.2014 14:41:21,     118.65,     215.07,     180,     1,     3.5,     6.3,     8.7,     78.2,     1003.5,     323.62,     73.1,     87.8,     -2.1
89,     09.11.2014 14:51:21,     50.4,     106.53,     172,     1.4,     3.9,     7.1,     8.5,     79.6,     1003.7,     323.62,     252.5,     88.1,     -178.1
90,     09.11.2014 15:01:21,     38.85,     80.4,     175,     0.4,     3.7,     6.1,     8.4,     80.2,     1003.7,     323.62,     74.1,     87.8,     -2.2
91,     09.11.2014 15:11:16,     15.75,     32.16,     182,     1.3,     3.5,     7.2,     8.4,     80.6,     1003.8,     323.62,     253.8,     88.1,     -178.1,     12.887,     10.99,     81.7
92,     09.11.2014 15:21:16,     16.8,     36.18,     179,     1.5,     3.5,     6.3,     8.3,     81.2,     1003.7,     323.62,     73.7,     87.9,     -1.9
93,     09.11.2014 15:31:16,     11.55,     28.14,     176,     1.3,     3.1,     5.5,     8.4,     81.9,     1003.7,     323.62,     253.8,     88,     -178
94,     09.11.2014 15:41:16,     10.5,     22.11,     183,     2.4,     4.5,     7.1,     8.3,     81.7,     1003.7,     323.62,     72.6,     87.9,     -2
95,     09.11.2014 15:51:16,     8.4,     20.1,     179,     0.7,     3.8,     7,     8.3,     81.9,     1003.6,     323.62,     252.2,     88.2,     -178.2
96,     09.11.2014 16:01:16,     3.15,     8.04,     179,     1.1,     3.3,     5.7,     8.3,     82,     1003.6,     323.62,     73.4,     87.9,     -2
97,     09.11.2014 16:11:17,     1.05,     2.01,     183,     1.1,     2.7,     5.4,     8.3,     82.4,     1003.7,     323.62,     253,     88.1,     -178.1,     12.700,     9.73,     82.3
98,     09.11.2014 16:21:17,     -1.05,     0,     177,     0.7,     3.3,     6.3,     8.3,     82.8,     1003.6,     323.62,     252.6,     87.9,     -177.9
99,     09.11.2014 16:31:17,     -1.05,     0,     182,     1,     3.8,     6.8,     8.3,     82.7,     1003.6,     323.62,     254.5,     87.8,     -177.8
100,     09.11.2014 16:41:17,     -2.1,     0,     185,     2.1,     3.7,     5.6,     8.3,     83.8,     1003.4,     323.62,     252.6,     87.7,     -177.8
101,     09.11.2014 16:51:17,     -2.1,     2.01,     184,     1.5,     3.7,     6.1,     8.2,     84.7,     1003.6,     323.62,     253.1,     88,     -178
102,     09.11.2014 17:01:17,     -2.1,     0,     183,     1.5,     3.1,     5.9,     8.1,     85.3,     1003.6,     323.62,     253.4,     88.1,     -178.1
103,     09.11.2014 17:11:16,     -3.15,     -2.01,     195,     1.5,     3,     5.3,     8.1,     86.1,     1003.7,     323.62,     254.2,     88.1,     -178.1,     12.654,     9.15,     82.5
104,     09.11.2014 17:21:16,     -3.15,     0,     190,     1.2,     3.1,     5.6,     8.1,     86.5,     1003.7,     323.62,     253.5,     87.9,     -177.9
105,     09.11.2014 17:31:16,     -2.1,     -2.01,     185,     1.5,     3.2,     4.9,     8.1,     87.8,     1003.6,     323.62,     253.1,     88,     -178
106,     09.11.2014 17:41:16,     -2.1,     -2.01,     187,     1.5,     3,     4.6,     8,     87.8,     1003.6,     323.62,     253.6,     88.1,     -178.1
107,     09.11.2014 17:51:16,     -3.15,     -2.01,     195,     0.6,     3.2,     5.8,     8,     88.4,     1003.8,     323.62,     253.1,     87.9,     -178
108,     09.11.2014 18:01:16,     -2.1,     0,     201,     1.1,     4,     6.5,     8.1,     88.1,     1003.8,     323.62,     254.7,     88.3,     -178.3
109,     09.11.2014 18:11:16,     -3.15,     -2.01,     205,     2.3,     4.1,     6.5,     8.2,     86.7,     1003.7,     323.62,     253.5,     88.1,     -178.1,     12.637,     8.79,     82.7
110,     09.11.2014 18:21:16,     -2.1,     0,     200,     1.1,     3.3,     5.7,     8.3,     86.6,     1003.9,     323.62,     253.5,     88,     -178
111,     09.11.2014 18:31:16,     -2.1,     0,     208,     1.1,     3,     5.5,     8.4,     86.5,     1003.9,     323.62,     253.6,     88,     -178
112,     09.11.2014 18:41:16,     0,     0,     202,     2,     3.7,     7,     8.4,     85.8,     1003.7,     323.62,     254.5,     87.9,     -177.9
113,     09.11.2014 18:51:16,     -2.1,     -2.01,     204,     2.9,     4.3,     6.2,     8.5,     83.4,     1003.6,     323.62,     253.6,     88.2,     -178.2
114,     09.11.2014 19:01:16,     -2.1,     -2.01,     211,     2.2,     3.6,     5.5,     8.6,     83.8,     1003.7,     323.62,     253.4,     87.8,     -177.8
115,     09.11.2014 19:11:17,     -1.05,     -2.01,     211,     1.6,     3.1,     4.8,     8.6,     84.5,     1003.7,     323.62,     253.5,     87.9,     -177.9,     12.597,     8.97,     82.6
116,     09.11.2014 19:21:17,     -2.1,     -2.01,     202,     0.7,     2.4,     3.7,     8.5,     85.4,     1003.6,     323.62,     253.5,     88,     -178
117,     09.11.2014 19:31:17,     -1.05,     -2.01,     200,     0.7,     2.4,     5.3,     8.6,     85.6,     1003.5,     323.62,     253.5,     88,     -178
118,     09.11.2014 19:41:17,     -1.05,     0,     201,     1.8,     3.6,     7.3,     8.7,     85.7,     1003.4,     323.62,     254,     87.9,     -177.9
119,     09.11.2014 19:51:17,     -1.05,     -2.01,     192,     1.9,     3.9,     6.8,     8.7,     85.9,     1003.3,     323.62,     253.1,     88.1,     -178.2
120,     09.11.2014 20:01:17,     0,     0,     207,     1.5,     4,     7,     8.7,     85.9,     1003.6,     323.62,     254.1,     88.3,     -178.3
121,     09.11.2014 20:11:16,     -2.1,     -2.01,     207,     2.7,     4.6,     7.6,     8.6,     86.1,     1003.3,     323.62,     254.7,     88.1,     -178.1,     12.584,     9.19,     82.5
122,     09.11.2014 20:21:16,     -1.05,     -2.01,     209,     2.6,     4.5,     7.3,     8.7,     86.6,     1003.4,     323.62,     254.2,     87.6,     -177.6
123,     09.11.2014 20:31:16,     -2.1,     -2.01,     208,     2.4,     5.1,     9.1,     8.6,     86.2,     1003.3,     323.62,     253.8,     88.2,     -178.2
124,     09.11.2014 20:41:16,     -2.1,     -2.01,     210,     2.2,     4.3,     7.3,     8.6,     86.2,     1003.2,     323.62,     254.1,     87.8,     -177.8
125,     09.11.2014 20:51:16,     -1.05,     -2.01,     210,     2,     3.8,     5.6,     8.6,     86.7,     1003.3,     323.62,     253.6,     87.9,     -177.9
126,     09.11.2014 21:01:16,     -1.05,     -2.01,     208,     1.6,     3.6,     6.2,     8.7,     86.9,     1003.2,     323.62,     253.5,     88,     -178
127,     09.11.2014 21:11:16,     -1.05,     -2.01,     208,     1.7,     3.3,     5.4,     8.7,     87.1,     1003.1,     323.62,     253.7,     88.1,     -178.1,     12.556,     9.31,     82.4
128,     09.11.2014 21:21:16,     -1.05,     -2.01,     207,     2.2,     4.1,     6.4,     8.7,     86.9,     1003.2,     323.62,     254.3,     88.1,     -178.2
129,     09.11.2014 21:31:16,     -1.05,     -2.01,     215,     2.1,     3.8,     5.9,     8.8,     86.7,     1003.3,     323.62,     253.5,     87.9,     -177.9
130,     09.11.2014 21:41:16,     -1.05,     0,     216,     2,     3.2,     5.6,     8.8,     86.8,     1003.2,     323.62,     254.4,     87.9,     -177.9
131,     09.11.2014 21:51:16,     -1.05,     -2.01,     217,     2.4,     3.8,     7,     8.8,     86.9,     1003.4,     323.62,     255.4,     87.8,     -177.8
132,     09.11.2014 22:01:16,     -3.15,     -4.02,     221,     2.8,     4.5,     6.9,     8.7,     87.1,     1003.7,     323.62,     253.9,     88.1,     -178.1
133,     09.11.2014 22:11:16,     -2.1,     0,     234,     1.9,     3.7,     6.3,     8.7,     86.9,     1003.9,     323.62,     253.7,     88.1,     -178.1,     12.558,     9.37,     82.4
134,     09.11.2014 22:21:16,     -1.05,     -2.01,     217,     1.4,     3.4,     6.3,     8.7,     87.2,     1003.5,     323.62,     253.3,     88,     -178
135,     09.11.2014 22:31:16,     -1.05,     -2.01,     209,     0.9,     3.2,     5.3,     8.6,     87.6,     1003.4,     323.62,     253.6,     88,     -178
136,     09.11.2014 22:41:16,     -2.1,     -2.01,     208,     2,     3.5,     5.4,     8.6,     87.6,     1003.1,     323.62,     254.6,     88.2,     -178.1
137,     09.11.2014 22:51:16,     0,     -2.01,     217,     2,     3.7,     5.8,     8.7,     88,     1003.4,     323.62,     253.9,     87.9,     -177.9
138,     09.11.2014 23:01:16,     -1.05,     0,     219,     2.2,     3.8,     6.3,     8.7,     87.8,     1003.3,     323.62,     254.2,     87.9,     -177.9
139,     09.11.2014 23:11:16,     -1.05,     0,     214,     2.1,     3.8,     7.2,     8.6,     87.4,     1003.2,     323.62,     253.7,     88,     -178,     12.522,     9.37,     82.5
140,     09.11.2014 23:21:16,     -1.05,     0,     225,     1.6,     3.7,     5.3,     8.7,     87.2,     1003.3,     323.62,     253.9,     88,     -178
141,     09.11.2014 23:31:16,     -1.05,     0,     220,     1.8,     3.3,     4.9,     8.7,     87.1,     1003.3,     323.62,     253.7,     88.1,     -178.1
142,     09.11.2014 23:41:16,     -1.05,     -4.02,     217,     2,     3.8,     6.3,     8.7,     87.2,     1003.3,     323.62,     253.6,     87.9,     -177.9
143,     09.11.2014 23:51:16,     -2.1,     -2.01,     223,     1.6,     3.2,     4.8,     8.7,     87.2,     1003.3,     323.62,     254,     88.1,     -178
144,     10.11.2014 00:01:16,     -1.05,     0,     216,     1.7,     3.2,     5.1,     8.7,     87.5,     1003.1,     323.62,     253.6,     88,     -178,     12.435,     9.39,     82.5