Logger: #D10248 'TSK_Meteo' - USP_EXP2 (V2.10, Jan 24 2012)
No,     Time,     #1:W/m²:0,     #2:ÂµMol:(do.),     #5:deg:2,     #6:m/sMIN:(do.),     #7:m/sMIT:(do.),     #8:m/sMAX:(do.),     #9:Â°C:(do.),     #10:%:(do.),     #11:hPa:(do.),     #12:mm:(do.),     #14:AZ:3,     #15:EL:(do.),     #16:Roll:(do.),     #HK-Bat:V,     #HK-Temp:oC,     #HK-rH:%
(GSM Transfer OK / Signal:16)
1,     10.10.2014 00:11:16,     -3.15,     -2.01,     279,     2.3,     4,     6.4,     15.4,     84.3,     1001.7,     305.86,     253.9,     88.1,     -178.1,     12.488,     16.16,     73.5
2,     10.10.2014 00:21:16,     -5.25,     -4.02,     274,     2.2,     3.7,     6.1,     15.3,     85.1,     1001.8,     305.86,     254.2,     88,     -178
3,     10.10.2014 00:31:16,     -4.2,     -6.03,     277,     2,     3.7,     6.5,     15.2,     84.8,     1002,     305.86,     254.9,     88.2,     -178.2
4,     10.10.2014 00:41:16,     -3.15,     -2.01,     275,     2.3,     3.9,     6.4,     15.1,     85,     1002.2,     305.86,     254.6,     88,     -178
5,     10.10.2014 00:51:16,     -5.25,     0,     284,     1.9,     3.3,     5.6,     15,     85,     1002.3,     305.86,     254.1,     88.2,     -178.2
6,     10.10.2014 01:01:16,     -4.2,     -2.01,     283,     0.6,     2.8,     4.9,     14.9,     85.8,     1002.3,     305.86,     254.3,     88.1,     -178.1
7,     10.10.2014 01:11:21,     -5.25,     -2.01,     281,     0.6,     2.8,     5.3,     14.8,     85.7,     1002.3,     305.86,     254,     88,     -178,     12.499,     14.67,     75.3
8,     10.10.2014 01:21:21,     -4.2,     -4.02,     288,     0.7,     3.1,     5.5,     14.7,     85.4,     1002.3,     305.86,     254,     88.1,     -178.1
9,     10.10.2014 01:31:21,     -5.25,     -2.01,     281,     1.2,     2.7,     4.7,     14.6,     86,     1002.4,     305.86,     254.1,     88,     -178.1
10,     10.10.2014 01:41:21,     -5.25,     -4.02,     278,     1.3,     3.1,     5.7,     14.4,     85.8,     1002.6,     305.86,     254.5,     88.1,     -178.1
11,     10.10.2014 01:51:21,     -5.25,     -4.02,     274,     1.3,     3.3,     5,     14.4,     86,     1002.6,     305.86,     254,     88,     -178
12,     10.10.2014 02:01:21,     -5.25,     2.01,     279,     1.5,     2.8,     5,     14.3,     86.2,     1002.6,     305.86,     254.2,     88.1,     -178
13,     10.10.2014 02:11:16,     -4.2,     0,     272,     1.2,     3,     4.9,     14.2,     86.3,     1002.6,     305.86,     254.6,     88.1,     -178.1,     12.491,     13.75,     75.6
14,     10.10.2014 02:21:16,     -5.25,     -2.01,     264,     1.3,     2.7,     4.4,     14.1,     86.2,     1002.7,     305.86,     254.3,     88,     -178
15,     10.10.2014 02:31:16,     -4.2,     -2.01,     260,     1,     2.3,     3.8,     14,     86.5,     1002.8,     305.86,     253.8,     88,     -178
16,     10.10.2014 02:41:16,     -6.3,     0,     270,     0.6,     2.3,     3.8,     13.9,     86.6,     1002.8,     305.86,     253.7,     88.1,     -178.1
17,     10.10.2014 02:51:16,     -3.15,     0,     278,     0.6,     2.5,     4.1,     13.9,     86.6,     1002.9,     305.86,     253.9,     88,     -178
18,     10.10.2014 03:01:16,     -5.25,     -2.01,     263,     0.7,     2.5,     4.3,     13.8,     86.4,     1003,     305.86,     253.8,     88,     -178
19,     10.10.2014 03:11:16,     -4.2,     -2.01,     261,     1.1,     2.4,     4.1,     13.8,     86.3,     1003.1,     305.86,     253.8,     88,     -178,     12.461,     13.12,     75.8
20,     10.10.2014 03:21:16,     -4.2,     -2.01,     254,     0.5,     2.3,     4.2,     13.7,     86.2,     1003.2,     305.86,     253.7,     88,     -178
21,     10.10.2014 03:31:16,     -4.2,     -4.02,     241,     0.7,     2.2,     3.6,     13.5,     86.6,     1003.2,     305.86,     253.6,     88.1,     -178
22,     10.10.2014 03:41:16,     -3.15,     -2.01,     247,     1.1,     2.1,     3.7,     13.5,     86.7,     1003.2,     305.86,     253.8,     88,     -178.1
23,     10.10.2014 03:51:16,     -4.2,     -2.01,     244,     0.6,     2,     3.8,     13.4,     86.5,     1003.3,     305.86,     253.8,     88,     -178
24,     10.10.2014 04:01:16,     -4.2,     -2.01,     247,     1.1,     2.5,     4.5,     13.5,     86.5,     1003.4,     305.86,     253.9,     88.1,     -178.1
25,     10.10.2014 04:11:16,     -3.15,     -2.01,     255,     0.4,     2.6,     4.5,     13.5,     86.1,     1003.4,     305.86,     253.8,     88.1,     -178.1,     12.418,     12.75,     75.9
26,     10.10.2014 04:21:16,     -4.2,     -4.02,     257,     1.2,     2.4,     4.1,     13.5,     86.2,     1003.3,     305.86,     253.8,     88.1,     -178.1
27,     10.10.2014 04:31:16,     -4.2,     -4.02,     246,     0.8,     2.1,     3.5,     13.4,     86.4,     1003.2,     305.86,     254,     87.9,     -177.9
28,     10.10.2014 04:41:16,     -4.2,     -2.01,     233,     1.3,     2.3,     3.8,     13.3,     86.7,     1003.2,     305.86,     253.9,     88.1,     -178.1
29,     10.10.2014 04:51:16,     -3.15,     0,     231,     1.2,     2.3,     3.7,     13.2,     87,     1003.4,     305.86,     253.8,     88.1,     -178.1
30,     10.10.2014 05:01:16,     -3.15,     2.01,     237,     1.2,     2.2,     3.4,     13.2,     87.6,     1003.5,     305.86,     253.9,     88.1,     -178.1
31,     10.10.2014 05:11:21,     -4.2,     -2.01,     236,     1.1,     2.4,     3.8,     13.2,     87.8,     1003.7,     305.86,     254.2,     88,     -178,     12.399,     12.63,     75.9
32,     10.10.2014 05:21:21,     -4.2,     -2.01,     237,     1.5,     2.6,     4.2,     13.2,     87.6,     1003.8,     305.86,     254.1,     88.1,     -178.1
33,     10.10.2014 05:31:21,     -5.25,     0,     241,     1,     2.3,     3.3,     13.2,     87.8,     1004,     305.86,     253.9,     88,     -178
34,     10.10.2014 05:41:21,     -4.2,     -2.01,     243,     1.3,     2.4,     4.3,     13.1,     87.6,     1004.1,     305.86,     253.8,     88,     -178
35,     10.10.2014 05:51:21,     -3.15,     -2.01,     242,     1.3,     2.6,     4.2,     13.1,     87.6,     1004.1,     305.86,     254.1,     88,     -178
36,     10.10.2014 06:01:21,     -3.15,     0,     247,     1,     2.4,     4.6,     13.1,     87.8,     1004.2,     305.86,     253.8,     88,     -178
37,     10.10.2014 06:11:22,     -4.2,     0,     240,     1,     2.3,     3.9,     13,     87.5,     1004.1,     305.86,     253.7,     88,     -178,     12.382,     12.45,     75.9
38,     10.10.2014 06:21:22,     -3.15,     2.01,     247,     1,     2.2,     3.3,     12.9,     87.3,     1004,     305.86,     253.9,     87.9,     -177.9
39,     10.10.2014 06:31:22,     -1.05,     8.04,     240,     0.8,     2.3,     3.8,     12.9,     86.9,     1004.1,     305.86,     253.7,     88.1,     -178.1
40,     10.10.2014 06:41:22,     1.05,     14.07,     224,     0.8,     1.7,     2.7,     12.8,     87.1,     1004.2,     305.86,     253.6,     88,     -178
41,     10.10.2014 06:51:22,     11.55,     32.16,     213,     1,     1.8,     2.6,     12.6,     87.8,     1004.2,     305.86,     253.6,     88.1,     -178.1
42,     10.10.2014 07:01:22,     22.05,     54.27,     209,     0.8,     1.8,     2.4,     12.5,     88.5,     1004.6,     305.86,     253.7,     88,     -178
43,     10.10.2014 07:11:22,     43.05,     90.45,     215,     1.3,     2.1,     3.2,     12.4,     88.7,     1004.8,     305.86,     253.5,     88,     -178.1,     12.724,     12.16,     76.0
44,     10.10.2014 07:21:22,     53.55,     102.51,     231,     1,     2.3,     4.8,     12.6,     88.5,     1005,     305.86,     253.8,     88,     -178
45,     10.10.2014 07:31:22,     26.25,     62.31,     230,     1.2,     2.6,     4.7,     12.7,     87.7,     1005.1,     305.86,     254.1,     88.1,     -178.1
46,     10.10.2014 07:41:22,     50.4,     98.49,     232,     0.3,     2.7,     4.7,     13,     86.8,     1005.2,     305.86,     253.6,     88,     -178
47,     10.10.2014 07:51:22,     56.7,     124.62,     239,     1.2,     2.8,     4.4,     13,     86.6,     1005.3,     305.86,     254.3,     88,     -178
48,     10.10.2014 08:01:22,     70.35,     148.74,     240,     1,     2.3,     4,     13,     85.9,     1005.3,     305.86,     254.1,     88,     -178
49,     10.10.2014 08:11:16,     80.85,     170.85,     235,     0.9,     2.3,     3.7,     13.1,     85.7,     1005.4,     305.86,     253.7,     88.1,     -178.1,     13.186,     13.47,     75.9
50,     10.10.2014 08:21:16,     76.65,     168.84,     232,     1.2,     2.5,     4.5,     13.2,     84.8,     1005.3,     305.86,     254,     87.8,     -177.9
51,     10.10.2014 08:31:16,     87.15,     184.92,     236,     1.3,     2.6,     4,     13.3,     84.1,     1005.5,     305.86,     254,     87.9,     -177.9
52,     10.10.2014 08:41:16,     89.25,     186.93,     236,     1.2,     2.6,     4.7,     13.4,     84.1,     1005.7,     305.86,     253.9,     88,     -178
53,     10.10.2014 08:51:16,     109.2,     225.12,     224,     1,     2.4,     4,     13.4,     84.7,     1005.7,     305.86,     254.2,     88,     -178
54,     10.10.2014 09:01:16,     155.4,     325.62,     235,     1.3,     2.9,     4.5,     13.5,     83.8,     1006,     305.86,     254.2,     88.1,     -178.1
55,     10.10.2014 09:11:22,     187.95,     389.94,     241,     1.6,     2.9,     5.1,     13.8,     82.9,     1006.1,     305.86,     254,     88.1,     -178.1,     14.388,     13.95,     75.7
56,     10.10.2014 09:21:22,     190.05,     395.97,     252,     0.9,     2.8,     4.4,     14,     81.9,     1006.2,     305.86,     254.2,     88.1,     -178.1
57,     10.10.2014 09:31:22,     175.35,     363.81,     255,     1.5,     3.2,     5.1,     14.2,     80.2,     1006.4,     305.86,     254,     88,     -178
58,     10.10.2014 09:41:22,     170.1,     351.75,     251,     1.6,     3.9,     6.2,     14.4,     78.2,     1006.5,     305.86,     254.8,     88,     -178
59,     10.10.2014 09:51:22,     190.05,     391.95,     263,     2.2,     4.4,     7.2,     14.5,     77.4,     1006.6,     305.86,     74.8,     88.3,     -1.7
60,     10.10.2014 10:01:22,     180.6,     369.84,     267,     1.5,     4.1,     8.8,     14.5,     77.2,     1006.5,     305.86,     256,     88.1,     -178.1
61,     10.10.2014 10:11:17,     164.85,     337.68,     269,     2.3,     4.2,     7.8,     14.6,     77.4,     1006.7,     305.86,     254.8,     88.2,     -178.2,     13.580,     15.70,     75.0
62,     10.10.2014 10:21:17,     182.7,     377.88,     260,     2.4,     4.5,     6.7,     14.6,     76.9,     1006.7,     305.86,     255.2,     88.1,     -178.1
63,     10.10.2014 10:31:17,     224.7,     462.3,     263,     1.6,     4,     6.6,     14.7,     78.2,     1006.8,     305.86,     254.2,     88.1,     -178.1
64,     10.10.2014 10:41:17,     211.05,     432.15,     269,     2.3,     4.2,     7,     14.8,     76.9,     1006.9,     305.86,     253.8,     88,     -178
65,     10.10.2014 10:51:17,     247.8,     502.5,     268,     2.7,     4.2,     6.9,     14.8,     76.7,     1007.1,     305.86,     254.3,     87.8,     -177.9
66,     10.10.2014 11:01:17,     208.95,     430.14,     264,     1.8,     4.1,     6.6,     14.9,     76.4,     1007.1,     305.86,     255.2,     88,     -178
67,     10.10.2014 11:11:16,     241.5,     494.46,     267,     1.4,     4.2,     6.5,     14.9,     76.4,     1007.1,     305.86,     254.1,     88,     -178,     13.319,     16.72,     74.7
68,     10.10.2014 11:21:16,     177.45,     365.82,     274,     2.3,     4.1,     6.1,     15,     75.9,     1007,     305.86,     253.9,     88,     -178
69,     10.10.2014 11:31:16,     154.35,     323.61,     268,     1.4,     3.9,     6.6,     15,     76.1,     1007,     305.86,     254.6,     88.2,     -178.2
70,     10.10.2014 11:41:16,     217.35,     436.17,     267,     2,     4.1,     6.6,     15.1,     74.6,     1007.2,     305.86,     254.7,     88,     -178
71,     10.10.2014 11:51:16,     296.1,     570.84,     266,     1.6,     3.9,     6,     15.3,     74.4,     1007.3,     305.86,     254.6,     87.8,     -177.9
72,     10.10.2014 12:01:16,     484.05,     934.65,     257,     2.6,     4.6,     6.8,     15.5,     73.8,     1007.1,     305.86,     254.6,     88,     -178
73,     10.10.2014 12:11:16,     455.7,     928.62,     267,     2.2,     4.6,     7.5,     15.7,     72.1,     1007.3,     305.86,     254.5,     87.9,     -177.8,     13.216,     17.89,     74.2
74,     10.10.2014 12:21:16,     494.55,     950.73,     268,     1.4,     3.7,     6.3,     16,     71.4,     1007.3,     305.86,     254.4,     88,     -177.9
75,     10.10.2014 12:31:16,     515.55,     990.93,     261,     1.4,     4,     7.8,     16.1,     70.8,     1007.4,     305.86,     255,     87.7,     -177.7
76,     10.10.2014 12:41:16,     462,     880.38,     268,     1.9,     4.5,     6.5,     16.2,     70.8,     1007.3,     305.86,     74.6,     88,     -1.9
77,     10.10.2014 12:51:16,     474.6,     912.54,     272,     1.8,     4.8,     7.2,     16.3,     69.5,     1007.3,     305.86,     254.8,     88.1,     -178.1
78,     10.10.2014 13:01:16,     491.4,     938.67,     275,     1.5,     3.9,     6.9,     16.5,     69.9,     1007.3,     305.86,     74.1,     88.1,     -1.8
79,     10.10.2014 13:11:21,     287.7,     564.81,     261,     2.1,     4,     6.3,     16.6,     69.1,     1007.2,     305.86,     254.8,     87.9,     -177.9,     13.103,     19.93,     73.3
80,     10.10.2014 13:21:21,     371.7,     801.99,     266,     1.7,     4.2,     6.4,     16.7,     68,     1007.3,     305.86,     74.3,     88,     -1.8
81,     10.10.2014 13:31:21,     197.4,     434.16,     256,     1.1,     4.1,     6.2,     16.6,     67.8,     1007.2,     305.86,     255.1,     88.1,     -178.1
82,     10.10.2014 13:41:21,     408.45,     783.9,     252,     1.9,     4.3,     6.6,     16.7,     67.8,     1007.3,     305.86,     255.5,     87.8,     -177.9
83,     10.10.2014 13:51:21,     368.55,     711.54,     260,     1.2,     4.3,     7.4,     16.9,     67.3,     1007.5,     305.86,     75.4,     88.1,     -1.8
84,     10.10.2014 14:01:21,     365.4,     695.46,     267,     2.1,     4.5,     7.4,     17,     66.3,     1007.6,     305.86,     74.9,     88,     -1.9
85,     10.10.2014 14:11:16,     341.25,     669.33,     255,     2.4,     3.9,     6,     17.1,     67.4,     1007.6,     305.86,     74.7,     88.1,     -1.8,     13.428,     20.19,     73.3
86,     10.10.2014 14:21:16,     384.3,     725.61,     252,     2.6,     4.6,     7,     17.2,     64.9,     1007.7,     305.86,     255.2,     88.1,     -178.2
87,     10.10.2014 14:31:16,     114.45,     245.22,     255,     0.5,     4.2,     8,     17.2,     64.6,     1007.7,     305.86,     74.3,     88,     -1.9
88,     10.10.2014 14:41:16,     102.9,     219.09,     267,     1.4,     3,     5.1,     17.1,     66.2,     1007.7,     305.86,     254.1,     88,     -178
89,     10.10.2014 14:51:16,     156.45,     333.66,     278,     1.4,     2.9,     5.1,     17,     67.6,     1007.8,     305.86,     74.3,     88,     -1.9
90,     10.10.2014 15:01:16,     207.9,     402,     290,     1.5,     2.8,     4.5,     17,     67,     1007.8,     305.86,     253.8,     88,     -178
91,     10.10.2014 15:11:16,     133.35,     287.43,     299,     1.3,     2.8,     5.2,     17.1,     66.7,     1007.9,     305.86,     74.4,     88,     -1.9,     13.317,     19.31,     74.1
92,     10.10.2014 15:21:16,     220.5,     410.04,     290,     1.1,     2.9,     5.3,     17.2,     65.8,     1008,     305.86,     74.4,     88.1,     -1.8
93,     10.10.2014 15:31:16,     67.2,     144.72,     278,     1.7,     3.6,     6.8,     17,     65.2,     1008,     305.86,     74.8,     88.1,     -1.8
94,     10.10.2014 15:41:16,     108.15,     225.12,     285,     1.3,     3.1,     5.6,     16.9,     66.8,     1008,     305.86,     253.5,     88.1,     -178.1
95,     10.10.2014 15:51:16,     90.3,     184.92,     279,     0.6,     2.6,     4.3,     16.8,     66.9,     1008,     305.86,     254,     88,     -178
96,     10.10.2014 16:01:16,     93.45,     186.93,     264,     1.3,     3,     4.4,     16.7,     66.9,     1008.1,     305.86,     74.6,     88,     -1.9
97,     10.10.2014 16:11:16,     72.45,     148.74,     273,     1.1,     2.5,     4.2,     16.5,     68.4,     1008.1,     305.86,     254,     87.9,     -177.9,     13.472,     18.37,     74.4
98,     10.10.2014 16:21:16,     47.25,     98.49,     270,     1.1,     1.8,     2.9,     16.4,     69.3,     1008.2,     305.86,     74.2,     88,     -2
99,     10.10.2014 16:31:16,     50.4,     102.51,     257,     1.1,     1.7,     2.8,     16.3,     69.9,     1008.3,     305.86,     253.8,     88,     -178
100,     10.10.2014 16:41:16,     52.5,     106.53,     261,     0.5,     1.3,     2,     16.2,     71,     1008.3,     305.86,     253.7,     88,     -178
101,     10.10.2014 16:51:16,     30.45,     64.32,     235,     0.5,     1.3,     2,     16,     72.3,     1008.4,     305.86,     253.7,     88.1,     -178.1
102,     10.10.2014 17:01:16,     16.8,     40.2,     231,     0.6,     1.4,     2.3,     15.8,     73.4,     1008.6,     305.86,     253.7,     88,     -178
103,     10.10.2014 17:11:16,     6.3,     22.11,     248,     0.7,     1.6,     3.1,     15.6,     74.1,     1008.7,     305.86,     253.6,     88,     -178,     12.798,     16.65,     75.0
104,     10.10.2014 17:21:16,     1.05,     12.06,     244,     1.1,     2.3,     4.1,     15.6,     72.7,     1008.8,     305.86,     253.7,     88,     -178
105,     10.10.2014 17:31:16,     -2.1,     2.01,     241,     0.5,     1.9,     2.9,     15.5,     73,     1008.6,     305.86,     253.8,     88,     -177.9
106,     10.10.2014 17:41:16,     -4.2,     -2.01,     235,     0.7,     1.5,     2.3,     15.3,     73.8,     1008.6,     305.86,     253.6,     87.9,     -177.9
107,     10.10.2014 17:51:16,     -5.25,     0,     243,     0.7,     1.6,     2.8,     15.2,     74.5,     1008.7,     305.86,     253.6,     88,     -178
108,     10.10.2014 18:01:16,     -5.25,     -2.01,     221,     0.7,     1.3,     2,     14.9,     76,     1008.7,     305.86,     253.5,     88,     -178
109,     10.10.2014 18:11:16,     -4.2,     0,     181,     0.7,     1.1,     1.5,     14.6,     77.9,     1008.7,     305.86,     253.5,     88.1,     -178.1,     12.679,     14.79,     75.6
110,     10.10.2014 18:21:16,     -5.25,     -2.01,     187,     0.9,     1.3,     1.8,     14.1,     80.6,     1008.7,     305.86,     253.6,     88.1,     -178.1
111,     10.10.2014 18:31:16,     -4.2,     -4.02,     189,     0.6,     1,     1.5,     14,     81.5,     1008.8,     305.86,     253.5,     88,     -178.1
112,     10.10.2014 18:41:16,     -3.15,     -2.01,     168,     0.5,     1,     1.5,     13.7,     82.6,     1008.9,     305.86,     253.5,     88,     -178
113,     10.10.2014 18:51:16,     -4.2,     -4.02,     194,     0.4,     0.8,     1.2,     13.7,     84.5,     1008.9,     305.86,     253.5,     88.1,     -178.1
114,     10.10.2014 19:01:16,     -3.15,     0,     180,     0.1,     0.6,     1,     13.7,     85.3,     1009.1,     305.86,     253.5,     88,     -178
115,     10.10.2014 19:11:22,     -3.15,     0,     171,     0.6,     1,     1.4,     13.6,     85.3,     1009,     305.86,     253.5,     88,     -178,     12.645,     13.37,     76.1
116,     10.10.2014 19:21:22,     -3.15,     -2.01,     190,     0.8,     1.1,     1.6,     13.4,     85.8,     1008.8,     305.86,     253.5,     88.1,     -178.1
117,     10.10.2014 19:31:22,     -3.15,     -2.01,     201,     0.1,     1,     1.6,     13.3,     85.8,     1009,     305.86,     253.6,     88,     -178
118,     10.10.2014 19:41:22,     -4.2,     -2.01,     234,     0,     0.3,     0.7,     13.4,     86.5,     1009,     305.86,     253.5,     88,     -178
119,     10.10.2014 19:51:22,     -3.15,     0,     180,     0.4,     1.3,     2.2,     13.4,     85.7,     1009,     305.86,     253.6,     88,     -178
120,     10.10.2014 20:01:22,     -3.15,     -2.01,     203,     0.8,     1.6,     2.7,     13.4,     85.1,     1008.9,     305.86,     253.6,     88,     -178
121,     10.10.2014 20:11:17,     -3.15,     -2.01,     190,     0.7,     1.2,     1.8,     13.3,     85.6,     1009.1,     305.86,     253.4,     88.1,     -178.1,     12.618,     12.88,     76.2
122,     10.10.2014 20:21:17,     -4.2,     -2.01,     188,     0.8,     1.2,     1.6,     13.3,     85.8,     1009.1,     305.86,     253.4,     87.9,     -178
123,     10.10.2014 20:31:17,     -4.2,     -2.01,     189,     0.4,     0.9,     1.3,     13.2,     86.6,     1009,     305.86,     253.5,     88.1,     -178.1
124,     10.10.2014 20:41:17,     -3.15,     -2.01,     160,     0.2,     1,     1.7,     13.2,     86.8,     1008.9,     305.86,     253.5,     88,     -178
125,     10.10.2014 20:51:17,     -4.2,     -2.01,     210,     0.8,     1.3,     2,     13,     87.2,     1009.1,     305.86,     253.6,     88,     -178
126,     10.10.2014 21:01:17,     -3.15,     -2.01,     199,     0.8,     1.2,     1.8,     12.9,     87.1,     1009.1,     305.86,     253.5,     88.1,     -178.1
127,     10.10.2014 21:11:16,     -3.15,     -2.01,     191,     0.5,     0.8,     1.5,     12.8,     88,     1009.1,     305.86,     253.5,     88,     -178,     12.584,     12.53,     76.2
128,     10.10.2014 21:21:16,     -3.15,     -2.01,     234,     0,     0.6,     1.1,     12.9,     88.3,     1009.1,     305.86,     253.5,     88.1,     -178.1
129,     10.10.2014 21:31:16,     -3.15,     -2.01,     255,     0.1,     0.5,     1.7,     12.9,     88.7,     1009.2,     305.86,     253.5,     88,     -178
130,     10.10.2014 21:41:16,     -4.2,     -2.01,     173,     0.6,     1.6,     2.2,     12.5,     89,     1009.2,     305.86,     253.5,     88.1,     -178.1
131,     10.10.2014 21:51:16,     -3.15,     -2.01,     210,     0.7,     1.2,     1.6,     12.6,     89.5,     1009.3,     305.86,     253.5,     88,     -178
132,     10.10.2014 22:01:16,     -4.2,     -4.02,     195,     0.3,     1,     1.6,     12.7,     89.6,     1009.2,     305.86,     253.5,     88,     -178
133,     10.10.2014 22:11:17,     -3.15,     -2.01,     123,     0,     0.7,     1.3,     12.5,     90,     1009.1,     305.86,     253.5,     88.1,     -178.1,     12.560,     12.29,     76.2
134,     10.10.2014 22:21:17,     -4.2,     -2.01,     183,     0.1,     0.8,     1.4,     12.5,     89.9,     1009.3,     305.86,     253.5,     88,     -178
135,     10.10.2014 22:31:17,     -2.1,     0,     199,     0.7,     1.2,     1.7,     12.4,     90.4,     1009.3,     305.86,     253.5,     88,     -178
136,     10.10.2014 22:41:17,     -4.2,     -2.01,     183,     0,     0.9,     1.5,     12.4,     90.4,     1009.1,     305.86,     253.4,     88,     -178.1
137,     10.10.2014 22:51:17,     -4.2,     0,     83,     0.1,     0.6,     1.1,     12.5,     90.7,     1009.2,     305.86,     253.5,     88,     -178
138,     10.10.2014 23:01:17,     -5.25,     -2.01,     216,     0,     0.5,     1.1,     12.5,     90.8,     1009.2,     305.86,     253.5,     88,     -178
139,     10.10.2014 23:11:22,     -4.2,     -2.01,     200,     0.2,     0.7,     1.1,     12.3,     90.4,     1009.2,     305.86,     253.5,     88.1,     -178.1,     12.556,     11.97,     76.3
140,     10.10.2014 23:21:22,     -3.15,     0,     190,     0.6,     1,     1.5,     11.9,     90.4,     1009.2,     305.86,     253.5,     87.9,     -177.9
141,     10.10.2014 23:31:22,     -3.15,     -2.01,     255,     0,     0.3,     1,     11.8,     91,     1009.1,     305.86,     253.4,     88,     -178.1
142,     10.10.2014 23:41:22,     -4.2,     -2.01,     143,     0,     0.4,     0.7,     12.1,     91.6,     1009.1,     305.86,     253.5,     88,     -178
143,     10.10.2014 23:51:22,     -4.2,     -2.01,     188,     0.3,     1,     1.6,     11.8,     90.9,     1009.2,     305.86,     253.4,     88,     -178
144,     11.10.2014 00:01:16,     -3.15,     0,     191,     0.6,     1.1,     1.6,     11.6,     91.4,     1009.1,     305.86,     253.3,     87.9,     -177.9,     12.374,     11.44,     76.5