Logger: #D10248 'TSK_Meteo' - USP_EXP2 (V2.10, Jan 24 2012)
No,     Time,     #1:W/m²:0,     #2:ÂµMol:(do.),     #5:deg:2,     #6:m/sMIN:(do.),     #7:m/sMIT:(do.),     #8:m/sMAX:(do.),     #9:Â°C:(do.),     #10:%:(do.),     #11:hPa:(do.),     #12:mm:(do.),     #14:AZ:3,     #15:EL:(do.),     #16:Roll:(do.),     #HK-Bat:V,     #HK-Temp:oC,     #HK-rH:%
(GSM Transfer OK / Signal:16)
1,     27.11.2014 00:11:16,     -5.25,     -2.01,     170,     1.4,     2.9,     4.8,     3,     85.5,     1012.7,     330.94,     252.8,     87.9,     -177.9,     12.446,     3.41,     84.0
2,     27.11.2014 00:21:16,     -4.2,     -2.01,     171,     1.4,     3,     5.6,     2.9,     85.3,     1012.7,     330.94,     253.3,     88,     -178
3,     27.11.2014 00:31:16,     -5.25,     -2.01,     176,     1,     2.8,     4.4,     2.9,     85.5,     1012.6,     330.94,     252.7,     88,     -178
4,     27.11.2014 00:41:16,     -5.25,     -2.01,     172,     0.6,     2.1,     3.5,     2.7,     85.9,     1012.6,     330.94,     253,     87.9,     -177.9
5,     27.11.2014 00:51:16,     -6.3,     -2.01,     162,     0.1,     1.6,     2.8,     2.5,     86.5,     1012.5,     330.94,     252.9,     87.9,     -178
6,     27.11.2014 01:01:16,     -6.3,     -2.01,     150,     0.3,     1.5,     2.7,     2.3,     86.7,     1012.4,     330.94,     253,     88,     -178
7,     27.11.2014 01:11:16,     -5.25,     0,     148,     0.4,     1.6,     2.7,     2.2,     87.1,     1012.3,     330.94,     252.9,     87.8,     -177.9,     12.531,     2.19,     85.9
8,     27.11.2014 01:21:16,     -6.3,     -2.01,     141,     0.2,     1.5,     2.4,     2,     87.2,     1012.2,     330.94,     252.9,     88,     -178
9,     27.11.2014 01:31:16,     -6.3,     -2.01,     136,     0.5,     1.3,     2,     1.9,     87.7,     1012,     330.94,     252.9,     87.9,     -177.9
10,     27.11.2014 01:41:16,     -7.35,     -6.03,     133,     0.7,     1.2,     2,     1.7,     88.4,     1011.9,     330.94,     252.9,     88,     -178
11,     27.11.2014 01:51:16,     -5.25,     -2.01,     138,     0.6,     1.3,     2.1,     1.7,     89,     1011.8,     330.94,     253,     87.9,     -177.9
12,     27.11.2014 02:01:16,     -5.25,     -2.01,     129,     0.3,     1.2,     2.2,     1.7,     89.3,     1011.8,     330.94,     252.8,     87.9,     -177.9
13,     27.11.2014 02:11:16,     -5.25,     -2.01,     121,     0.2,     1,     2,     1.6,     89.6,     1011.6,     330.94,     252.9,     88,     -178,     12.520,     1.10,     86.3
14,     27.11.2014 02:21:16,     -4.2,     -2.01,     98,     0.2,     0.7,     1.4,     1.4,     89.8,     1011.6,     330.94,     252.9,     88,     -178
15,     27.11.2014 02:31:16,     -3.15,     -2.01,     95,     0.2,     0.8,     1.5,     1.3,     90.2,     1011.5,     330.94,     252.8,     87.9,     -177.9
16,     27.11.2014 02:41:16,     -3.15,     -2.01,     96,     0,     0.7,     1.3,     1.4,     90.3,     1011.5,     330.94,     252.9,     87.9,     -177.9
17,     27.11.2014 02:51:16,     -4.2,     2.01,     100,     0.1,     0.8,     2,     1.5,     90.6,     1011.4,     330.94,     252.7,     87.9,     -177.9
18,     27.11.2014 03:01:16,     -4.2,     -2.01,     144,     0.2,     1.2,     2.5,     1.5,     90.2,     1011.4,     330.94,     252.9,     87.9,     -177.9
19,     27.11.2014 03:11:16,     -6.3,     -4.02,     150,     0.2,     1.1,     2.2,     1.5,     90.4,     1011.3,     330.94,     252.8,     88,     -178,     12.503,     0.61,     86.5
20,     27.11.2014 03:21:16,     -4.2,     -2.01,     145,     0.1,     1,     2,     1.5,     90.3,     1011.2,     330.94,     252.8,     87.9,     -177.9
21,     27.11.2014 03:31:16,     -4.2,     -2.01,     159,     0.2,     1.6,     2.7,     1.5,     90.3,     1011.2,     330.94,     252.8,     87.9,     -177.9
22,     27.11.2014 03:41:16,     -4.2,     0,     190,     0.9,     1.9,     3.2,     1.4,     90.4,     1011.1,     330.94,     252.7,     87.8,     -177.8
23,     27.11.2014 03:51:16,     -3.15,     -2.01,     179,     0.2,     1.6,     2.5,     1.4,     90.6,     1011.1,     330.94,     252.8,     88,     -178
24,     27.11.2014 04:01:16,     -5.25,     -2.01,     163,     0.3,     1.8,     3.6,     1.4,     90.4,     1011,     330.94,     252.6,     88,     -178
25,     27.11.2014 04:11:17,     -4.2,     0,     156,     0.3,     1.9,     3.1,     1.5,     90.5,     1010.9,     330.94,     252.6,     87.9,     -177.9,     12.495,     0.87,     86.7
26,     27.11.2014 04:21:17,     -3.15,     -2.01,     152,     0.3,     1.8,     3.2,     1.4,     90.2,     1010.8,     330.94,     252.9,     87.9,     -177.9
27,     27.11.2014 04:31:17,     -4.2,     -2.01,     147,     0.3,     2.2,     3.9,     1.4,     89.9,     1010.6,     330.94,     252.8,     88,     -178
28,     27.11.2014 04:41:17,     -4.2,     0,     146,     0.8,     2,     3.9,     1.4,     90,     1010.6,     330.94,     252.7,     88,     -178
29,     27.11.2014 04:51:17,     -5.25,     -2.01,     151,     0.3,     1.8,     3.1,     1.3,     89.8,     1010.6,     330.94,     253,     88,     -178
30,     27.11.2014 05:01:17,     -4.2,     -2.01,     153,     0.4,     2.2,     3.9,     1.3,     89.9,     1010.5,     330.94,     252.8,     88,     -178
31,     27.11.2014 05:11:16,     -5.25,     -2.01,     146,     0.4,     2.1,     4.2,     1.4,     89.9,     1010.5,     330.94,     252.6,     87.9,     -177.9,     12.488,     0.95,     86.4
32,     27.11.2014 05:21:16,     -5.25,     -2.01,     154,     0.8,     2.4,     5.2,     1.4,     89.6,     1010.4,     330.94,     252.8,     87.9,     -177.9
33,     27.11.2014 05:31:16,     -5.25,     0,     150,     0.8,     2.5,     4.9,     1.5,     89.4,     1010.5,     330.94,     253,     87.9,     -177.9
34,     27.11.2014 05:41:16,     -5.25,     -2.01,     147,     0.5,     2.7,     4.9,     1.5,     88.8,     1010.4,     330.94,     252.2,     87.9,     -177.9
35,     27.11.2014 05:51:16,     -6.3,     -2.01,     153,     0.9,     2.6,     5.1,     1.5,     88.6,     1010.3,     330.94,     252.8,     87.9,     -177.9
36,     27.11.2014 06:01:16,     -5.25,     -2.01,     149,     0.7,     2.9,     5,     1.6,     88.8,     1010.3,     330.94,     252.7,     87.8,     -177.8
37,     27.11.2014 06:11:16,     -5.25,     -2.01,     142,     0.9,     3.2,     6.2,     1.5,     88.6,     1010.3,     330.94,     252.8,     87.9,     -177.9,     12.465,     0.89,     86.6
38,     27.11.2014 06:21:16,     -5.25,     -2.01,     146,     1,     3.3,     6.4,     1.6,     88.8,     1010.3,     330.94,     252.4,     87.9,     -177.9
39,     27.11.2014 06:31:16,     -3.15,     -4.02,     146,     1,     3.2,     5.4,     1.5,     88.7,     1010.3,     330.94,     252.9,     87.9,     -177.9
40,     27.11.2014 06:41:16,     -5.25,     0,     147,     1.1,     3.2,     6.2,     1.6,     88.5,     1010.2,     330.94,     250.9,     87.7,     -177.9
41,     27.11.2014 06:51:16,     -5.25,     -2.01,     148,     1.1,     3.6,     7.2,     1.6,     88.6,     1010.2,     330.94,     252.6,     88,     -178
42,     27.11.2014 07:01:16,     -5.25,     0,     149,     1,     3.3,     6.2,     1.6,     88.6,     1010.2,     330.94,     252.7,     87.9,     -177.9
43,     27.11.2014 07:11:16,     -5.25,     -2.01,     148,     0.7,     3.4,     5.7,     1.5,     88.2,     1010.2,     330.94,     252.1,     87.9,     -177.9,     12.758,     1.09,     86.5
44,     27.11.2014 07:21:16,     -6.3,     0,     153,     0.9,     3.4,     6.2,     1.6,     88.2,     1010.2,     330.94,     252.8,     87.9,     -177.9
45,     27.11.2014 07:31:16,     -5.25,     -2.01,     150,     1.3,     3.4,     7.1,     1.6,     87.8,     1010.3,     330.94,     252.5,     87.6,     -177.6
46,     27.11.2014 07:41:16,     -5.25,     -2.01,     152,     1.4,     4,     7.2,     1.6,     87,     1010.2,     330.94,     252.1,     88.1,     -178.1
47,     27.11.2014 07:51:16,     -2.1,     6.03,     151,     1.3,     3.8,     7.7,     1.5,     87.3,     1010.2,     330.94,     252.4,     87.9,     -177.9
48,     27.11.2014 08:01:16,     1.05,     14.07,     156,     0.8,     3.9,     7,     1.6,     87,     1010.3,     330.94,     252.8,     88,     -178
49,     27.11.2014 08:11:16,     5.25,     24.12,     156,     0.4,     3.8,     6.8,     1.7,     86.6,     1010.4,     330.94,     252,     87.9,     -177.9,     12.622,     1.15,     86.5
50,     27.11.2014 08:21:16,     11.55,     32.16,     159,     1.7,     3.7,     7,     1.7,     86.7,     1010.5,     330.94,     253.5,     87.8,     -177.8
51,     27.11.2014 08:31:16,     12.6,     40.2,     162,     0.3,     3.8,     7.8,     1.7,     86.2,     1010.6,     330.94,     253.1,     87.9,     -177.9
52,     27.11.2014 08:41:16,     28.35,     62.31,     163,     1.4,     3.8,     6.6,     1.8,     86.2,     1010.6,     330.94,     252.8,     88,     -178
53,     27.11.2014 08:51:16,     39.9,     78.39,     161,     1.2,     3.6,     7.6,     2,     85.7,     1010.6,     330.94,     253,     88,     -178
54,     27.11.2014 09:01:16,     52.5,     102.51,     160,     0.8,     3.2,     5.7,     1.9,     85.5,     1010.6,     330.94,     252.9,     87.9,     -177.9
55,     27.11.2014 09:11:17,     66.15,     122.61,     152,     1,     3.1,     5.7,     2,     85.4,     1010.5,     330.94,     253,     87.8,     -177.9,     14.464,     1.69,     86.6
56,     27.11.2014 09:21:17,     80.85,     148.74,     154,     1,     3.2,     5.1,     2.1,     85.1,     1010.4,     330.94,     252.7,     88,     -178
57,     27.11.2014 09:31:17,     92.4,     168.84,     157,     1.1,     3.3,     5.7,     2.2,     84.6,     1010.4,     330.94,     252.6,     88,     -178
58,     27.11.2014 09:41:17,     100.8,     184.92,     162,     1.2,     3,     5.5,     2.4,     84.1,     1010.3,     330.94,     253.8,     87.9,     -177.9
59,     27.11.2014 09:51:17,     106.05,     205.02,     159,     1,     3.4,     6.8,     2.6,     83.8,     1010.3,     330.94,     253,     87.9,     -177.9
60,     27.11.2014 10:01:17,     118.65,     225.12,     152,     1.2,     3.4,     6.5,     2.7,     83.3,     1010.3,     330.94,     253.4,     87.8,     -177.8
61,     27.11.2014 10:11:17,     140.7,     255.27,     148,     1.4,     3.8,     7.5,     2.8,     82.8,     1010.2,     330.94,     252.8,     87.9,     -177.9,     13.654,     3.09,     86.4
62,     27.11.2014 10:21:17,     144.9,     271.35,     151,     1.3,     4,     8.4,     2.9,     82.8,     1010.1,     330.94,     253.2,     87.9,     -177.9
63,     27.11.2014 10:31:17,     163.8,     297.48,     153,     1.8,     3.7,     7.3,     2.9,     81.9,     1010.1,     330.94,     252.9,     87.8,     -177.8
64,     27.11.2014 10:41:17,     172.2,     311.55,     153,     0.7,     4,     8.5,     3.1,     80.8,     1010,     330.94,     252.4,     87.7,     -177.7
65,     27.11.2014 10:51:17,     147,     275.37,     154,     1.1,     3.6,     7.1,     3.2,     79.7,     1010,     330.94,     253.1,     87.7,     -177.7
66,     27.11.2014 11:01:17,     164.85,     303.51,     156,     2,     3.9,     6.9,     3.2,     79.6,     1010,     330.94,     253.2,     88,     -178
67,     27.11.2014 11:11:16,     181.65,     335.67,     157,     1.5,     3.8,     6.2,     3.3,     79.2,     1009.9,     330.94,     252.7,     87.8,     -177.8,     13.627,     4.46,     85.7
68,     27.11.2014 11:21:16,     177.45,     327.63,     154,     0.9,     3.7,     6.5,     3.4,     79.4,     1009.9,     330.94,     253.4,     88,     -178
69,     27.11.2014 11:31:16,     197.4,     357.78,     151,     0.9,     3.9,     6.8,     3.5,     78.1,     1009.8,     330.94,     252.6,     88,     -178
70,     27.11.2014 11:41:16,     196.35,     359.79,     153,     0.7,     3.4,     7.9,     3.7,     77.6,     1009.7,     330.94,     252.8,     87.8,     -177.8
71,     27.11.2014 11:51:16,     196.35,     359.79,     154,     0.8,     3.9,     7.7,     3.7,     77.3,     1009.6,     330.94,     252.6,     87.9,     -178
72,     27.11.2014 12:01:16,     196.35,     361.8,     152,     0.8,     3.8,     7,     3.8,     76.8,     1009.6,     330.94,     252.7,     87.9,     -177.9
73,     27.11.2014 12:11:16,     186.9,     341.7,     153,     0.8,     4.2,     8.3,     3.9,     76.7,     1009.5,     330.94,     71.6,     87.8,     -2.1,     13.421,     5.95,     85.0
74,     27.11.2014 12:21:16,     166.95,     307.53,     157,     1.8,     4.4,     8.2,     3.9,     76.8,     1009.5,     330.94,     72.8,     87.9,     -2.1
75,     27.11.2014 12:31:16,     141.75,     273.36,     161,     1.2,     3.6,     6.7,     4.1,     76.4,     1009.4,     330.94,     73.3,     88,     -1.9
76,     27.11.2014 12:41:16,     162.75,     299.49,     152,     1.5,     3.9,     7.9,     4.1,     78,     1009.3,     330.94,     252.5,     87.9,     -177.9
77,     27.11.2014 12:51:16,     193.2,     347.73,     154,     1.4,     3.7,     6.8,     4.2,     75.5,     1009.1,     330.94,     252.3,     87.9,     -177.9
78,     27.11.2014 13:01:16,     180.6,     321.6,     154,     1.1,     3.6,     6.4,     4.3,     76.4,     1009.1,     330.94,     252.7,     87.9,     -177.8
79,     27.11.2014 13:11:17,     175.35,     315.57,     151,     1,     3.7,     7.2,     4.3,     77.4,     1009,     330.94,     252.6,     87.8,     -177.8,     13.483,     6.72,     84.6
80,     27.11.2014 13:21:17,     156.45,     283.41,     151,     1.9,     4.5,     7.1,     4.1,     77.3,     1008.9,     330.94,     73.4,     87.9,     -2
81,     27.11.2014 13:31:17,     105,     194.97,     152,     0.8,     3.4,     6.6,     4.2,     77.9,     1008.9,     330.94,     73.1,     88,     -1.9
82,     27.11.2014 13:41:17,     87.15,     188.94,     156,     0.9,     3.4,     6.4,     4.2,     76.2,     1008.8,     330.94,     73.4,     88,     -1.9
83,     27.11.2014 13:51:17,     90.3,     164.82,     153,     1.3,     3.3,     5.9,     4.1,     77.9,     1008.8,     330.94,     253,     87.9,     -177.9
84,     27.11.2014 14:01:17,     63,     140.7,     148,     1,     3.9,     6.9,     3.9,     77.9,     1008.8,     330.94,     252.8,     88,     -178
85,     27.11.2014 14:11:16,     91.35,     172.86,     154,     0.5,     3.2,     5.6,     3.9,     78.5,     1008.7,     330.94,     253,     88,     -178,     13.784,     6.23,     84.6
86,     27.11.2014 14:21:16,     76.65,     136.68,     154,     0.7,     3.7,     6.5,     3.8,     77.4,     1008.7,     330.94,     252.8,     87.7,     -177.7
87,     27.11.2014 14:31:16,     46.2,     104.52,     148,     0.6,     3.6,     6.8,     3.8,     78.3,     1008.7,     330.94,     73.1,     88,     -1.9
88,     27.11.2014 14:41:16,     43.05,     98.49,     149,     0.3,     3.2,     6,     3.7,     78.6,     1008.8,     330.94,     252.7,     87.9,     -178
89,     27.11.2014 14:51:16,     34.65,     80.4,     152,     0.8,     3.1,     5.8,     3.6,     78.5,     1008.7,     330.94,     252.7,     88.1,     -178.1
90,     27.11.2014 15:01:16,     28.35,     68.34,     150,     0.3,     3.1,     6.6,     3.6,     78.7,     1008.7,     330.94,     252.8,     87.9,     -177.9
91,     27.11.2014 15:11:16,     18.9,     52.26,     149,     1.2,     3.4,     5.8,     3.5,     79.3,     1008.8,     330.94,     252.5,     87.9,     -177.9,     12.961,     4.75,     85.3
92,     27.11.2014 15:21:16,     11.55,     34.17,     148,     1.1,     3.5,     6.5,     3.4,     79.9,     1008.8,     330.94,     252.6,     87.9,     -177.9
93,     27.11.2014 15:31:16,     4.2,     24.12,     142,     0.9,     3.6,     7.5,     3.3,     80.9,     1008.8,     330.94,     252.5,     88,     -178
94,     27.11.2014 15:41:16,     2.1,     16.08,     142,     1.4,     3.6,     6.6,     3.2,     80.7,     1008.9,     330.94,     252.9,     87.9,     -177.9
95,     27.11.2014 15:51:16,     -2.1,     6.03,     142,     1.4,     3.8,     6.9,     3.2,     80.9,     1008.9,     330.94,     252.8,     88,     -178
96,     27.11.2014 16:01:16,     -2.1,     6.03,     140,     1.4,     3.3,     5.8,     3.1,     81.8,     1008.8,     330.94,     253,     88,     -178
97,     27.11.2014 16:11:16,     -4.2,     0,     141,     1.6,     3.6,     6.9,     3.1,     81.8,     1008.9,     330.94,     252.5,     87.9,     -177.9,     12.745,     3.32,     85.9
98,     27.11.2014 16:21:16,     -5.25,     -2.01,     140,     0.5,     3.3,     6.9,     3,     82,     1008.9,     330.94,     252.9,     88,     -178
99,     27.11.2014 16:31:16,     -5.25,     -2.01,     141,     1.6,     3.5,     6.4,     3,     81.6,     1008.8,     330.94,     253.1,     87.8,     -177.9
100,     27.11.2014 16:41:16,     -4.2,     -2.01,     138,     1.1,     3,     5.6,     2.9,     82.4,     1008.9,     330.94,     252.8,     87.9,     -177.9
101,     27.11.2014 16:51:16,     -5.25,     -2.01,     138,     0.9,     2.8,     5.3,     2.8,     83.6,     1008.9,     330.94,     72.6,     87.9,     -2
102,     27.11.2014 17:01:16,     -5.25,     0,     148,     1.2,     3.9,     6.4,     2.8,     83.1,     1008.9,     330.94,     252.5,     87.9,     -178
103,     27.11.2014 17:11:16,     -5.25,     -2.01,     151,     1.1,     4,     6.7,     2.9,     82.2,     1008.9,     330.94,     252.8,     87.8,     -177.8,     12.703,     2.45,     86.3
104,     27.11.2014 17:21:16,     -5.25,     -2.01,     150,     0.5,     3.4,     6.7,     2.9,     82.2,     1008.9,     330.94,     252.6,     87.9,     -177.9
105,     27.11.2014 17:31:16,     -2.1,     -2.01,     155,     1.3,     3.6,     6.9,     3.1,     81.8,     1009,     330.94,     72.1,     88.1,     -1.8
106,     27.11.2014 17:41:16,     -3.15,     -2.01,     157,     1.2,     4.1,     7.9,     3.1,     81.1,     1008.9,     330.94,     252.3,     88.1,     -178.2
107,     27.11.2014 17:51:16,     0,     -2.01,     158,     1.7,     4.3,     7.9,     3.1,     81.1,     1009,     330.94,     252.5,     88,     -178
108,     27.11.2014 18:01:16,     -2.1,     -2.01,     154,     0.5,     4,     7.4,     3.1,     81.3,     1009.1,     330.94,     252.6,     87.9,     -177.9
109,     27.11.2014 18:11:16,     -4.2,     -4.02,     156,     0.5,     3.6,     7.1,     3.1,     80.9,     1009.1,     330.94,     254,     87.9,     -177.9,     12.658,     3.30,     86.1
110,     27.11.2014 18:21:16,     -2.1,     -2.01,     150,     1.4,     3.9,     7.7,     3,     81.2,     1009.2,     330.94,     252.2,     88,     -178
111,     27.11.2014 18:31:16,     -2.1,     -2.01,     155,     0.6,     3.7,     7.3,     3,     81,     1009.3,     330.94,     252.8,     88,     -178
112,     27.11.2014 18:41:16,     -2.1,     -2.01,     152,     0.6,     4,     7.4,     2.9,     80.8,     1009.3,     330.94,     251.7,     87.7,     -177.7
113,     27.11.2014 18:51:16,     -1.05,     -2.01,     154,     1,     4,     7.1,     2.9,     80.5,     1009.4,     330.94,     252.8,     88.2,     -178.2
114,     27.11.2014 19:01:16,     -2.1,     -4.02,     159,     0.9,     3.7,     6.9,     2.9,     80.7,     1009.5,     330.94,     252.4,     87.8,     -177.8
115,     27.11.2014 19:11:16,     -6.3,     -6.03,     161,     0.8,     4.4,     9.6,     3,     78.1,     1009.6,     330.94,     252.7,     87.9,     -177.9,     12.641,     3.59,     85.9
116,     27.11.2014 19:21:16,     0,     0,     171,     2.3,     6,     11.6,     3,     75,     1009.6,     330.94,     253.6,     87.9,     -177.9
117,     27.11.2014 19:31:16,     -2.1,     -2.01,     155,     1.7,     4.3,     10.1,     2.7,     79.9,     1009.7,     330.94,     252.4,     87.7,     -177.7
118,     27.11.2014 19:41:16,     -2.1,     -2.01,     161,     1.2,     4.2,     9.6,     2.7,     79,     1009.8,     330.94,     253.2,     88.3,     -178.3
119,     27.11.2014 19:51:16,     -2.1,     -2.01,     163,     1.3,     4.9,     9.6,     2.5,     79.9,     1010,     330.94,     252.6,     88,     -178
120,     27.11.2014 20:01:16,     -3.15,     -2.01,     162,     0.9,     4.8,     9.4,     2.5,     78.6,     1010.1,     330.94,     252.4,     88.3,     -178.3
121,     27.11.2014 20:11:17,     -1.05,     0,     161,     2.1,     5.3,     10.1,     2.5,     76.2,     1010.2,     330.94,     71.6,     88,     -1.9,     12.630,     3.44,     86.0
122,     27.11.2014 20:21:17,     -4.2,     -2.01,     162,     2.5,     5.2,     9.7,     2.5,     77.1,     1010.4,     330.94,     252.5,     88.2,     -178.2
123,     27.11.2014 20:31:17,     -4.2,     -2.01,     156,     1.5,     4.1,     8.9,     2.3,     78.1,     1010.5,     330.94,     252.5,     87.8,     -177.9
124,     27.11.2014 20:41:17,     -3.15,     -2.01,     150,     1.8,     4.4,     8.2,     2.1,     78,     1010.5,     330.94,     250.3,     87.7,     -177.9
125,     27.11.2014 20:51:17,     -3.15,     -4.02,     153,     1.1,     3.8,     8.5,     2.1,     78.5,     1010.6,     330.94,     252.1,     88.1,     -178.1
126,     27.11.2014 21:01:17,     -5.25,     -4.02,     155,     2,     4.2,     8.1,     2,     78.5,     1010.6,     330.94,     252.8,     88,     -178
127,     27.11.2014 21:11:16,     -2.1,     -2.01,     153,     1.2,     4.3,     7.8,     2.1,     78.3,     1010.7,     330.94,     252.7,     88,     -178,     12.798,     2.97,     86.1
128,     27.11.2014 21:21:16,     -4.2,     0,     151,     0.7,     4.1,     7.7,     2,     79.1,     1010.7,     330.94,     73.5,     88,     -1.9
129,     27.11.2014 21:31:16,     -3.15,     -4.02,     153,     0.9,     4.4,     8.5,     1.9,     78.5,     1010.6,     330.94,     252.6,     87.7,     -177.8
130,     27.11.2014 21:41:16,     -4.2,     -2.01,     153,     1.2,     3.7,     6.1,     1.9,     78.9,     1010.6,     330.94,     252.2,     87.9,     -178
131,     27.11.2014 21:51:16,     -3.15,     -2.01,     152,     1.5,     4.3,     7.7,     1.9,     79,     1010.6,     330.94,     251.9,     87.8,     -177.9
132,     27.11.2014 22:01:16,     -4.2,     -4.02,     149,     0.6,     3.5,     6.7,     1.9,     79.2,     1010.7,     330.94,     252.5,     88,     -178
133,     27.11.2014 22:11:16,     -1.05,     0,     159,     1.2,     3.6,     7.7,     2,     79.5,     1010.8,     330.94,     253.2,     87.6,     -177.6,     12.639,     2.17,     86.5
134,     27.11.2014 22:21:16,     -1.05,     -2.01,     154,     1.2,     3.7,     7.9,     2.1,     78.8,     1010.7,     330.94,     252.6,     88.1,     -178.1
135,     27.11.2014 22:31:16,     -3.15,     -2.01,     152,     1,     3.6,     7.2,     2.2,     78,     1010.8,     330.94,     253.3,     87.8,     -177.8
136,     27.11.2014 22:41:16,     -2.1,     -2.01,     149,     0.9,     3.3,     6.3,     2.2,     78.6,     1010.8,     330.94,     252.5,     88,     -178
137,     27.11.2014 22:51:16,     -2.1,     -2.01,     151,     1,     3.7,     6.8,     2.2,     78.6,     1010.7,     330.94,     252.5,     87.9,     -177.9
138,     27.11.2014 23:01:16,     -3.15,     0,     150,     0.8,     3.5,     7.7,     2.3,     79.5,     1010.8,     330.94,     253.3,     87.7,     -177.8
139,     27.11.2014 23:11:16,     -1.05,     0,     146,     0.9,     3.6,     6.7,     2.3,     79.6,     1010.8,     330.94,     251.7,     87.9,     -177.9,     12.616,     2.51,     86.4
140,     27.11.2014 23:21:16,     -3.15,     -4.02,     147,     1.7,     4.3,     7.7,     2.3,     79.5,     1010.8,     330.94,     252.7,     87.7,     -177.7
141,     27.11.2014 23:31:16,     -1.05,     -2.01,     147,     1.3,     3.8,     6.6,     2.4,     79.5,     1010.8,     330.94,     251.9,     87.9,     -177.9
142,     27.11.2014 23:41:16,     -2.1,     -2.01,     149,     0.9,     4.5,     7.5,     2.4,     79.2,     1010.8,     330.94,     252,     87.9,     -178
143,     27.11.2014 23:51:16,     -2.1,     0,     148,     1.8,     4.5,     7.7,     2.4,     79.4,     1010.8,     330.94,     252.2,     88,     -178
144,     28.11.2014 00:01:17,     -4.2,     -6.03,     149,     1.2,     4.5,     7.7,     2.3,     78.5,     1010.7,     330.94,     251.6,     87.6,     -177.6,     12.418,     2.82,     86.2