Logger: #D10248 'TSK_Meteo' - USP_EXP2 (V2.10, Jan 24 2012)
No,     Time,     #1:W/m²:0,     #2:ÂµMol:(do.),     #5:deg:2,     #6:m/sMIN:(do.),     #7:m/sMIT:(do.),     #8:m/sMAX:(do.),     #9:Â°C:(do.),     #10:%:(do.),     #11:hPa:(do.),     #12:mm:(do.),     #14:AZ:3,     #15:EL:(do.),     #16:Roll:(do.),     #HK-Bat:V,     #HK-Temp:oC,     #HK-rH:%
(GSM Transfer OK / Signal:14)
1,     02.02.2015 00:11:17,     -3.15,     -2.01,     286,     2.3,     4.5,     7.6,     1,     83.8,     981.7,     431.44,     74.1,     88,     -1.9,     12.306,     1.80,     90.5
2,     02.02.2015 00:21:17,     -3.15,     -2.01,     292,     2.3,     4.9,     9.7,     0.9,     84,     981.9,     431.44,     74.4,     87.7,     -2.1
3,     02.02.2015 00:31:17,     -2.1,     -2.01,     297,     2.2,     4.3,     7.9,     0.9,     84,     982,     431.44,     74.3,     88,     -2
4,     02.02.2015 00:41:17,     -2.1,     -2.01,     295,     2.8,     5,     7.7,     1,     84.2,     982,     431.44,     74.2,     87.8,     -2
5,     02.02.2015 00:51:17,     -2.1,     -2.01,     299,     2.4,     4.5,     9.2,     1,     84.1,     982,     431.44,     75.7,     87.9,     -2
6,     02.02.2015 01:01:17,     -3.15,     -2.01,     289,     2.4,     4.7,     7.5,     1,     83.7,     982,     431.44,     73.8,     88.1,     -1.8
7,     02.02.2015 01:11:16,     -2.1,     0,     289,     2.4,     4.6,     7.3,     1,     83.6,     982.1,     431.44,     254.6,     88,     -178,     13.451,     1.41,     92.3
8,     02.02.2015 01:21:16,     -1.05,     0,     289,     1.6,     4.3,     7.4,     1,     83.7,     982.1,     431.44,     74.4,     88,     -1.8
9,     02.02.2015 01:31:16,     -2.1,     -2.01,     286,     1.5,     3.9,     6.1,     1,     84.1,     982.1,     431.44,     74.5,     87.9,     -1.9
10,     02.02.2015 01:41:16,     -2.1,     -2.01,     279,     1.4,     3.8,     5.5,     1,     84.2,     982.1,     431.44,     253.3,     88,     -178
11,     02.02.2015 01:51:16,     -2.1,     -2.01,     275,     1.8,     3.7,     6.6,     1,     84.3,     982.2,     431.44,     254.3,     88,     -178
12,     02.02.2015 02:01:16,     -2.1,     -2.01,     280,     0.9,     3.1,     5.3,     1,     84.2,     982.3,     431.44,     73.6,     87.9,     -2
13,     02.02.2015 02:11:17,     -1.05,     -2.01,     274,     1.7,     3.6,     5.6,     1,     84,     982.3,     431.44,     74.1,     88,     -1.9,     12.919,     1.36,     92.4
14,     02.02.2015 02:21:17,     -2.1,     -2.01,     269,     0.8,     3.3,     5.3,     1,     84.3,     982.3,     431.44,     74.3,     88,     -1.9
15,     02.02.2015 02:31:17,     -2.1,     0,     266,     1.8,     3.6,     5.3,     0.9,     84.4,     982.3,     431.44,     74.3,     88.1,     -1.8
16,     02.02.2015 02:41:17,     -3.15,     -2.01,     267,     1.6,     3.7,     6.3,     0.9,     84.7,     982.2,     431.44,     75.1,     88,     -1.8
17,     02.02.2015 02:51:17,     -5.25,     -4.02,     276,     0.7,     4.1,     7,     0.9,     83.9,     982.3,     431.44,     254.3,     88,     -178
18,     02.02.2015 03:01:17,     -3.15,     -2.01,     272,     2.4,     4.3,     7.1,     0.9,     83.9,     982.3,     431.44,     75.1,     88,     -1.9
19,     02.02.2015 03:11:17,     -3.15,     -2.01,     289,     2.3,     3.9,     6.1,     0.8,     83.5,     982.4,     431.44,     73.9,     88.1,     -1.8,     12.630,     0.96,     92.5
20,     02.02.2015 03:21:17,     -2.1,     -2.01,     277,     1.7,     3.8,     7.3,     0.8,     84.4,     982.4,     431.44,     74.1,     88.1,     -1.8
21,     02.02.2015 03:31:17,     -2.1,     -4.02,     282,     2,     4.1,     6.6,     0.9,     83.4,     982.5,     431.44,     74.1,     87.9,     -2
22,     02.02.2015 03:41:17,     -2.1,     -2.01,     295,     1.9,     3.6,     6,     0.8,     83,     982.6,     431.44,     73.5,     88,     -1.9
23,     02.02.2015 03:51:17,     -2.1,     -2.01,     294,     2,     4.5,     8,     1,     82,     982.7,     431.44,     74.1,     87.9,     -1.9
24,     02.02.2015 04:01:17,     -2.1,     -2.01,     297,     2.7,     4.1,     6.6,     1,     81.1,     982.8,     431.44,     73.7,     88,     -1.9
25,     02.02.2015 04:11:16,     -1.05,     0,     298,     2.3,     4.9,     7.9,     1,     79.4,     982.8,     431.44,     74.8,     87.9,     -2,     12.484,     1.14,     92.5
26,     02.02.2015 04:21:16,     -3.15,     -2.01,     308,     1.8,     3.9,     6.4,     0.9,     80.9,     982.8,     431.44,     73.8,     88,     -1.9
27,     02.02.2015 04:31:16,     -4.2,     0,     296,     2.6,     4,     6.4,     0.7,     82.3,     982.9,     431.44,     74,     88,     -1.9
28,     02.02.2015 04:41:16,     -4.2,     0,     296,     2.2,     3.7,     5.8,     0.5,     83.3,     983,     431.44,     75.1,     88,     -1.9
29,     02.02.2015 04:51:16,     -5.25,     -2.01,     295,     2.3,     4.3,     6.7,     0.3,     83,     983,     431.44,     73.8,     88,     -1.9
30,     02.02.2015 05:01:16,     -6.3,     -4.02,     294,     2.2,     3.9,     7.6,     0.3,     83.6,     983.1,     431.44,     253.8,     88,     -178
31,     02.02.2015 05:11:17,     -5.25,     -2.01,     295,     2,     4.3,     6.9,     0.1,     83.3,     983.2,     431.44,     74.7,     87.8,     -2,     12.408,     0.17,     92.6
32,     02.02.2015 05:21:17,     -5.25,     0,     297,     2.1,     3.9,     6.7,     0.1,     84,     983.2,     431.44,     73.6,     88.1,     -1.9
33,     02.02.2015 05:31:17,     -5.25,     -2.01,     295,     2.1,     4,     6.9,     0,     83.9,     983.2,     431.44,     74,     88,     -1.9
34,     02.02.2015 05:41:17,     -6.3,     -2.01,     297,     1.6,     3.8,     6.5,     0,     84.3,     983.2,     431.44,     253.3,     88.1,     -178
35,     02.02.2015 05:51:17,     -4.2,     -2.01,     291,     2.3,     3.9,     6,     0,     84.3,     983.3,     431.44,     74.1,     87.9,     -1.9
36,     02.02.2015 06:01:17,     -5.25,     -2.01,     293,     1.8,     3.6,     7,     0,     84.6,     983.4,     431.44,     253.6,     87.9,     -177.9
37,     02.02.2015 06:11:16,     -6.3,     -2.01,     291,     2,     3.5,     6.4,     -0.1,     84.5,     983.4,     431.44,     73.7,     87.9,     -2,     12.361,     -0.71,     93.0
38,     02.02.2015 06:21:16,     -6.3,     -4.02,     288,     1.3,     3.5,     6,     -0.2,     84.7,     983.4,     431.44,     73.4,     87.9,     -2
39,     02.02.2015 06:31:16,     -4.2,     0,     288,     1.8,     3.5,     5.7,     -0.3,     85,     983.5,     431.44,     73.7,     88,     -1.9
40,     02.02.2015 06:41:16,     -5.25,     -2.01,     292,     1.4,     3.2,     5.3,     -0.3,     85.1,     983.6,     431.44,     253.3,     87.9,     -178
41,     02.02.2015 06:51:16,     -5.25,     -2.01,     290,     0.4,     3.3,     5.6,     -0.3,     85.4,     983.6,     431.44,     73.2,     87.9,     -2
42,     02.02.2015 07:01:16,     -6.3,     -2.01,     294,     1.2,     3.5,     5.8,     -0.4,     85.6,     983.6,     431.44,     254.3,     87.8,     -177.8
43,     02.02.2015 07:11:17,     -5.25,     -4.02,     292,     2,     3.9,     6.8,     -0.4,     85.1,     983.7,     431.44,     253.5,     88,     -178,     13.816,     -1.15,     93.2
44,     02.02.2015 07:21:17,     -4.2,     -2.01,     292,     1.9,     3.5,     5.4,     -0.4,     84.9,     983.9,     431.44,     73.6,     88,     -1.9
45,     02.02.2015 07:31:17,     -5.25,     -2.01,     293,     1.8,     3.2,     5.6,     -0.4,     85.2,     984,     431.44,     73.6,     87.9,     -1.9
46,     02.02.2015 07:41:17,     -2.1,     0,     294,     0.2,     3.1,     5.9,     -0.3,     85.6,     984,     431.44,     73.5,     87.9,     -2
47,     02.02.2015 07:51:17,     0,     6.03,     280,     1.2,     3.2,     5.2,     -0.3,     85.4,     983.8,     431.44,     253.4,     88.1,     -178
48,     02.02.2015 08:01:17,     2.1,     10.05,     299,     1.5,     3.6,     5.8,     -0.1,     84.8,     984,     431.44,     254.2,     88,     -178.1
49,     02.02.2015 08:11:16,     8.4,     24.12,     296,     1,     2.8,     5,     -0.2,     85.1,     984,     431.44,     73.6,     88,     -1.9,     12.817,     -0.83,     93.0
50,     02.02.2015 08:21:16,     21,     42.21,     296,     1.8,     3,     5.3,     -0.1,     85.5,     984,     431.44,     73.8,     87.9,     -1.9
51,     02.02.2015 08:31:16,     49.35,     72.36,     289,     1.4,     2.8,     5.1,     0,     85.9,     984.1,     431.44,     253.5,     88,     -178
52,     02.02.2015 08:41:16,     25.2,     46.23,     289,     1.5,     2.9,     4.7,     0,     86.3,     984.1,     431.44,     73.6,     88,     -1.9
53,     02.02.2015 08:51:16,     10.5,     20.1,     294,     1.4,     3,     5.4,     0.2,     86.7,     984.2,     431.45,     73.7,     87.9,     -1.9
54,     02.02.2015 09:01:16,     12.6,     32.16,     290,     1.7,     3.7,     5.8,     0.2,     87.7,     984.2,     431.56,     74.1,     88,     -1.9
55,     02.02.2015 09:11:16,     23.1,     52.26,     296,     2.5,     4.3,     6.7,     0.4,     87.8,     984.3,     431.56,     73.7,     88.1,     -1.8,     12.864,     0.21,     92.8
56,     02.02.2015 09:21:16,     35.7,     76.38,     296,     2.2,     4.5,     8.2,     0.6,     87.4,     984.3,     431.56,     74.3,     88,     -1.9
57,     02.02.2015 09:31:16,     42,     82.41,     291,     2.2,     4.5,     7.3,     0.7,     87.2,     984.3,     431.56,     74.4,     88.3,     -1.6
58,     02.02.2015 09:41:16,     51.45,     104.52,     286,     1.8,     4.2,     6.7,     0.8,     87,     984.3,     431.56,     74,     88,     -1.9
59,     02.02.2015 09:51:16,     103.95,     198.99,     288,     2,     4.5,     6.9,     0.9,     86.6,     984.3,     431.56,     74.8,     88,     -1.9
60,     02.02.2015 10:01:16,     67.2,     132.66,     293,     2.6,     5,     9.3,     1,     86.1,     984.4,     431.56,     73.5,     88.1,     -1.8
61,     02.02.2015 10:11:17,     120.75,     231.15,     290,     3,     5.1,     7.6,     1.1,     85.9,     984.4,     431.56,     254.5,     88.1,     -178.1,     14.403,     1.57,     92.5
62,     02.02.2015 10:21:17,     182.7,     337.68,     292,     2.6,     4.8,     8.8,     1.1,     85.7,     984.5,     431.56,     74.8,     87.8,     -2.1
63,     02.02.2015 10:31:17,     91.35,     180.9,     289,     1.9,     4.4,     7.1,     1.2,     85.3,     984.5,     431.56,     74.7,     87.9,     -2
64,     02.02.2015 10:41:17,     143.85,     279.39,     294,     2.3,     4.7,     7.5,     1.2,     84.9,     984.5,     431.56,     74.1,     88,     -1.9
65,     02.02.2015 10:51:17,     55.65,     118.59,     293,     1.2,     4.3,     7.3,     1.3,     84.8,     984.6,     431.56,     74.4,     87.7,     -2
66,     02.02.2015 11:01:17,     89.25,     178.89,     288,     2.3,     4.8,     8.3,     1.5,     83.5,     984.6,     431.56,     74.5,     87.9,     -2
67,     02.02.2015 11:11:16,     131.25,     261.3,     290,     1.3,     4.5,     8.2,     1.5,     83.1,     984.6,     431.56,     74.5,     88.1,     -1.8,     13.809,     2.59,     92.1
68,     02.02.2015 11:21:16,     97.65,     196.98,     290,     1.2,     4.2,     6.9,     1.6,     83.1,     984.5,     431.56,     74.1,     87.9,     -2
69,     02.02.2015 11:31:16,     49.35,     106.53,     295,     1.2,     5,     7.4,     1.7,     82.8,     984.6,     431.56,     75.1,     87.9,     -2
70,     02.02.2015 11:41:16,     97.65,     196.98,     291,     2.6,     5.6,     10.2,     1.8,     82.4,     984.6,     431.56,     254.3,     88.2,     -178.3
71,     02.02.2015 11:51:16,     155.4,     299.49,     292,     1.9,     5.8,     10.6,     1.9,     82.1,     984.5,     431.56,     75.5,     88.1,     -1.8
72,     02.02.2015 12:01:16,     158.55,     315.57,     289,     3.1,     5.7,     9.5,     1.9,     81.8,     984.7,     431.56,     74.3,     88,     -1.9
73,     02.02.2015 12:11:16,     73.5,     146.73,     290,     2.9,     5,     7.9,     1.9,     81.7,     984.7,     431.56,     75,     88.2,     -1.7,     13.057,     3.41,     91.9
74,     02.02.2015 12:21:16,     105,     219.09,     288,     2.4,     5.3,     9.1,     2,     81.7,     984.6,     431.56,     74.5,     87.9,     -2
75,     02.02.2015 12:31:16,     274.05,     518.58,     288,     2.2,     4.7,     9.1,     2,     81.6,     984.6,     431.58,     74,     87.8,     -2.1
76,     02.02.2015 12:41:16,     182.7,     351.75,     288,     2.1,     5.3,     8.9,     2.1,     80.8,     984.6,     431.58,     74.6,     87.8,     -2
77,     02.02.2015 12:51:16,     116.55,     239.19,     292,     0.9,     4.4,     7.1,     2.1,     81.5,     984.6,     431.58,     74.4,     87.8,     -2.1
78,     02.02.2015 13:01:16,     61.95,     134.67,     289,     1.5,     4.1,     7.8,     2,     82.6,     984.6,     431.58,     74.3,     87.9,     -2
79,     02.02.2015 13:11:17,     58.8,     130.65,     285,     2.3,     5.5,     9.3,     1.8,     83.2,     984.7,     431.58,     75.2,     88,     -1.8,     13.796,     3.92,     91.5
80,     02.02.2015 13:21:17,     64.05,     152.76,     292,     1.9,     5.1,     8.8,     1.5,     85.7,     984.7,     431.62,     74.8,     88,     -1.9
81,     02.02.2015 13:31:17,     63,     138.69,     289,     1.9,     4.2,     7.2,     1.4,     86.8,     984.6,     431.63,     74.3,     88,     -1.9
82,     02.02.2015 13:41:17,     37.8,     84.42,     293,     1.9,     4.5,     7,     1.5,     87,     984.7,     431.63,     74.4,     87.8,     -2.1
83,     02.02.2015 13:51:17,     47.25,     100.5,     293,     0.9,     3.9,     7.1,     1.5,     87.2,     984.7,     431.63,     74.2,     88,     -1.8
84,     02.02.2015 14:01:17,     48.3,     100.5,     295,     2.2,     4.4,     7.4,     1.5,     86.8,     984.7,     431.63,     254.8,     88,     -177.9
85,     02.02.2015 14:11:16,     54.6,     114.57,     299,     2.5,     4.2,     7.6,     1.4,     86.9,     984.8,     431.63,     74,     87.9,     -1.9,     13.773,     2.93,     92.0
86,     02.02.2015 14:21:16,     21,     48.24,     294,     2.7,     5.1,     8.9,     1.3,     87.3,     984.8,     431.64,     73.9,     88.1,     -1.8
87,     02.02.2015 14:31:16,     67.2,     136.68,     299,     2.1,     4,     6.5,     1.2,     88,     984.8,     431.64,     254.9,     88,     -178
88,     02.02.2015 14:41:16,     37.8,     80.4,     298,     2.4,     5.2,     9.3,     1.4,     87.2,     984.8,     431.64,     74,     87.9,     -2
89,     02.02.2015 14:51:16,     39.9,     84.42,     299,     2.2,     4.6,     7.4,     1.4,     86.9,     985,     431.64,     255.5,     87.9,     -177.9
90,     02.02.2015 15:01:16,     52.5,     114.57,     297,     2.2,     5,     8,     1.4,     86.2,     985,     431.64,     74.6,     88.1,     -1.8
91,     02.02.2015 15:11:16,     88.2,     172.86,     290,     2.4,     4.3,     6.6,     1.4,     85.9,     984.9,     431.64,     74.5,     88,     -1.9,     13.966,     2.41,     92.1
92,     02.02.2015 15:21:16,     30.45,     62.31,     291,     3.2,     4.8,     7.6,     1.4,     84.7,     984.9,     431.64,     74.8,     88.2,     -1.7
93,     02.02.2015 15:31:16,     24.15,     54.27,     293,     2.4,     3.9,     6.3,     1.3,     86.3,     984.9,     431.64,     254,     88,     -178
94,     02.02.2015 15:41:16,     23.1,     48.24,     288,     1.5,     4.4,     7.5,     1.3,     86.3,     984.9,     431.64,     74.3,     88.1,     -1.7
95,     02.02.2015 15:51:16,     36.75,     72.36,     287,     1.6,     4.1,     6.7,     1.2,     86.9,     984.9,     431.64,     74,     88,     -2
96,     02.02.2015 16:01:16,     33.6,     64.32,     293,     1.2,     3.5,     5.7,     1.1,     87.1,     984.9,     431.64,     74.2,     88.1,     -1.8
97,     02.02.2015 16:11:17,     22.05,     44.22,     290,     2.7,     4.5,     7.3,     1.3,     85.8,     985,     431.64,     253.7,     88,     -178,     13.107,     2.11,     92.3
98,     02.02.2015 16:21:17,     16.8,     32.16,     286,     2.1,     4.1,     6.7,     1.4,     85.8,     984.9,     431.64,     74.7,     87.9,     -2
99,     02.02.2015 16:31:17,     3.15,     8.04,     313,     2.8,     4.8,     9.2,     0.8,     85.6,     985.4,     432.35,     73.9,     88.1,     -1.8
100,     02.02.2015 16:41:17,     4.2,     8.04,     334,     2.3,     4.1,     7.1,     0.3,     89.1,     985.4,     432.35,     73.8,     87.8,     -2.1
101,     02.02.2015 16:51:17,     0,     2.01,     338,     1.9,     3.6,     6.7,     0.2,     89.7,     985.5,     432.35,     73.7,     87.9,     -2
102,     02.02.2015 17:01:17,     0,     0,     342,     1.2,     3.1,     5.1,     0.3,     90,     985.6,     432.35,     73.8,     88,     -1.9
103,     02.02.2015 17:11:17,     -2.1,     0,     340,     2,     3.4,     5.7,     0.2,     89.5,     985.7,     432.35,     253,     88.1,     -178,     12.658,     1.56,     92.3
104,     02.02.2015 17:21:17,     -3.15,     -2.01,     338,     1.7,     3,     4.9,     0.2,     88.7,     985.8,     432.35,     73.3,     87.9,     -2
105,     02.02.2015 17:31:17,     -4.2,     0,     340,     1.7,     4.1,     7.3,     0.2,     83,     985.9,     432.35,     74,     88,     -1.9
106,     02.02.2015 17:41:17,     -4.2,     -2.01,     344,     1.9,     3.6,     6.1,     0.1,     80.1,     986,     432.35,     253,     87.6,     -177.6
107,     02.02.2015 17:51:17,     -4.2,     0,     346,     1.9,     3.6,     6.3,     0.1,     79.8,     986.1,     432.35,     73.4,     87.9,     -1.9
108,     02.02.2015 18:01:17,     -5.25,     -2.01,     346,     1.7,     3.3,     5.5,     0,     78.3,     986.2,     432.35,     73.7,     88,     -1.9
109,     02.02.2015 18:11:16,     -4.2,     -2.01,     345,     1.3,     2.2,     3.7,     0,     80,     986.3,     432.35,     73.5,     88,     -1.9,     12.582,     0.57,     92.5
110,     02.02.2015 18:21:16,     -4.2,     -2.01,     327,     1,     2.2,     4.6,     -0.1,     81.2,     986.4,     432.35,     73.4,     87.8,     -2
111,     02.02.2015 18:31:16,     -5.25,     -4.02,     322,     0.2,     1.8,     4,     -0.2,     82.1,     986.5,     432.35,     73.3,     87.9,     -2
112,     02.02.2015 18:41:16,     -3.15,     0,     323,     1,     2,     4,     -0.2,     82.9,     986.5,     432.35,     73.5,     88,     -1.8
113,     02.02.2015 18:51:16,     -4.2,     0,     322,     1,     1.9,     3.5,     -0.2,     83.3,     986.6,     432.35,     73.4,     87.9,     -2
114,     02.02.2015 19:01:16,     -3.15,     0,     317,     0.9,     2.2,     4.4,     -0.2,     83.6,     986.7,     432.35,     73.4,     87.9,     -2
115,     02.02.2015 19:11:16,     -3.15,     -2.01,     313,     1.1,     2.1,     4,     -0.2,     83.5,     986.7,     432.35,     73,     88,     -1.9,     12.516,     -0.44,     92.9
116,     02.02.2015 19:21:16,     -2.1,     -2.01,     307,     1,     2,     3.5,     -0.2,     84,     986.7,     432.35,     253.2,     88,     -178
117,     02.02.2015 19:31:16,     -2.1,     -2.01,     305,     1.3,     2.7,     4.7,     -0.2,     83.9,     986.8,     432.35,     73.7,     88,     -1.9
118,     02.02.2015 19:41:16,     -3.15,     -2.01,     303,     1.2,     3,     4.8,     -0.1,     83.7,     986.8,     432.35,     73.2,     87.9,     -2
119,     02.02.2015 19:51:16,     -3.15,     -4.02,     303,     1.5,     3.2,     5.8,     -0.1,     83.3,     986.9,     432.35,     253.5,     87.9,     -178
120,     02.02.2015 20:01:16,     -3.15,     -2.01,     299,     1.4,     3.3,     4.9,     -0.1,     83.3,     986.9,     432.35,     73.5,     88,     -1.9
121,     02.02.2015 20:11:16,     -2.1,     -2.01,     297,     1.8,     3.3,     5.1,     -0.1,     82.7,     987,     432.35,     73.4,     87.9,     -1.9,     12.503,     -0.23,     93.1
122,     02.02.2015 20:21:16,     -2.1,     0,     299,     1.7,     3.4,     5.4,     -0.1,     81.9,     987,     432.35,     73.5,     88,     -1.9
123,     02.02.2015 20:31:16,     -2.1,     -2.01,     304,     1.7,     3.2,     5,     -0.1,     81.7,     987.1,     432.35,     74.4,     88,     -1.9
124,     02.02.2015 20:41:16,     -2.1,     -2.01,     301,     2.1,     3.6,     5.9,     -0.1,     81.8,     987.1,     432.35,     73.1,     88.1,     -1.9
125,     02.02.2015 20:51:16,     -2.1,     -2.01,     303,     2,     3.3,     5.1,     -0.2,     82.6,     987.2,     432.35,     253.2,     88,     -178
126,     02.02.2015 21:01:16,     -2.1,     0,     298,     2.2,     3.7,     5.1,     -0.1,     81.9,     987.2,     432.35,     253.9,     88,     -178
127,     02.02.2015 21:11:16,     -3.15,     -2.01,     297,     2.2,     3.8,     6,     -0.1,     80.2,     987.2,     432.35,     74,     87.9,     -1.9,     12.857,     0.04,     92.9
128,     02.02.2015 21:21:16,     -2.1,     -2.01,     296,     1.7,     3.3,     5,     -0.1,     79.8,     987.3,     432.35,     73.8,     88,     -1.9
129,     02.02.2015 21:31:16,     -3.15,     -2.01,     298,     1.8,     3,     4.3,     -0.1,     79.7,     987.2,     432.35,     73.5,     87.9,     -1.9
130,     02.02.2015 21:41:16,     -2.1,     0,     294,     1.9,     2.9,     4.7,     -0.1,     79.4,     987.2,     432.35,     73.4,     88,     -2
131,     02.02.2015 21:51:16,     -2.1,     -2.01,     291,     1.8,     3.2,     5.6,     -0.2,     79.5,     987.3,     432.35,     73.6,     88.1,     -1.9
132,     02.02.2015 22:01:16,     -1.05,     -2.01,     294,     1.8,     2.8,     4.2,     -0.2,     80.6,     987.2,     432.35,     73.6,     88,     -1.9
133,     02.02.2015 22:11:16,     -2.1,     -2.01,     288,     1.9,     3.3,     6.4,     -0.2,     80.8,     987.2,     432.35,     74.2,     88,     -1.9,     12.558,     0.13,     92.8
134,     02.02.2015 22:21:16,     -3.15,     -2.01,     296,     2.1,     4.5,     7.4,     -0.2,     78.7,     987.1,     432.35,     75.2,     87.9,     -2
135,     02.02.2015 22:31:16,     -3.15,     -2.01,     297,     1.9,     4,     6.9,     -0.2,     78.8,     987.1,     432.35,     74.4,     87.9,     -2
136,     02.02.2015 22:41:16,     -2.1,     -2.01,     291,     1.1,     3.3,     5.6,     -0.2,     79.7,     987.2,     432.35,     253.8,     87.9,     -177.9
137,     02.02.2015 22:51:16,     -2.1,     0,     289,     2,     3.5,     5.8,     -0.2,     78.7,     987.1,     432.35,     253.7,     88.1,     -178
138,     02.02.2015 23:01:16,     -2.1,     -2.01,     288,     1.5,     2.9,     4.4,     -0.2,     79.3,     987.2,     432.35,     73.6,     88,     -1.9
139,     02.02.2015 23:11:16,     -3.15,     -2.01,     288,     1.5,     3.1,     5.6,     -0.1,     78.7,     987.2,     432.35,     253.7,     87.9,     -177.9,     12.467,     0.11,     92.8
140,     02.02.2015 23:21:16,     -2.1,     0,     290,     1.5,     3.4,     5.3,     -0.1,     78.4,     987.2,     432.35,     74.3,     88,     -2
141,     02.02.2015 23:31:16,     -3.15,     -2.01,     285,     1.1,     3.6,     6,     -0.2,     79.6,     987.3,     432.35,     73.6,     88,     -1.9
142,     02.02.2015 23:41:16,     -3.15,     0,     285,     1.1,     3.5,     6,     -0.2,     80,     987.3,     432.35,     74.5,     88,     -1.9
143,     02.02.2015 23:51:16,     -3.15,     -2.01,     287,     1.4,     3.3,     5.7,     -0.2,     81,     987.4,     432.35,     73.4,     88,     -1.9
144,     03.02.2015 00:01:16,     -2.1,     -2.01,     282,     1.4,     3,     5.2,     -0.2,     82.3,     987.3,     432.35,     74.4,     87.9,     -2,     12.134,     0.03,     92.8