Logger: #D10248 'TSK_Meteo' - USP_EXP2 (V2.10, Jan 24 2012)
No,     Time,     #1:W/m²:0,     #2:ÂµMol:(do.),     #5:deg:2,     #6:m/sMIN:(do.),     #7:m/sMIT:(do.),     #8:m/sMAX:(do.),     #9:Â°C:(do.),     #10:%:(do.),     #11:hPa:(do.),     #12:mm:(do.),     #14:AZ:3,     #15:EL:(do.),     #16:Roll:(do.),     #HK-Bat:V,     #HK-Temp:oC,     #HK-rH:%
(GSM Transfer OK / Signal:14)
1,     28.11.2014 00:11:17,     -2.1,     -2.01,     146,     1.8,     4.3,     7.6,     2.4,     78.9,     1010.8,     330.94,     252.5,     87.9,     -177.9,     12.406,     3.37,     84.3
2,     28.11.2014 00:21:17,     -3.15,     -2.01,     147,     1.4,     4,     7.5,     2.3,     79.2,     1011,     330.94,     251.9,     87.9,     -177.9
3,     28.11.2014 00:31:17,     -2.1,     0,     147,     1,     4.5,     8.5,     2.3,     78.4,     1011,     330.94,     252.6,     88.2,     -178.2
4,     28.11.2014 00:41:17,     -2.1,     -2.01,     146,     1.5,     4.5,     7.7,     2.3,     78.8,     1011,     330.94,     252.5,     87.7,     -177.7
5,     28.11.2014 00:51:17,     -1.05,     -2.01,     154,     1.3,     4.3,     8.7,     2.3,     79.4,     1011.1,     330.94,     251.3,     87.8,     -177.8
6,     28.11.2014 01:01:17,     -1.05,     0,     151,     1,     3.8,     7.6,     2.2,     79,     1011.1,     330.94,     253.1,     88,     -178
7,     28.11.2014 01:11:16,     -2.1,     -2.01,     151,     0.6,     4.3,     8.6,     2.2,     79.7,     1011.1,     330.94,     251.4,     87.8,     -177.8,     12.567,     3.01,     86.1
8,     28.11.2014 01:21:16,     -2.1,     -2.01,     152,     0.7,     4,     8.3,     2.2,     79.9,     1011.1,     330.94,     252.6,     87.9,     -177.9
9,     28.11.2014 01:31:16,     -2.1,     -2.01,     150,     1.2,     4.2,     8.5,     2.1,     79.1,     1011.1,     330.94,     252.1,     87.9,     -177.9
10,     28.11.2014 01:41:16,     -2.1,     -6.03,     154,     1.1,     3.8,     8.7,     2.1,     79,     1011.2,     330.94,     252.9,     88.1,     -178.1
11,     28.11.2014 01:51:16,     -2.1,     -4.02,     155,     1.6,     4,     7.9,     2.1,     79.4,     1011.2,     330.94,     253.1,     88,     -178
12,     28.11.2014 02:01:16,     -2.1,     -2.01,     158,     1.1,     4.1,     6.9,     2,     79.8,     1011.2,     330.94,     253.5,     88,     -178
13,     28.11.2014 02:11:16,     -2.1,     -2.01,     159,     1.4,     4.4,     7.3,     2,     78.8,     1011.2,     330.94,     253.2,     88.2,     -178.2,     12.550,     2.87,     86.1
14,     28.11.2014 02:21:16,     -2.1,     -2.01,     159,     0.7,     3.7,     7.7,     1.9,     78.8,     1011.2,     330.94,     252.6,     87.7,     -177.7
15,     28.11.2014 02:31:16,     -1.05,     0,     157,     1.4,     3.8,     6.9,     2,     79.6,     1011.2,     330.94,     73,     88,     -2
16,     28.11.2014 02:41:16,     -2.1,     0,     156,     0.8,     4.2,     8.7,     1.9,     78.3,     1011.2,     330.94,     73.8,     87.9,     -2
17,     28.11.2014 02:51:16,     -4.2,     -2.01,     150,     1,     3.7,     7.6,     1.9,     78.9,     1011.1,     330.94,     252.6,     87.9,     -177.9
18,     28.11.2014 03:01:16,     -3.15,     -2.01,     156,     1.9,     4.1,     6.8,     1.8,     79.1,     1011.1,     330.94,     252.1,     87.9,     -178
19,     28.11.2014 03:11:16,     -3.15,     -2.01,     156,     1.2,     4.6,     8.9,     1.7,     77.7,     1011.1,     330.94,     253,     87.9,     -177.9,     12.541,     2.51,     86.2
20,     28.11.2014 03:21:16,     -3.15,     -2.01,     155,     0.9,     3.5,     7.9,     1.6,     79.8,     1011.2,     330.94,     252.3,     87.9,     -177.9
21,     28.11.2014 03:31:16,     -4.2,     -2.01,     153,     1.7,     3.7,     7.5,     1.5,     79,     1011.2,     330.94,     253.3,     87.9,     -177.9
22,     28.11.2014 03:41:16,     -2.1,     2.01,     151,     1,     3.7,     6.7,     1.4,     79.5,     1011.3,     330.94,     252.8,     87.9,     -177.9
23,     28.11.2014 03:51:16,     -2.1,     -2.01,     153,     1.5,     4,     7.1,     1.4,     79.5,     1011.4,     330.94,     252.4,     87.9,     -177.9
24,     28.11.2014 04:01:16,     -4.2,     -2.01,     152,     1.4,     4.1,     9.4,     1.4,     78.9,     1011.4,     330.94,     252.6,     88,     -178
25,     28.11.2014 04:11:16,     -3.15,     0,     150,     1.3,     4,     8.1,     1.4,     78.9,     1011.3,     330.94,     252.3,     87.8,     -177.9,     12.514,     1.73,     86.5
26,     28.11.2014 04:21:16,     -4.2,     0,     148,     1.2,     3.8,     8,     1.3,     79.6,     1011.4,     330.94,     252.1,     87.8,     -177.8
27,     28.11.2014 04:31:16,     -4.2,     -2.01,     147,     1.2,     3.7,     7.6,     1.2,     79.5,     1011.5,     330.94,     252.5,     87.8,     -177.9
28,     28.11.2014 04:41:16,     -3.15,     -2.01,     145,     1.3,     4.3,     8.9,     1.2,     79.3,     1011.5,     330.94,     252.3,     87.9,     -177.9
29,     28.11.2014 04:51:16,     -3.15,     -2.01,     146,     0.8,     4.5,     9.9,     1.2,     79.3,     1011.6,     330.94,     252.1,     87.6,     -177.6
30,     28.11.2014 05:01:16,     -2.1,     -2.01,     154,     1.4,     4.3,     10.7,     1.1,     78.1,     1011.6,     330.94,     253.2,     87.9,     -177.8
31,     28.11.2014 05:11:16,     -2.1,     0,     152,     1.3,     3.5,     7.1,     1.1,     79.7,     1011.7,     330.94,     252.5,     87.9,     -177.9,     12.529,     1.50,     86.6
32,     28.11.2014 05:21:16,     -2.1,     -2.01,     152,     1.3,     3.4,     6,     1,     80.9,     1011.8,     330.94,     252.8,     87.8,     -177.8
33,     28.11.2014 05:31:16,     -3.15,     -2.01,     150,     1.7,     4.1,     6.9,     0.8,     79.4,     1011.8,     330.94,     252.4,     88.1,     -178
34,     28.11.2014 05:41:16,     -4.2,     -2.01,     149,     1.7,     3.8,     7.4,     0.8,     80.5,     1012,     330.94,     252.7,     87.9,     -177.9
35,     28.11.2014 05:51:16,     -3.15,     2.01,     149,     0.8,     3.8,     6,     0.7,     80.1,     1012.1,     330.94,     252.2,     87.9,     -177.9
36,     28.11.2014 06:01:16,     -3.15,     -2.01,     147,     1.2,     3.2,     6.4,     0.6,     80.5,     1012.1,     330.94,     252.6,     87.8,     -177.8
37,     28.11.2014 06:11:16,     -3.15,     -2.01,     145,     1.4,     3.3,     6.3,     0.5,     81,     1012.2,     330.94,     251.5,     88,     -178,     12.878,     1.27,     86.6
38,     28.11.2014 06:21:16,     -3.15,     -4.02,     149,     1.8,     4.2,     6.9,     0.4,     80.8,     1012.2,     330.94,     251.8,     87.9,     -177.9
39,     28.11.2014 06:31:16,     -3.15,     -2.01,     155,     0.6,     4,     7.5,     0.3,     80.7,     1012.1,     330.94,     252.8,     87.6,     -177.6
40,     28.11.2014 06:41:16,     -5.25,     -4.02,     154,     1.1,     4,     8.1,     0.2,     81.4,     1012.4,     330.94,     252.6,     88,     -178
41,     28.11.2014 06:51:16,     -2.1,     2.01,     147,     1.1,     3.1,     6,     0,     82.7,     1012.6,     330.94,     252.3,     87.9,     -177.9
42,     28.11.2014 07:01:16,     -3.15,     0,     157,     1,     3.5,     6.5,     0,     82.8,     1012.7,     330.94,     252.2,     88,     -178
43,     28.11.2014 07:11:16,     -5.25,     -2.01,     164,     0.8,     4.2,     8.1,     -0.2,     82.5,     1012.8,     330.94,     251.7,     87.7,     -177.7,     12.603,     0.61,     86.7
44,     28.11.2014 07:21:16,     -5.25,     0,     161,     2.1,     4.6,     7.6,     -0.4,     81.9,     1012.9,     330.94,     252.6,     87.9,     -177.9
45,     28.11.2014 07:31:16,     -4.2,     -4.02,     151,     1.1,     3.8,     6.8,     -0.4,     82.9,     1013,     330.94,     252.1,     87.8,     -177.8
46,     28.11.2014 07:41:16,     -2.1,     0,     150,     1.6,     4.2,     7,     -0.4,     83.3,     1013.1,     330.94,     252.7,     88,     -178
47,     28.11.2014 07:51:16,     1.05,     0,     150,     0.8,     3.3,     7.2,     -0.3,     83.3,     1013.2,     330.94,     252,     88.1,     -178.1
48,     28.11.2014 08:01:16,     1.05,     4.02,     150,     0.4,     3.4,     6.5,     -0.1,     83.6,     1013.2,     330.94,     252,     87.8,     -177.8
49,     28.11.2014 08:11:16,     3.15,     6.03,     152,     1.1,     4,     6.7,     -0.1,     82.7,     1013.3,     330.94,     252.2,     87.9,     -177.9,     12.529,     0.15,     87.1
50,     28.11.2014 08:21:16,     3.15,     6.03,     142,     1.3,     3.4,     5.9,     -0.1,     82.3,     1013.5,     330.94,     251.3,     87.9,     -177.9
51,     28.11.2014 08:31:16,     7.35,     20.1,     148,     1.9,     5,     8.3,     -0.2,     80.8,     1013.6,     330.94,     251.4,     88,     -178
52,     28.11.2014 08:41:16,     13.65,     30.15,     155,     1.4,     5.2,     9.6,     -0.1,     80.3,     1013.7,     330.94,     72.4,     88.3,     -1.6
53,     28.11.2014 08:51:16,     14.7,     32.16,     162,     1.5,     5.4,     10.4,     -0.1,     79.7,     1013.7,     330.94,     252.2,     87.8,     -177.8
54,     28.11.2014 09:01:16,     17.85,     36.18,     157,     1.9,     4.7,     7.7,     -0.1,     80.1,     1013.8,     330.94,     252.5,     87.9,     -177.9
55,     28.11.2014 09:11:16,     15.75,     34.17,     151,     1,     3.4,     6.6,     0,     81.8,     1013.8,     330.94,     252.8,     87.9,     -177.9,     12.554,     0.65,     86.7
56,     28.11.2014 09:21:16,     14.7,     32.16,     147,     0.7,     3.4,     6.6,     -0.3,     82.3,     1013.8,     330.94,     251.3,     88,     -178
57,     28.11.2014 09:31:16,     22.05,     46.23,     146,     0.9,     4.7,     9.9,     -0.3,     80.6,     1013.7,     330.94,     252.6,     87.9,     -177.9
58,     28.11.2014 09:41:16,     22.05,     46.23,     146,     1,     4.2,     8.7,     -0.1,     80.2,     1013.7,     330.94,     251.5,     87.9,     -177.9
59,     28.11.2014 09:51:16,     28.35,     62.31,     147,     2.1,     4.7,     8.9,     -0.2,     79.6,     1013.9,     330.94,     251.6,     88,     -178
60,     28.11.2014 10:01:16,     31.5,     64.32,     153,     1.6,     4.8,     8.9,     -0.1,     79.2,     1014,     330.94,     252.6,     88.1,     -178.1
61,     28.11.2014 10:11:16,     29.4,     60.3,     156,     1.6,     4.9,     9.8,     0,     78.7,     1014.1,     330.94,     251.5,     88,     -178,     12.652,     0.91,     86.7
62,     28.11.2014 10:21:16,     28.35,     58.29,     155,     1.2,     4.9,     8.4,     -0.1,     78.5,     1014.1,     330.94,     252.7,     88.1,     -178.1
63,     28.11.2014 10:31:16,     29.4,     58.29,     152,     0.6,     3.8,     7,     0,     77.9,     1014,     330.94,     252.1,     87.8,     -177.8
64,     28.11.2014 10:41:16,     35.7,     72.36,     162,     0.6,     3.8,     8.2,     0,     77.5,     1014,     330.94,     72.3,     87.8,     -2.1
65,     28.11.2014 10:51:16,     27.3,     58.29,     158,     1.2,     3.7,     6.9,     0.1,     78.1,     1013.9,     330.94,     252.2,     87.9,     -178
66,     28.11.2014 11:01:16,     42,     86.43,     157,     1.7,     4.2,     7.1,     0,     76.6,     1013.9,     330.94,     252.3,     87.9,     -177.9
67,     28.11.2014 11:11:17,     36.75,     76.38,     161,     1.8,     4.1,     6.7,     0.2,     76.4,     1014,     330.94,     252.7,     88.1,     -178.2,     12.764,     1.20,     86.6
68,     28.11.2014 11:21:17,     37.8,     76.38,     160,     0.9,     3.7,     6.5,     0.3,     77.2,     1013.9,     330.94,     252.5,     87.7,     -177.7
69,     28.11.2014 11:31:17,     44.1,     92.46,     157,     1.1,     4.2,     7.7,     0.2,     75.2,     1013.8,     330.94,     252.5,     88,     -178
70,     28.11.2014 11:41:17,     69.3,     140.7,     149,     1.7,     4.3,     8.4,     0.2,     76,     1013.7,     330.94,     252.4,     87.4,     -177.5
71,     28.11.2014 11:51:17,     76.65,     150.75,     143,     1.2,     3.5,     6.4,     0.4,     74.8,     1013.6,     330.94,     252.5,     88,     -178
72,     28.11.2014 12:01:17,     66.15,     132.66,     151,     1,     3.4,     6.4,     0.5,     74.5,     1013.7,     330.94,     252.7,     88,     -178
73,     28.11.2014 12:11:16,     52.5,     108.54,     156,     1.2,     4,     6.9,     0.6,     73.4,     1013.7,     330.94,     252.5,     88,     -178,     12.533,     1.71,     86.5
74,     28.11.2014 12:21:16,     49.35,     98.49,     156,     1.5,     3.7,     7.1,     0.6,     73.7,     1013.6,     330.94,     252.6,     87.9,     -178
75,     28.11.2014 12:31:16,     46.2,     92.46,     150,     0.3,     3.7,     7.4,     0.7,     72.9,     1013.6,     330.94,     252.8,     87.9,     -177.9
76,     28.11.2014 12:41:16,     43.05,     90.45,     151,     0.8,     4.5,     9.2,     0.7,     72.7,     1013.7,     330.94,     72,     87.9,     -2
77,     28.11.2014 12:51:16,     42,     86.43,     158,     0.7,     3.7,     7.2,     0.8,     74,     1013.7,     330.94,     251.3,     88,     -178.1
78,     28.11.2014 13:01:16,     42,     88.44,     152,     1.4,     4,     7.2,     0.8,     73.1,     1013.7,     330.94,     252.9,     87.9,     -177.8
79,     28.11.2014 13:11:16,     66.15,     136.68,     154,     1.7,     3.6,     7.5,     0.8,     73,     1013.5,     330.94,     253.1,     88.3,     -178.3,     13.180,     2.01,     86.3
80,     28.11.2014 13:21:16,     82.95,     164.82,     140,     0.9,     4,     7.5,     0.8,     72,     1013.3,     330.94,     253.3,     88,     -178
81,     28.11.2014 13:31:16,     69.3,     138.69,     138,     1.3,     3.8,     7.1,     0.8,     71.9,     1013.3,     330.94,     252.8,     88.1,     -178.1
82,     28.11.2014 13:41:16,     70.35,     136.68,     138,     1,     3.1,     5.9,     0.8,     72.1,     1013.3,     330.94,     252.6,     87.9,     -177.9
83,     28.11.2014 13:51:16,     61.95,     122.61,     141,     1.5,     3.7,     7.2,     0.9,     73.6,     1013.3,     330.94,     253.2,     87.8,     -177.9
84,     28.11.2014 14:01:16,     57.75,     112.56,     139,     1.7,     4,     7.6,     0.8,     72.8,     1013.2,     330.94,     253.3,     87.9,     -177.9
85,     28.11.2014 14:11:16,     48.3,     94.47,     139,     1.2,     3.6,     6.9,     0.9,     74.3,     1013.2,     330.94,     252.2,     87.9,     -177.9,     13.025,     2.27,     86.3
86,     28.11.2014 14:21:16,     39.9,     80.4,     147,     0.6,     3.7,     6.9,     0.9,     73.3,     1013.3,     330.94,     252.7,     87.8,     -177.8
87,     28.11.2014 14:31:16,     32.55,     64.32,     142,     1.8,     3.3,     6,     0.8,     74.9,     1013.3,     330.94,     252.4,     87.8,     -177.8
88,     28.11.2014 14:41:16,     26.25,     54.27,     138,     1.5,     3.5,     6.4,     0.8,     75,     1013.4,     330.94,     252.3,     87.9,     -177.9
89,     28.11.2014 14:51:16,     24.15,     48.24,     135,     1.4,     3.6,     6.9,     0.8,     76.5,     1013.4,     330.94,     252.8,     88,     -178
90,     28.11.2014 15:01:16,     19.95,     42.21,     136,     1.4,     3.2,     6.1,     0.8,     76.3,     1013.4,     330.94,     252.3,     87.9,     -177.9
91,     28.11.2014 15:11:16,     14.7,     32.16,     135,     1.2,     3.4,     6.1,     0.8,     75.4,     1013.4,     330.94,     72.6,     87.9,     -1.9,     12.792,     2.12,     86.3
92,     28.11.2014 15:21:16,     12.6,     26.13,     135,     0.9,     3.6,     6.6,     0.8,     75.4,     1013.3,     330.94,     252.1,     88.1,     -178.1
93,     28.11.2014 15:31:16,     7.35,     20.1,     135,     1.6,     3.8,     7.4,     0.8,     75.2,     1013.3,     330.94,     73.2,     87.7,     -2.2
94,     28.11.2014 15:41:16,     4.2,     10.05,     133,     1.1,     3.6,     6.6,     0.8,     75.6,     1013.4,     330.94,     252.8,     87.9,     -177.9
95,     28.11.2014 15:51:16,     1.05,     4.02,     132,     0.7,     3.8,     7.4,     0.8,     75.3,     1013.4,     330.94,     252.8,     87.9,     -177.9
96,     28.11.2014 16:01:16,     0,     0,     133,     1.5,     4.1,     8,     0.7,     76.2,     1013.5,     330.94,     252.2,     87.8,     -177.8
97,     28.11.2014 16:11:16,     -2.1,     0,     134,     1,     3.2,     5.9,     0.8,     77.7,     1013.7,     330.94,     252.6,     87.7,     -177.7,     12.626,     1.82,     86.5
98,     28.11.2014 16:21:16,     -2.1,     -2.01,     128,     0.6,     3.7,     6.9,     0.7,     77.6,     1013.7,     330.94,     252.1,     87.9,     -177.9
99,     28.11.2014 16:31:16,     -2.1,     -2.01,     132,     1.7,     3.3,     5.5,     0.7,     78.5,     1013.8,     330.94,     252.3,     87.9,     -177.9
100,     28.11.2014 16:41:16,     -1.05,     0,     143,     1.5,     3.9,     6.7,     0.7,     76.9,     1013.8,     330.94,     251.9,     87.8,     -177.9
101,     28.11.2014 16:51:16,     -2.1,     -2.01,     144,     1.5,     3.9,     7,     0.8,     77.3,     1013.8,     330.94,     252.8,     87.8,     -177.9
102,     28.11.2014 17:01:16,     -2.1,     0,     142,     1.2,     3.3,     5.8,     0.6,     77.9,     1013.9,     330.94,     252.7,     87.9,     -177.9
103,     28.11.2014 17:11:16,     -1.05,     -2.01,     143,     1,     3.3,     6.3,     0.6,     78,     1013.9,     330.94,     252.9,     87.9,     -177.9,     12.573,     1.65,     86.6
104,     28.11.2014 17:21:16,     0,     2.01,     137,     1.3,     3.8,     7.1,     0.5,     76.7,     1013.9,     330.94,     253.2,     87.9,     -177.9
105,     28.11.2014 17:31:16,     -4.2,     -6.03,     141,     0.8,     3.3,     6.6,     0.5,     78,     1014.1,     330.94,     251.5,     87.9,     -177.9
106,     28.11.2014 17:41:16,     -2.1,     -2.01,     137,     0.6,     3.4,     6.2,     0.4,     76.4,     1014.1,     330.94,     252.9,     88,     -178
107,     28.11.2014 17:51:16,     -1.05,     0,     136,     0.8,     3.1,     5.4,     0.4,     77.9,     1014.3,     330.94,     252.2,     87.9,     -177.9
108,     28.11.2014 18:01:16,     -2.1,     0,     137,     1.5,     3.4,     6.7,     0.4,     78,     1014.3,     330.94,     252.2,     87.9,     -177.9
109,     28.11.2014 18:11:16,     -2.1,     -2.01,     144,     0.7,     3.9,     6.7,     0.3,     77.3,     1014.3,     330.94,     252.4,     87.8,     -177.8,     12.541,     1.39,     86.6
110,     28.11.2014 18:21:16,     -1.05,     0,     140,     1.1,     3.2,     6.1,     0.4,     77.8,     1014.3,     330.94,     252.5,     87.9,     -177.9
111,     28.11.2014 18:31:16,     -2.1,     -4.02,     136,     0.9,     3.4,     5.6,     0.3,     77.1,     1014.4,     330.94,     252.3,     88,     -177.9
112,     28.11.2014 18:41:16,     -2.1,     -4.02,     136,     1,     3.6,     6.5,     0.4,     77.7,     1014.4,     330.94,     253.2,     87.9,     -177.9
113,     28.11.2014 18:51:16,     -1.05,     0,     134,     1.2,     3.4,     6.5,     0.4,     77,     1014.5,     330.94,     252.5,     88,     -178
114,     28.11.2014 19:01:16,     -1.05,     0,     136,     1.4,     3.5,     6.1,     0.4,     77.3,     1014.7,     330.94,     252.9,     87.9,     -177.8
115,     28.11.2014 19:11:17,     -2.1,     0,     135,     0.8,     3.1,     5.4,     0.5,     77.1,     1014.7,     330.94,     252.7,     88,     -178,     12.501,     1.23,     86.7
116,     28.11.2014 19:21:17,     -2.1,     -2.01,     129,     1.1,     3.3,     5.2,     0.5,     77.6,     1014.8,     330.94,     252.4,     88,     -177.9
117,     28.11.2014 19:31:17,     -2.1,     -2.01,     139,     1.2,     3.4,     8,     0.5,     76.8,     1014.8,     330.94,     252.8,     87.9,     -177.9
118,     28.11.2014 19:41:17,     -1.05,     -2.01,     142,     1.2,     3.5,     7,     0.6,     76.4,     1014.9,     330.94,     252.6,     88,     -178
119,     28.11.2014 19:51:17,     -2.1,     0,     140,     1.6,     3.9,     7.5,     0.6,     74.5,     1014.9,     330.94,     251,     87.6,     -177.7
120,     28.11.2014 20:01:17,     -1.05,     -2.01,     140,     1.5,     4.1,     7.8,     0.6,     72.8,     1015,     330.94,     251.7,     88,     -178
121,     28.11.2014 20:11:16,     -1.05,     -2.01,     144,     1,     3.4,     5.9,     0.6,     75,     1015,     330.94,     252.2,     87.9,     -177.9,     13.813,     1.28,     86.6
122,     28.11.2014 20:21:16,     -3.15,     -2.01,     150,     1.3,     3.6,     6.3,     0.5,     73.5,     1015.1,     330.94,     253.1,     88,     -178
123,     28.11.2014 20:31:16,     -2.1,     -2.01,     146,     1.1,     2.9,     5.3,     0.6,     74.2,     1015.2,     330.94,     252.5,     87.9,     -177.9
124,     28.11.2014 20:41:16,     -1.05,     -2.01,     146,     1.1,     3.7,     7.2,     0.5,     72.7,     1015.2,     330.94,     252.8,     87.9,     -177.9
125,     28.11.2014 20:51:16,     -2.1,     -2.01,     145,     0.9,     3.6,     7.3,     0.5,     72.7,     1015.2,     330.94,     253.7,     88.1,     -178.1
126,     28.11.2014 21:01:16,     -1.05,     0,     139,     0.9,     3.5,     6.2,     0.5,     74.1,     1015.2,     330.94,     252,     87.9,     -177.9
127,     28.11.2014 21:11:16,     -2.1,     -2.01,     141,     1.4,     3.6,     7,     0.5,     75,     1015.3,     330.94,     252.3,     87.8,     -177.9,     12.611,     1.30,     86.6
128,     28.11.2014 21:21:16,     -2.1,     -2.01,     145,     1.4,     3.7,     6.7,     0.4,     74.3,     1015.3,     330.94,     252.9,     88.1,     -178.2
129,     28.11.2014 21:31:16,     -3.15,     -2.01,     137,     0.8,     4,     7.4,     0.3,     73.1,     1015.4,     330.94,     71.8,     88.1,     -1.8
130,     28.11.2014 21:41:16,     -1.05,     -2.01,     141,     1.8,     4.4,     7.1,     0.2,     74,     1015.4,     330.94,     252.4,     88,     -178
131,     28.11.2014 21:51:16,     -2.1,     -4.02,     145,     0.9,     4,     8.2,     0.2,     74.9,     1015.5,     330.94,     252.3,     87.8,     -177.8
132,     28.11.2014 22:01:16,     -1.05,     -2.01,     145,     1.2,     4.9,     8.3,     0,     74.6,     1015.4,     330.94,     252,     87.9,     -177.9
133,     28.11.2014 22:11:16,     -1.05,     -2.01,     144,     1.5,     4.6,     8.1,     0,     74.3,     1015.6,     330.94,     252.5,     87.9,     -177.9,     12.499,     1.11,     86.7
134,     28.11.2014 22:21:16,     -3.15,     -2.01,     143,     2.2,     4.4,     8.6,     -0.1,     75.8,     1015.6,     330.94,     252.7,     87.9,     -177.9
135,     28.11.2014 22:31:16,     -1.05,     -2.01,     143,     0.8,     4.3,     7.7,     -0.1,     75.4,     1015.8,     330.94,     251.9,     87.7,     -177.7
136,     28.11.2014 22:41:16,     -1.05,     -2.01,     143,     1.6,     4.4,     8,     -0.1,     75.7,     1015.7,     330.94,     252.4,     87.9,     -178
137,     28.11.2014 22:51:16,     -2.1,     0,     138,     0.8,     3.5,     6.7,     -0.1,     75.4,     1015.7,     330.94,     252.4,     87.9,     -177.9
138,     28.11.2014 23:01:16,     -1.05,     -2.01,     140,     1.2,     3.9,     6.7,     -0.2,     75.8,     1015.7,     330.94,     252.3,     87.9,     -177.8
139,     28.11.2014 23:11:16,     -1.05,     0,     136,     1.4,     4.2,     8.2,     -0.4,     76,     1015.8,     330.94,     252,     88.1,     -178.2,     12.478,     0.79,     86.7
140,     28.11.2014 23:21:16,     -2.1,     -2.01,     140,     1.4,     4,     8.5,     -0.4,     76.3,     1015.8,     330.94,     252.2,     87.9,     -178
141,     28.11.2014 23:31:16,     -6.3,     -8.04,     147,     1.2,     4.6,     9,     -0.4,     76.7,     1015.8,     330.94,     252.1,     87.9,     -177.9
142,     28.11.2014 23:41:16,     -2.1,     0,     141,     1.3,     4.3,     7.7,     -0.4,     77.2,     1015.8,     330.94,     72.8,     88.1,     -1.8
143,     28.11.2014 23:51:16,     -2.1,     0,     149,     1.4,     4.3,     7.4,     -0.5,     77.5,     1015.7,     330.94,     252.1,     87.9,     -178
144,     29.11.2014 00:01:16,     -2.1,     0,     145,     1.6,     4.2,     7.5,     -0.5,     75.7,     1015.8,     330.94,     252.5,     87.9,     -177.9,     12.376,     0.55,     86.8