Logger: #D10248 'TSK_Meteo' - USP_EXP2 (V2.10, Jan 24 2012)
No,     Time,     #1:W/m²:0,     #2:ÂµMol:(do.),     #5:deg:2,     #6:m/sMIN:(do.),     #7:m/sMIT:(do.),     #8:m/sMAX:(do.),     #9:Â°C:(do.),     #10:%:(do.),     #11:hPa:(do.),     #12:mm:(do.),     #14:AZ:3,     #15:EL:(do.),     #16:Roll:(do.),     #HK-Bat:V,     #HK-Temp:oC,     #HK-rH:%
(GSM Transfer OK / Signal:8)
1,     26.01.2015 00:11:16,     -2.1,     -2.01,     241,     0.7,     1.2,     2.1,     1.8,     92,     1016.7,     423.29,     73.5,     88,     -1.9,     12.501,     3.25,     89.3
2,     26.01.2015 00:21:16,     -2.1,     -2.01,     249,     0.6,     1.2,     1.8,     1.8,     92,     1016.6,     423.29,     73.3,     88,     -1.9
3,     26.01.2015 00:31:16,     -1.05,     0,     225,     0.7,     1.4,     2,     1.8,     92,     1016.4,     423.29,     73.5,     88,     -1.9
4,     26.01.2015 00:41:16,     0,     0,     215,     1.1,     1.7,     2.6,     1.8,     92.1,     1016.3,     423.29,     73.4,     87.9,     -2
5,     26.01.2015 00:51:16,     -1.05,     -2.01,     217,     1.1,     2.3,     3.4,     1.8,     92.1,     1016.2,     423.29,     73.4,     88,     -1.9
6,     26.01.2015 01:01:16,     -1.05,     -2.01,     218,     1.6,     2.5,     3.4,     1.8,     92.2,     1016.3,     423.29,     73.8,     88,     -1.9
7,     26.01.2015 01:11:16,     -2.1,     -2.01,     218,     1.5,     2.4,     3.3,     1.8,     92.2,     1016.3,     423.29,     73.7,     88,     -1.9,     12.412,     2.63,     91.4
8,     26.01.2015 01:21:16,     0,     0,     214,     1.6,     2.6,     3.5,     1.7,     92.3,     1016.3,     423.29,     73.5,     87.9,     -2
9,     26.01.2015 01:31:16,     -2.1,     -2.01,     223,     1.3,     2.5,     4,     1.7,     92.3,     1016.2,     423.29,     73.9,     87.9,     -2
10,     26.01.2015 01:41:16,     -1.05,     -2.01,     228,     1.6,     2.7,     3.9,     1.7,     92.4,     1016.1,     423.29,     73.7,     88,     -1.9
11,     26.01.2015 01:51:16,     -1.05,     -2.01,     217,     2.2,     3.2,     4.6,     1.7,     92.4,     1015.9,     423.29,     73.8,     87.9,     -2
12,     26.01.2015 02:01:16,     -1.05,     -2.01,     215,     2.2,     3.1,     4.2,     1.7,     92.4,     1016,     423.29,     73.7,     88,     -1.9
13,     26.01.2015 02:11:16,     -1.05,     0,     209,     2,     3.2,     4.5,     1.8,     92.5,     1015.8,     423.29,     73.9,     87.9,     -2,     12.399,     2.55,     91.5
14,     26.01.2015 02:21:16,     -2.1,     -2.01,     220,     1.8,     2.9,     4.1,     1.8,     92.5,     1016,     423.29,     73.9,     88.1,     -1.8
15,     26.01.2015 02:31:16,     -2.1,     -2.01,     232,     1.5,     2.7,     3.8,     1.8,     92.5,     1016,     423.29,     73.7,     88,     -1.9
16,     26.01.2015 02:41:16,     -1.05,     -4.02,     242,     1.5,     2.5,     4.2,     1.8,     92.5,     1015.9,     423.29,     74.3,     88,     -1.9
17,     26.01.2015 02:51:16,     0,     -2.01,     232,     1.5,     2.7,     4,     1.8,     92.5,     1015.8,     423.29,     73.9,     88,     -1.9
18,     26.01.2015 03:01:16,     -2.1,     -2.01,     230,     1.7,     2.7,     3.9,     1.8,     92.6,     1015.7,     423.29,     74.1,     88,     -1.9
19,     26.01.2015 03:11:16,     -1.05,     0,     231,     1.3,     2.8,     4.1,     1.8,     92.6,     1015.6,     423.29,     73.7,     87.9,     -2,     12.410,     2.62,     91.6
20,     26.01.2015 03:21:16,     -1.05,     -2.01,     230,     1.5,     2.6,     4,     1.8,     92.6,     1015.5,     423.29,     73.8,     88.1,     -1.8
21,     26.01.2015 03:31:16,     -1.05,     -4.02,     228,     1.5,     2.5,     3.7,     1.8,     92.6,     1015.4,     423.29,     73.5,     88.1,     -1.8
22,     26.01.2015 03:41:16,     -1.05,     4.02,     246,     1,     2.3,     3.7,     1.9,     92.6,     1015.5,     423.29,     73.8,     88,     -2
23,     26.01.2015 03:51:16,     -1.05,     2.01,     242,     1.2,     2.2,     3.7,     1.8,     92.6,     1015.4,     423.29,     74.6,     87.9,     -2
24,     26.01.2015 04:01:16,     -1.05,     -2.01,     241,     1.6,     2.5,     4,     1.8,     92.6,     1015.2,     423.29,     73.7,     87.9,     -2
25,     26.01.2015 04:11:16,     0,     -2.01,     235,     1.3,     2.6,     4.6,     1.8,     92.6,     1015.1,     423.29,     73.6,     88,     -1.9,     12.401,     2.65,     91.6
26,     26.01.2015 04:21:16,     -1.05,     -4.02,     236,     1.4,     2.4,     3.8,     1.8,     92.7,     1015,     423.29,     73.8,     88,     -1.9
27,     26.01.2015 04:31:16,     1.05,     2.01,     232,     1.6,     2.6,     3.9,     1.8,     92.7,     1014.8,     423.29,     73.6,     88,     -1.9
28,     26.01.2015 04:41:16,     -1.05,     0,     228,     1.7,     3,     5.2,     1.8,     92.6,     1014.7,     423.29,     73.8,     88,     -1.9
29,     26.01.2015 04:51:16,     0,     -2.01,     231,     0.8,     2.8,     4.3,     1.6,     92.6,     1014.6,     423.29,     253.5,     87.9,     -177.9
30,     26.01.2015 05:01:16,     -2.1,     -4.02,     224,     1.4,     2.5,     3.7,     1.6,     92.6,     1014.5,     423.29,     253.2,     87.9,     -177.9
31,     26.01.2015 05:11:16,     -1.05,     0,     216,     1.4,     2.7,     3.9,     1.6,     92.6,     1014.5,     423.29,     73.7,     88,     -1.9,     13.826,     2.61,     91.5
32,     26.01.2015 05:21:16,     -1.05,     0,     218,     1.3,     2.7,     3.9,     1.6,     92.6,     1014.4,     423.29,     73.7,     88,     -1.9
33,     26.01.2015 05:31:16,     -2.1,     -2.01,     236,     1.4,     2.8,     4.2,     1.6,     92.6,     1014.4,     423.29,     253.9,     88,     -178
34,     26.01.2015 05:41:16,     -2.1,     -2.01,     238,     1,     2.7,     4.3,     1.6,     92.6,     1014.2,     423.29,     74.1,     88,     -1.9
35,     26.01.2015 05:51:16,     -1.05,     0,     240,     1.5,     3.2,     5.5,     1.6,     92.6,     1014.2,     423.29,     74.5,     87.9,     -2
36,     26.01.2015 06:01:16,     -1.05,     0,     229,     1.7,     2.8,     4.5,     1.5,     92.6,     1014.1,     423.29,     73.7,     87.9,     -2
37,     26.01.2015 06:11:16,     -1.05,     -2.01,     230,     1.9,     3,     4.4,     1.5,     92.6,     1014,     423.29,     73.6,     87.9,     -2,     12.961,     2.51,     91.6
38,     26.01.2015 06:21:16,     -2.1,     0,     240,     1.4,     2.8,     4.6,     1.5,     92.6,     1014,     423.29,     74.1,     88,     -1.9
39,     26.01.2015 06:31:16,     -2.1,     -2.01,     234,     1.5,     3.1,     4.7,     1.5,     92.6,     1013.9,     423.29,     254.1,     87.9,     -178
40,     26.01.2015 06:41:16,     0,     0,     242,     2.3,     3.4,     5.3,     1.5,     92.6,     1014,     423.29,     74.3,     88,     -1.9
41,     26.01.2015 06:51:16,     0,     -2.01,     248,     1.8,     3.1,     5.7,     1.5,     92.7,     1014.1,     423.29,     254.1,     88.1,     -178.1
42,     26.01.2015 07:01:16,     0,     0,     252,     1.8,     4.3,     7,     1.4,     92.6,     1014.1,     423.29,     253.8,     88,     -178
43,     26.01.2015 07:11:17,     -2.1,     -2.01,     244,     2,     3.9,     6.1,     1.3,     92.6,     1013.9,     423.29,     74.9,     87.9,     -2,     12.673,     2.40,     91.6
44,     26.01.2015 07:21:17,     -2.1,     -2.01,     232,     2.3,     4.4,     7.1,     1.2,     92.6,     1013.6,     423.29,     74.3,     88,     -1.9
45,     26.01.2015 07:31:17,     -1.05,     -2.01,     230,     2,     4.2,     6.4,     1.3,     92.6,     1013.6,     423.29,     74.1,     88,     -1.9
46,     26.01.2015 07:41:17,     -1.05,     -2.01,     228,     2.3,     3.8,     5.9,     1.3,     92.6,     1013.5,     423.29,     74.1,     87.8,     -2.2
47,     26.01.2015 07:51:17,     -1.05,     -2.01,     230,     2,     3.4,     5.6,     1.3,     92.7,     1013.5,     423.29,     73.8,     88.1,     -1.8
48,     26.01.2015 08:01:17,     1.05,     0,     232,     2.1,     3.9,     6.1,     1.4,     92.6,     1013.5,     423.29,     74.2,     87.9,     -2
49,     26.01.2015 08:11:16,     1.05,     4.02,     235,     2.5,     4.2,     7,     1.4,     92.6,     1013.3,     423.29,     73.9,     88,     -1.9,     12.577,     2.25,     91.7
50,     26.01.2015 08:21:16,     3.15,     8.04,     234,     2.3,     4.6,     7.6,     1.4,     92.6,     1013.3,     423.29,     255,     88.1,     -178
51,     26.01.2015 08:31:16,     8.4,     16.08,     235,     2,     4.9,     7.7,     1.5,     92.6,     1013.2,     423.29,     253.9,     88,     -178
52,     26.01.2015 08:41:16,     14.7,     28.14,     234,     1.9,     3.9,     7.9,     1.5,     92.6,     1013,     423.29,     75.5,     87.9,     -2
53,     26.01.2015 08:51:16,     27.3,     48.24,     233,     2,     4.7,     8.4,     1.5,     92.5,     1012.9,     423.29,     76.2,     87.9,     -2.1
54,     26.01.2015 09:01:16,     17.85,     34.17,     231,     3.1,     5,     8,     1.5,     92.4,     1012.9,     423.29,     254.7,     88.1,     -178.2
55,     26.01.2015 09:11:16,     12.6,     28.14,     233,     1.8,     3.9,     7,     1.6,     92.4,     1012.9,     423.29,     256.4,     87.9,     -177.9,     13.114,     2.41,     91.7
56,     26.01.2015 09:21:16,     14.7,     30.15,     242,     1.9,     4.1,     7.3,     1.7,     92.3,     1012.8,     423.29,     74.7,     87.9,     -2
57,     26.01.2015 09:31:16,     27.3,     56.28,     237,     1.9,     3.8,     6.3,     1.7,     92.2,     1012.5,     423.29,     74.3,     87.9,     -2
58,     26.01.2015 09:41:16,     23.1,     50.25,     235,     2.6,     4.3,     6.7,     1.8,     92.2,     1012.5,     423.29,     255.2,     88.2,     -178.1
59,     26.01.2015 09:51:16,     19.95,     46.23,     238,     2.3,     4.9,     8.3,     1.8,     91.9,     1012.4,     423.29,     74.7,     88.1,     -1.8
60,     26.01.2015 10:01:16,     19.95,     42.21,     235,     2.7,     4.6,     6.9,     1.9,     91.6,     1012.2,     423.29,     76.2,     87.8,     -2.1
61,     26.01.2015 10:11:16,     27.3,     58.29,     230,     2.8,     4.3,     7.1,     1.9,     91.3,     1012.1,     423.29,     74.4,     88.3,     -1.6,     12.881,     2.72,     91.6
62,     26.01.2015 10:21:16,     31.5,     68.34,     227,     2.8,     4.5,     6.9,     2,     91,     1011.9,     423.29,     255.3,     88,     -178
63,     26.01.2015 10:31:16,     26.25,     58.29,     225,     3.3,     5,     7.2,     2,     90.8,     1011.6,     423.29,     73.8,     87.9,     -2.1
64,     26.01.2015 10:41:16,     40.95,     88.44,     223,     3.1,     5,     7.8,     2.1,     90.6,     1011.3,     423.29,     74.4,     87.7,     -2.2
65,     26.01.2015 10:51:16,     44.1,     92.46,     221,     3.1,     5.2,     7.8,     2.2,     90.4,     1011.1,     423.29,     75.6,     88,     -2
66,     26.01.2015 11:01:16,     51.45,     108.54,     226,     3.2,     5.1,     7.3,     2.3,     90.1,     1011,     423.29,     256.4,     87.9,     -177.9
67,     26.01.2015 11:11:16,     44.1,     94.47,     231,     2.5,     4.4,     7,     2.4,     89.9,     1011,     423.29,     76,     87.9,     -2,     13.107,     3.13,     91.5
68,     26.01.2015 11:21:16,     52.5,     110.55,     228,     2.7,     4.8,     7.6,     2.5,     89.5,     1010.7,     423.29,     254.9,     88,     -178
69,     26.01.2015 11:31:16,     40.95,     86.43,     233,     3,     5.2,     8.2,     2.6,     89.2,     1010.5,     423.29,     255.2,     88.2,     -178.2
70,     26.01.2015 11:41:16,     46.2,     96.48,     235,     3.3,     5.6,     8.9,     2.6,     89.1,     1010.3,     423.29,     76.1,     87.9,     -2
71,     26.01.2015 11:51:16,     34.65,     74.37,     231,     3.4,     5.5,     8.3,     2.6,     89,     1010,     423.29,     75.2,     87.9,     -2
72,     26.01.2015 12:01:16,     68.25,     138.69,     225,     3.3,     5.1,     8.2,     2.7,     88.4,     1009.6,     423.29,     254.7,     88.3,     -178.3
73,     26.01.2015 12:11:17,     61.95,     130.65,     225,     2.7,     5.3,     7.5,     2.8,     87.8,     1009.4,     423.29,     74.6,     87.8,     -2.1,     12.815,     3.67,     91.4
74,     26.01.2015 12:21:17,     64.05,     132.66,     221,     2.8,     4.7,     8.8,     2.9,     87.4,     1009.1,     423.29,     74.7,     88.1,     -1.7
75,     26.01.2015 12:31:17,     63,     132.66,     226,     2.7,     5,     7.7,     2.9,     87,     1008.9,     423.29,     75.7,     87.9,     -2
76,     26.01.2015 12:41:17,     46.2,     92.46,     225,     3.2,     5.4,     8.6,     3,     86.3,     1008.7,     423.29,     75.1,     87.9,     -2
77,     26.01.2015 12:51:17,     49.35,     102.51,     225,     3.1,     5.4,     8.4,     3.1,     85.5,     1008.5,     423.29,     75,     88.2,     -1.8
78,     26.01.2015 13:01:17,     42,     90.45,     231,     1.5,     4.8,     7.2,     3.1,     85.7,     1008.3,     423.29,     74.6,     88.3,     -1.6
79,     26.01.2015 13:11:16,     31.5,     68.34,     230,     2.6,     4.8,     7.6,     3.1,     85.7,     1008.2,     423.29,     75.4,     87.9,     -1.9,     12.766,     4.11,     91.2
80,     26.01.2015 13:21:16,     36.75,     80.4,     231,     2.8,     4.9,     8,     3.1,     85.7,     1008,     423.29,     253.9,     88.1,     -178.1
81,     26.01.2015 13:31:16,     32.55,     68.34,     232,     2.7,     4.4,     6.4,     3,     85.9,     1007.7,     423.29,     74.5,     87.9,     -1.9
82,     26.01.2015 13:41:16,     43.05,     92.46,     228,     2.8,     4.8,     7.3,     3,     85.9,     1007.5,     423.29,     75.3,     88.1,     -1.8
83,     26.01.2015 13:51:16,     38.85,     82.41,     229,     3.2,     5.2,     7.6,     3.1,     85.6,     1007.3,     423.29,     254.8,     88,     -178
84,     26.01.2015 14:01:16,     32.55,     70.35,     230,     2.6,     4.8,     7.2,     3.1,     85.6,     1007.2,     423.29,     254.7,     87.9,     -177.9
85,     26.01.2015 14:11:16,     38.85,     82.41,     231,     2.2,     4.3,     7.5,     3.1,     85.5,     1007,     423.29,     74.9,     88.4,     -1.4,     14.097,     4.15,     91.2
86,     26.01.2015 14:21:16,     34.65,     74.37,     231,     2.9,     4.5,     7,     3.1,     85.6,     1006.8,     423.29,     74.9,     88,     -1.9
87,     26.01.2015 14:31:16,     27.3,     60.3,     229,     2.4,     4.4,     6.8,     3.2,     85.6,     1006.6,     423.29,     74.9,     87.9,     -1.9
88,     26.01.2015 14:41:16,     26.25,     60.3,     231,     2.5,     4.6,     7.1,     3.1,     86,     1006.3,     423.29,     75.9,     87.8,     -2
89,     26.01.2015 14:51:16,     21,     48.24,     230,     2.4,     4.6,     7.2,     3.1,     86.9,     1006.1,     423.29,     254.2,     87.9,     -177.9
90,     26.01.2015 15:01:16,     18.9,     40.2,     234,     2.7,     4.7,     7,     3,     87.2,     1005.9,     423.3,     74.4,     88,     -1.9
91,     26.01.2015 15:11:17,     12.6,     32.16,     234,     2.7,     4.9,     7.9,     3,     87.7,     1005.7,     423.36,     255.1,     87.9,     -178,     12.910,     4.03,     91.2
92,     26.01.2015 15:21:17,     8.4,     20.1,     233,     2.3,     4.6,     7.9,     3,     88,     1005.6,     423.57,     254.7,     87.8,     -177.8
93,     26.01.2015 15:31:17,     10.5,     22.11,     230,     2.6,     5.4,     7.9,     3,     87.9,     1005.3,     423.72,     74.9,     87.9,     -2
94,     26.01.2015 15:41:17,     9.45,     22.11,     238,     2.3,     4.4,     7,     3,     88.3,     1005.2,     423.72,     75.3,     88,     -1.9
95,     26.01.2015 15:51:17,     7.35,     16.08,     242,     2.1,     4.2,     7.2,     3,     88.8,     1005.1,     423.73,     74.2,     87.9,     -2
96,     26.01.2015 16:01:17,     3.15,     8.04,     237,     2.8,     4.5,     6.7,     3,     88.8,     1005,     423.84,     73.7,     88,     -1.9
97,     26.01.2015 16:11:16,     2.1,     6.03,     233,     2.6,     4.4,     6.7,     3,     88.7,     1004.8,     424.02,     76,     88,     -1.9,     12.652,     3.72,     91.4
98,     26.01.2015 16:21:16,     1.05,     2.01,     233,     2.5,     5,     8.1,     3,     88.7,     1004.5,     424.14,     76.3,     88.1,     -1.8
99,     26.01.2015 16:31:16,     0,     0,     231,     2.8,     5.2,     8.2,     2.9,     88.5,     1004.3,     424.34,     253.8,     88.2,     -178.2
100,     26.01.2015 16:41:16,     -1.05,     0,     234,     3,     5.1,     7.9,     2.9,     88.5,     1004.2,     424.57,     75.6,     87.8,     -2.1
101,     26.01.2015 16:51:16,     -1.05,     0,     237,     2.7,     5.3,     8.3,     2.9,     88.4,     1004.2,     424.7,     74.8,     88.1,     -1.8
102,     26.01.2015 17:01:16,     -2.1,     -2.01,     235,     2.5,     4.6,     6.8,     2.8,     88.5,     1003.9,     424.94,     75.8,     88.1,     -1.9
103,     26.01.2015 17:11:16,     -1.05,     0,     232,     3.1,     5.3,     7.9,     2.8,     88.6,     1003.8,     424.98,     76.6,     88.1,     -1.8,     12.563,     3.49,     91.4
104,     26.01.2015 17:21:16,     -1.05,     0,     232,     3,     5,     7.5,     2.8,     88.7,     1003.7,     424.99,     74.9,     88,     -1.9
105,     26.01.2015 17:31:16,     -1.05,     -2.01,     232,     2.5,     5,     7.1,     2.8,     88.7,     1003.5,     425.02,     75.3,     88.1,     -1.6
106,     26.01.2015 17:41:16,     -2.1,     -4.02,     236,     2.2,     4.1,     6.5,     2.8,     88.9,     1003.5,     425.03,     74.7,     87.8,     -2.1
107,     26.01.2015 17:51:16,     -1.05,     -2.01,     236,     2.3,     4.5,     7.4,     2.8,     89.3,     1003.3,     425.03,     254.8,     87.9,     -177.9
108,     26.01.2015 18:01:16,     -1.05,     -2.01,     241,     2,     3.5,     6,     2.8,     89.6,     1003.2,     425.03,     74.6,     88.3,     -1.6
109,     26.01.2015 18:11:17,     -2.1,     -2.01,     242,     1.7,     3.9,     6.6,     2.8,     89.9,     1003.1,     425.03,     75.4,     88.1,     -1.8,     12.503,     3.42,     91.5
110,     26.01.2015 18:21:17,     -1.05,     0,     238,     2,     4.2,     6.5,     2.9,     90.1,     1003,     425.03,     254.7,     87.9,     -177.9
111,     26.01.2015 18:31:17,     -1.05,     0,     236,     2.1,     4.4,     6.7,     2.9,     90.2,     1002.8,     425.03,     74.1,     88,     -1.9
112,     26.01.2015 18:41:17,     -1.05,     -2.01,     239,     1.7,     3.9,     5.9,     3,     90.3,     1002.7,     425.03,     75,     88,     -1.9
113,     26.01.2015 18:51:17,     -2.1,     -2.01,     242,     1.8,     3.8,     6.1,     3,     90.4,     1002.5,     425.03,     74.4,     88,     -1.9
114,     26.01.2015 19:01:17,     -2.1,     -6.03,     242,     1.9,     3.7,     5.4,     3.1,     90.4,     1002.4,     425.03,     74.9,     87.9,     -2.1
115,     26.01.2015 19:11:16,     -1.05,     -2.01,     245,     1.8,     4.1,     6.3,     3.1,     90.4,     1002.2,     425.07,     74,     87.9,     -2,     12.480,     3.53,     91.5
116,     26.01.2015 19:21:16,     -2.1,     -2.01,     249,     1.8,     3.5,     5.5,     3.2,     90.1,     1002.1,     425.07,     254.2,     87.9,     -177.8
117,     26.01.2015 19:31:16,     -2.1,     -2.01,     253,     1.7,     3.9,     7.4,     3.3,     89.6,     1001.9,     425.08,     254.4,     88.2,     -178.2
118,     26.01.2015 19:41:16,     0,     0,     253,     2.2,     4.7,     8.5,     3.3,     88.9,     1001.7,     425.11,     254.4,     88,     -178
119,     26.01.2015 19:51:16,     -1.05,     -2.01,     259,     2.1,     4.3,     7.1,     3.3,     88.9,     1001.6,     425.17,     254.6,     87.7,     -177.6
120,     26.01.2015 20:01:16,     -1.05,     0,     263,     2,     4.5,     6.9,     3.3,     88.6,     1001.5,     425.34,     74.9,     87.9,     -2
121,     26.01.2015 20:11:16,     -1.05,     0,     258,     1,     4.3,     6.9,     3.3,     88.5,     1001.5,     425.49,     254,     87.9,     -178,     12.448,     3.71,     91.4
122,     26.01.2015 20:21:16,     -1.05,     -2.01,     259,     2.1,     3.7,     5.8,     3.2,     88.8,     1001.4,     425.67,     74.3,     87.9,     -2
123,     26.01.2015 20:31:16,     0,     0,     267,     2.3,     3.7,     5.6,     3.2,     89,     1001.3,     425.83,     73.7,     88,     -1.8
124,     26.01.2015 20:41:16,     -1.05,     -2.01,     270,     1.5,     3.3,     5,     3.3,     89.1,     1001.2,     425.96,     74,     87.9,     -1.9
125,     26.01.2015 20:51:16,     -1.05,     -2.01,     265,     1.9,     3.9,     6.5,     3.3,     89.3,     1001,     425.99,     74.7,     88.1,     -1.8
126,     26.01.2015 21:01:16,     -1.05,     0,     268,     1.4,     4,     6.3,     3.4,     89.4,     1001,     426.22,     74.1,     88,     -1.8
127,     26.01.2015 21:11:17,     -2.1,     -2.01,     267,     2.3,     4.1,     6.2,     3.4,     89.3,     1000.9,     426.45,     74.2,     87.9,     -2,     12.433,     3.73,     91.4
128,     26.01.2015 21:21:17,     2.1,     4.02,     270,     1.7,     3.1,     5.3,     3.4,     89.6,     1000.8,     426.6,     253.8,     88.1,     -178.1
129,     26.01.2015 21:31:17,     -2.1,     -2.01,     270,     1.5,     3.4,     5.7,     3.5,     89.8,     1000.7,     426.8,     73.7,     88,     -1.9
130,     26.01.2015 21:41:17,     -1.05,     -2.01,     282,     1.3,     3.2,     5.9,     3.5,     90.1,     1000.6,     426.85,     73.7,     87.9,     -2
131,     26.01.2015 21:51:17,     -1.05,     0,     293,     1.4,     3.1,     5.8,     3.6,     90.1,     1000.5,     426.87,     73.9,     88,     -1.9
132,     26.01.2015 22:01:17,     0,     2.01,     289,     1.8,     3.3,     5.7,     3.6,     90.2,     1000.4,     426.87,     253.5,     88,     -178
133,     26.01.2015 22:11:17,     -1.05,     -2.01,     296,     2.2,     3.6,     5.2,     3.7,     90.4,     1000.4,     426.87,     73.8,     88,     -1.9,     12.404,     3.95,     91.3
134,     26.01.2015 22:21:17,     -1.05,     -2.01,     318,     1.3,     2.9,     4.7,     3.8,     90.6,     1000.4,     426.87,     73.9,     88,     -1.9
135,     26.01.2015 22:31:17,     -1.05,     -2.01,     335,     1.6,     3.8,     6.5,     4,     90.6,     1000.5,     426.87,     74.5,     88,     -1.9
136,     26.01.2015 22:41:17,     0,     -2.01,     350,     1.8,     3.5,     6.4,     4.2,     89.9,     1000.6,     426.87,     73.4,     88,     -1.9
137,     26.01.2015 22:51:17,     -2.1,     -2.01,     348,     1.4,     3.7,     7.2,     4.2,     88.7,     1000.7,     426.87,     73.4,     87.9,     -2
138,     26.01.2015 23:01:17,     -1.05,     -2.01,     4,     2.6,     4.2,     6.3,     4.4,     87,     1000.6,     426.87,     73.5,     87.6,     -2.3
139,     26.01.2015 23:11:16,     -1.05,     -2.01,     4,     2.3,     4.1,     6.7,     4.3,     86.9,     1000.7,     426.89,     73.4,     88.6,     -1.2,     12.389,     4.35,     91.3
140,     26.01.2015 23:21:16,     -2.1,     -2.01,     1,     2.7,     4.3,     6.5,     4.3,     87,     1000.6,     426.91,     73.3,     87.9,     -2
141,     26.01.2015 23:31:16,     -2.1,     -2.01,     352,     1.2,     2.7,     4.8,     4.2,     88.2,     1000.7,     426.91,     73.3,     88,     -1.9
142,     26.01.2015 23:41:16,     -1.05,     -2.01,     5,     1.3,     2.9,     4.5,     4.2,     88.8,     1000.7,     426.95,     73.5,     88.2,     -1.7
143,     26.01.2015 23:51:16,     -1.05,     -2.01,     3,     1.1,     2.5,     4.7,     4.1,     89.3,     1000.7,     427.29,     73.4,     88.1,     -1.8
144,     27.01.2015 00:01:16,     -1.05,     2.01,     348,     2.3,     5.2,     10,     4.2,     88.6,     1000.8,     427.32,     74.9,     88,     -1.9,     12.109,     4.51,     91.2