Logger: #D10248 'TSK_Meteo' - USP_EXP2 (V2.10, Jan 24 2012)
No,     Time,     #1:W/m²:0,     #2:ÂµMol:(do.),     #5:deg:2,     #6:m/sMIN:(do.),     #7:m/sMIT:(do.),     #8:m/sMAX:(do.),     #9:Â°C:(do.),     #10:%:(do.),     #11:hPa:(do.),     #12:mm:(do.),     #14:AZ:3,     #15:EL:(do.),     #16:Roll:(do.),     #HK-Bat:V,     #HK-Temp:oC,     #HK-rH:%
(GSM Transfer OK / Signal:8)
1,     23.01.2015 00:11:16,     -1.05,     0,     47,     1.6,     2.9,     3.9,     0,     89.5,     1014.5,     423.29,     73,     88,     -1.8,     12.412,     1.95,     87.3
2,     23.01.2015 00:21:16,     -1.05,     0,     52,     1.1,     2.7,     4.2,     0,     89.6,     1014.6,     423.29,     73.1,     88,     -1.9
3,     23.01.2015 00:31:16,     -2.1,     -2.01,     44,     0.8,     2.8,     4.3,     0,     89.8,     1014.6,     423.29,     72.9,     87.9,     -2
4,     23.01.2015 00:41:16,     -1.05,     0,     34,     1.4,     4,     5.5,     -0.2,     89.7,     1014.7,     423.29,     72.9,     87.9,     -2
5,     23.01.2015 00:51:16,     -2.1,     -2.01,     36,     2,     3.9,     5.6,     -0.2,     90,     1014.8,     423.29,     73.2,     88.1,     -1.8
6,     23.01.2015 01:01:16,     -2.1,     0,     40,     2.4,     4.1,     5.4,     -0.3,     90.3,     1014.7,     423.29,     252.4,     87.5,     -177.5
7,     23.01.2015 01:11:16,     -1.05,     -2.01,     46,     1.5,     3.7,     5.3,     -0.3,     90.5,     1014.7,     423.29,     72.5,     87.5,     -2.4,     12.391,     0.82,     91.5
8,     23.01.2015 01:21:16,     -2.1,     -2.01,     41,     2.1,     4,     5.4,     -0.3,     90.6,     1014.7,     423.29,     252.6,     88.4,     -178.4
9,     23.01.2015 01:31:16,     -2.1,     -2.01,     44,     2.1,     4,     5.3,     -0.3,     90.8,     1014.7,     423.29,     72.6,     87.7,     -2.2
10,     23.01.2015 01:41:16,     -2.1,     -4.02,     41,     2.3,     3.8,     5,     -0.4,     90.8,     1014.6,     423.29,     72.4,     87.6,     -2.3
11,     23.01.2015 01:51:16,     -1.05,     -2.01,     43,     2.2,     3.6,     4.8,     -0.3,     90.9,     1014.7,     423.29,     252.4,     87.7,     -177.7
12,     23.01.2015 02:01:16,     -1.05,     0,     37,     1.6,     3.9,     4.9,     -0.4,     90.8,     1014.8,     423.29,     72.5,     88.1,     -1.7
13,     23.01.2015 02:11:16,     -2.1,     -2.01,     39,     1,     3.2,     4.3,     -0.3,     90.9,     1014.9,     423.29,     252.8,     88,     -178,     12.989,     0.53,     91.7
14,     23.01.2015 02:21:16,     -1.05,     0,     55,     0.9,     2.5,     4.2,     -0.4,     90.7,     1014.8,     423.29,     72.8,     88,     -1.8
15,     23.01.2015 02:31:16,     0,     2.01,     59,     1.1,     2.6,     3.8,     -0.5,     90.7,     1014.8,     423.29,     72.8,     88.1,     -1.8
16,     23.01.2015 02:41:16,     -2.1,     -2.01,     56,     1.6,     3.2,     5,     -0.5,     90.8,     1014.8,     423.29,     72.5,     87.9,     -2.1
17,     23.01.2015 02:51:16,     -2.1,     -2.01,     44,     0.8,     3.5,     5.6,     -0.3,     91.1,     1014.8,     423.29,     252.1,     87.9,     -177.9
18,     23.01.2015 03:01:16,     -3.15,     -2.01,     45,     1.6,     3.8,     5.8,     -0.4,     91.2,     1014.8,     423.29,     72.3,     88.1,     -1.8
19,     23.01.2015 03:11:16,     -1.05,     0,     46,     1.5,     4,     5.8,     -0.4,     91.3,     1014.8,     423.29,     72.6,     88.2,     -1.7,     12.558,     0.37,     91.8
20,     23.01.2015 03:21:16,     -1.05,     -2.01,     49,     1,     3.3,     5.2,     -0.4,     91.4,     1014.8,     423.29,     252.5,     88,     -178
21,     23.01.2015 03:31:16,     -2.1,     -4.02,     53,     1.2,     3.3,     5.3,     -0.5,     91.4,     1014.8,     423.29,     252.3,     87.7,     -177.7
22,     23.01.2015 03:41:16,     -1.05,     -2.01,     48,     1.1,     3.6,     6.2,     -0.5,     91.5,     1015,     423.29,     251.7,     87.5,     -177.5
23,     23.01.2015 03:51:16,     -2.1,     -2.01,     53,     0.9,     2.9,     5.2,     -0.5,     91.8,     1015,     423.29,     72.4,     88.4,     -1.5
24,     23.01.2015 04:01:16,     -1.05,     -2.01,     57,     1.4,     2.9,     4.7,     -0.5,     91.9,     1015.1,     423.29,     72.8,     87.9,     -2
25,     23.01.2015 04:11:16,     -1.05,     -2.01,     51,     1.4,     3,     4.7,     -0.5,     92,     1015.2,     423.29,     72.5,     87.6,     -2.3,     12.433,     0.35,     91.9
26,     23.01.2015 04:21:16,     -1.05,     0,     50,     0.8,     2.9,     5,     -0.5,     92.1,     1015.2,     423.29,     252.5,     87.9,     -177.9
27,     23.01.2015 04:31:16,     -1.05,     0,     46,     1.4,     3.2,     4.5,     -0.5,     92.1,     1015.2,     423.29,     72.9,     87.9,     -2
28,     23.01.2015 04:41:16,     -1.05,     0,     65,     0.4,     1.9,     3.4,     -0.5,     92.1,     1015.2,     423.29,     73,     88,     -1.9
29,     23.01.2015 04:51:16,     -1.05,     0,     66,     0.3,     1.6,     2.8,     -0.4,     92.2,     1015.3,     423.29,     252.8,     88,     -178
30,     23.01.2015 05:01:16,     -1.05,     -2.01,     64,     0.6,     1.8,     3.2,     -0.2,     92.3,     1015.3,     423.29,     72.8,     87.9,     -2
31,     23.01.2015 05:11:16,     -2.1,     -2.01,     54,     0.3,     1.7,     2.6,     -0.1,     92.2,     1015.3,     423.29,     73.1,     88,     -1.9,     12.401,     0.41,     91.9
32,     23.01.2015 05:21:16,     -1.05,     -2.01,     68,     0.2,     1.4,     2.3,     -0.2,     92.1,     1015.3,     423.29,     73.1,     88,     -1.9
33,     23.01.2015 05:31:16,     -2.1,     0,     58,     0.5,     1.7,     2.8,     -0.2,     91.9,     1015.4,     423.29,     73,     87.9,     -2
34,     23.01.2015 05:41:16,     -2.1,     -2.01,     58,     0.5,     1.9,     3.2,     -0.2,     91.8,     1015.5,     423.29,     72.7,     88,     -1.9
35,     23.01.2015 05:51:16,     -2.1,     -2.01,     54,     0.5,     2.1,     3.5,     -0.3,     91.6,     1015.6,     423.29,     73.1,     88,     -1.9
36,     23.01.2015 06:01:16,     -3.15,     -2.01,     56,     0.7,     2.1,     3.5,     -0.3,     91.3,     1015.7,     423.29,     73,     88,     -1.9
37,     23.01.2015 06:11:16,     -2.1,     2.01,     55,     0.9,     2.4,     3.7,     -0.3,     90.8,     1015.8,     423.29,     72.4,     88,     -1.9,     12.365,     0.41,     91.9
38,     23.01.2015 06:21:16,     -2.1,     -2.01,     52,     1.2,     3,     4.5,     -0.3,     90.3,     1015.8,     423.29,     72.7,     88.3,     -1.6
39,     23.01.2015 06:31:16,     -2.1,     -2.01,     51,     1.2,     2.6,     3.7,     -0.3,     89.8,     1015.8,     423.29,     252.6,     87.9,     -177.8
40,     23.01.2015 06:41:16,     -2.1,     -4.02,     39,     1.1,     3.6,     5,     -0.3,     89,     1016,     423.29,     72.4,     88.1,     -1.8
41,     23.01.2015 06:51:16,     -3.15,     -2.01,     43,     1.7,     3.4,     4.7,     -0.3,     88.2,     1016.1,     423.29,     252.3,     87.8,     -177.8
42,     23.01.2015 07:01:16,     -3.15,     -4.02,     47,     0.6,     2.9,     5,     -0.3,     87.5,     1016.2,     423.29,     72.4,     87.5,     -2.4
43,     23.01.2015 07:11:16,     -3.15,     -2.01,     53,     0.9,     2.7,     4.3,     -0.3,     86.9,     1016.3,     423.29,     252.5,     88,     -178,     12.823,     0.45,     91.9
44,     23.01.2015 07:21:16,     -3.15,     -2.01,     40,     1.1,     2.6,     4,     -0.2,     87.4,     1016.4,     423.29,     72.8,     88,     -2
45,     23.01.2015 07:31:16,     -3.15,     -2.01,     47,     0.3,     2.1,     3.7,     -0.1,     87.9,     1016.4,     423.29,     72.5,     88,     -1.9
46,     23.01.2015 07:41:16,     -3.15,     0,     40,     0.6,     2.7,     4,     -0.3,     87.4,     1016.4,     423.29,     73,     87.9,     -2
47,     23.01.2015 07:51:16,     -3.15,     -2.01,     32,     0.7,     2.9,     4.6,     -0.2,     86.9,     1016.6,     423.29,     72.8,     88,     -1.9
48,     23.01.2015 08:01:16,     -3.15,     -2.01,     45,     0.9,     2.7,     3.9,     -0.3,     85.9,     1016.7,     423.29,     72.8,     87.8,     -2.1
49,     23.01.2015 08:11:17,     -2.1,     0,     52,     0.7,     2.8,     4.6,     -0.4,     84.4,     1016.6,     423.29,     72.9,     88,     -1.8,     12.522,     0.49,     91.8
50,     23.01.2015 08:21:17,     -1.05,     2.01,     70,     0.5,     1.8,     3.5,     -0.4,     85.2,     1016.7,     423.29,     72.8,     88,     -1.9
51,     23.01.2015 08:31:17,     0,     2.01,     51,     0.5,     2,     3.8,     -0.2,     86.2,     1016.8,     423.29,     72.9,     88,     -1.9
52,     23.01.2015 08:41:17,     3.15,     6.03,     50,     0.5,     2.2,     3.5,     -0.4,     84.4,     1016.9,     423.29,     73,     88,     -1.9
53,     23.01.2015 08:51:17,     8.4,     8.04,     68,     0.3,     1.9,     3.3,     -0.3,     83.9,     1016.9,     423.29,     73,     88,     -1.9
54,     23.01.2015 09:01:17,     13.65,     14.07,     77,     0.3,     1.7,     2.8,     -0.3,     83.4,     1016.9,     423.29,     72.8,     87.9,     -2
55,     23.01.2015 09:11:17,     13.65,     18.09,     57,     0.3,     1.6,     2.8,     -0.2,     83.5,     1017,     423.29,     73,     87.9,     -2,     12.476,     0.43,     91.9
56,     23.01.2015 09:21:17,     24.15,     30.15,     354,     0.7,     1.8,     2.9,     -0.1,     84.8,     1016.9,     423.29,     73.1,     87.9,     -2
57,     23.01.2015 09:31:17,     61.95,     62.31,     328,     0.2,     1.5,     3,     -0.3,     84.9,     1016.9,     423.29,     73.2,     88,     -1.9
58,     23.01.2015 09:41:17,     48.3,     54.27,     310,     1.1,     1.8,     2.9,     -0.3,     85.5,     1017,     423.29,     73.2,     88,     -1.9
59,     23.01.2015 09:51:17,     60.9,     66.33,     305,     1.1,     1.9,     2.8,     -0.3,     86.3,     1017,     423.29,     73.1,     87.9,     -2
60,     23.01.2015 10:01:17,     74.55,     76.38,     307,     0.5,     1.6,     2.8,     -0.2,     86.2,     1017,     423.29,     73.2,     87.9,     -2
61,     23.01.2015 10:11:16,     73.5,     80.4,     311,     0,     1.1,     2.8,     -0.2,     86.5,     1017,     423.29,     73.1,     87.9,     -2,     12.970,     0.82,     92.0
62,     23.01.2015 10:21:16,     94.5,     96.48,     326,     0,     0.7,     2,     -0.1,     86.6,     1017.1,     423.29,     73.3,     88,     -1.9
63,     23.01.2015 10:31:16,     121.8,     118.59,     336,     0.1,     1,     2.4,     -0.1,     86.2,     1017.2,     423.29,     73.2,     88,     -1.9
64,     23.01.2015 10:41:16,     120.75,     132.66,     1,     0.2,     1.1,     2.7,     0,     86.3,     1017.3,     423.29,     73.3,     87.9,     -2
65,     23.01.2015 10:51:16,     133.35,     148.74,     346,     0.7,     1.7,     2.8,     0,     86.1,     1017.4,     423.29,     73.2,     87.9,     -1.9
66,     23.01.2015 11:01:16,     148.05,     160.8,     342,     1,     1.9,     3.5,     0,     85.4,     1017.4,     423.29,     73.2,     88,     -1.9
67,     23.01.2015 11:11:16,     279.3,     412.05,     338,     0.8,     2,     3.5,     0.1,     85.4,     1017.5,     423.29,     73.5,     87.9,     -2,     13.597,     1.73,     91.8
68,     23.01.2015 11:21:16,     285.6,     611.04,     337,     0.9,     2,     3.5,     0.3,     84.4,     1017.5,     423.29,     73.2,     87.9,     -2
69,     23.01.2015 11:31:16,     279.3,     637.17,     337,     0.8,     1.7,     2.7,     0.4,     82.7,     1017.4,     423.29,     73.5,     87.8,     -2
70,     23.01.2015 11:41:16,     278.25,     544.71,     328,     0.8,     1.6,     2.8,     0.5,     82.3,     1017.4,     423.29,     73.4,     87.9,     -2
71,     23.01.2015 11:51:16,     275.1,     514.56,     328,     0.5,     1.5,     2.4,     0.6,     80.6,     1017.4,     423.29,     73.3,     87.8,     -2
72,     23.01.2015 12:01:16,     280.35,     550.74,     342,     0.7,     1.6,     3.6,     0.7,     78.5,     1017.4,     423.29,     73.4,     87.9,     -2
73,     23.01.2015 12:11:16,     268.8,     544.71,     353,     0.5,     1.8,     3.7,     0.8,     76,     1017.3,     423.29,     73.4,     87.8,     -2,     13.360,     3.55,     91.4
74,     23.01.2015 12:21:16,     268.8,     552.75,     346,     1.1,     1.9,     2.8,     0.9,     75.7,     1017.2,     423.29,     73.4,     87.9,     -2
75,     23.01.2015 12:31:16,     269.85,     560.79,     352,     1.3,     2.1,     3,     0.9,     76.1,     1017.3,     423.29,     73.4,     87.9,     -2
76,     23.01.2015 12:41:16,     256.2,     546.72,     350,     1.1,     2.2,     3.6,     1,     75.4,     1017.4,     423.29,     73.4,     87.8,     -2.2
77,     23.01.2015 12:51:16,     249.9,     546.72,     346,     0.9,     2.2,     4.2,     0.9,     74.9,     1017.2,     423.29,     73.5,     87.9,     -1.9
78,     23.01.2015 13:01:16,     269.85,     568.83,     342,     1.6,     2.4,     3.8,     1.1,     75.2,     1017.1,     423.29,     73.4,     87.8,     -2.1
79,     23.01.2015 13:11:16,     94.5,     265.32,     347,     1.5,     2.6,     4.1,     1,     75,     1017.1,     423.29,     73.2,     87.9,     -2,     13.322,     4.81,     90.3
80,     23.01.2015 13:21:16,     236.25,     518.58,     0,     1,     2.1,     3.2,     1,     74.5,     1017,     423.29,     73.4,     87.7,     -2.2
81,     23.01.2015 13:31:16,     265.65,     562.8,     354,     0.9,     1.8,     2.9,     1.1,     74.8,     1017,     423.29,     73.5,     87.7,     -2.1
82,     23.01.2015 13:41:16,     148.05,     323.61,     358,     1.1,     2.3,     3.6,     1.2,     73.8,     1017.2,     423.29,     73.2,     87.8,     -2
83,     23.01.2015 13:51:16,     106.05,     237.18,     8,     0.9,     2.4,     3.7,     1.1,     74,     1017.2,     423.29,     73.3,     87.9,     -2
84,     23.01.2015 14:01:16,     102.9,     217.08,     359,     1.7,     2.6,     3.7,     1,     74.3,     1017.2,     423.29,     73.7,     88,     -1.9
85,     23.01.2015 14:11:16,     143.85,     285.42,     348,     1.5,     2.4,     4.4,     0.9,     76,     1017.3,     423.29,     73.2,     87.9,     -2,     13.627,     4.58,     90.2
86,     23.01.2015 14:21:16,     112.35,     225.12,     341,     1.6,     2.7,     4.6,     0.8,     75.6,     1017.3,     423.29,     73.4,     88,     -1.9
87,     23.01.2015 14:31:16,     82.95,     168.84,     356,     1.7,     2.9,     4.7,     0.8,     77.5,     1017.3,     423.29,     73.4,     88,     -1.8
88,     23.01.2015 14:41:16,     88.2,     180.9,     351,     1,     2.5,     3.8,     0.7,     76,     1017.3,     423.29,     73.4,     88.1,     -1.9
89,     23.01.2015 14:51:16,     110.25,     215.07,     344,     1.2,     2.1,     3.4,     0.7,     75.2,     1017.4,     423.29,     73.5,     87.8,     -2
90,     23.01.2015 15:01:16,     55.65,     118.59,     358,     1,     1.8,     3,     0.7,     77.1,     1017.4,     423.29,     73.2,     87.9,     -2
91,     23.01.2015 15:11:17,     46.2,     98.49,     30,     1.6,     2.8,     3.9,     0.5,     75,     1017.4,     423.29,     73,     88,     -1.9,     13.837,     3.15,     91.1
92,     23.01.2015 15:21:17,     37.8,     86.43,     19,     1.3,     2.4,     3.3,     0.5,     76.3,     1017.4,     423.29,     73.4,     87.7,     -2.2
93,     23.01.2015 15:31:17,     78.75,     130.65,     9,     1.1,     1.8,     3,     0.4,     76.7,     1017.5,     423.29,     73.2,     87.8,     -2.1
94,     23.01.2015 15:41:17,     64.05,     102.51,     11,     1.2,     1.8,     2.4,     0.5,     75.9,     1017.5,     423.29,     73,     88.1,     -1.8
95,     23.01.2015 15:51:17,     48.3,     76.38,     0,     0.9,     1.5,     2.4,     0.6,     74.6,     1017.5,     423.29,     73.1,     88.1,     -1.8
96,     23.01.2015 16:01:17,     31.5,     50.25,     23,     1,     1.8,     2.9,     0.4,     76,     1017.6,     423.29,     73.1,     87.9,     -2
97,     23.01.2015 16:11:16,     11.55,     26.13,     23,     1.5,     2.2,     2.9,     0.2,     76.8,     1017.6,     423.29,     73,     87.8,     -2.1,     13.065,     2.53,     91.0
98,     23.01.2015 16:21:16,     5.25,     16.08,     17,     0.9,     1.9,     2.8,     0.2,     79.6,     1017.7,     423.29,     73.1,     87.9,     -2
99,     23.01.2015 16:31:16,     2.1,     10.05,     342,     0.6,     1.3,     2.4,     0.1,     79.7,     1017.8,     423.29,     73.2,     87.9,     -2
100,     23.01.2015 16:41:16,     -1.05,     4.02,     323,     0.6,     1.5,     2.5,     0,     80.9,     1017.8,     423.29,     73.3,     87.9,     -2
101,     23.01.2015 16:51:16,     -3.15,     2.01,     302,     0.5,     1.7,     2.8,     -0.1,     81.3,     1017.8,     423.29,     73.2,     87.9,     -2
102,     23.01.2015 17:01:16,     -4.2,     0,     314,     0.8,     1.8,     2.9,     -0.3,     81.4,     1017.9,     423.29,     73.1,     88,     -2
103,     23.01.2015 17:11:16,     -4.2,     -2.01,     315,     0.5,     1.5,     3,     -0.3,     83.3,     1018,     423.29,     73.2,     88,     -1.9,     12.728,     0.70,     91.5
104,     23.01.2015 17:21:16,     -4.2,     -2.01,     305,     0.4,     1.8,     2.9,     -0.4,     83.1,     1018,     423.29,     73.2,     87.9,     -2
105,     23.01.2015 17:31:16,     -4.2,     -2.01,     331,     0.4,     1.3,     2.5,     -0.5,     83.2,     1018.1,     423.29,     73.2,     87.9,     -2
106,     23.01.2015 17:41:16,     -3.15,     -2.01,     328,     0.8,     2,     4.1,     -0.6,     83.5,     1018.2,     423.29,     73.1,     87.9,     -2
107,     23.01.2015 17:51:16,     -3.15,     -2.01,     330,     0.5,     1.8,     4.2,     -0.6,     82.8,     1018.2,     423.29,     73,     87.9,     -2
108,     23.01.2015 18:01:16,     -2.1,     0,     311,     0.2,     1.5,     4,     -0.7,     82.5,     1018.3,     423.29,     73.1,     88,     -1.9
109,     23.01.2015 18:11:16,     -2.1,     -2.01,     311,     0.3,     1.4,     2.7,     -0.7,     82.9,     1018.3,     423.29,     73.1,     88,     -1.9,     12.626,     -0.55,     92.2
110,     23.01.2015 18:21:16,     -2.1,     0,     298,     0.4,     1.3,     2.2,     -0.7,     82.9,     1018.3,     423.29,     73.2,     87.9,     -2
111,     23.01.2015 18:31:16,     -2.1,     -2.01,     304,     0.6,     1.4,     2.5,     -0.7,     82.9,     1018.3,     423.29,     73.3,     87.9,     -2
112,     23.01.2015 18:41:16,     -2.1,     -2.01,     292,     0.2,     1.2,     2.4,     -0.6,     83.1,     1018.3,     423.29,     73.2,     88,     -1.9
113,     23.01.2015 18:51:16,     -2.1,     -2.01,     306,     0.8,     2,     3.7,     -0.6,     82.1,     1018.3,     423.29,     73,     87.9,     -2
114,     23.01.2015 19:01:16,     -3.15,     -2.01,     295,     1.4,     2.5,     4,     -0.5,     80.2,     1018.3,     423.29,     73.3,     88,     -1.9
115,     23.01.2015 19:11:16,     -2.1,     -2.01,     285,     1.2,     2.1,     3.3,     -0.5,     79.6,     1018.3,     423.29,     73.2,     87.9,     -2,     12.580,     -0.34,     92.1
116,     23.01.2015 19:21:16,     -1.05,     -4.02,     284,     1.1,     2.4,     3.8,     -0.6,     79.7,     1018.3,     423.29,     73.5,     88,     -2
117,     23.01.2015 19:31:16,     -1.05,     0,     287,     1,     2.4,     4.2,     -0.8,     79.2,     1018.3,     423.29,     73.4,     87.9,     -2
118,     23.01.2015 19:41:16,     -1.05,     -2.01,     278,     0.8,     2.3,     3.4,     -0.7,     78.6,     1018.2,     423.29,     73.5,     87.8,     -2.1
119,     23.01.2015 19:51:16,     -1.05,     0,     255,     0.7,     2,     3.5,     -0.7,     79,     1018.2,     423.29,     73.3,     87.8,     -2
120,     23.01.2015 20:01:16,     -2.1,     -2.01,     259,     1.3,     2.3,     3.9,     -0.7,     78.6,     1018.1,     423.29,     73.2,     87.9,     -2
121,     23.01.2015 20:11:16,     -2.1,     -4.02,     258,     1.5,     2.5,     4.5,     -0.6,     79.2,     1018.1,     423.29,     253.3,     88,     -178,     13.820,     -0.12,     92.0
122,     23.01.2015 20:21:16,     -1.05,     0,     249,     1,     2.1,     3.2,     -0.6,     79.6,     1018.1,     423.29,     73.6,     88,     -1.9
123,     23.01.2015 20:31:16,     -1.05,     0,     273,     1,     2.3,     3.4,     -0.7,     78.9,     1018.2,     423.29,     73.4,     88,     -1.9
124,     23.01.2015 20:41:16,     -1.05,     -2.01,     285,     1.2,     2.2,     3.5,     -0.7,     78.4,     1018.1,     423.29,     73.3,     87.9,     -2
125,     23.01.2015 20:51:16,     -2.1,     -2.01,     286,     1,     2.5,     5.1,     -0.7,     78.8,     1018,     423.29,     73.7,     88,     -1.9
126,     23.01.2015 21:01:16,     -1.05,     0,     269,     0.6,     2.5,     4.5,     -0.7,     79.1,     1018,     423.29,     73.5,     87.9,     -2
127,     23.01.2015 21:11:17,     -3.15,     -2.01,     286,     1.1,     2.4,     3.9,     -0.6,     79,     1018,     423.29,     73.5,     88,     -1.9,     12.690,     -0.03,     92.0
128,     23.01.2015 21:21:17,     -1.05,     0,     301,     2.2,     3.2,     5.4,     -0.7,     78.8,     1018.1,     423.29,     73.6,     88,     -1.9
129,     23.01.2015 21:31:17,     -1.05,     -2.01,     292,     0.4,     2.8,     5.2,     -0.6,     78.6,     1018.1,     423.29,     73.6,     87.9,     -2
130,     23.01.2015 21:41:17,     -1.05,     -2.01,     286,     0.9,     2.7,     4.1,     -0.6,     78.6,     1018,     423.29,     253.3,     87.9,     -177.9
131,     23.01.2015 21:51:17,     -2.1,     -2.01,     280,     0.3,     2.3,     3.9,     -0.6,     78.8,     1017.9,     423.29,     73.4,     88,     -1.9
132,     23.01.2015 22:01:17,     -2.1,     -2.01,     276,     1.1,     2.4,     3.6,     -0.6,     78.8,     1017.8,     423.29,     73.6,     87.9,     -1.9
133,     23.01.2015 22:11:16,     -2.1,     0,     271,     1.7,     2.9,     5.4,     -0.6,     79.1,     1017.7,     423.29,     73.8,     88,     -1.9,     12.550,     -0.03,     92.0
134,     23.01.2015 22:21:16,     -2.1,     0,     274,     1.5,     2.9,     5,     -0.7,     78.8,     1017.6,     423.29,     73.9,     88,     -1.9
135,     23.01.2015 22:31:16,     -2.1,     -2.01,     263,     1.5,     2.4,     4.6,     -0.6,     80.5,     1017.6,     423.29,     253.4,     88,     -177.9
136,     23.01.2015 22:41:16,     -2.1,     0,     257,     1.3,     3.1,     5.5,     -0.7,     79.4,     1017.5,     423.29,     74.3,     88,     -1.9
137,     23.01.2015 22:51:16,     -1.05,     0,     253,     1.7,     3.6,     6,     -0.7,     78,     1017.4,     423.29,     74.4,     87.9,     -2
138,     23.01.2015 23:01:16,     -1.05,     0,     251,     2.1,     3.7,     5.7,     -0.8,     77.7,     1017.3,     423.29,     75.7,     87.9,     -2
139,     23.01.2015 23:11:16,     -2.1,     -2.01,     239,     0.9,     3.7,     6.8,     -0.8,     77.4,     1017.1,     423.29,     253.9,     88,     -178,     13.843,     -0.01,     92.1
140,     23.01.2015 23:21:16,     -1.05,     2.01,     245,     2.1,     3.8,     6.3,     -0.8,     77.9,     1016.9,     423.29,     254.4,     87.6,     -177.6
141,     23.01.2015 23:31:16,     -3.15,     -2.01,     235,     2.7,     4.4,     7,     -0.8,     77.2,     1016.7,     423.29,     254.4,     88,     -178
142,     23.01.2015 23:41:16,     -3.15,     0,     235,     2.4,     4.6,     7.2,     -0.7,     78.8,     1016.6,     423.29,     73.7,     88.2,     -1.7
143,     23.01.2015 23:51:16,     -1.05,     0,     237,     2.4,     5,     7.1,     -0.9,     76.5,     1016.5,     423.29,     254.7,     88.1,     -178
144,     24.01.2015 00:01:16,     -1.05,     0,     234,     2.3,     4,     6.4,     -0.8,     78.5,     1016.5,     423.29,     74.4,     88,     -1.9,     13.818,     -0.04,     92.0
(GSM ERROR Connect GPRS: No APN / Signal:8 / 24.01.2015 00:01:16)