Logger: #D10248 'TSK_Meteo' - USP_EXP2 (V2.10, Jan 24 2012)
No,     Time,     #1:W/m²:0,     #2:ÂµMol:(do.),     #5:deg:2,     #6:m/sMIN:(do.),     #7:m/sMIT:(do.),     #8:m/sMAX:(do.),     #9:Â°C:(do.),     #10:%:(do.),     #11:hPa:(do.),     #12:mm:(do.),     #14:AZ:3,     #15:EL:(do.),     #16:Roll:(do.),     #HK-Bat:V,     #HK-Temp:oC,     #HK-rH:%
(GSM Transfer OK / Signal:14)
1,     08.01.2015 00:11:16,     -3.15,     -2.01,     262,     1.6,     3.9,     7.2,     3.5,     82.2,     1015,     386.87,     254.5,     87.9,     -177.9,     12.247,     4.05,     88.1
2,     08.01.2015 00:21:16,     -1.05,     -2.01,     264,     2.8,     4.3,     7.3,     3.6,     81.5,     1014.8,     386.87,     74.1,     87.8,     -2.1
3,     08.01.2015 00:31:16,     -2.1,     -2.01,     260,     2,     3.9,     5.7,     3.6,     81.2,     1014.7,     386.87,     75,     87.9,     -2
4,     08.01.2015 00:41:16,     -2.1,     -2.01,     261,     2.4,     4,     6.3,     3.7,     80.9,     1014.7,     386.87,     74.7,     88,     -2
5,     08.01.2015 00:51:16,     -2.1,     -2.01,     270,     2.1,     4.8,     8,     3.7,     80.1,     1014.6,     386.87,     254.4,     87.9,     -177.9
6,     08.01.2015 01:01:16,     -2.1,     -2.01,     268,     2.3,     4.6,     8.1,     3.7,     80.1,     1014.6,     386.87,     75.4,     87.9,     -2
7,     08.01.2015 01:11:16,     -1.05,     -2.01,     271,     1.6,     4.5,     7.9,     3.7,     80,     1014.5,     386.87,     74.3,     88,     -1.8,     12.374,     3.79,     89.9
8,     08.01.2015 01:21:16,     -2.1,     0,     272,     2.2,     4.8,     8.1,     3.7,     80,     1014.4,     386.87,     75.3,     87.7,     -2.1
9,     08.01.2015 01:31:16,     -2.1,     -2.01,     273,     3.3,     5,     8.3,     3.7,     79.3,     1014.3,     386.87,     254.8,     87.9,     -177.9
10,     08.01.2015 01:41:16,     -1.05,     0,     268,     2.3,     5.5,     8.2,     3.7,     78.9,     1014.1,     386.87,     255.1,     87.9,     -178
11,     08.01.2015 01:51:16,     -3.15,     0,     259,     2.4,     4.9,     7.2,     3.7,     79.2,     1014.1,     386.87,     254.5,     88,     -178
12,     08.01.2015 02:01:16,     -2.1,     0,     256,     2.6,     4.8,     7.2,     3.6,     79.3,     1013.9,     386.87,     76.3,     87.8,     -2.1
13,     08.01.2015 02:11:17,     -2.1,     -2.01,     257,     2.2,     4.4,     7.7,     3.6,     79,     1014,     386.87,     74,     87.9,     -2,     12.368,     4.03,     89.8
14,     08.01.2015 02:21:17,     -1.05,     0,     255,     2.4,     4.4,     7.5,     3.6,     78.6,     1013.9,     386.87,     74.5,     87.9,     -2
15,     08.01.2015 02:31:17,     -2.1,     -2.01,     253,     1.4,     3.8,     6.2,     3.6,     78.9,     1013.8,     386.87,     255,     87.9,     -177.9
16,     08.01.2015 02:41:17,     -1.05,     -2.01,     260,     1.7,     5,     7.3,     3.6,     77.9,     1013.8,     386.87,     75,     87.8,     -2.1
17,     08.01.2015 02:51:17,     -2.1,     0,     254,     2,     4.1,     7.8,     3.6,     78,     1013.6,     386.87,     74.7,     87.8,     -2
18,     08.01.2015 03:01:17,     -2.1,     -2.01,     249,     2.3,     4,     6.6,     3.6,     77.7,     1013.5,     386.87,     74.5,     87.9,     -2
19,     08.01.2015 03:11:16,     -3.15,     -2.01,     244,     2.2,     4.1,     7,     3.5,     78.1,     1013.4,     386.87,     74.1,     88,     -1.9,     12.365,     4.02,     89.8
20,     08.01.2015 03:21:16,     -3.15,     -4.02,     247,     2.2,     4.2,     7.1,     3.4,     78.6,     1013.2,     386.87,     74.5,     87.9,     -2
21,     08.01.2015 03:31:16,     -2.1,     -2.01,     242,     2.3,     4.9,     8.4,     3.4,     78.1,     1013.2,     386.87,     254.6,     87.5,     -177.5
22,     08.01.2015 03:41:16,     -1.05,     0,     251,     3,     4.8,     7.1,     3.4,     78.7,     1013,     386.87,     75.1,     87.9,     -1.9
23,     08.01.2015 03:51:16,     -2.1,     -2.01,     246,     2.5,     4.8,     8.6,     3.4,     78.4,     1012.8,     386.87,     255.5,     88.1,     -178
24,     08.01.2015 04:01:16,     -1.05,     -2.01,     241,     2.1,     5.3,     9.4,     3.4,     77.6,     1012.6,     386.87,     75.5,     87.6,     -2.2
25,     08.01.2015 04:11:17,     -1.05,     0,     241,     2.8,     5.2,     8.7,     3.5,     76.7,     1012.6,     386.87,     74.3,     87.9,     -2,     13.858,     3.97,     89.8
26,     08.01.2015 04:21:17,     -2.1,     0,     244,     1.6,     4.4,     7.4,     3.5,     77,     1012.6,     386.87,     75.3,     87.9,     -2
27,     08.01.2015 04:31:17,     -1.05,     -2.01,     247,     1.8,     4.3,     7.1,     3.5,     76.6,     1012.5,     386.87,     255.4,     87.9,     -177.9
28,     08.01.2015 04:41:17,     -2.1,     -2.01,     247,     1.8,     5,     9,     3.5,     75.9,     1012.4,     386.87,     74.3,     87.9,     -2
29,     08.01.2015 04:51:17,     -2.1,     -2.01,     248,     3.1,     5.3,     8.3,     3.5,     75.9,     1012.4,     386.87,     76.8,     87.2,     -2.7
30,     08.01.2015 05:01:17,     -2.1,     -2.01,     251,     1.1,     5.5,     8.4,     3.4,     76.1,     1012.4,     386.87,     254.8,     87.7,     -177.9
31,     08.01.2015 05:11:16,     -1.05,     -2.01,     249,     2.4,     5.4,     8,     3.4,     74.8,     1012.3,     386.87,     76,     87.6,     -2.2,     13.824,     4.01,     89.8
32,     08.01.2015 05:21:16,     -2.1,     -2.01,     250,     2.5,     4.7,     7.5,     3.4,     75.5,     1012.4,     386.87,     254.7,     88.1,     -178.1
33,     08.01.2015 05:31:16,     -1.05,     -2.01,     255,     1.8,     6.1,     10.2,     3.5,     74,     1012.4,     386.87,     75.8,     87.7,     -2.1
34,     08.01.2015 05:41:16,     -1.05,     -2.01,     252,     1.7,     5.5,     8.9,     3.4,     74.3,     1011.7,     386.87,     255.1,     88.1,     -178.1
35,     08.01.2015 05:51:16,     -3.15,     -2.01,     244,     3.1,     6.2,     9.4,     3.3,     74.5,     1011.3,     386.88,     255,     87.9,     -177.9
36,     08.01.2015 06:01:16,     -2.1,     0,     246,     3.1,     5.4,     7.7,     3.2,     74.7,     1011.4,     386.88,     75.4,     87.9,     -1.9
37,     08.01.2015 06:11:16,     -3.15,     -2.01,     249,     3.1,     5.6,     9.2,     3.2,     74.9,     1011.4,     386.89,     75,     87.7,     -2.2,     13.839,     3.93,     89.8
38,     08.01.2015 06:21:16,     -2.1,     0,     243,     2.7,     4.7,     7.2,     3.1,     76.2,     1011.2,     386.89,     76,     88,     -1.9
39,     08.01.2015 06:31:16,     -2.1,     0,     241,     2,     4.9,     8.5,     3,     76.7,     1011.1,     386.89,     74.6,     88.1,     -1.8
40,     08.01.2015 06:41:16,     -3.15,     -2.01,     239,     3.3,     5.5,     9.4,     3,     77.3,     1011.1,     386.89,     76.6,     87.6,     -2.3
41,     08.01.2015 06:51:16,     -3.15,     0,     241,     2.2,     5.8,     9.1,     2.8,     79.8,     1011.1,     386.89,     76,     88.6,     -1.3
42,     08.01.2015 07:01:16,     -2.1,     -2.01,     241,     3.2,     5.7,     9.9,     2.5,     83.2,     1011,     386.89,     75.5,     88.2,     -1.7
43,     08.01.2015 07:11:16,     -1.05,     -2.01,     242,     2.8,     5.1,     8.6,     2.4,     85.4,     1011.1,     386.89,     75.6,     88,     -1.9,     13.826,     3.59,     89.8
44,     08.01.2015 07:21:16,     -1.05,     -2.01,     244,     0.9,     5.2,     10.1,     2.3,     86.5,     1011.2,     386.89,     254.9,     88,     -178.1
45,     08.01.2015 07:31:16,     -3.15,     -2.01,     244,     2.8,     5.6,     9,     2.3,     87,     1011,     386.89,     75.7,     88,     -1.8
46,     08.01.2015 07:41:16,     -1.05,     0,     242,     3.1,     5.6,     9.8,     2.3,     87.4,     1011,     386.89,     76.3,     87.7,     -2
47,     08.01.2015 07:51:16,     -1.05,     -2.01,     243,     2.4,     5.7,     10.8,     2.3,     87.4,     1010.9,     386.89,     75.4,     87.4,     -2.4
48,     08.01.2015 08:01:16,     -1.05,     -2.01,     247,     2.3,     5.7,     10.8,     2.4,     87.6,     1011.1,     386.89,     254.9,     88.1,     -178.1
49,     08.01.2015 08:11:16,     -1.05,     0,     246,     2.7,     5.6,     8.5,     2.4,     87.8,     1010.9,     386.89,     74.7,     87.4,     -2.4,     13.841,     3.11,     90.1
50,     08.01.2015 08:21:16,     0,     -2.01,     249,     2.4,     5.3,     9.8,     2.4,     88,     1010.8,     386.89,     256,     87.9,     -177.8
51,     08.01.2015 08:31:16,     0,     2.01,     246,     2.8,     5.4,     8.4,     2.4,     88,     1010.7,     386.89,     254,     87.7,     -177.7
52,     08.01.2015 08:41:16,     2.1,     4.02,     245,     2.2,     5.8,     9.6,     2.5,     88.2,     1010.6,     386.89,     255.8,     88.3,     -178.3
53,     08.01.2015 08:51:16,     2.1,     8.04,     245,     2.2,     5.3,     9.5,     2.5,     88.2,     1010.5,     386.89,     254.7,     88.1,     -178.1
54,     08.01.2015 09:01:16,     2.1,     6.03,     245,     2.9,     5.5,     8.7,     2.5,     88.4,     1010.5,     386.89,     75.8,     87.9,     -2
55,     08.01.2015 09:11:16,     5.25,     12.06,     249,     3.3,     6.3,     10.3,     2.7,     87.5,     1010.4,     386.89,     76.4,     88.3,     -1.5,     13.854,     3.08,     90.1
56,     08.01.2015 09:21:16,     10.5,     24.12,     247,     3.3,     6.2,     9.8,     2.7,     87.7,     1010.1,     386.89,     75.7,     88.5,     -1.3
57,     08.01.2015 09:31:16,     8.4,     20.1,     249,     3,     5.6,     9.6,     2.7,     87.6,     1010.1,     386.89,     75.3,     87.9,     -2
58,     08.01.2015 09:41:16,     15.75,     32.16,     247,     3.4,     6,     9.4,     2.8,     87.7,     1010,     386.89,     256.3,     88.1,     -178.1
59,     08.01.2015 09:51:16,     11.55,     26.13,     247,     1.9,     5.5,     9.1,     2.9,     87.6,     1010,     386.89,     254.9,     88.1,     -178.1
60,     08.01.2015 10:01:16,     13.65,     30.15,     250,     3.3,     6.2,     9.9,     2.9,     87.4,     1009.9,     386.89,     75.7,     88.3,     -1.5
61,     08.01.2015 10:11:16,     14.7,     34.17,     252,     2.6,     5.9,     10.4,     3.2,     86.8,     1009.9,     386.89,     254.1,     88.1,     -178.1,     13.841,     3.39,     90.1
62,     08.01.2015 10:21:16,     11.55,     28.14,     258,     2.4,     5.8,     9.4,     3.2,     86.6,     1009.9,     386.89,     73.2,     88,     -1.9
63,     08.01.2015 10:31:16,     15.75,     34.17,     255,     2,     5.2,     8.8,     3.3,     86.6,     1009.8,     386.89,     75.9,     87.9,     -1.9
64,     08.01.2015 10:41:16,     18.9,     42.21,     253,     2.7,     5.9,     9.4,     3.5,     86.3,     1009.8,     386.89,     255.5,     87.4,     -177.4
65,     08.01.2015 10:51:16,     21,     46.23,     254,     1.6,     5.7,     10,     3.5,     87.2,     1009.3,     386.89,     255.8,     88.4,     -178.3
66,     08.01.2015 11:01:16,     24.15,     54.27,     251,     2.4,     6.3,     10,     3.5,     87.8,     1009.4,     386.89,     75.6,     88,     -1.9
67,     08.01.2015 11:11:16,     34.65,     74.37,     249,     1.4,     5.7,     9.8,     3.5,     88.1,     1009.3,     386.89,     256.7,     88.2,     -178.1,     12.961,     3.92,     89.9
68,     08.01.2015 11:21:16,     31.5,     66.33,     249,     2.6,     5.1,     8.4,     3.6,     88.2,     1009.1,     386.89,     74.1,     88,     -1.9
69,     08.01.2015 11:31:16,     30.45,     66.33,     252,     2.6,     4.8,     7.6,     3.6,     88.1,     1008.9,     386.89,     73.9,     87.7,     -2.1
70,     08.01.2015 11:41:16,     24.15,     56.28,     252,     1.2,     4.1,     6.8,     3.6,     88.2,     1008.9,     386.89,     74.7,     88,     -1.9
71,     08.01.2015 11:51:16,     30.45,     70.35,     247,     0.6,     5.1,     8.5,     3.7,     88,     1008.7,     386.89,     254.8,     87.7,     -177.7
72,     08.01.2015 12:01:16,     30.45,     70.35,     255,     2.2,     5.1,     10.2,     3.8,     88.2,     1008.6,     386.89,     254.3,     87.8,     -177.9
73,     08.01.2015 12:11:16,     29.4,     64.32,     253,     3.1,     5.7,     8.9,     3.8,     87.9,     1008.6,     386.89,     76.6,     87.7,     -2.2,     12.514,     4.29,     89.8
74,     08.01.2015 12:21:16,     29.4,     64.32,     253,     3.2,     5.5,     9.1,     3.9,     88.2,     1008.6,     386.89,     255.4,     87.3,     -177.4
75,     08.01.2015 12:31:16,     46.2,     106.53,     258,     2.8,     5.7,     9.1,     3.9,     88,     1008.4,     386.89,     75.3,     87.8,     -2.1
76,     08.01.2015 12:41:16,     74.55,     154.77,     248,     1,     5,     9.7,     4,     88.8,     1007.7,     386.89,     75.1,     87.7,     -2.1
77,     08.01.2015 12:51:16,     82.95,     174.87,     254,     2.2,     5.1,     9.6,     4,     88.8,     1007.8,     386.89,     253.9,     87.8,     -177.8
78,     08.01.2015 13:01:16,     31.5,     72.36,     264,     2.1,     4.7,     8.1,     4.1,     88.8,     1007.9,     386.89,     75.1,     88.1,     -1.8
79,     08.01.2015 13:11:16,     26.25,     58.29,     267,     2.1,     5.2,     8.2,     4.2,     88.6,     1007.8,     386.89,     254,     88,     -178,     12.709,     4.75,     89.7
80,     08.01.2015 13:21:16,     35.7,     78.39,     264,     2.4,     4.9,     9.7,     4.3,     88.5,     1007.5,     386.89,     256.8,     87.7,     -177.7
81,     08.01.2015 13:31:16,     28.35,     62.31,     261,     2.9,     5.6,     9.9,     4.3,     88.7,     1007.5,     386.89,     76.4,     87.8,     -1.9
82,     08.01.2015 13:41:16,     22.05,     50.25,     263,     0.4,     5.4,     8.7,     4.4,     88.7,     1007.4,     386.89,     74.8,     87.9,     -1.9
83,     08.01.2015 13:51:16,     22.05,     48.24,     257,     2.2,     5.4,     9,     4.4,     88.9,     1007.1,     386.89,     74.7,     87.9,     -2
84,     08.01.2015 14:01:16,     13.65,     32.16,     258,     2.2,     4.9,     8.3,     4.4,     89.4,     1007,     386.89,     75.7,     88.1,     -1.8
85,     08.01.2015 14:11:16,     15.75,     34.17,     258,     2,     5.3,     8.7,     4.5,     89.6,     1006.8,     386.89,     75.3,     87.9,     -1.9,     12.719,     4.99,     89.6
86,     08.01.2015 14:21:16,     24.15,     52.26,     255,     2.5,     5.5,     8.7,     4.5,     89.9,     1006.5,     386.89,     75.5,     87.8,     -2
87,     08.01.2015 14:31:16,     25.2,     56.28,     248,     2.6,     5,     7.9,     4.6,     90.2,     1006.2,     386.89,     75.5,     87.8,     -2
88,     08.01.2015 14:41:16,     15.75,     36.18,     250,     2.1,     5.3,     8.5,     4.7,     90.2,     1006.1,     386.89,     256.2,     88.1,     -178.1
89,     08.01.2015 14:51:16,     12.6,     28.14,     251,     2.3,     5,     9.2,     4.8,     90.2,     1006,     386.89,     256.4,     87.9,     -178
90,     08.01.2015 15:01:16,     14.7,     32.16,     243,     2.8,     4.9,     8.8,     4.9,     90.1,     1005.7,     386.89,     74.6,     87.9,     -1.9
91,     08.01.2015 15:11:16,     6.3,     14.07,     250,     1.8,     4.2,     6.7,     5,     90,     1006.1,     386.89,     74.6,     88.1,     -1.9,     12.611,     5.26,     89.6
92,     08.01.2015 15:21:16,     4.2,     10.05,     254,     2.6,     5,     8.1,     5.1,     89.9,     1006.3,     386.89,     254.2,     87.9,     -177.9
93,     08.01.2015 15:31:16,     4.2,     10.05,     252,     1.2,     4.7,     8.3,     5.1,     89.8,     1005.9,     386.89,     254.9,     88,     -178
94,     08.01.2015 15:41:16,     3.15,     8.04,     251,     1.2,     5.4,     9.1,     5.2,     90,     1006,     386.89,     255.3,     87.9,     -177.9
95,     08.01.2015 15:51:16,     3.15,     6.03,     257,     2,     5,     8,     5.3,     89.9,     1006,     386.89,     255.4,     87.7,     -177.7
96,     08.01.2015 16:01:16,     0,     0,     259,     1.7,     5.3,     8.9,     5.4,     90.1,     1006.1,     386.89,     75.5,     87.7,     -2.2
97,     08.01.2015 16:11:17,     -2.1,     -4.02,     257,     2,     5.5,     7.9,     5.4,     89.9,     1006.2,     386.89,     75.9,     87.9,     -2,     12.580,     5.59,     89.5
98,     08.01.2015 16:21:17,     0,     -2.01,     257,     2.4,     5.3,     7.8,     5.4,     90,     1006.3,     386.89,     254.3,     88.3,     -178.3
99,     08.01.2015 16:31:17,     -2.1,     -2.01,     261,     1.7,     4.6,     7.6,     5.5,     90,     1006.3,     386.9,     74.5,     88.2,     -1.7
100,     08.01.2015 16:41:17,     -1.05,     0,     261,     2.3,     4.3,     6.6,     5.5,     90.1,     1006,     386.92,     74.5,     87.9,     -2
101,     08.01.2015 16:51:17,     -1.05,     -2.01,     260,     2.3,     4.6,     8,     5.5,     89.9,     1005.9,     387.09,     76,     87.9,     -2
102,     08.01.2015 17:01:17,     -2.1,     -2.01,     256,     2.3,     4.4,     7.9,     5.5,     89.7,     1005.4,     387.18,     255.3,     87.8,     -177.8
103,     08.01.2015 17:11:16,     -1.05,     0,     254,     1.5,     4.1,     6.4,     5.6,     89.6,     1005,     387.28,     74.6,     88.1,     -1.8,     12.544,     5.78,     89.4
104,     08.01.2015 17:21:16,     -1.05,     -2.01,     251,     1.6,     4.8,     7.8,     5.6,     89.5,     1004.8,     387.39,     75.5,     87.8,     -2.1
105,     08.01.2015 17:31:16,     -1.05,     -2.01,     253,     2.1,     4.2,     7,     5.7,     89.4,     1004.7,     387.76,     74.1,     87.9,     -2
106,     08.01.2015 17:41:16,     -1.05,     0,     255,     1.6,     4.2,     6.4,     5.7,     89.5,     1004.7,     388.28,     74.7,     87.8,     -2
107,     08.01.2015 17:51:16,     -1.05,     -2.01,     255,     2.3,     4.6,     6.8,     5.7,     89.5,     1004.6,     388.85,     75.5,     88.1,     -1.8
108,     08.01.2015 18:01:16,     0,     0,     256,     2,     4.5,     7.1,     5.7,     89.5,     1004.5,     388.94,     74.5,     87.7,     -2.1
109,     08.01.2015 18:11:16,     -2.1,     -2.01,     267,     2.4,     4.4,     7.7,     5.7,     89.4,     1004.5,     389.19,     253.8,     87.9,     -178.1,     12.527,     5.87,     89.4
110,     08.01.2015 18:21:16,     -1.05,     -2.01,     286,     1.4,     2.9,     4.8,     5.7,     89.5,     1004.4,     389.44,     73.6,     88,     -1.9
111,     08.01.2015 18:31:16,     -1.05,     0,     289,     1.2,     2.5,     4.5,     5.7,     89.7,     1004.4,     389.75,     73.9,     87.9,     -2
112,     08.01.2015 18:41:16,     -2.1,     -2.01,     291,     0.5,     3,     5.3,     5.7,     89.7,     1004.5,     390.13,     73.6,     88,     -1.9
113,     08.01.2015 18:51:16,     -2.1,     -2.01,     296,     0.9,     3.4,     5,     5.7,     89.6,     1004.5,     390.24,     73.9,     87.8,     -2.1
114,     08.01.2015 19:01:16,     0,     -2.01,     312,     1,     3.3,     6.4,     5.7,     89.4,     1004.4,     390.67,     73.5,     87.9,     -2
115,     08.01.2015 19:11:16,     -1.05,     -2.01,     311,     0.2,     2.8,     5.7,     5.7,     89.5,     1004.5,     391.46,     73.7,     87.9,     -2,     12.516,     5.93,     89.4
116,     08.01.2015 19:21:16,     -2.1,     0,     294,     1.7,     3.8,     7.6,     5.7,     88.8,     1004.2,     391.8,     74.1,     87.8,     -2.1
117,     08.01.2015 19:31:16,     -1.05,     -2.01,     305,     1.8,     4.7,     8.7,     5.8,     85.9,     1004.2,     392.14,     74.6,     88,     -1.9
118,     08.01.2015 19:41:16,     -2.1,     -2.01,     300,     1.9,     5.2,     9,     5.6,     86.3,     1004.3,     392.21,     73.9,     87.8,     -2
119,     08.01.2015 19:51:16,     -1.05,     0,     306,     1.8,     4.9,     9.3,     5.6,     86.9,     1004.4,     392.32,     73.7,     87.9,     -2
120,     08.01.2015 20:01:16,     0,     0,     345,     1.8,     3.7,     6.9,     5.5,     88.1,     1004.5,     392.61,     73.9,     87.8,     -2
121,     08.01.2015 20:11:16,     -1.05,     0,     344,     2.9,     5.4,     9.5,     5.3,     85.1,     1004.6,     392.9,     74,     87.5,     -2.3,     12.482,     5.77,     89.4
122,     08.01.2015 20:21:16,     -2.1,     0,     352,     2,     4.7,     8.4,     5.2,     85.2,     1004.7,     393.01,     74,     87.4,     -2.4
123,     08.01.2015 20:31:16,     -2.1,     -2.01,     348,     1,     3.8,     7.2,     5,     86,     1004.8,     393.13,     73.3,     88.2,     -1.7
124,     08.01.2015 20:41:16,     -1.05,     -2.01,     343,     1,     3,     5.3,     5,     87.4,     1005,     393.27,     73.8,     87.9,     -2
125,     08.01.2015 20:51:16,     -2.1,     -2.01,     340,     2.4,     4,     7.1,     4.9,     87.4,     1005.2,     393.41,     73.7,     87.8,     -2.1
126,     08.01.2015 21:01:16,     -1.05,     -2.01,     338,     2.4,     4.5,     7.4,     5,     87.3,     1005.3,     393.48,     253.6,     87.8,     -177.8
127,     08.01.2015 21:11:16,     -1.05,     -2.01,     334,     2,     4.1,     8.6,     5,     88.2,     1005.5,     393.55,     253,     87.8,     -177.9,     12.459,     5.33,     89.6
128,     08.01.2015 21:21:16,     -1.05,     -2.01,     335,     3,     6,     9.9,     5,     87,     1005.8,     393.67,     74.7,     88.4,     -1.5
129,     08.01.2015 21:31:16,     -1.05,     -2.01,     336,     3.1,     5.8,     9.4,     5,     86.4,     1005.9,     393.83,     74.7,     87.8,     -2.1
130,     08.01.2015 21:41:16,     -1.05,     -2.01,     338,     1.9,     5.1,     9.1,     4.9,     86.4,     1006.2,     393.88,     253,     87.9,     -177.9
131,     08.01.2015 21:51:16,     -2.1,     -2.01,     337,     2.3,     4.5,     7.3,     4.9,     86.7,     1006,     393.93,     73.6,     88,     -1.9
132,     08.01.2015 22:01:16,     -2.1,     -2.01,     330,     2,     3.7,     6.4,     4.8,     87,     1006.2,     393.93,     73.4,     87.8,     -2.1
133,     08.01.2015 22:11:17,     -2.1,     0,     326,     1.2,     3.2,     5.2,     4.8,     87,     1006.1,     393.93,     253.2,     87.8,     -177.8,     12.442,     5.17,     89.6
134,     08.01.2015 22:21:17,     -1.05,     0,     312,     1.3,     2.9,     5.1,     4.8,     87.3,     1006.5,     393.93,     253.7,     87.7,     -177.8
135,     08.01.2015 22:31:17,     -1.05,     -2.01,     302,     1.2,     2.4,     4.2,     4.8,     87.8,     1006.6,     393.95,     73.4,     88,     -1.9
136,     08.01.2015 22:41:17,     -1.05,     -2.01,     290,     1.3,     3.4,     6.5,     4.8,     88,     1006.9,     393.99,     74.5,     87.7,     -2.2
137,     08.01.2015 22:51:17,     0,     -4.02,     313,     1.1,     3.6,     7,     4.9,     87.8,     1007.2,     394.09,     73.8,     88,     -1.9
138,     08.01.2015 23:01:17,     -1.05,     -2.01,     321,     0.6,     3.8,     8.1,     5.1,     87.9,     1007.2,     394.09,     74.5,     87.7,     -2.2
139,     08.01.2015 23:11:16,     -1.05,     -2.01,     325,     0.6,     4.3,     7.5,     5.3,     87.3,     1007.6,     394.09,     73.3,     88,     -1.9,     12.404,     5.17,     89.7
140,     08.01.2015 23:21:16,     0,     -2.01,     315,     1.8,     5.2,     10,     5.4,     87.1,     1007.6,     394.09,     73.9,     88.4,     -1.5
141,     08.01.2015 23:31:16,     -2.1,     -2.01,     321,     1.6,     5,     9.6,     5.5,     86.2,     1007.7,     394.09,     74.3,     87.4,     -2.5
142,     08.01.2015 23:41:16,     -1.05,     0,     317,     1.8,     4.1,     7.9,     5.4,     86.4,     1007.7,     394.09,     74.8,     87.9,     -2.1
143,     08.01.2015 23:51:16,     -3.15,     -2.01,     312,     0.4,     4.3,     8.1,     5.4,     86.3,     1007.8,     394.09,     73.6,     87.8,     -2
144,     09.01.2015 00:01:16,     -4.2,     -4.02,     312,     1.9,     4.7,     9.6,     5.4,     85.3,     1007.7,     394.09,     73.4,     87.6,     -2.2,     12.105,     5.33,     89.5