Logger: #D10248 'TSK_Meteo' - USP_EXP2 (V2.10, Jan 24 2012)
No,     Time,     #1:W/m²:0,     #2:ÂµMol:(do.),     #5:deg:2,     #6:m/sMIN:(do.),     #7:m/sMIT:(do.),     #8:m/sMAX:(do.),     #9:Â°C:(do.),     #10:%:(do.),     #11:hPa:(do.),     #12:mm:(do.),     #14:AZ:3,     #15:EL:(do.),     #16:Roll:(do.),     #HK-Bat:V,     #HK-Temp:oC,     #HK-rH:%
(GSM Transfer OK / Signal:15)
1,     03.12.2014 00:11:16,     -1.05,     0,     175,     0.6,     1.7,     2.8,     -3.4,     78.1,     1012.9,     330.94,     252.8,     87.8,     -177.8,     12.467,     -1.89,     85.4
2,     03.12.2014 00:21:16,     -1.05,     -2.01,     196,     0.6,     1.8,     3.2,     -3.3,     77,     1013,     330.94,     252.4,     87.9,     -177.9
3,     03.12.2014 00:31:16,     -2.1,     0,     204,     0.8,     2.2,     3.8,     -3.4,     77.5,     1013,     330.94,     252.6,     87.9,     -177.9
4,     03.12.2014 00:41:16,     -1.05,     -2.01,     176,     0.9,     2.2,     3.9,     -3.5,     76.3,     1012.9,     330.94,     252.7,     87.9,     -177.9
5,     03.12.2014 00:51:16,     -2.1,     -2.01,     197,     0.7,     2.2,     4.3,     -3.4,     77.6,     1012.9,     330.94,     252.5,     87.8,     -177.8
6,     03.12.2014 01:01:16,     -1.05,     -2.01,     188,     0.5,     1.9,     4.4,     -3.3,     78.4,     1013,     330.94,     253,     87.9,     -177.9
7,     03.12.2014 01:11:17,     -2.1,     -2.01,     181,     0.7,     2.5,     4.6,     -3.5,     77.2,     1012.9,     330.94,     252.7,     87.9,     -177.9,     12.713,     -2.37,     87.4
8,     03.12.2014 01:21:17,     -1.05,     0,     206,     0.8,     1.8,     3.1,     -3.4,     78.1,     1013,     330.94,     252.8,     87.9,     -177.9
9,     03.12.2014 01:31:17,     -1.05,     -2.01,     201,     0.4,     2.4,     3.9,     -3.5,     77.7,     1013.1,     330.94,     252.7,     87.8,     -177.8
10,     03.12.2014 01:41:17,     -2.1,     -2.01,     169,     0.3,     1.4,     3.4,     -3.4,     77.9,     1013.2,     330.94,     252.5,     87.9,     -177.9
11,     03.12.2014 01:51:17,     -2.1,     -2.01,     205,     0.3,     2,     3.5,     -3.6,     75.5,     1013.4,     330.94,     252.6,     87.9,     -177.9
12,     03.12.2014 02:01:17,     -2.1,     -4.02,     112,     0,     1.3,     2.5,     -3.5,     76,     1013.4,     330.94,     252.4,     87.9,     -177.9
13,     03.12.2014 02:11:16,     -1.05,     -2.01,     118,     0.7,     1.8,     3.1,     -3.7,     76.4,     1013.4,     330.94,     252.6,     87.8,     -177.8,     12.518,     -2.51,     87.5
14,     03.12.2014 02:21:16,     -1.05,     -2.01,     195,     0.4,     1.8,     3.5,     -3.6,     77.7,     1013.4,     330.94,     252.8,     87.9,     -177.9
15,     03.12.2014 02:31:16,     -2.1,     -2.01,     285,     0.4,     1.8,     3.6,     -3.6,     77.1,     1013.4,     330.94,     252.6,     87.8,     -177.8
16,     03.12.2014 02:41:16,     -2.1,     0,     218,     0.3,     1.4,     2.4,     -3.6,     77.4,     1013.4,     330.94,     252.6,     87.8,     -177.8
17,     03.12.2014 02:51:16,     -1.05,     -2.01,     119,     0.5,     1.7,     3,     -3.6,     77.2,     1013.5,     330.94,     252.5,     87.9,     -177.9
18,     03.12.2014 03:01:16,     -2.1,     -2.01,     74,     0.9,     2.3,     3.8,     -3.7,     76.7,     1013.5,     330.94,     252.3,     87.9,     -177.9
19,     03.12.2014 03:11:16,     -1.05,     -2.01,     74,     0.4,     2.1,     3.6,     -3.6,     77.1,     1013.5,     330.94,     252.6,     87.9,     -177.9,     12.459,     -2.65,     87.5
20,     03.12.2014 03:21:16,     -2.1,     -2.01,     85,     0.7,     2,     3.6,     -3.7,     79.2,     1013.6,     330.94,     252.5,     88,     -178
21,     03.12.2014 03:31:16,     -1.05,     -2.01,     61,     0.9,     2.8,     4.9,     -3.7,     77.2,     1013.6,     330.94,     252.3,     87.9,     -177.9
22,     03.12.2014 03:41:16,     -1.05,     -2.01,     74,     1,     2.5,     4.1,     -3.7,     78.3,     1013.6,     330.94,     252.1,     87.9,     -177.9
23,     03.12.2014 03:51:16,     -2.1,     -2.01,     82,     0.4,     2.2,     3.9,     -3.7,     78.9,     1013.6,     330.94,     252.5,     87.9,     -177.9
24,     03.12.2014 04:01:16,     -2.1,     -2.01,     80,     0.7,     2.1,     3.5,     -3.7,     79.3,     1013.6,     330.94,     252.5,     87.9,     -177.9
25,     03.12.2014 04:11:16,     -1.05,     -2.01,     73,     1.2,     2.4,     3.7,     -3.7,     79.4,     1013.8,     330.94,     252.6,     87.9,     -178,     12.433,     -2.73,     87.6
26,     03.12.2014 04:21:16,     -1.05,     -2.01,     71,     1.2,     2.4,     3.7,     -3.6,     79.8,     1013.8,     330.94,     252.3,     87.9,     -177.9
27,     03.12.2014 04:31:16,     -1.05,     0,     76,     1.1,     2.4,     3.8,     -3.7,     79,     1013.9,     330.94,     252.3,     87.8,     -177.8
28,     03.12.2014 04:41:16,     -1.05,     -2.01,     69,     0.3,     2.1,     3.4,     -3.6,     80.5,     1013.7,     330.94,     252.6,     87.8,     -177.8
29,     03.12.2014 04:51:16,     -1.05,     0,     79,     0.6,     1.8,     3.1,     -3.6,     80.2,     1013.8,     330.94,     252.4,     87.9,     -177.9
30,     03.12.2014 05:01:16,     -3.15,     -2.01,     70,     0.7,     2.2,     3.5,     -3.7,     81.7,     1013.9,     330.94,     252.6,     87.9,     -177.9
31,     03.12.2014 05:11:16,     -2.1,     0,     71,     1,     2.3,     3.9,     -3.8,     83.1,     1014,     330.94,     252.4,     87.9,     -177.8,     12.760,     -2.67,     87.5
32,     03.12.2014 05:21:16,     -2.1,     -2.01,     71,     0.7,     2.3,     3.7,     -3.7,     84.2,     1014.1,     330.94,     252.6,     87.7,     -177.8
33,     03.12.2014 05:31:16,     -2.1,     -2.01,     96,     0.6,     1.8,     3.2,     -3.8,     85.2,     1014,     330.94,     252.6,     87.8,     -177.9
34,     03.12.2014 05:41:16,     -1.05,     -2.01,     86,     0.6,     2,     3.5,     -3.7,     86.1,     1014,     330.94,     252.5,     87.8,     -177.8
35,     03.12.2014 05:51:16,     -2.1,     -2.01,     58,     0.4,     2.6,     4.1,     -3.8,     85.5,     1014.3,     330.94,     252.5,     87.9,     -177.9
36,     03.12.2014 06:01:16,     -3.15,     -4.02,     63,     0.4,     2.2,     3.7,     -3.7,     85.6,     1014.2,     330.94,     252.4,     87.9,     -177.9
37,     03.12.2014 06:11:16,     -2.1,     -2.01,     76,     1,     2,     3.1,     -3.6,     83.6,     1014.2,     330.94,     252.5,     87.9,     -177.9,     12.499,     -2.71,     87.6
38,     03.12.2014 06:21:16,     -1.05,     -2.01,     73,     0.7,     2.2,     3.6,     -3.6,     83.5,     1014.3,     330.94,     252.6,     87.9,     -177.9
39,     03.12.2014 06:31:16,     -1.05,     0,     77,     0.8,     2.1,     3.9,     -3.5,     84.5,     1014.3,     330.94,     252.3,     87.9,     -177.9
40,     03.12.2014 06:41:16,     -1.05,     -2.01,     78,     1,     2.3,     3.9,     -3.4,     86,     1014.4,     330.94,     252.4,     87.9,     -177.9
41,     03.12.2014 06:51:16,     -2.1,     -2.01,     75,     0.8,     2.1,     4,     -3.6,     86.4,     1014.5,     330.94,     252.4,     87.9,     -177.9
42,     03.12.2014 07:01:16,     -2.1,     -2.01,     63,     1.2,     2.9,     5.2,     -3.7,     87.3,     1014.7,     330.94,     252.3,     87.9,     -177.9
43,     03.12.2014 07:11:16,     -2.1,     -2.01,     69,     1.3,     2.7,     4.3,     -3.8,     87.1,     1014.7,     330.94,     252.6,     87.9,     -177.9,     12.418,     -2.64,     87.5
44,     03.12.2014 07:21:16,     -1.05,     -2.01,     73,     1.3,     2.7,     4,     -3.9,     87.7,     1014.9,     330.94,     252.6,     87.9,     -177.9
45,     03.12.2014 07:31:16,     -2.1,     -2.01,     74,     1.2,     2.4,     3.9,     -3.8,     88.3,     1014.9,     330.94,     252.2,     87.8,     -177.8
46,     03.12.2014 07:41:16,     -3.15,     -6.03,     72,     0.9,     2.5,     3.7,     -3.8,     89,     1015,     330.94,     252.3,     87.9,     -177.9
47,     03.12.2014 07:51:16,     -1.05,     -2.01,     74,     1.3,     2.5,     3.8,     -3.7,     89.4,     1015,     330.94,     252.2,     87.9,     -177.9
48,     03.12.2014 08:01:16,     0,     2.01,     70,     1,     2.6,     4.1,     -3.6,     89.8,     1015.1,     330.94,     252.4,     87.9,     -177.9
49,     03.12.2014 08:11:16,     1.05,     4.02,     79,     1.2,     2.5,     3.9,     -3.7,     89.1,     1015.2,     330.94,     252.6,     87.8,     -177.8,     13.820,     -2.69,     87.6
50,     03.12.2014 08:21:16,     2.1,     6.03,     81,     0.9,     2.4,     4.1,     -3.6,     89.5,     1015.3,     330.94,     252.4,     87.9,     -177.9
51,     03.12.2014 08:31:16,     4.2,     10.05,     75,     1.5,     2.7,     4.4,     -3.7,     89.4,     1015.6,     330.94,     252.6,     88,     -178
52,     03.12.2014 08:41:16,     5.25,     12.06,     77,     1,     2.5,     4.5,     -3.6,     89.6,     1015.5,     330.94,     252.7,     87.9,     -177.9
53,     03.12.2014 08:51:16,     8.4,     18.09,     74,     0.9,     2.6,     4.4,     -3.6,     90,     1015.6,     330.94,     252.4,     87.9,     -177.9
54,     03.12.2014 09:01:16,     7.35,     16.08,     75,     1.3,     2.8,     4.4,     -3.6,     90.2,     1015.7,     330.94,     252.2,     87.9,     -177.9
55,     03.12.2014 09:11:17,     13.65,     30.15,     72,     1.5,     2.9,     4.7,     -3.5,     90.4,     1015.8,     330.94,     252.8,     87.9,     -177.9,     12.620,     -2.52,     87.5
56,     03.12.2014 09:21:17,     13.65,     32.16,     70,     1.4,     2.8,     4.4,     -3.6,     90.2,     1015.8,     330.94,     252,     87.9,     -177.9
57,     03.12.2014 09:31:17,     25.2,     52.26,     79,     1,     2.5,     4.4,     -3.5,     90.5,     1016,     330.94,     252.5,     88,     -178
58,     03.12.2014 09:41:17,     18.9,     42.21,     83,     0.6,     2,     3.9,     -3.3,     90.4,     1016,     330.94,     252.6,     87.9,     -177.9
59,     03.12.2014 09:51:17,     24.15,     52.26,     87,     0.6,     1.9,     3.5,     -3.5,     89.4,     1016.1,     330.94,     252.5,     87.9,     -177.9
60,     03.12.2014 10:01:17,     34.65,     74.37,     94,     0.7,     1.7,     4.1,     -3.3,     89.4,     1016.1,     330.94,     252.5,     87.9,     -177.9
61,     03.12.2014 10:11:16,     32.55,     70.35,     95,     0.5,     1.8,     3.3,     -3.2,     88.9,     1016.1,     330.94,     252.5,     88,     -178,     12.732,     -2.19,     87.5
62,     03.12.2014 10:21:16,     21,     48.24,     89,     0.5,     1.8,     3.3,     -3.3,     88.1,     1016.2,     330.94,     252.6,     87.9,     -177.9
63,     03.12.2014 10:31:16,     29.4,     64.32,     92,     0.4,     1.8,     3.6,     -3.3,     88.3,     1016.2,     330.94,     252.2,     87.7,     -177.7
64,     03.12.2014 10:41:16,     33.6,     72.36,     85,     0.9,     2.2,     3.6,     -3.3,     88.1,     1016.3,     330.94,     252.6,     87.9,     -177.9
65,     03.12.2014 10:51:16,     22.05,     48.24,     86,     0.6,     2,     3.5,     -3.3,     87.9,     1016.3,     330.94,     252.7,     88,     -178
66,     03.12.2014 11:01:16,     42,     90.45,     137,     0.1,     1.1,     2.7,     -3.3,     86.2,     1016.4,     330.94,     252.8,     88,     -178
67,     03.12.2014 11:11:16,     30.45,     66.33,     197,     0,     0.8,     1.7,     -3.2,     84.4,     1016.4,     330.94,     252.8,     87.9,     -177.9,     12.825,     -1.83,     87.4
68,     03.12.2014 11:21:16,     38.85,     82.41,     187,     0.3,     1.5,     2.4,     -3.1,     84.2,     1016.3,     330.94,     252.8,     87.9,     -177.9
69,     03.12.2014 11:31:16,     40.95,     88.44,     200,     0.1,     1.2,     2.4,     -3,     83.4,     1016.3,     330.94,     253.1,     87.9,     -177.9
70,     03.12.2014 11:41:16,     39.9,     84.42,     188,     0.9,     1.9,     2.9,     -3,     82.8,     1016.2,     330.94,     252.7,     87.9,     -177.9
71,     03.12.2014 11:51:16,     34.65,     76.38,     161,     0,     1,     2.1,     -2.9,     82,     1016.3,     330.94,     252.7,     87.9,     -177.9
72,     03.12.2014 12:01:16,     32.55,     72.36,     215,     0.1,     1,     2.1,     -2.9,     82.4,     1016.2,     330.94,     252.8,     87.9,     -177.9
73,     03.12.2014 12:11:17,     43.05,     92.46,     217,     0.1,     0.9,     1.8,     -2.7,     82,     1016.2,     330.94,     252.9,     87.9,     -177.9,     12.891,     -1.41,     87.3
74,     03.12.2014 12:21:17,     52.5,     106.53,     226,     0.1,     1.1,     2.1,     -2.7,     82.6,     1016.1,     330.94,     252.9,     87.9,     -177.9
75,     03.12.2014 12:31:17,     58.8,     122.61,     251,     0,     0.6,     1.3,     -2.6,     81.3,     1016.1,     330.94,     252.9,     87.9,     -177.9
76,     03.12.2014 12:41:17,     53.55,     112.56,     277,     0.1,     0.9,     1.7,     -2.5,     80.9,     1016.1,     330.94,     252.8,     87.9,     -177.9
77,     03.12.2014 12:51:17,     56.7,     114.57,     215,     0.1,     1.2,     2.7,     -2.4,     82.1,     1016.1,     330.94,     252.6,     87.9,     -177.9
78,     03.12.2014 13:01:17,     43.05,     90.45,     226,     0.1,     0.9,     2.2,     -2.4,     81.1,     1016.1,     330.94,     252.9,     87.9,     -177.8
79,     03.12.2014 13:11:16,     45.15,     94.47,     154,     0.1,     1.2,     2.3,     -2.5,     81,     1016,     330.94,     252.8,     87.9,     -177.9,     13.131,     -0.78,     87.1
80,     03.12.2014 13:21:16,     36.75,     80.4,     180,     0,     0.6,     1.7,     -2.4,     81.6,     1016.1,     330.94,     252.8,     87.9,     -178
81,     03.12.2014 13:31:16,     29.4,     64.32,     62,     0.2,     1.5,     3.4,     -2.4,     81.3,     1016.1,     330.94,     252.8,     87.9,     -177.9
82,     03.12.2014 13:41:16,     29.4,     62.31,     69,     0.2,     1.3,     3.4,     -2.3,     82.8,     1016.1,     330.94,     252.8,     87.9,     -177.9
83,     03.12.2014 13:51:16,     31.5,     70.35,     63,     0.1,     1.2,     3.5,     -2.3,     84.1,     1016,     330.94,     252.6,     87.9,     -177.9
84,     03.12.2014 14:01:16,     24.15,     52.26,     63,     0.4,     1.7,     3.6,     -2.3,     86.2,     1016.1,     330.94,     252.6,     87.9,     -177.9
85,     03.12.2014 14:11:16,     27.3,     58.29,     57,     0.7,     2,     3.8,     -2.3,     85,     1016.1,     330.94,     252.7,     88,     -178,     12.940,     -0.69,     87.0
86,     03.12.2014 14:21:16,     21,     50.25,     51,     0.9,     1.9,     3.5,     -2.3,     85.4,     1016.2,     330.94,     252.5,     87.9,     -177.9
87,     03.12.2014 14:31:16,     29.4,     56.28,     59,     0.7,     1.8,     3.3,     -2.4,     85.1,     1016.2,     330.94,     252.7,     87.9,     -177.9
88,     03.12.2014 14:41:16,     17.85,     34.17,     63,     0.4,     1.8,     3.9,     -2.3,     84.8,     1016.3,     330.94,     252.4,     87.9,     -177.9
89,     03.12.2014 14:51:16,     18.9,     36.18,     43,     0.7,     2.2,     3.7,     -2.3,     85.5,     1016.2,     330.94,     252.6,     87.7,     -177.8
90,     03.12.2014 15:01:16,     9.45,     20.1,     64,     0.7,     1.9,     3.3,     -2.3,     85.8,     1016.3,     330.94,     252.7,     87.9,     -177.9
91,     03.12.2014 15:11:17,     6.3,     14.07,     96,     0.6,     1.7,     3.3,     -2.3,     86.1,     1016.4,     330.94,     252.7,     87.9,     -178,     12.698,     -0.84,     87.1
92,     03.12.2014 15:21:17,     3.15,     8.04,     103,     0.4,     1.3,     2.9,     -2.3,     86.8,     1016.4,     330.94,     252.5,     87.9,     -177.9
93,     03.12.2014 15:31:17,     2.1,     6.03,     72,     0.5,     1.8,     3.3,     -2.3,     87,     1016.5,     330.94,     252.6,     87.9,     -177.9
94,     03.12.2014 15:41:17,     1.05,     2.01,     79,     0.7,     1.8,     3.4,     -2.3,     87.3,     1016.6,     330.94,     252.7,     87.8,     -177.9
95,     03.12.2014 15:51:17,     0,     0,     65,     0.8,     2,     3.7,     -2.3,     88.2,     1016.5,     330.94,     252.8,     87.9,     -177.9
96,     03.12.2014 16:01:17,     -2.1,     -2.01,     84,     0.3,     1.7,     3.4,     -2.3,     87.9,     1016.5,     330.94,     252.6,     87.9,     -177.9
97,     03.12.2014 16:11:16,     -2.1,     -2.01,     85,     0.8,     1.9,     3.3,     -2.3,     88.5,     1016.5,     330.94,     252.7,     87.9,     -177.9,     13.832,     -1.11,     87.2
98,     03.12.2014 16:21:16,     -2.1,     -2.01,     94,     0.8,     1.8,     3.8,     -2.4,     88.1,     1016.5,     330.94,     252.6,     87.9,     -177.9
99,     03.12.2014 16:31:16,     -2.1,     0,     89,     0.6,     1.7,     3.2,     -2.3,     88.2,     1016.6,     330.94,     252.6,     87.7,     -177.7
100,     03.12.2014 16:41:16,     -1.05,     -2.01,     89,     0.8,     1.8,     3.2,     -2.3,     88.1,     1016.6,     330.94,     252.6,     87.9,     -177.9
101,     03.12.2014 16:51:16,     -2.1,     -2.01,     89,     0.7,     1.8,     3.1,     -2.3,     88.3,     1016.6,     330.94,     252.2,     87.9,     -177.9
102,     03.12.2014 17:01:16,     -2.1,     0,     75,     0.4,     1.8,     3.1,     -2.2,     88.1,     1016.6,     330.94,     252.6,     88,     -178
103,     03.12.2014 17:11:17,     -2.1,     -2.01,     71,     0.5,     1.8,     3.4,     -2.1,     87.8,     1016.7,     330.94,     252.7,     87.9,     -177.9,     12.639,     -1.19,     87.2
104,     03.12.2014 17:21:17,     -1.05,     0,     73,     0.9,     1.9,     3.6,     -2,     87.9,     1016.8,     330.94,     252.7,     87.9,     -177.9
105,     03.12.2014 17:31:17,     -1.05,     0,     80,     0.4,     1.8,     3.5,     -2.1,     87.5,     1016.9,     330.94,     252.6,     87.9,     -178
106,     03.12.2014 17:41:17,     -1.05,     -2.01,     80,     0.5,     1.9,     3.3,     -2,     87.4,     1017,     330.94,     252.5,     87.9,     -177.9
107,     03.12.2014 17:51:17,     -1.05,     0,     81,     0.9,     1.9,     3.4,     -2,     87.2,     1017.1,     330.94,     252.7,     87.9,     -177.9
108,     03.12.2014 18:01:17,     -1.05,     0,     95,     0.9,     1.9,     3.4,     -2.1,     86.9,     1017.1,     330.94,     252.5,     88,     -178
109,     03.12.2014 18:11:16,     -1.05,     -2.01,     104,     0.9,     1.7,     2.9,     -2,     87.2,     1017,     330.94,     252.6,     87.9,     -177.9,     12.539,     -1.07,     87.2
110,     03.12.2014 18:21:16,     -1.05,     -2.01,     95,     0.7,     1.8,     3.1,     -1.9,     87.9,     1017,     330.94,     252.7,     88,     -178
111,     03.12.2014 18:31:16,     -2.1,     -2.01,     94,     1,     2,     3.4,     -2,     87.5,     1016.9,     330.94,     252.6,     87.9,     -177.9
112,     03.12.2014 18:41:16,     -1.05,     -2.01,     111,     0.7,     1.7,     3.1,     -2,     87.3,     1016.9,     330.94,     252.7,     87.8,     -177.9
113,     03.12.2014 18:51:16,     -1.05,     -2.01,     90,     0.7,     1.7,     3.2,     -1.8,     88.1,     1017,     330.94,     252.7,     87.9,     -177.9
114,     03.12.2014 19:01:16,     0,     0,     80,     0.2,     1.7,     3.3,     -1.8,     88.1,     1017.1,     330.94,     252.2,     88,     -178
115,     03.12.2014 19:11:16,     -2.1,     -2.01,     70,     0.4,     2,     3.6,     -1.9,     87.7,     1017.1,     330.94,     252.5,     87.9,     -177.9,     12.486,     -0.93,     87.2
116,     03.12.2014 19:21:16,     -1.05,     -2.01,     77,     0.7,     1.8,     3.1,     -1.8,     87.9,     1017.2,     330.94,     252.4,     87.9,     -177.9
117,     03.12.2014 19:31:16,     -2.1,     -2.01,     81,     0.6,     1.9,     3.4,     -1.9,     87.7,     1017.3,     330.94,     252.7,     87.9,     -177.9
118,     03.12.2014 19:41:16,     -1.05,     0,     84,     1,     2.1,     3.5,     -1.9,     87.5,     1017.2,     330.94,     252.5,     87.8,     -177.8
119,     03.12.2014 19:51:16,     -1.05,     -2.01,     85,     0.5,     1.6,     3,     -1.8,     87.6,     1017.2,     330.94,     252.7,     87.9,     -177.9
120,     03.12.2014 20:01:16,     -1.05,     -2.01,     89,     0.4,     1.7,     2.7,     -1.7,     87.5,     1017.3,     330.94,     252.6,     87.9,     -177.9
121,     03.12.2014 20:11:17,     -1.05,     0,     90,     0.9,     1.8,     3.4,     -1.7,     87.4,     1017.4,     330.94,     252.6,     87.9,     -177.9,     12.435,     -0.83,     87.2
122,     03.12.2014 20:21:17,     -2.1,     -2.01,     79,     0.7,     1.8,     3.1,     -1.7,     87.2,     1017.3,     330.94,     252.3,     88,     -178
123,     03.12.2014 20:31:17,     -1.05,     -4.02,     94,     0.8,     1.7,     2.7,     -1.7,     86.9,     1017.3,     330.94,     252.7,     88,     -177.9
124,     03.12.2014 20:41:17,     -1.05,     -2.01,     115,     0.3,     1.6,     2.6,     -1.7,     86.5,     1017.4,     330.94,     252.8,     87.9,     -177.9
125,     03.12.2014 20:51:17,     -1.05,     -2.01,     127,     0.3,     1.4,     2.6,     -1.5,     87.2,     1017.4,     330.94,     252.8,     87.9,     -177.8
126,     03.12.2014 21:01:17,     -1.05,     -2.01,     128,     0.4,     1.3,     2.7,     -1.5,     86,     1017.4,     330.94,     252.8,     88,     -178
127,     03.12.2014 21:11:16,     -2.1,     -2.01,     126,     0.7,     1.5,     2.5,     -1.5,     85.9,     1017.6,     330.94,     252.7,     87.9,     -177.9,     12.671,     -0.67,     87.1
128,     03.12.2014 21:21:16,     -3.15,     -2.01,     126,     0.2,     1.3,     2.3,     -1.4,     85.8,     1017.4,     330.94,     252.6,     87.9,     -177.9
129,     03.12.2014 21:31:16,     -1.05,     0,     131,     0.2,     1.5,     3,     -1.4,     86,     1017.3,     330.94,     252.9,     88,     -178
130,     03.12.2014 21:41:16,     -2.1,     -2.01,     125,     0.2,     1.2,     2.2,     -1.3,     86.2,     1017.2,     330.94,     252.6,     87.8,     -177.8
131,     03.12.2014 21:51:16,     -2.1,     0,     124,     0.4,     1.6,     3.2,     -1.3,     86,     1017.2,     330.94,     252.8,     88,     -177.9
132,     03.12.2014 22:01:16,     -2.1,     -4.02,     131,     0.3,     1.4,     2.5,     -1.3,     86.1,     1017.1,     330.94,     252.7,     87.8,     -177.8
133,     03.12.2014 22:11:16,     -2.1,     -6.03,     137,     0.3,     1.5,     3.1,     -1.3,     86,     1017.1,     330.94,     252.7,     88,     -178,     12.486,     -0.52,     87.1
134,     03.12.2014 22:21:16,     -1.05,     0,     145,     0.4,     1.5,     2.5,     -1.2,     85.9,     1017.1,     330.94,     252.5,     87.9,     -177.9
135,     03.12.2014 22:31:16,     -1.05,     0,     117,     0.5,     1.4,     2.7,     -1.2,     86,     1017.2,     330.94,     252.6,     87.8,     -177.8
136,     03.12.2014 22:41:16,     -1.05,     -4.02,     106,     0.5,     1.5,     2.9,     -1.3,     85.8,     1017.1,     330.94,     252.7,     88,     -178
137,     03.12.2014 22:51:16,     -1.05,     -4.02,     95,     0.5,     1.6,     2.5,     -1.2,     86.1,     1017,     330.94,     252.7,     88,     -178
138,     03.12.2014 23:01:16,     -1.05,     0,     103,     0.3,     1.3,     2.3,     -1.2,     85.9,     1017,     330.94,     252.6,     87.8,     -177.8
139,     03.12.2014 23:11:17,     -1.05,     -2.01,     109,     0.6,     1.4,     2.5,     -1.2,     85.7,     1017.1,     330.94,     252.7,     87.9,     -177.9,     12.429,     -0.36,     87.1
140,     03.12.2014 23:21:17,     -1.05,     0,     112,     0.5,     1.2,     1.9,     -1.1,     86.1,     1017.1,     330.94,     252.7,     87.9,     -177.9
141,     03.12.2014 23:31:17,     -2.1,     -4.02,     103,     0.3,     1.2,     2.2,     -1.1,     85.6,     1017,     330.94,     252.7,     88,     -178
142,     03.12.2014 23:41:17,     -4.2,     -4.02,     110,     0.3,     1.3,     2.3,     -1.2,     84.9,     1017,     330.94,     252.6,     87.8,     -177.8
143,     03.12.2014 23:51:17,     -1.05,     -2.01,     96,     0.4,     1.4,     2.4,     -1.1,     85.5,     1016.9,     330.94,     252.6,     88,     -178
144,     04.12.2014 00:01:17,     -1.05,     -2.01,     93,     0.8,     1.9,     2.9,     -1.2,     85.6,     1016.9,     330.94,     252.5,     87.9,     -177.9,     12.408,     -0.21,     87.1