Logger: #D10248 'TSK_Meteo' - USP_EXP2 (V2.10, Jan 24 2012)
No,     Time,     #1:W/m²:0,     #2:ÂµMol:(do.),     #5:deg:2,     #6:m/sMIN:(do.),     #7:m/sMIT:(do.),     #8:m/sMAX:(do.),     #9:Â°C:(do.),     #10:%:(do.),     #11:hPa:(do.),     #12:mm:(do.),     #14:AZ:3,     #15:EL:(do.),     #16:Roll:(do.),     #HK-Bat:V,     #HK-Temp:oC,     #HK-rH:%
(GSM Transfer OK / Signal:14)
1,     13.07.2014 00:11:16,     -4.2,     -2.01,     322,     0.1,     1.1,     2.4,     13.6,     90.7,     1002.6,     134.52,     255,     88,     -177.9,     12.484,     14.15,     68.8
2,     13.07.2014 00:21:16,     -3.15,     -2.01,     314,     0.7,     1.3,     2.3,     13.6,     90.5,     1002.5,     134.52,     255.1,     88,     -178
3,     13.07.2014 00:31:16,     -4.2,     -2.01,     313,     0.1,     1.3,     2.3,     13.6,     90,     1002.5,     134.52,     255,     87.9,     -177.9
4,     13.07.2014 00:41:16,     -3.15,     -2.01,     321,     0.5,     1.3,     2.1,     13.6,     89.7,     1002.4,     134.52,     254.9,     87.9,     -177.9
5,     13.07.2014 00:51:16,     -4.2,     0,     306,     0.4,     1.4,     3,     13.6,     89.8,     1002.3,     134.52,     255.2,     87.9,     -177.9
6,     13.07.2014 01:01:16,     -4.2,     -4.02,     321,     0.2,     1.2,     2.5,     13.5,     90.4,     1002.3,     134.52,     255.1,     87.9,     -177.9
7,     13.07.2014 01:11:16,     -2.1,     0,     316,     0.2,     1.1,     2.3,     13.5,     90,     1002.3,     134.52,     255.1,     88,     -177.9,     12.522,     13.69,     70.1
8,     13.07.2014 01:21:16,     -3.15,     0,     311,     0,     1,     2,     13.4,     90.1,     1002.3,     134.52,     255.2,     87.9,     -177.8
9,     13.07.2014 01:31:16,     -4.2,     -2.01,     309,     0.1,     1.2,     2.3,     13.5,     90,     1002.3,     134.52,     255.1,     87.9,     -177.9
10,     13.07.2014 01:41:16,     -4.2,     -2.01,     315,     0,     0.7,     2,     13.6,     90.2,     1002.3,     134.52,     255,     87.8,     -177.9
11,     13.07.2014 01:51:16,     -4.2,     -2.01,     332,     0.1,     0.8,     1.7,     13.6,     90.3,     1002.3,     134.52,     255.1,     87.9,     -178
12,     13.07.2014 02:01:16,     -2.1,     -2.01,     320,     0,     0.9,     1.8,     13.5,     90.3,     1002.3,     134.52,     255.2,     88,     -178
13,     13.07.2014 02:11:16,     -3.15,     0,     296,     0.1,     1.2,     2.2,     13.5,     89.8,     1002.2,     134.52,     255.1,     87.9,     -177.9,     12.478,     13.37,     70.2
14,     13.07.2014 02:21:16,     -3.15,     0,     307,     0.8,     1.4,     2.1,     13.6,     89.9,     1002.1,     134.52,     255.1,     88,     -178.1
15,     13.07.2014 02:31:16,     -2.1,     -2.01,     313,     0,     1,     1.8,     13.7,     90,     1002.1,     134.52,     255,     87.9,     -178
16,     13.07.2014 02:41:16,     -3.15,     0,     320,     0.1,     1.1,     2,     13.7,     89.7,     1001.9,     134.52,     255.1,     87.8,     -177.9
17,     13.07.2014 02:51:16,     -3.15,     -4.02,     303,     0.2,     1.2,     2.1,     13.7,     89.6,     1001.9,     134.52,     255.1,     87.9,     -177.9
18,     13.07.2014 03:01:16,     -3.15,     -2.01,     311,     0.2,     1.3,     2.2,     13.8,     89.3,     1001.8,     134.52,     255.1,     87.8,     -177.9
19,     13.07.2014 03:11:16,     -3.15,     -2.01,     304,     0.4,     1.4,     2.2,     13.8,     89.1,     1001.7,     134.52,     255.2,     87.9,     -177.9,     12.450,     13.70,     70.1
20,     13.07.2014 03:21:16,     -2.1,     -2.01,     303,     0.5,     1.6,     2.6,     13.8,     88.7,     1001.6,     134.52,     255.2,     87.9,     -177.9
21,     13.07.2014 03:31:16,     -2.1,     -2.01,     300,     0.2,     1.6,     2.4,     13.8,     88.8,     1001.5,     134.52,     255.2,     87.8,     -177.9
22,     13.07.2014 03:41:16,     -2.1,     0,     295,     0.5,     1.5,     2.5,     13.9,     88.1,     1001.4,     134.52,     255,     87.9,     -177.9
23,     13.07.2014 03:51:16,     -1.05,     0,     276,     0.2,     1.4,     2.7,     14.1,     87.8,     1001.2,     134.52,     255.1,     87.9,     -177.9
24,     13.07.2014 04:01:16,     -1.05,     4.02,     278,     0.8,     1.7,     3,     14.1,     85.8,     1001.2,     134.52,     255.1,     88,     -178
25,     13.07.2014 04:11:16,     2.1,     10.05,     295,     0.2,     1.6,     2.6,     14,     84.7,     1001.1,     134.52,     255.2,     88,     -178,     12.429,     13.96,     70.1
26,     13.07.2014 04:21:16,     4.2,     16.08,     295,     0.3,     1.6,     2.6,     14,     84.8,     1001,     134.52,     255.2,     87.9,     -177.9
27,     13.07.2014 04:31:16,     7.35,     24.12,     294,     0.3,     1.2,     2.3,     13.9,     84.9,     1000.9,     134.52,     255.1,     87.8,     -177.9
28,     13.07.2014 04:41:16,     11.55,     32.16,     287,     0.5,     1.6,     2.9,     13.7,     84.7,     1000.8,     134.52,     255,     87.8,     -178
29,     13.07.2014 04:51:16,     18.9,     48.24,     288,     1.1,     2,     2.9,     13.6,     85.3,     1000.7,     134.52,     255.3,     87.9,     -177.9
30,     13.07.2014 05:01:16,     29.4,     64.32,     294,     1,     2,     2.9,     13.6,     86.8,     1000.7,     134.52,     255.2,     87.8,     -177.9
31,     13.07.2014 05:11:16,     35.7,     78.39,     292,     0.6,     2.2,     3.3,     13.6,     86.2,     1000.7,     134.52,     255,     88,     -178,     12.552,     13.93,     70.2
32,     13.07.2014 05:21:16,     39.9,     86.43,     288,     0.9,     2.2,     3.4,     13.6,     86.2,     1000.7,     134.52,     255.3,     88,     -178
33,     13.07.2014 05:31:16,     51.45,     110.55,     294,     0.7,     1.6,     2.7,     13.6,     86.4,     1000.7,     134.52,     255.2,     87.9,     -177.9
34,     13.07.2014 05:41:16,     52.5,     116.58,     288,     0.5,     1.6,     2.8,     13.7,     85.9,     1000.6,     134.52,     255.2,     88,     -178
35,     13.07.2014 05:51:16,     68.25,     148.74,     271,     1.3,     2.3,     4,     13.9,     83.5,     1000.6,     134.52,     255.2,     87.9,     -177.8
36,     13.07.2014 06:01:16,     89.25,     186.93,     278,     0.7,     2.5,     3.7,     14,     82.4,     1000.5,     134.52,     255.2,     87.8,     -177.9
37,     13.07.2014 06:11:16,     120.75,     245.22,     295,     0.2,     1.7,     3.4,     14.3,     83.1,     1000.5,     134.52,     255.4,     88,     -178,     13.264,     14.49,     70.2
38,     13.07.2014 06:21:16,     261.45,     480.39,     275,     0.8,     2.4,     3.6,     14.3,     82.6,     1000.4,     134.52,     255.4,     87.9,     -177.9
39,     13.07.2014 06:31:16,     222.6,     438.18,     269,     1.5,     2.8,     4.2,     14.6,     81.1,     1000.3,     134.52,     255.3,     87.9,     -178
40,     13.07.2014 06:41:16,     246.75,     488.43,     273,     1.1,     2.4,     4,     15,     83,     1000.2,     134.52,     255.6,     87.8,     -177.9
41,     13.07.2014 06:51:16,     172.2,     349.74,     284,     0.6,     2.5,     4.4,     15.4,     78.7,     1000.1,     134.52,     255.6,     87.9,     -177.9
42,     13.07.2014 07:01:16,     222.6,     448.23,     281,     1,     2.9,     5.4,     15.7,     79,     1000.1,     134.52,     255.4,     87.9,     -177.9
43,     13.07.2014 07:11:17,     375.9,     741.69,     275,     1.7,     3.5,     6,     15.9,     77,     1000,     134.52,     255.9,     87.7,     -177.8,     13.313,     18.55,     69.7
44,     13.07.2014 07:21:17,     313.95,     625.11,     281,     1.6,     3.9,     7,     16,     75.4,     1000,     134.52,     255.6,     87.9,     -178
45,     13.07.2014 07:31:17,     355.95,     693.45,     279,     1.7,     3.5,     5.9,     16.1,     73.5,     999.9,     134.52,     255.6,     87.9,     -178
46,     13.07.2014 07:41:17,     205.8,     430.14,     264,     1.3,     3.3,     5.5,     15.8,     73.1,     999.9,     134.52,     255.6,     87.9,     -177.9
47,     13.07.2014 07:51:17,     534.45,     1035.15,     261,     1.4,     3,     5.4,     15.8,     71.8,     999.8,     134.52,     255.6,     88,     -177.9
48,     13.07.2014 08:01:17,     560.7,     1073.34,     255,     0.7,     2.8,     4.6,     16,     74,     999.7,     134.52,     255.6,     87.8,     -177.9
49,     13.07.2014 08:11:16,     570.15,     1095.45,     253,     1.4,     3.2,     4.8,     16.3,     72.6,     999.7,     134.52,     255.9,     88,     -178,     13.317,     23.04,     69.0
50,     13.07.2014 08:21:16,     568.05,     1089.42,     269,     1.8,     3.9,     7.4,     16.7,     70.3,     999.6,     134.52,     256.1,     87.8,     -177.8
51,     13.07.2014 08:31:16,     560.7,     1081.38,     273,     2.1,     4.6,     7.9,     16.7,     72,     999.6,     134.52,     255.9,     88.1,     -178.1
52,     13.07.2014 08:41:16,     607.95,     1179.87,     278,     1.5,     4.1,     7.6,     16.7,     70.3,     999.6,     134.52,     256,     87.8,     -177.8
53,     13.07.2014 08:51:16,     523.95,     1037.16,     275,     2.6,     4.8,     7.6,     16.8,     68.9,     999.5,     134.52,     256.1,     88,     -178
54,     13.07.2014 09:01:16,     615.3,     1250.22,     281,     2,     3.9,     6.4,     17.2,     68.4,     999.4,     134.52,     76.3,     87.9,     -2
55,     13.07.2014 09:11:16,     712.95,     1286.4,     262,     0.7,     3.2,     5.4,     17.4,     66,     999.3,     134.52,     255.5,     87.8,     -177.9,     13.201,     25.34,     67.5
56,     13.07.2014 09:21:16,     882,     1676.34,     268,     1.4,     3.9,     8,     17.8,     65.8,     999.3,     134.52,     255.8,     87.8,     -177.9
57,     13.07.2014 09:31:16,     363.3,     739.68,     276,     2.4,     4.8,     7.6,     17.5,     67.2,     999.3,     134.52,     256.3,     87.8,     -177.8
58,     13.07.2014 09:41:16,     338.1,     687.42,     263,     2.1,     4.2,     6.3,     17.4,     68.6,     999.2,     134.52,     256.1,     87.9,     -178
59,     13.07.2014 09:51:16,     913.5,     1788.9,     269,     0.8,     4,     7.1,     17.6,     67.6,     999.3,     134.52,     255.9,     87.9,     -177.9
60,     13.07.2014 10:01:16,     807.45,     1593.93,     265,     2.2,     4.4,     7.7,     17.7,     62.7,     999.2,     134.52,     255.5,     87.9,     -177.9
61,     13.07.2014 10:11:27,     835.8,     1650.21,     268,     1,     3.7,     6.3,     18.1,     60.3,     999.1,     134.52,     256.2,     88,     -177.9,     13.114,     25.34,     67.2
62,     13.07.2014 10:21:27,     926.1,     1831.11,     269,     1.9,     3.8,     6.8,     18.2,     62.5,     999,     134.52,     255.6,     87.9,     -177.9
63,     13.07.2014 10:31:27,     551.25,     1111.53,     319,     1,     3.6,     6.2,     18.6,     57.5,     999,     134.52,     255.8,     87.8,     -177.8
64,     13.07.2014 10:41:27,     486.15,     990.93,     315,     1.5,     4,     6.5,     18.4,     56.5,     999.1,     134.52,     (NO REPLY),     (NO REPLY),     (NO REPLY)
65,     13.07.2014 10:51:27,     473.55,     966.81,     306,     1.7,     4.1,     7.3,     18.4,     53.2,     999.1,     134.52,     255.8,     88,     -178.1
66,     13.07.2014 11:01:27,     628.95,     1264.29,     301,     1.8,     4.2,     6.6,     18.2,     56.6,     999,     134.52,     255.6,     88,     -177.9
67,     13.07.2014 11:11:16,     1135.05,     2249.19,     309,     1.6,     3.6,     6.6,     18.2,     53.1,     999,     134.52,     255.8,     87.8,     -177.9,     13.088,     25.01,     67.2
68,     13.07.2014 11:21:16,     1010.1,     2018.04,     302,     1.6,     3.7,     7,     18.3,     53.3,     998.9,     134.52,     256,     87.8,     -177.8
69,     13.07.2014 11:31:16,     299.25,     621.09,     304,     1.5,     4.1,     6.5,     18.2,     52.1,     998.9,     134.52,     76.7,     87.6,     -2.2
70,     13.07.2014 11:41:16,     214.2,     446.22,     291,     2.3,     3.7,     5.9,     18.1,     58.2,     998.8,     134.52,     255.9,     87.8,     -177.8
71,     13.07.2014 11:51:16,     170.1,     349.74,     288,     1.8,     3.9,     7.5,     17.7,     62.5,     998.8,     134.52,     255.9,     87.9,     -177.9
72,     13.07.2014 12:01:16,     156.45,     327.63,     279,     1.3,     2.8,     4.8,     17.6,     62.6,     998.8,     134.52,     255.5,     87.8,     -177.9
73,     13.07.2014 12:11:16,     210,     444.21,     261,     0.9,     2.9,     4.5,     17.7,     64.3,     998.7,     134.52,     255.6,     88,     -178,     13.597,     22.95,     68.1
74,     13.07.2014 12:21:16,     276.15,     578.88,     277,     0.4,     2.9,     4.7,     17.8,     66.4,     998.5,     134.52,     256.2,     87.9,     -177.9
75,     13.07.2014 12:31:16,     250.95,     518.58,     259,     1.3,     3.5,     7.5,     17.9,     67,     998.5,     134.52,     256.4,     87.9,     -177.9
76,     13.07.2014 12:41:16,     269.85,     564.81,     252,     2.8,     4.9,     8.1,     17.8,     71,     998.5,     134.52,     76,     87.6,     -2.2
77,     13.07.2014 12:51:16,     208.95,     428.13,     252,     1.7,     5.1,     7.5,     17.6,     71,     998.5,     134.52,     76.3,     87.7,     -2.2
78,     13.07.2014 13:01:16,     241.5,     504.51,     263,     2.8,     4.3,     7.4,     17.4,     72.3,     998.5,     134.52,     255.6,     88,     -178.1
79,     13.07.2014 13:11:16,     212.1,     446.22,     269,     2,     4.1,     7.3,     17.3,     73.6,     998.6,     134.52,     255.9,     88,     -178,     13.394,     21.57,     68.6
80,     13.07.2014 13:21:16,     274.05,     576.87,     265,     2.4,     4.4,     6.8,     17.1,     72.8,     998.6,     134.52,     255.5,     88,     -178
81,     13.07.2014 13:31:16,     294,     617.07,     272,     1.7,     3.9,     6.5,     17.2,     73.7,     998.6,     134.52,     256.1,     87.9,     -178
82,     13.07.2014 13:41:16,     281.4,     588.93,     263,     1.8,     3.6,     6.7,     17.3,     74.5,     998.6,     134.52,     256.3,     87.9,     -177.9
83,     13.07.2014 13:51:16,     304.5,     639.18,     266,     1.1,     3.1,     5,     17.6,     71.2,     998.6,     134.52,     255.7,     87.9,     -177.9
84,     13.07.2014 14:01:16,     277.2,     578.88,     264,     0.3,     3.4,     5.6,     17.9,     71,     998.6,     134.52,     256,     87.9,     -177.9
85,     13.07.2014 14:11:16,     280.35,     584.91,     271,     0.3,     3.1,     5.7,     18.2,     68.6,     998.6,     134.52,     255.6,     87.9,     -177.9,     13.415,     21.33,     68.5
86,     13.07.2014 14:21:16,     323.4,     675.36,     271,     0.6,     2.6,     4.8,     18.1,     69.4,     998.5,     134.52,     255.5,     88,     -178
87,     13.07.2014 14:31:16,     284.55,     596.97,     277,     0.3,     3.2,     7.4,     18.4,     60,     998.5,     134.52,     255.7,     87.9,     -177.9
88,     13.07.2014 14:41:16,     257.25,     540.69,     294,     1.9,     4.9,     8,     18.5,     61.5,     998.5,     134.52,     255.7,     88,     -178.1
89,     13.07.2014 14:51:16,     246.75,     520.59,     298,     1.2,     4,     8,     18.4,     60.6,     998.5,     134.52,     255.6,     87.9,     -178
90,     13.07.2014 15:01:16,     221.55,     466.32,     279,     2,     4.3,     7.8,     18.3,     64.6,     998.6,     134.52,     255.9,     88.1,     -178.1
91,     13.07.2014 15:11:16,     201.6,     426.12,     292,     1.1,     3.3,     5.9,     18.4,     64.6,     998.6,     134.52,     255.7,     87.9,     -177.9,     13.336,     21.61,     68.4
92,     13.07.2014 15:21:16,     186.9,     404.01,     278,     1.4,     3.6,     5.8,     18.1,     66.6,     998.6,     134.53,     255.6,     88,     -177.9
93,     13.07.2014 15:31:16,     326.55,     671.34,     270,     1.6,     3.4,     5.4,     18.1,     67.9,     998.5,     134.53,     255.6,     87.8,     -177.8
94,     13.07.2014 15:41:16,     263.55,     556.77,     265,     0.7,     3,     4.8,     18.3,     68.4,     998.4,     134.53,     255.6,     87.9,     -177.9
95,     13.07.2014 15:51:16,     246.75,     516.57,     269,     1.3,     2.6,     4.3,     18.5,     66.6,     998.3,     134.53,     255.4,     87.9,     -177.9
96,     13.07.2014 16:01:16,     250.95,     518.58,     272,     0.8,     2.9,     5.9,     18.6,     64.3,     998.2,     134.53,     255.5,     87.9,     -177.9
97,     13.07.2014 16:11:16,     292.95,     596.97,     266,     0.7,     2.8,     5.4,     18.8,     59.7,     998.2,     134.53,     255.7,     87.9,     -177.9,     13.313,     21.57,     68.5
98,     13.07.2014 16:21:16,     346.5,     695.46,     281,     0.3,     2.9,     5.5,     19,     55.2,     998.2,     134.53,     255.6,     87.7,     -177.7
99,     13.07.2014 16:31:16,     319.2,     643.2,     271,     1.7,     3.3,     5,     19,     58.1,     998.3,     134.53,     255.9,     87.9,     -177.9
100,     13.07.2014 16:41:16,     222.6,     452.25,     260,     1.1,     3.4,     5.8,     19.1,     56,     998.3,     134.53,     255.9,     87.8,     -177.8
101,     13.07.2014 16:51:16,     258.3,     512.55,     261,     0.4,     2.4,     4.6,     19,     51.1,     998,     134.53,     255.4,     88,     -178
102,     13.07.2014 17:01:16,     606.9,     1129.62,     270,     0.7,     1.9,     3.8,     19.4,     52.4,     998,     134.53,     255.4,     88,     -178
103,     13.07.2014 17:11:16,     427.35,     816.06,     248,     0.1,     1.7,     4.3,     19.7,     50.6,     997.8,     134.53,     255.3,     88,     -177.9,     13.457,     23.11,     67.6
104,     13.07.2014 17:21:16,     199.5,     410.04,     227,     0.2,     2.5,     5.8,     20,     51.7,     997.8,     134.53,     76.2,     87.9,     -2
105,     13.07.2014 17:31:16,     205.8,     420.09,     252,     1.8,     3.6,     6.1,     19.7,     51.6,     997.8,     134.53,     76,     88,     -1.9
106,     13.07.2014 17:41:16,     397.95,     725.61,     246,     1.9,     3.5,     5.4,     19.7,     52.9,     997.8,     134.53,     255.7,     88,     -178
107,     13.07.2014 17:51:16,     329.7,     586.92,     227,     2,     3.6,     5.4,     19.6,     51.9,     998,     134.53,     75.7,     88,     -1.9
108,     13.07.2014 18:01:16,     78.75,     180.9,     237,     0.9,     3.8,     6.7,     19.9,     54.3,     998,     134.53,     255.7,     87.8,     -177.8
109,     13.07.2014 18:11:16,     87.15,     201,     248,     1.5,     3.8,     7,     19.9,     56.2,     997.9,     134.53,     75.9,     88,     -1.9,     13.451,     23.79,     67.2
110,     13.07.2014 18:21:16,     250.95,     448.23,     255,     2,     4.4,     7.7,     19.8,     57.3,     997.9,     134.53,     256.5,     88.1,     -178.1
111,     13.07.2014 18:31:16,     232.05,     426.12,     263,     2.1,     4,     7.1,     19.9,     55.9,     997.9,     134.53,     75.8,     88.2,     -1.6
112,     13.07.2014 18:41:16,     222.6,     377.88,     260,     1.6,     3.7,     6,     20,     58,     997.9,     134.53,     76,     87.9,     -1.9
113,     13.07.2014 18:51:16,     112.35,     221.1,     256,     0.8,     3.8,     6.4,     20,     59.3,     997.9,     134.53,     255.4,     87.9,     -178
114,     13.07.2014 19:01:16,     164.85,     233.16,     244,     1.4,     3.7,     6.4,     19.9,     56,     997.9,     134.53,     255.5,     88.1,     -178.1
115,     13.07.2014 19:11:16,     39.9,     96.48,     248,     1.9,     3.3,     5.2,     19.8,     56.7,     997.9,     134.53,     76,     88,     -1.9,     13.470,     23.35,     67.7
116,     13.07.2014 19:21:16,     40.95,     92.46,     250,     1.3,     2.8,     4.2,     19.7,     57.2,     997.8,     134.53,     76,     87.9,     -2.1
117,     13.07.2014 19:31:16,     54.6,     110.55,     244,     1.3,     2.2,     3.4,     19.4,     60.1,     997.8,     134.53,     255.2,     88,     -177.9
118,     13.07.2014 19:41:16,     26.25,     56.28,     242,     1,     2,     4.7,     19.3,     60.6,     997.8,     134.53,     255.8,     88,     -178
119,     13.07.2014 19:51:16,     15.75,     36.18,     248,     3.7,     7.3,     12.9,     17.8,     67.3,     998.3,     134.53,     256.9,     87.7,     -177.7
120,     13.07.2014 20:01:16,     4.2,     16.08,     254,     4.4,     7.6,     12.1,     15.8,     78.6,     998.4,     135.09,     256.1,     87.3,     -178.2
121,     13.07.2014 20:11:16,     4.2,     8.04,     248,     2.3,     5.1,     8.7,     15.1,     83.8,     998.6,     135.52,     75.9,     88.2,     -1.7,     12.779,     19.93,     69.3
122,     13.07.2014 20:21:16,     -1.05,     4.02,     234,     2.2,     3.8,     7.2,     14.8,     84,     998.5,     135.97,     255.7,     88,     -178
123,     13.07.2014 20:31:16,     0,     2.01,     224,     1.7,     3.2,     5,     14.5,     84.2,     998.5,     136.19,     255.3,     87.9,     -177.9
124,     13.07.2014 20:41:16,     -1.05,     0,     207,     1.1,     2.5,     4.5,     14.5,     86,     998.4,     136.28,     255.2,     87.9,     -177.9
125,     13.07.2014 20:51:16,     -2.1,     -2.01,     207,     1.3,     2.2,     3.5,     14.7,     87.8,     998.3,     136.28,     255,     87.9,     -177.9
126,     13.07.2014 21:01:16,     -1.05,     -2.01,     197,     1.4,     2.5,     3.8,     14.8,     87.7,     998.2,     136.28,     254.9,     87.9,     -177.9
127,     13.07.2014 21:11:22,     -2.1,     -2.01,     210,     1.1,     2.2,     3.4,     14.8,     88,     998.4,     136.28,     255,     88,     -178,     12.677,     16.29,     70.2
128,     13.07.2014 21:21:22,     -2.1,     -2.01,     210,     1.1,     2.1,     4.1,     14.8,     87.6,     998.3,     136.28,     255.1,     87.9,     -178
129,     13.07.2014 21:31:22,     -3.15,     -4.02,     213,     1.2,     2,     3.1,     14.8,     88.2,     998.2,     136.28,     255.2,     87.9,     -177.9
130,     13.07.2014 21:41:22,     -4.2,     -2.01,     212,     1.1,     2,     3.1,     14.7,     88.5,     998.1,     136.28,     255.1,     87.9,     -177.9
131,     13.07.2014 21:51:22,     -2.1,     0,     221,     0.7,     1.9,     3,     14.7,     88.1,     998.1,     136.28,     255.1,     88,     -178
132,     13.07.2014 22:01:22,     -1.05,     0,     227,     0.8,     2,     3.6,     14.6,     86.8,     998.1,     136.28,     255.2,     87.8,     -177.9
133,     13.07.2014 22:11:22,     -1.05,     -2.01,     237,     1.2,     2.3,     3.7,     14.6,     86.6,     998.3,     136.28,     255.1,     87.9,     -177.9,     12.645,     15.10,     70.2
134,     13.07.2014 22:21:22,     -3.15,     -4.02,     229,     1.2,     2.4,     4.1,     14.5,     85.9,     998.2,     136.28,     255.2,     88,     -178
135,     13.07.2014 22:31:22,     -1.05,     -2.01,     221,     1.2,     2.3,     3.6,     14.5,     86.5,     998.2,     136.28,     255,     87.9,     -178
136,     13.07.2014 22:41:22,     -1.05,     -2.01,     224,     1.1,     2.4,     3.8,     14.6,     87.1,     998.2,     136.28,     255.2,     87.9,     -177.9
137,     13.07.2014 22:51:22,     -1.05,     -2.01,     233,     1.1,     2.3,     3.8,     14.8,     86.6,     998.2,     136.28,     255,     87.9,     -177.9
138,     13.07.2014 23:01:22,     -2.1,     -4.02,     238,     1.3,     2.3,     3.9,     14.8,     86.8,     998.3,     136.32,     255.2,     87.9,     -177.9
139,     13.07.2014 23:11:22,     -3.15,     -2.01,     257,     0.9,     2.4,     4.2,     15.1,     87.1,     998.3,     136.64,     255.2,     88,     -178,     12.601,     14.87,     70.2
140,     13.07.2014 23:21:22,     -3.15,     -4.02,     247,     0.3,     3,     5.5,     15,     87.4,     998.3,     136.94,     255.3,     87.9,     -177.9
141,     13.07.2014 23:31:22,     -2.1,     -2.01,     246,     0.6,     2.6,     4.1,     14.9,     87.8,     998.3,     137.15,     255.2,     87.9,     -177.9
142,     13.07.2014 23:41:22,     -3.15,     -2.01,     242,     1.1,     2.7,     4.3,     14.9,     88.3,     998.1,     137.46,     255.2,     87.9,     -177.9
143,     13.07.2014 23:51:22,     -1.05,     0,     227,     1.4,     2.6,     4.1,     14.9,     89.2,     998,     137.63,     255.1,     87.9,     -178
144,     14.07.2014 00:01:16,     -2.1,     -2.01,     216,     1.6,     2.7,     4,     14.8,     89.4,     997.9,     137.7,     255.2,     88,     -178,     12.480,     15.17,     70.0