Logger: #D10248 'TSK_Meteo' - USP_EXP2 (V2.10, Jan 24 2012)
No,     Time,     #1:W/m²:0,     #2:ÂµMol:(do.),     #5:deg:2,     #6:m/sMIN:(do.),     #7:m/sMIT:(do.),     #8:m/sMAX:(do.),     #9:Â°C:(do.),     #10:%:(do.),     #11:hPa:(do.),     #12:mm:(do.),     #14:AZ:3,     #15:EL:(do.),     #16:Roll:(do.),     #HK-Bat:V,     #HK-Temp:oC,     #HK-rH:%
(GSM Transfer OK / Signal:17)
1,     04.02.2015 00:11:37,     -1.05,     0,     353,     1.1,     2.1,     4.2,     -1.7,     90.2,     997.6,     432.37,     73.1,     87.9,     -2,     12.374,     -0.37,     90.9
2,     04.02.2015 00:21:18,     -2.1,     -2.01,     354,     1.2,     2.1,     4.1,     -1.7,     90.3,     997.7,     432.37,     73.1,     87.9,     -2,     12.266,     -0.65,     92.1
3,     04.02.2015 00:31:18,     -1.05,     -2.01,     349,     1,     1.8,     4.1,     -1.7,     90.3,     997.8,     432.37,     73.2,     88,     -1.9
4,     04.02.2015 00:41:18,     -2.1,     -4.02,     349,     1.1,     1.9,     4.3,     -1.6,     90.2,     997.8,     432.37,     73.1,     88,     -1.9
5,     04.02.2015 00:51:18,     -2.1,     -2.01,     354,     1,     1.9,     3.7,     -1.6,     90,     997.8,     432.37,     73.4,     88,     -1.9
6,     04.02.2015 01:01:18,     -1.05,     -2.01,     334,     1.2,     2.6,     4.9,     -1.7,     89.8,     997.9,     432.37,     73.2,     88.1,     -1.8
7,     04.02.2015 01:11:18,     -1.05,     0,     338,     0.8,     2.1,     4.4,     -1.6,     90.1,     997.9,     432.37,     73,     88,     -1.9
8,     04.02.2015 01:21:16,     -1.05,     0,     350,     1.2,     2.1,     3.3,     -1.5,     90,     997.9,     432.37,     73.4,     87.9,     -2,     12.361,     -0.94,     93.0
9,     04.02.2015 01:31:16,     -1.05,     -2.01,     358,     1.1,     2.1,     3.3,     -1.4,     89.9,     998,     432.37,     73,     88,     -1.9
10,     04.02.2015 01:41:16,     -1.05,     0,     2,     0.9,     2.1,     3.5,     -1.4,     89.5,     998,     432.37,     73,     87.9,     -2
11,     04.02.2015 01:51:16,     -1.05,     -2.01,     358,     1.5,     2.3,     3.5,     -1.4,     89,     998.2,     432.37,     73.3,     87.9,     -2
12,     04.02.2015 02:01:16,     -1.05,     -2.01,     358,     1.8,     2.8,     4.4,     -1.4,     88,     998.3,     432.37,     252.9,     88,     -178
13,     04.02.2015 02:11:16,     -2.1,     -2.01,     2,     2.2,     3.3,     5.1,     -1.4,     86.1,     998.4,     432.37,     73,     87.9,     -2
14,     04.02.2015 02:21:16,     -2.1,     -2.01,     5,     2,     3.3,     5.1,     -1.3,     84,     998.5,     432.37,     253,     87.9,     -177.9,     12.353,     -0.77,     93.1
15,     04.02.2015 02:31:16,     -1.05,     0,     2,     2.4,     3.3,     4.7,     -1.2,     82.4,     998.6,     432.37,     252.5,     87.8,     -177.8
16,     04.02.2015 02:41:16,     -2.1,     -2.01,     4,     2.2,     3.2,     5,     -1.3,     81,     998.6,     432.37,     253,     87.8,     -177.8
17,     04.02.2015 02:51:16,     -2.1,     -2.01,     3,     2.1,     3.1,     4.6,     -1.2,     79.1,     998.6,     432.37,     73,     87.7,     -2.2
18,     04.02.2015 03:01:16,     -1.05,     -2.01,     353,     1.4,     2.7,     4.9,     -1.2,     79.5,     998.7,     432.37,     253.1,     88.1,     -178.1
19,     04.02.2015 03:11:16,     -2.1,     0,     355,     1.2,     2.3,     3.4,     -1.2,     80.5,     998.7,     432.37,     73,     88,     -1.8
20,     04.02.2015 03:21:16,     -2.1,     -4.02,     353,     1.7,     2.7,     4.4,     -1.2,     80.3,     998.7,     432.37,     73.3,     87.9,     -2,     13.835,     -0.71,     93.0
21,     04.02.2015 03:31:16,     -1.05,     0,     353,     1.4,     3,     5.2,     -1.3,     79.7,     998.8,     432.37,     72.8,     88,     -1.9
22,     04.02.2015 03:41:16,     -2.1,     -2.01,     345,     2.3,     3.6,     5.7,     -1.2,     79,     998.8,     432.37,     73.4,     88.3,     -1.6
23,     04.02.2015 03:51:16,     -1.05,     -2.01,     350,     1.5,     2.9,     5.3,     -1.3,     81.2,     998.9,     432.37,     253.1,     88.1,     -178.1
24,     04.02.2015 04:01:16,     -1.05,     -2.01,     341,     1.5,     2.6,     5.4,     -1.3,     80.4,     998.9,     432.37,     73.1,     88,     -1.9
25,     04.02.2015 04:11:16,     -2.1,     -2.01,     346,     1.4,     2.3,     4.1,     -1.3,     81.6,     999,     432.37,     73.2,     88,     -1.9
26,     04.02.2015 04:21:16,     -2.1,     -2.01,     341,     1.3,     2.4,     5.2,     -1.4,     82.2,     999.1,     432.37,     73.1,     88,     -1.9,     12.917,     -0.75,     93.0
27,     04.02.2015 04:31:16,     -1.05,     -2.01,     347,     1.7,     2.9,     4.7,     -1.3,     81,     999.2,     432.37,     73.3,     88,     -1.9
28,     04.02.2015 04:41:16,     -1.05,     0,     351,     2,     3.2,     4.9,     -1.2,     79.5,     999.3,     432.37,     73.2,     88.1,     -1.8
29,     04.02.2015 04:51:16,     -2.1,     -2.01,     357,     1.4,     2.8,     5,     -1.2,     79.9,     999.4,     432.37,     73.2,     87.7,     -2.2
30,     04.02.2015 05:01:16,     -2.1,     -2.01,     352,     1.1,     1.8,     3.3,     -1.2,     80.2,     999.5,     432.37,     73.1,     88,     -1.9
31,     04.02.2015 05:11:16,     -1.05,     -2.01,     341,     1.3,     2,     4.5,     -1.3,     80.6,     999.7,     432.37,     73.2,     88,     -1.9
32,     04.02.2015 05:21:17,     -2.1,     -2.01,     337,     1.2,     2.6,     5.3,     -1.4,     81.7,     999.7,     432.37,     73.6,     88.1,     -1.8,     12.580,     -0.79,     93.0
33,     04.02.2015 05:31:17,     -2.1,     -2.01,     342,     1.3,     2.5,     5.1,     -1.3,     81.8,     999.8,     432.37,     73.1,     88.1,     -1.8
34,     04.02.2015 05:41:17,     -1.05,     -2.01,     338,     1,     2.2,     4.7,     -1.4,     82.5,     999.8,     432.37,     73.2,     88,     -1.9
35,     04.02.2015 05:51:17,     -2.1,     -2.01,     338,     1,     2.1,     4.5,     -1.4,     82.8,     999.9,     432.37,     73,     87.9,     -1.9
36,     04.02.2015 06:01:17,     -2.1,     0,     339,     0.8,     2,     4.2,     -1.4,     82.9,     1000,     432.37,     73.3,     88,     -1.9
37,     04.02.2015 06:11:17,     -2.1,     -4.02,     339,     0.6,     1.8,     4.6,     -1.5,     82.6,     1000.1,     432.37,     73.1,     88,     -1.9
38,     04.02.2015 06:21:17,     -2.1,     0,     343,     0.7,     1.7,     3.7,     -1.5,     82.6,     1000.1,     432.37,     73.2,     88,     -1.9,     12.446,     -0.88,     93.1
39,     04.02.2015 06:31:17,     -1.05,     0,     348,     0.8,     1.6,     3.7,     -1.4,     80.8,     1000.1,     432.37,     73.1,     87.9,     -2
40,     04.02.2015 06:41:17,     -2.1,     -2.01,     345,     1.1,     1.9,     4.3,     -1.3,     81.1,     1000.2,     432.37,     73.2,     87.9,     -2
41,     04.02.2015 06:51:17,     -1.05,     0,     339,     1.1,     2.1,     4.6,     -1.4,     82,     1000.3,     432.37,     73,     88,     -1.9
42,     04.02.2015 07:01:17,     -2.1,     -2.01,     337,     0.5,     1.5,     4.1,     -1.5,     82.6,     1000.3,     432.37,     73.1,     88,     -1.9
43,     04.02.2015 07:11:17,     -2.1,     0,     350,     0.2,     1.1,     4,     -1.3,     82.4,     1000.4,     432.37,     73.1,     87.9,     -2
44,     04.02.2015 07:21:16,     -1.05,     0,     342,     0.9,     1.8,     4.2,     -1.4,     83.2,     1000.6,     432.37,     73,     88,     -1.9,     12.359,     -0.98,     93.1
45,     04.02.2015 07:31:16,     0,     0,     341,     1,     2,     4.5,     -1.4,     83.9,     1000.7,     432.37,     72.9,     88,     -1.9
46,     04.02.2015 07:41:16,     -1.05,     0,     339,     1.2,     2.2,     4.5,     -1.4,     83.5,     1000.8,     432.37,     73,     88,     -1.9
47,     04.02.2015 07:51:16,     0,     2.01,     336,     1.2,     2.5,     5.2,     -1.4,     83.6,     1000.9,     432.37,     73,     87.9,     -2
48,     04.02.2015 08:01:16,     2.1,     8.04,     337,     1.3,     2.5,     5.4,     -1.4,     83.5,     1000.9,     432.37,     73.1,     87.9,     -2
49,     04.02.2015 08:11:16,     5.25,     14.07,     339,     1.3,     2.8,     6.2,     -1.5,     83.6,     1001,     432.37,     253.6,     88,     -178
50,     04.02.2015 08:21:16,     7.35,     18.09,     337,     1.2,     3,     6.2,     -1.6,     86.6,     1001.1,     432.37,     253.4,     87.9,     -177.9,     12.953,     -0.85,     93.1
51,     04.02.2015 08:31:16,     10.5,     22.11,     330,     1.2,     2.7,     5.4,     -1.6,     87.9,     1001.2,     432.37,     73.1,     88,     -1.9
52,     04.02.2015 08:41:16,     17.85,     40.2,     325,     1,     2.8,     4.9,     -1.7,     88.4,     1001.2,     432.37,     73.1,     87.9,     -2
53,     04.02.2015 08:51:16,     25.2,     52.26,     323,     0.5,     1.9,     4,     -1.7,     88.8,     1001.3,     432.37,     73.1,     87.9,     -1.9
54,     04.02.2015 09:01:16,     43.05,     88.44,     331,     0.4,     1.5,     3.7,     -1.6,     89.2,     1001.3,     432.37,     73.2,     87.9,     -2
55,     04.02.2015 09:11:16,     47.25,     94.47,     322,     0.8,     1.7,     3.7,     -1.6,     89.1,     1001.3,     432.37,     73.1,     88,     -1.9
56,     04.02.2015 09:21:16,     45.15,     94.47,     334,     0.8,     1.9,     4.6,     -1.7,     89.1,     1001.5,     432.37,     73.2,     88,     -1.9,     12.722,     -0.61,     93.1
57,     04.02.2015 09:31:16,     42,     94.47,     336,     0.7,     1.6,     3.8,     -1.7,     88.7,     1001.6,     432.37,     73.1,     87.9,     -1.9
58,     04.02.2015 09:41:16,     74.55,     148.74,     330,     0.2,     1.7,     4.4,     -1.6,     88.6,     1001.7,     432.37,     73.1,     88,     -1.9
59,     04.02.2015 09:51:16,     107.1,     207.03,     328,     0.5,     1.7,     3.7,     -1.3,     87.9,     1001.8,     432.37,     73.2,     88,     -1.9
60,     04.02.2015 10:01:16,     97.65,     192.96,     338,     0.6,     1.3,     2.1,     -1.2,     87.1,     1001.9,     432.37,     73.3,     87.9,     -2
61,     04.02.2015 10:11:16,     109.2,     219.09,     333,     0.8,     1.5,     2.6,     -1.1,     86.6,     1002,     432.37,     73.3,     88,     -2
62,     04.02.2015 10:21:16,     71.4,     148.74,     336,     1.1,     1.9,     3.1,     -1,     87.3,     1002.1,     432.37,     73.2,     88,     -1.9,     12.834,     0.34,     93.1
63,     04.02.2015 10:31:16,     162.75,     327.63,     341,     0.8,     1.8,     3,     -0.9,     87,     1002.2,     432.37,     73.2,     88,     -1.9
64,     04.02.2015 10:41:16,     107.1,     221.1,     354,     1,     2,     3.1,     -0.8,     85.3,     1002.2,     432.37,     73.3,     88,     -1.9
65,     04.02.2015 10:51:16,     64.05,     142.71,     344,     1.2,     1.9,     2.9,     -0.7,     85.8,     1002.4,     432.37,     73.4,     88,     -1.9
66,     04.02.2015 11:01:16,     107.1,     221.1,     329,     1,     1.8,     2.8,     -0.8,     86.4,     1002.5,     432.37,     73.2,     87.9,     -2
67,     04.02.2015 11:11:16,     199.5,     389.94,     330,     1.1,     1.9,     2.8,     -0.9,     86.2,     1002.5,     432.37,     73.5,     87.9,     -2
68,     04.02.2015 11:21:16,     184.8,     363.81,     319,     0.6,     1.6,     2.7,     -0.7,     85.8,     1002.6,     432.37,     73.4,     88,     -2,     14.435,     1.41,     93.0
69,     04.02.2015 11:31:16,     189,     377.88,     309,     1,     2.1,     3,     -0.7,     84.9,     1002.7,     432.37,     73.3,     88,     -1.9
70,     04.02.2015 11:41:16,     152.25,     309.54,     304,     1.2,     2.1,     3.2,     -0.6,     84.5,     1002.9,     432.37,     73.4,     88,     -1.9
71,     04.02.2015 11:51:16,     141.75,     289.44,     315,     1,     2,     3.4,     -0.6,     84.6,     1002.9,     432.37,     73.4,     88,     -1.9
72,     04.02.2015 12:01:16,     168,     339.69,     339,     0.9,     1.9,     3.4,     -0.5,     84.4,     1002.9,     432.37,     73.3,     88,     -1.9
73,     04.02.2015 12:11:16,     127.05,     261.3,     333,     1,     1.8,     3,     -0.4,     84.1,     1003,     432.37,     73.3,     88,     -2
74,     04.02.2015 12:21:16,     120.75,     249.24,     335,     0.8,     1.7,     3,     -0.4,     84.2,     1003.1,     432.37,     73.2,     88,     -1.9,     13.160,     2.29,     92.5
75,     04.02.2015 12:31:16,     134.4,     279.39,     340,     0.7,     1.8,     3.3,     -0.4,     83.8,     1003.2,     432.37,     73.4,     87.9,     -1.9
76,     04.02.2015 12:41:16,     84,     176.88,     344,     0.8,     1.8,     3,     -0.4,     83.4,     1003.3,     432.37,     73.5,     88,     -1.9
77,     04.02.2015 12:51:16,     105,     219.09,     344,     1,     2.3,     5,     -0.4,     83.6,     1003.4,     432.38,     73.5,     88,     -1.9
78,     04.02.2015 13:01:16,     108.15,     227.13,     347,     1,     1.8,     2.9,     -0.4,     83.2,     1003.5,     432.38,     73.4,     88,     -1.9
79,     04.02.2015 13:11:16,     115.5,     243.21,     355,     1,     1.9,     3.3,     -0.3,     81.8,     1003.6,     432.38,     73.2,     87.8,     -2
80,     04.02.2015 13:21:16,     105,     223.11,     4,     1.4,     2.3,     3.4,     -0.3,     80.5,     1003.6,     432.38,     73.2,     88,     -1.9,     13.294,     2.24,     92.6
81,     04.02.2015 13:31:16,     92.4,     196.98,     358,     1.3,     2,     2.9,     -0.3,     81.4,     1003.7,     432.38,     73.2,     88.1,     -1.9
82,     04.02.2015 13:41:16,     107.1,     227.13,     338,     1,     1.9,     3.5,     -0.5,     82.9,     1003.8,     432.38,     73.3,     88,     -1.9
83,     04.02.2015 13:51:16,     114.45,     235.17,     1,     1.1,     2.2,     4,     -0.3,     78.3,     1003.9,     432.38,     73.1,     87.9,     -2
84,     04.02.2015 14:01:16,     87.15,     186.93,     23,     1.9,     3.1,     4.1,     -0.2,     75,     1003.9,     432.38,     73.1,     88.1,     -1.8
85,     04.02.2015 14:11:16,     91.35,     192.96,     17,     1.5,     2.3,     3.5,     -0.1,     74.3,     1004,     432.38,     73.3,     87.9,     -2
86,     04.02.2015 14:21:17,     54.6,     120.6,     20,     1.4,     2.3,     2.9,     -0.1,     74.5,     1004.1,     432.38,     73.3,     88,     -1.9,     13.881,     1.92,     92.5
87,     04.02.2015 14:31:17,     48.3,     106.53,     10,     1,     2.2,     3.2,     -0.1,     75.1,     1004.1,     432.38,     73.3,     87.9,     -2
88,     04.02.2015 14:41:17,     47.25,     100.5,     358,     1.4,     2.2,     3.5,     -0.1,     77,     1004.2,     432.38,     73.6,     88,     -1.9
89,     04.02.2015 14:51:17,     53.55,     114.57,     0,     1.8,     2.8,     4,     -0.3,     75.8,     1004.3,     432.38,     73.1,     87.9,     -2
90,     04.02.2015 15:01:17,     55.65,     118.59,     357,     1.2,     2.2,     3.3,     -0.3,     75.4,     1004.4,     432.38,     73.2,     87.9,     -2
91,     04.02.2015 15:11:17,     53.55,     112.56,     359,     1,     2.2,     3.2,     -0.3,     76.2,     1004.4,     432.38,     73.4,     88,     -1.9
92,     04.02.2015 15:21:17,     47.25,     100.5,     332,     1.1,     1.9,     3.3,     -0.3,     74.7,     1004.5,     432.38,     73.2,     88,     -1.9,     13.894,     1.35,     92.7
93,     04.02.2015 15:31:17,     36.75,     80.4,     341,     1,     1.7,     2.7,     -0.3,     75.8,     1004.7,     432.38,     73.2,     87.9,     -2
94,     04.02.2015 15:41:17,     29.4,     60.3,     354,     1.1,     2.5,     4,     -0.3,     75.9,     1004.8,     432.38,     73.1,     88,     -1.9
95,     04.02.2015 15:51:17,     25.2,     52.26,     354,     1.6,     2.6,     3.9,     -0.4,     76.2,     1005,     432.38,     73.2,     88.1,     -1.8
96,     04.02.2015 16:01:17,     17.85,     36.18,     358,     1.3,     2.3,     3.5,     -0.4,     76.8,     1005.1,     432.38,     73.2,     88,     -1.9
97,     04.02.2015 16:11:17,     18.9,     38.19,     353,     1,     1.9,     3,     -0.4,     78,     1005.1,     432.38,     73.3,     87.9,     -2
98,     04.02.2015 16:21:16,     14.7,     30.15,     337,     0.7,     1.7,     2.9,     -0.5,     78,     1005.3,     432.38,     73.1,     87.9,     -2,     12.919,     0.84,     92.7
99,     04.02.2015 16:31:16,     9.45,     18.09,     342,     0.9,     1.5,     2.3,     -0.5,     79,     1005.3,     432.38,     73.2,     88,     -1.9
100,     04.02.2015 16:41:16,     4.2,     10.05,     342,     0.9,     1.6,     2.7,     -0.6,     80.4,     1005.4,     432.38,     73.2,     88,     -1.9
101,     04.02.2015 16:51:16,     1.05,     4.02,     346,     1,     2,     3.6,     -0.6,     80.4,     1005.5,     432.38,     73.2,     88,     -1.9
102,     04.02.2015 17:01:16,     1.05,     2.01,     343,     1.1,     2.2,     5,     -0.7,     80.5,     1005.7,     432.38,     73.5,     87.9,     -2
103,     04.02.2015 17:11:16,     -2.1,     -2.01,     346,     1.3,     2.5,     5.3,     -0.8,     81.8,     1005.8,     432.38,     73.3,     88.1,     -1.8
104,     04.02.2015 17:21:16,     0,     -2.01,     349,     1.5,     2.3,     3.8,     -1,     85.1,     1006,     432.38,     73.2,     88,     -1.9,     12.637,     0.27,     92.8
105,     04.02.2015 17:31:16,     -3.15,     -4.02,     356,     0.8,     1.4,     2.4,     -1.1,     86.5,     1006.1,     432.38,     73.3,     87.9,     -1.9
106,     04.02.2015 17:41:16,     -1.05,     2.01,     352,     0.5,     1.1,     2.6,     -1.1,     86.3,     1006.2,     432.38,     73.1,     88,     -1.9
107,     04.02.2015 17:51:16,     -3.15,     -4.02,     336,     0.5,     1.1,     2.5,     -1.1,     85.8,     1006.2,     432.38,     73.2,     87.9,     -1.9
108,     04.02.2015 18:01:16,     -1.05,     0,     335,     0.3,     0.9,     2.5,     -1,     85.6,     1006.3,     432.38,     73.1,     87.9,     -2
109,     04.02.2015 18:11:16,     -2.1,     -2.01,     334,     0.5,     0.9,     2,     -1,     85.4,     1006.5,     432.38,     73.1,     87.9,     -2
110,     04.02.2015 18:21:16,     0,     0,     327,     0.4,     1.2,     2.3,     -1,     85.2,     1006.7,     432.38,     73.1,     87.9,     -1.9,     12.539,     -0.33,     93.0
111,     04.02.2015 18:31:16,     -4.2,     -2.01,     327,     0.3,     1.1,     2.4,     -1.1,     85.2,     1006.8,     432.38,     73.1,     88,     -1.9
112,     04.02.2015 18:41:16,     -1.05,     0,     316,     0.1,     1,     2.6,     -1.1,     85.5,     1006.9,     432.38,     73.2,     87.9,     -2
113,     04.02.2015 18:51:16,     -2.1,     -2.01,     316,     0.1,     0.8,     2,     -1.1,     85.1,     1007,     432.38,     73.2,     87.9,     -2
114,     04.02.2015 19:01:16,     -1.05,     0,     327,     0.2,     1,     2.9,     -1,     84.8,     1007.1,     432.38,     73.1,     88,     -1.9
115,     04.02.2015 19:11:16,     -2.1,     -2.01,     332,     0.4,     1.1,     2.5,     -1,     84.1,     1007.2,     432.38,     73.1,     88,     -1.9
116,     04.02.2015 19:21:16,     -1.05,     -4.02,     352,     0.4,     1,     2.1,     -0.9,     83.1,     1007.3,     432.38,     73,     88,     -1.9,     13.824,     -0.59,     93.1
117,     04.02.2015 19:31:16,     -2.1,     -2.01,     331,     0.5,     1.1,     2.3,     -0.9,     82.2,     1007.4,     432.38,     73.1,     87.9,     -1.9
118,     04.02.2015 19:41:16,     -2.1,     0,     325,     0.4,     1.1,     2.5,     -1,     82.9,     1007.5,     432.38,     73.1,     87.9,     -2
119,     04.02.2015 19:51:16,     -2.1,     -4.02,     354,     0.4,     0.9,     1.6,     -1,     83.2,     1007.6,     432.38,     73.2,     88,     -1.9
120,     04.02.2015 20:01:16,     -1.05,     -2.01,     340,     0.4,     1,     2,     -1,     83.2,     1007.7,     432.38,     73.1,     88,     -1.9
121,     04.02.2015 20:11:16,     0,     0,     347,     0.1,     0.9,     2.4,     -0.9,     82.8,     1007.7,     432.38,     73.2,     88,     -1.9
122,     04.02.2015 20:21:17,     -1.05,     0,     338,     0.8,     1.3,     2.6,     -0.9,     82.4,     1007.8,     432.38,     73.1,     87.9,     -2,     12.669,     -0.63,     93.1
123,     04.02.2015 20:31:17,     -2.1,     -4.02,     352,     0.6,     1.2,     2.6,     -1,     83,     1007.8,     432.38,     73,     88,     -1.9
124,     04.02.2015 20:41:17,     -2.1,     -2.01,     2,     0.8,     1.4,     2.2,     -0.9,     83.3,     1007.9,     432.38,     73.1,     88.1,     -1.8
125,     04.02.2015 20:51:17,     -1.05,     0,     357,     0.6,     1.2,     1.9,     -1,     83.4,     1008,     432.38,     73.2,     88,     -1.9
126,     04.02.2015 21:01:17,     -2.1,     -2.01,     355,     0.6,     1.2,     1.8,     -1,     83.6,     1008.1,     432.38,     73.1,     88,     -1.9
127,     04.02.2015 21:11:17,     -2.1,     -4.02,     342,     0.4,     1.1,     2.4,     -1,     83.7,     1008.2,     432.38,     73.1,     88.1,     -1.8
128,     04.02.2015 21:21:16,     -2.1,     0,     338,     0.3,     0.9,     2.3,     -1,     83.4,     1008.3,     432.38,     73.1,     88,     -1.9,     12.510,     -0.59,     93.0
129,     04.02.2015 21:31:16,     -2.1,     -2.01,     337,     0.3,     1,     2.3,     -1,     82.9,     1008.4,     432.38,     73.2,     88,     -1.9
130,     04.02.2015 21:41:16,     -1.05,     0,     330,     0.2,     1,     2.7,     -1,     83.5,     1008.5,     432.38,     73.1,     87.9,     -2
131,     04.02.2015 21:51:16,     -2.1,     -2.01,     339,     0,     0.7,     1.9,     -1,     83.3,     1008.6,     432.38,     73,     88,     -1.9
132,     04.02.2015 22:01:16,     -3.15,     -4.02,     13,     0,     0.4,     1.1,     -1,     83.9,     1008.7,     432.38,     73,     88,     -1.9
133,     04.02.2015 22:11:16,     -1.05,     0,     355,     0,     0.7,     1.7,     -0.9,     83,     1008.8,     432.38,     73.1,     88,     -1.9
134,     04.02.2015 22:21:16,     -1.05,     0,     33,     0,     0.6,     1.3,     -0.9,     82.9,     1008.9,     432.38,     73.1,     88,     -1.9,     12.467,     -0.61,     93.1
135,     04.02.2015 22:31:16,     -2.1,     -2.01,     350,     0.2,     0.9,     1.6,     -0.9,     82.1,     1009.1,     432.38,     73,     88,     -1.9
136,     04.02.2015 22:41:16,     -1.05,     0,     336,     0.5,     1,     2.4,     -1,     82.9,     1009.1,     432.38,     73.1,     88,     -1.9
137,     04.02.2015 22:51:16,     -1.05,     0,     331,     0.6,     1.1,     2.4,     -1,     83.7,     1009.2,     432.38,     73.2,     88,     -1.9
138,     04.02.2015 23:01:16,     -3.15,     0,     343,     0.2,     1,     2.7,     -1.1,     84.3,     1009.3,     432.38,     73.1,     87.9,     -2
139,     04.02.2015 23:11:16,     -1.05,     -2.01,     344,     0.4,     0.8,     2,     -1.1,     85,     1009.3,     432.38,     73.1,     88,     -1.9
140,     04.02.2015 23:21:17,     -1.05,     2.01,     352,     0.3,     0.8,     1.9,     -1.1,     84.8,     1009.4,     432.38,     73.1,     87.9,     -2,     12.412,     -0.67,     93.1
141,     04.02.2015 23:31:17,     -2.1,     -2.01,     355,     0.2,     0.6,     1.3,     -1.1,     84.6,     1009.5,     432.38,     73.1,     88,     -1.9
142,     04.02.2015 23:41:17,     -2.1,     -4.02,     318,     0.1,     0.8,     2.1,     -1.1,     84.4,     1009.6,     432.38,     73.1,     88,     -1.9
143,     04.02.2015 23:51:17,     -2.1,     -2.01,     305,     0.2,     0.8,     1.6,     -1.1,     84.3,     1009.7,     432.38,     73,     88,     -2
144,     05.02.2015 00:01:17,     0,     -2.01,     329,     0,     0.7,     1.6,     -1.1,     84.8,     1009.8,     432.38,     73,     88,     -1.9,     12.107,     -0.77,     93.1