Logger: #D10248 'TSK_Meteo' - USP_EXP2 (V2.10, Jan 24 2012)
No,     Time,     #1:W/m²:0,     #2:ÂµMol:(do.),     #5:deg:2,     #6:m/sMIN:(do.),     #7:m/sMIT:(do.),     #8:m/sMAX:(do.),     #9:Â°C:(do.),     #10:%:(do.),     #11:hPa:(do.),     #12:mm:(do.),     #14:AZ:3,     #15:EL:(do.),     #16:Roll:(do.),     #HK-Bat:V,     #HK-Temp:oC,     #HK-rH:%
(GSM Transfer OK / Signal:16)
1,     05.09.2014 00:11:22,     -5.25,     -2.01,     39,     0.6,     1.8,     2.6,     14.3,     87.2,     1013.1,     255.42,     257,     87.9,     -178,     12.486,     14.46,     69.2
2,     05.09.2014 00:21:22,     -3.15,     -6.03,     50,     0.8,     1.4,     2,     14.3,     86.6,     1013,     255.42,     257.1,     87.8,     -177.8
3,     05.09.2014 00:31:22,     -3.15,     -2.01,     59,     0.5,     1.2,     1.9,     14.1,     86.7,     1012.9,     255.42,     256.9,     87.9,     -177.9
4,     05.09.2014 00:41:22,     -5.25,     -4.02,     81,     0.2,     0.8,     1.5,     14.1,     87.2,     1012.9,     255.42,     257,     87.9,     -177.9
5,     05.09.2014 00:51:22,     -4.2,     -2.01,     91,     0.4,     0.8,     1.3,     13.9,     87.5,     1012.8,     255.42,     257,     87.9,     -178
6,     05.09.2014 01:01:22,     -4.2,     0,     88,     0.4,     0.8,     1.3,     13.8,     88.3,     1012.6,     255.42,     257,     87.9,     -177.9
7,     05.09.2014 01:11:16,     -3.15,     -2.01,     86,     0.2,     0.6,     0.9,     13.8,     88.7,     1012.5,     255.42,     257,     87.9,     -177.9,     12.507,     13.56,     70.5
8,     05.09.2014 01:21:16,     -4.2,     -4.02,     50,     0.3,     0.8,     1.2,     14,     89.5,     1012.4,     255.42,     257,     87.9,     -177.9
9,     05.09.2014 01:31:16,     -5.25,     -4.02,     44,     0.6,     1,     1.4,     14.1,     88.7,     1012.3,     255.42,     257,     87.9,     -177.9
10,     05.09.2014 01:41:16,     -4.2,     -2.01,     43,     0.3,     1,     1.5,     14.1,     88.5,     1012.2,     255.42,     257,     88,     -178
11,     05.09.2014 01:51:16,     -4.2,     -2.01,     42,     0.9,     1.3,     1.8,     14.1,     88.1,     1012.2,     255.42,     256.9,     88,     -178
12,     05.09.2014 02:01:16,     -5.25,     -2.01,     67,     0.5,     0.9,     1.5,     13.9,     87.6,     1012.2,     255.42,     257.1,     88,     -178
13,     05.09.2014 02:11:21,     -4.2,     -2.01,     65,     0.6,     1,     1.5,     13.8,     87.8,     1012.1,     255.42,     257,     87.9,     -177.9,     12.488,     13.45,     70.6
14,     05.09.2014 02:21:21,     -3.15,     -2.01,     64,     0.6,     1.1,     2.1,     13.8,     88.1,     1012.1,     255.42,     257.1,     88,     -177.9
15,     05.09.2014 02:31:21,     -4.2,     -2.01,     60,     0.3,     1.1,     2,     13.6,     88.5,     1012,     255.42,     257,     88,     -178
16,     05.09.2014 02:41:21,     -4.2,     -2.01,     63,     0.6,     1.1,     1.8,     13.5,     89.2,     1011.9,     255.42,     257,     87.9,     -177.9
17,     05.09.2014 02:51:21,     -3.15,     -2.01,     78,     0.3,     0.9,     1.5,     13.5,     89.3,     1011.8,     255.42,     257,     87.9,     -177.9
18,     05.09.2014 03:01:21,     -4.2,     -2.01,     67,     0.2,     0.9,     1.5,     13.3,     89.9,     1011.8,     255.42,     257,     87.9,     -177.9
19,     05.09.2014 03:11:17,     -3.15,     0,     50,     0.8,     1.3,     1.8,     13.6,     90.1,     1011.7,     255.42,     257,     87.9,     -178,     12.446,     13.15,     70.7
20,     05.09.2014 03:21:17,     -5.25,     -2.01,     84,     0.4,     1,     1.6,     13.2,     89.5,     1011.7,     255.42,     257,     87.9,     -177.9
21,     05.09.2014 03:31:17,     -3.15,     0,     69,     0.3,     0.9,     1.4,     13.3,     90.4,     1011.7,     255.42,     257.1,     88,     -178
22,     05.09.2014 03:41:17,     -3.15,     -2.01,     71,     0.5,     0.9,     1.4,     13.3,     90.4,     1011.7,     255.42,     257,     87.9,     -178
23,     05.09.2014 03:51:17,     -4.2,     -2.01,     60,     0.4,     1.1,     1.7,     13.3,     90.2,     1011.6,     255.42,     257.1,     88,     -178
24,     05.09.2014 04:01:17,     -4.2,     -2.01,     77,     0.6,     1.1,     2,     13.3,     89.8,     1011.5,     255.42,     257,     87.8,     -177.9
25,     05.09.2014 04:11:23,     -4.2,     -2.01,     100,     0,     0.6,     1.2,     13.1,     90.1,     1011.5,     255.42,     257,     88,     -178,     12.418,     12.93,     70.7
26,     05.09.2014 04:21:23,     -3.15,     -2.01,     98,     0.2,     0.8,     1.4,     13,     90.5,     1011.4,     255.42,     257.1,     87.9,     -177.9
27,     05.09.2014 04:31:23,     -4.2,     -4.02,     62,     0.4,     1.1,     1.7,     13.2,     90.6,     1011.3,     255.42,     257,     87.9,     -177.9
28,     05.09.2014 04:41:23,     -5.25,     -4.02,     69,     0.2,     0.8,     1.6,     13.1,     90.3,     1011.2,     255.42,     257.1,     87.9,     -177.9
29,     05.09.2014 04:51:23,     -4.2,     -2.01,     56,     0.2,     0.9,     1.8,     13.1,     90.3,     1011.2,     255.42,     257.1,     87.8,     -177.9
30,     05.09.2014 05:01:23,     -3.15,     0,     92,     0.1,     0.8,     1.8,     12.9,     90.2,     1011.2,     255.42,     257,     88,     -178
31,     05.09.2014 05:11:16,     -3.15,     0,     82,     0.2,     0.8,     1.2,     12.9,     90.6,     1011,     255.42,     256.9,     88,     -178,     12.382,     12.61,     70.8
32,     05.09.2014 05:21:16,     -1.05,     2.01,     67,     0.3,     0.9,     1.4,     13,     90.8,     1011.1,     255.42,     256.9,     87.9,     -178
33,     05.09.2014 05:31:16,     3.15,     12.06,     82,     0.2,     0.8,     1.5,     13,     90.3,     1011.1,     255.42,     257.1,     88,     -178
34,     05.09.2014 05:41:16,     8.4,     26.13,     79,     0.3,     0.8,     1.3,     12.9,     90.6,     1011.1,     255.42,     257,     87.8,     -177.8
35,     05.09.2014 05:51:16,     16.8,     44.22,     75,     0.3,     0.9,     1.5,     12.9,     90.4,     1011,     255.42,     257.1,     87.9,     -178
36,     05.09.2014 06:01:16,     23.1,     60.3,     81,     0.4,     0.8,     1.3,     13,     90.1,     1011,     255.42,     257,     87.9,     -177.9
37,     05.09.2014 06:11:16,     54.6,     98.49,     73,     0.3,     0.6,     1.1,     13.1,     90.2,     1010.9,     255.42,     257.2,     87.7,     -177.8,     12.705,     12.66,     71.1
38,     05.09.2014 06:21:16,     74.55,     132.66,     46,     0.1,     0.9,     1.5,     13.3,     88.9,     1010.9,     255.42,     257.2,     87.7,     -177.9
39,     05.09.2014 06:31:16,     92.4,     172.86,     48,     0.4,     1,     1.6,     13.8,     87.7,     1010.9,     255.42,     257.3,     88,     -178
40,     05.09.2014 06:41:16,     112.35,     213.06,     71,     0.2,     0.8,     1.5,     14.1,     86,     1010.9,     255.42,     257.4,     87.9,     -178
41,     05.09.2014 06:51:16,     130.2,     253.26,     79,     0,     0.6,     1.1,     14.4,     85.2,     1011,     255.42,     257.5,     88,     -178
42,     05.09.2014 07:01:16,     152.25,     291.45,     81,     0.2,     0.7,     1.4,     14.7,     84.3,     1011,     255.42,     257.4,     88,     -178
43,     05.09.2014 07:11:22,     176.4,     335.67,     136,     0.1,     1,     2.3,     15.3,     81.6,     1011,     255.42,     257.5,     88,     -178,     14.401,     18.15,     71.1
44,     05.09.2014 07:21:22,     198.45,     379.89,     131,     0.2,     1.5,     2.7,     15.5,     80.3,     1011,     255.42,     257.4,     88,     -178
45,     05.09.2014 07:31:22,     223.65,     426.12,     142,     0.5,     1.7,     3.8,     15.7,     79.3,     1010.9,     255.42,     257.5,     88,     -178
46,     05.09.2014 07:41:22,     246.75,     470.34,     143,     0.5,     1.4,     2.9,     15.9,     78.1,     1010.8,     255.42,     257.5,     88,     -178
47,     05.09.2014 07:51:22,     271.95,     516.57,     157,     0.3,     1.5,     2.7,     16.2,     77.5,     1010.8,     255.42,     257.5,     87.9,     -177.9
48,     05.09.2014 08:01:22,     297.15,     570.84,     152,     0.1,     1.5,     3.8,     16.6,     77.9,     1010.8,     255.42,     257.4,     88,     -178
49,     05.09.2014 08:11:31,     321.3,     617.07,     155,     0.5,     1.9,     3.4,     16.8,     75.7,     1010.7,     255.42,     (NO REPLY),     (NO REPLY),     (NO REPLY),     13.256,     23.02,     69.5
50,     05.09.2014 08:21:31,     344.4,     661.29,     155,     0.5,     1.6,     3.2,     17.1,     75,     1010.7,     255.42,     257.3,     88,     -178
51,     05.09.2014 08:31:31,     367.5,     709.53,     158,     0.4,     2,     4.2,     17.3,     74.8,     1010.7,     255.42,     257.5,     88,     -178
52,     05.09.2014 08:41:31,     392.7,     757.77,     140,     0.8,     2.1,     3.6,     17.6,     73.8,     1010.6,     255.42,     257.4,     88,     -178
53,     05.09.2014 08:51:31,     411.6,     797.97,     158,     0.6,     1.7,     3.5,     17.9,     72.8,     1010.6,     255.42,     257.4,     88.1,     -178
54,     05.09.2014 09:01:31,     434.7,     846.21,     163,     0.3,     1.7,     3.1,     18.3,     72.3,     1010.7,     255.42,     257.6,     87.9,     -177.8
55,     05.09.2014 09:11:16,     459.9,     898.47,     145,     0.1,     2.1,     3.9,     18.4,     72.8,     1010.7,     255.42,     257.3,     88,     -178,     13.182,     24.59,     68.5
56,     05.09.2014 09:21:16,     479.85,     938.67,     145,     0.3,     1.8,     3.9,     18.6,     71.7,     1010.7,     255.42,     257.5,     87.8,     -177.9
57,     05.09.2014 09:31:16,     498.75,     980.88,     149,     0.3,     2,     4,     18.9,     71.3,     1010.7,     255.42,     257.5,     87.9,     -177.9
58,     05.09.2014 09:41:16,     549.15,     1077.36,     131,     0.2,     1.7,     3.8,     19.2,     70.2,     1010.6,     255.42,     257.5,     88,     -177.9
59,     05.09.2014 09:51:16,     525,     1035.15,     153,     0.4,     1.8,     3.6,     19.5,     68.9,     1010.6,     255.42,     257.4,     87.8,     -177.9
60,     05.09.2014 10:01:16,     491.4,     976.86,     157,     0.4,     2.4,     5.2,     19.8,     67.8,     1010.6,     255.42,     257,     87.9,     -177.9
61,     05.09.2014 10:11:16,     535.5,     1061.28,     145,     0.3,     2.3,     4.7,     20,     66.9,     1010.5,     255.42,     257.5,     87.9,     -177.9,     12.991,     26.20,     67.3
62,     05.09.2014 10:21:16,     353.85,     713.55,     149,     0.2,     2,     4.3,     20.2,     66.7,     1010.5,     255.42,     257.4,     87.8,     -177.9
63,     05.09.2014 10:31:16,     511.35,     1013.04,     159,     0.1,     2.2,     4.7,     20.4,     64.9,     1010.5,     255.42,     257.3,     87.9,     -177.9
64,     05.09.2014 10:41:16,     643.65,     1264.29,     160,     0.5,     2.7,     5.4,     20.7,     64.9,     1010.4,     255.42,     257.2,     87.9,     -177.9
65,     05.09.2014 10:51:16,     625.8,     1230.12,     149,     0.4,     2.5,     4.8,     21.1,     63.6,     1010.3,     255.42,     257.1,     87.9,     -177.9
66,     05.09.2014 11:01:16,     611.1,     1201.98,     159,     0.7,     3.6,     6.6,     21.1,     62,     1010.2,     255.42,     256.8,     87.8,     -177.8
67,     05.09.2014 11:11:22,     582.75,     1161.78,     151,     0.1,     3,     5.8,     21.3,     62.4,     1010.1,     255.42,     257.4,     87.8,     -177.8,     13.317,     26.01,     67.1
68,     05.09.2014 11:21:22,     635.25,     1260.27,     167,     0.2,     2.4,     5.8,     21.6,     62.7,     1010,     255.42,     257.2,     87.9,     -177.9
69,     05.09.2014 11:31:22,     640.5,     1266.3,     164,     0.6,     3.6,     7,     21.5,     60.8,     1010,     255.42,     77.7,     87.9,     -2.1
70,     05.09.2014 11:41:22,     649.95,     1282.38,     159,     0.9,     3.3,     5.5,     21.7,     60.5,     1009.9,     255.42,     256.5,     87.9,     -177.9
71,     05.09.2014 11:51:22,     609,     1203.99,     172,     0.3,     3.4,     6.8,     21.8,     59.3,     1009.7,     255.42,     257.2,     87.8,     -177.8
72,     05.09.2014 12:01:22,     633.15,     1254.24,     160,     1.3,     3.5,     6.9,     21.9,     58.9,     1009.8,     255.42,     77.5,     87.8,     -2.1
73,     05.09.2014 12:11:16,     619.5,     1230.12,     156,     0.5,     3.2,     7,     22,     59.7,     1009.6,     255.42,     77.9,     87.9,     -1.9,     13.122,     26.23,     67.0
74,     05.09.2014 12:21:16,     649.95,     1282.38,     182,     1,     2.9,     5.6,     22.1,     58.8,     1009.6,     255.42,     77.5,     87.9,     -2
75,     05.09.2014 12:31:16,     637.35,     1256.25,     162,     0.4,     2.8,     6.4,     22.4,     58.3,     1009.5,     255.42,     77.8,     87.8,     -2.1
76,     05.09.2014 12:41:16,     652.05,     1296.45,     181,     1.1,     2.5,     4.9,     22.5,     57,     1009.3,     255.42,     77.5,     87.9,     -2
77,     05.09.2014 12:51:16,     645.75,     1280.37,     184,     0.5,     3.4,     5.7,     22.8,     53.4,     1009.2,     255.42,     77.6,     88,     -1.9
78,     05.09.2014 13:01:16,     641.55,     1268.31,     185,     1.5,     3.7,     6.6,     22.9,     55,     1009,     255.42,     77.6,     87.8,     -2.1
79,     05.09.2014 13:11:16,     627.9,     1244.19,     160,     0.6,     2.9,     6.9,     23,     54,     1008.9,     255.42,     77.6,     87.9,     -2,     12.919,     26.97,     66.7
80,     05.09.2014 13:21:16,     620.55,     1222.08,     175,     0.3,     3.4,     6,     23.1,     53.8,     1008.9,     255.42,     77.6,     87.9,     -2
81,     05.09.2014 13:31:16,     616.35,     1214.04,     188,     0.5,     3.3,     5.9,     23.2,     52.1,     1008.7,     255.42,     77.5,     88,     -1.9
82,     05.09.2014 13:41:16,     590.1,     1161.78,     177,     0.7,     3.1,     5.3,     23.3,     52.3,     1008.6,     255.42,     77.7,     87.9,     -2
83,     05.09.2014 13:51:16,     578.55,     1139.67,     200,     1,     3.5,     6.2,     23.3,     51.2,     1008.6,     255.42,     77.3,     88,     -1.9
84,     05.09.2014 14:01:16,     505.05,     996.96,     176,     1.3,     3.5,     6.2,     23.5,     50.5,     1008.6,     255.42,     77.7,     87.9,     -2
85,     05.09.2014 14:11:16,     499.8,     741.69,     159,     1.2,     2.9,     5.1,     23.5,     51,     1008.5,     255.42,     77.4,     88,     -1.9,     13.095,     27.39,     66.6
86,     05.09.2014 14:21:16,     538.65,     1055.25,     157,     0.2,     2.6,     4.8,     23.6,     51.2,     1008.4,     255.42,     77.5,     88,     -1.9
87,     05.09.2014 14:31:16,     520.8,     1015.05,     170,     0.2,     2.6,     5.7,     23.8,     51,     1008.3,     255.42,     77.1,     87.9,     -2
88,     05.09.2014 14:41:16,     512.4,     998.97,     166,     0.6,     3.5,     6.6,     23.8,     48.6,     1008.2,     255.42,     77.1,     87.9,     -2
89,     05.09.2014 14:51:16,     446.25,     866.31,     187,     1.5,     3.4,     5.3,     23.7,     49.7,     1008.1,     255.42,     77.5,     88,     -1.9
90,     05.09.2014 15:01:16,     426.3,     844.2,     171,     0.3,     3,     8.5,     23.7,     50.1,     1008,     255.42,     77.6,     87.8,     -2
91,     05.09.2014 15:11:16,     406.35,     787.92,     143,     0.2,     2.7,     5.1,     23.9,     48.3,     1007.9,     255.42,     77.3,     87.8,     -2,     13.184,     27.71,     66.7
92,     05.09.2014 15:21:16,     405.3,     783.9,     164,     0.3,     2,     5.1,     23.9,     51.4,     1007.9,     255.42,     77.3,     87.8,     -2
93,     05.09.2014 15:31:16,     388.5,     747.72,     147,     0.3,     2.3,     4.6,     23.9,     52.7,     1007.8,     255.42,     77.5,     87.9,     -1.9
94,     05.09.2014 15:41:16,     378,     729.63,     158,     0.6,     2.6,     6.3,     23.8,     53.2,     1007.7,     255.42,     77.5,     88.1,     -1.8
95,     05.09.2014 15:51:16,     346.5,     671.34,     150,     0.6,     2.4,     4.9,     23.8,     53.6,     1007.7,     255.42,     77.2,     87.8,     -2
96,     05.09.2014 16:01:16,     308.7,     582.9,     154,     0.2,     2.4,     4.4,     23.8,     53.1,     1007.7,     255.42,     77.5,     87.9,     -2
97,     05.09.2014 16:11:16,     304.5,     574.86,     145,     0.1,     2.1,     4.9,     23.7,     53.3,     1007.6,     255.42,     77.5,     88,     -1.9,     13.211,     28.12,     66.4
98,     05.09.2014 16:21:16,     271.95,     512.55,     144,     0.4,     1.9,     4.3,     23.7,     52.4,     1007.6,     255.42,     77.6,     88,     -1.9
99,     05.09.2014 16:31:16,     241.5,     458.28,     132,     0.4,     2.1,     4.8,     23.6,     52.7,     1007.6,     255.42,     77.7,     87.9,     -1.9
100,     05.09.2014 16:41:16,     195.3,     373.86,     152,     0.2,     2.4,     5.1,     23.6,     52.4,     1007.5,     255.42,     77.4,     87.9,     -2
101,     05.09.2014 16:51:16,     116.55,     235.17,     131,     0.2,     1.9,     3.7,     23.4,     54.3,     1007.5,     255.42,     77.6,     87.9,     -2
102,     05.09.2014 17:01:16,     102.9,     215.07,     149,     0.1,     1.5,     3.3,     23.1,     54.9,     1007.5,     255.42,     77.6,     88,     -1.9
103,     05.09.2014 17:11:16,     113.4,     225.12,     146,     0.3,     1.5,     3.2,     23,     55.5,     1007.5,     255.42,     77.5,     88,     -1.9,     13.360,     26.92,     66.9
104,     05.09.2014 17:21:16,     96.6,     201,     139,     0.3,     1.2,     2.6,     22.9,     56.3,     1007.4,     255.42,     77.5,     88.1,     -1.9
105,     05.09.2014 17:31:16,     77.7,     160.8,     138,     0.3,     1.4,     3.8,     22.7,     57.7,     1007.4,     255.42,     77.6,     88,     -1.9
106,     05.09.2014 17:41:16,     73.5,     148.74,     135,     0.3,     1.4,     2.9,     22.6,     57.5,     1007.4,     255.42,     77.4,     87.9,     -2
107,     05.09.2014 17:51:16,     76.65,     136.68,     140,     0.3,     1.4,     3.1,     22.5,     57.4,     1007.4,     255.42,     77.5,     88,     -1.9
108,     05.09.2014 18:01:16,     61.95,     114.57,     121,     0.1,     0.9,     1.9,     22.3,     58.4,     1007.3,     255.42,     77.6,     87.9,     -1.9
109,     05.09.2014 18:11:16,     54.6,     92.46,     102,     0,     0.8,     1.7,     22,     61.3,     1007.3,     255.42,     77.5,     88,     -1.9,     13.421,     24.81,     67.7
110,     05.09.2014 18:21:16,     26.25,     62.31,     100,     0,     0.7,     1.6,     21.7,     62.2,     1007.3,     255.42,     77.6,     87.9,     -2
111,     05.09.2014 18:31:16,     15.75,     38.19,     80,     0,     0.6,     1.4,     21.3,     63.8,     1007.4,     255.42,     77.6,     88,     -1.9
112,     05.09.2014 18:41:16,     10.5,     24.12,     61,     0,     0.7,     1.2,     20.7,     66.2,     1007.4,     255.42,     77.6,     87.9,     -2
113,     05.09.2014 18:51:16,     2.1,     10.05,     90,     0.1,     0.7,     1.3,     20.2,     68,     1007.4,     255.42,     257.2,     88,     -178
114,     05.09.2014 19:01:16,     -2.1,     2.01,     87,     0.2,     0.7,     1.1,     19.7,     70.8,     1007.5,     255.42,     77.5,     87.9,     -2
115,     05.09.2014 19:11:16,     -5.25,     0,     77,     0.1,     0.6,     1.3,     19.5,     71,     1007.4,     255.42,     257.2,     88,     -178,     12.736,     21.68,     68.9
116,     05.09.2014 19:21:16,     -4.2,     0,     79,     0.1,     0.5,     1,     19.2,     72,     1007.5,     255.42,     257.2,     88,     -178
117,     05.09.2014 19:31:16,     -4.2,     -2.01,     80,     0,     0.5,     0.9,     19.1,     72.2,     1007.5,     255.42,     77.6,     87.9,     -2
118,     05.09.2014 19:41:16,     -4.2,     -2.01,     77,     0,     0.4,     0.8,     19,     72.5,     1007.5,     255.42,     257.1,     88,     -178
119,     05.09.2014 19:51:16,     -3.15,     -2.01,     49,     0.1,     0.6,     1.1,     18.9,     73.3,     1007.5,     255.42,     257.2,     88,     -178
120,     05.09.2014 20:01:16,     -5.25,     -4.02,     57,     0,     0.6,     0.9,     18.7,     72.9,     1007.6,     255.42,     257.1,     88,     -178
121,     05.09.2014 20:11:16,     -4.2,     -4.02,     102,     0,     0.5,     0.9,     18.5,     73,     1007.6,     255.42,     257.1,     87.9,     -177.9,     12.677,     18.56,     69.9
122,     05.09.2014 20:21:16,     -5.25,     -2.01,     96,     0.2,     0.5,     0.8,     18.2,     74.4,     1007.6,     255.42,     257.1,     87.9,     -177.9
123,     05.09.2014 20:31:16,     -5.25,     -4.02,     67,     0,     0.4,     0.9,     17.9,     77.8,     1007.6,     255.42,     257.1,     87.9,     -177.9
124,     05.09.2014 20:41:16,     -3.15,     0,     139,     0,     0.5,     1.6,     17.9,     77.4,     1007.5,     255.42,     257.1,     87.9,     -177.9
125,     05.09.2014 20:51:16,     -3.15,     -2.01,     176,     0.1,     0.9,     2.4,     18.5,     73.4,     1007.4,     255.42,     257,     87.9,     -177.9
126,     05.09.2014 21:01:16,     -5.25,     -2.01,     166,     0,     0.7,     1.9,     18.5,     72.4,     1007.4,     255.42,     257.1,     88,     -178
127,     05.09.2014 21:11:23,     -4.2,     0,     141,     0,     0.6,     1.5,     18.4,     72.2,     1007.5,     255.42,     257.1,     87.8,     -177.9,     12.628,     17.00,     70.2
128,     05.09.2014 21:21:23,     -6.3,     -4.02,     73,     0,     0.4,     1.3,     18.1,     72.8,     1007.5,     255.42,     257,     87.9,     -177.9
129,     05.09.2014 21:31:23,     -5.25,     -2.01,     40,     0,     0.3,     0.7,     17.8,     74.4,     1007.5,     255.42,     257.1,     88,     -178
130,     05.09.2014 21:41:23,     -4.2,     -2.01,     58,     0,     0.4,     0.9,     17.7,     77.2,     1007.5,     255.42,     257,     88,     -178
131,     05.09.2014 21:51:23,     -4.2,     0,     29,     0,     0.2,     0.9,     17.5,     78.6,     1007.5,     255.42,     257.1,     87.9,     -177.9
132,     05.09.2014 22:01:23,     -6.3,     -2.01,     97,     0,     0.2,     0.5,     17.4,     80.5,     1007.5,     255.42,     257.1,     87.9,     -177.9
133,     05.09.2014 22:11:16,     -4.2,     0,     79,     0,     0.4,     0.8,     17.2,     79.5,     1007.6,     255.42,     257.1,     87.9,     -177.9,     12.607,     15.99,     70.3
134,     05.09.2014 22:21:16,     -4.2,     0,     123,     0.1,     0.4,     1,     17.2,     82.1,     1007.5,     255.42,     257.1,     87.9,     -177.9
135,     05.09.2014 22:31:16,     -5.25,     -2.01,     98,     0,     0.3,     0.7,     16.8,     83.6,     1007.5,     255.42,     257,     87.8,     -177.8
136,     05.09.2014 22:41:16,     -4.2,     -2.01,     174,     0,     0.4,     1.6,     16.6,     81.5,     1007.5,     255.42,     257,     87.9,     -177.9
137,     05.09.2014 22:51:16,     -3.15,     0,     169,     0,     0.4,     1.5,     16.7,     78.7,     1007.5,     255.42,     257,     87.9,     -177.9
138,     05.09.2014 23:01:16,     -4.2,     -2.01,     174,     0,     0.6,     1.6,     16.9,     76.8,     1007.5,     255.42,     257.1,     87.9,     -177.9
139,     05.09.2014 23:11:16,     -4.2,     -2.01,     171,     0,     0.7,     1.6,     17,     76.1,     1007.4,     255.42,     257,     87.9,     -177.9,     12.588,     15.15,     70.4
140,     05.09.2014 23:21:16,     -5.25,     0,     161,     0.2,     0.7,     1.4,     17,     78.1,     1007.5,     255.42,     257,     87.8,     -177.8
141,     05.09.2014 23:31:16,     -4.2,     0,     188,     0,     0.7,     1.3,     16.9,     78.4,     1007.5,     255.42,     256.9,     87.8,     -177.9
142,     05.09.2014 23:41:16,     -5.25,     -4.02,     270,     0,     0.4,     0.9,     16.8,     78.9,     1007.4,     255.42,     256.9,     87.9,     -177.9
143,     05.09.2014 23:51:16,     -5.25,     -2.01,     37,     0,     0.5,     0.9,     16.6,     81,     1007.4,     255.42,     257.1,     87.8,     -177.9
144,     06.09.2014 00:01:17,     -5.25,     -2.01,     90,     0.1,     0.5,     1,     16.4,     82.3,     1007.4,     255.42,     257,     87.9,     -177.9,     12.435,     14.96,     70.3