Logger: #D10248 'TSK_Meteo' - USP_EXP2 (V2.10, Jan 24 2012)
No,     Time,     #1:W/m²:0,     #2:ÂµMol:(do.),     #5:deg:2,     #6:m/sMIN:(do.),     #7:m/sMIT:(do.),     #8:m/sMAX:(do.),     #9:Â°C:(do.),     #10:%:(do.),     #11:hPa:(do.),     #12:mm:(do.),     #14:AZ:3,     #15:EL:(do.),     #16:Roll:(do.),     #HK-Bat:V,     #HK-Temp:oC,     #HK-rH:%
(GSM Transfer OK / Signal:14)
1,     08.12.2014 00:11:16,     -2.1,     0,     278,     2,     4.5,     8.3,     3.4,     88.4,     1002.5,     332.41,     253.7,     88,     -178,     12.722,     4.37,     84.5
2,     08.12.2014 00:21:16,     -2.1,     0,     276,     1.3,     4.4,     7,     3.3,     88.3,     1002.4,     332.51,     254,     87.8,     -177.9
3,     08.12.2014 00:31:16,     -2.1,     -2.01,     272,     1.3,     4.5,     7.9,     3.4,     88.4,     1002.3,     332.54,     74.5,     88,     -1.9
4,     08.12.2014 00:41:16,     -2.1,     -4.02,     271,     1.5,     4.8,     7.1,     3.5,     88.4,     1002.4,     332.56,     255.3,     87.9,     -177.9
5,     08.12.2014 00:51:16,     -1.05,     0,     272,     2,     4.3,     6.6,     3.5,     88.8,     1002.4,     332.56,     254.6,     88,     -178.1
6,     08.12.2014 01:01:16,     -3.15,     -4.02,     275,     0.4,     4.2,     7.2,     3.5,     88.8,     1002.5,     332.58,     254.5,     88,     -178.1
7,     08.12.2014 01:11:16,     -1.05,     -2.01,     276,     2.5,     4.5,     8.1,     3.6,     89,     1002.5,     332.59,     254.1,     87.9,     -177.9,     12.652,     4.06,     86.5
8,     08.12.2014 01:21:16,     -1.05,     -2.01,     260,     0.9,     3.3,     8.1,     3.6,     89.4,     1002.4,     332.59,     73.6,     87.8,     -2
9,     08.12.2014 01:31:16,     -2.1,     0,     279,     1.3,     4,     6.7,     3.8,     89.4,     1002.5,     332.6,     74.6,     87.9,     -2
10,     08.12.2014 01:41:16,     -1.05,     -2.01,     293,     2,     4.5,     7.8,     3.8,     89.1,     1002.5,     332.65,     253.4,     87.8,     -177.8
11,     08.12.2014 01:51:16,     -2.1,     -4.02,     295,     2.4,     4.2,     6.9,     3.9,     89.2,     1002.4,     332.68,     254.4,     88,     -178.1
12,     08.12.2014 02:01:16,     -1.05,     0,     296,     2.7,     4.4,     7.8,     4,     89.1,     1002.5,     332.69,     74.5,     87.8,     -2.1
13,     08.12.2014 02:11:16,     0,     0,     298,     2.4,     4.4,     6.9,     4.1,     89.1,     1002.5,     332.69,     254.1,     87.9,     -177.9,     12.618,     4.28,     86.5
14,     08.12.2014 02:21:16,     -2.1,     -4.02,     309,     1.1,     3.8,     7.1,     4.2,     88.8,     1002.6,     332.7,     253.2,     88,     -178
15,     08.12.2014 02:31:16,     -1.05,     0,     320,     2,     3.6,     6.5,     4.2,     88.4,     1002.6,     332.7,     253,     87.9,     -177.9
16,     08.12.2014 02:41:16,     -2.1,     0,     310,     1,     3.2,     6.2,     4.3,     88.3,     1002.7,     332.7,     253.7,     88,     -177.9
17,     08.12.2014 02:51:16,     -2.1,     -2.01,     304,     1.3,     3.3,     6.5,     4.3,     88.5,     1002.6,     332.7,     253.4,     87.9,     -177.9
18,     08.12.2014 03:01:16,     -2.1,     0,     302,     1.6,     3.1,     6.1,     4.3,     88.6,     1002.7,     332.7,     253.8,     87.8,     -177.8
19,     08.12.2014 03:11:17,     -1.05,     0,     297,     2.4,     4.3,     6.4,     4.3,     88.4,     1002.9,     332.7,     253.9,     87.9,     -177.9,     12.603,     4.49,     86.4
20,     08.12.2014 03:21:17,     0,     0,     293,     1.8,     4.2,     8.4,     4.4,     88.7,     1002.9,     332.7,     75,     87.9,     -1.9
21,     08.12.2014 03:31:17,     -2.1,     -2.01,     298,     2.4,     4.7,     7.8,     4.5,     88.5,     1002.8,     332.7,     254,     88,     -178.1
22,     08.12.2014 03:41:17,     -3.15,     -2.01,     298,     2.1,     4.6,     8.6,     4.5,     88.3,     1002.9,     332.7,     253.2,     88,     -178
23,     08.12.2014 03:51:17,     -3.15,     -2.01,     297,     2.2,     4.1,     7.2,     4.5,     87.6,     1002.9,     332.7,     253.7,     88,     -178
24,     08.12.2014 04:01:17,     -2.1,     -2.01,     297,     1.2,     4.5,     7.1,     4.6,     86.5,     1003,     332.7,     74.5,     87.8,     -2.1
25,     08.12.2014 04:11:16,     -3.15,     -2.01,     300,     2.4,     4.4,     7.6,     4.5,     86.2,     1003,     332.7,     254,     87.8,     -177.8,     12.603,     4.72,     86.4
26,     08.12.2014 04:21:16,     -4.2,     -2.01,     304,     2.1,     4.3,     6.9,     4.4,     86.5,     1003,     332.7,     73.8,     87.9,     -2
27,     08.12.2014 04:31:16,     -2.1,     0,     303,     0.9,     4.4,     7.5,     4.3,     86.2,     1003.1,     332.7,     253.8,     88,     -178
28,     08.12.2014 04:41:16,     -2.1,     -2.01,     301,     2.1,     4.4,     7.3,     4.2,     86.3,     1003.2,     332.7,     253.4,     88.2,     -178.2
29,     08.12.2014 04:51:16,     -2.1,     -2.01,     302,     2.2,     4.6,     7.4,     4.1,     86.4,     1003.3,     332.7,     74.2,     87.9,     -2.1
30,     08.12.2014 05:01:16,     -4.2,     0,     300,     2.3,     5,     8.1,     4,     86.4,     1003.4,     332.7,     254,     87.9,     -177.9
31,     08.12.2014 05:11:16,     -3.15,     0,     301,     2.2,     4.7,     7.5,     3.8,     86.7,     1003.5,     332.7,     74.3,     88,     -1.9,     12.565,     4.34,     86.4
32,     08.12.2014 05:21:16,     -3.15,     -2.01,     298,     3.1,     4.9,     8.3,     3.8,     86.7,     1003.6,     332.7,     254,     87.8,     -177.8
33,     08.12.2014 05:31:16,     -3.15,     -2.01,     296,     2.2,     4.6,     7.1,     3.7,     86.9,     1003.7,     332.7,     74,     87.8,     -2
34,     08.12.2014 05:41:16,     -4.2,     -2.01,     297,     2.5,     4.9,     7.4,     3.6,     86.5,     1003.8,     332.7,     253.9,     87.9,     -178
35,     08.12.2014 05:51:16,     -2.1,     -2.01,     297,     3,     4.9,     7.3,     3.5,     86.2,     1004,     332.7,     253.8,     87.9,     -177.9
36,     08.12.2014 06:01:16,     -2.1,     0,     297,     2.1,     5.2,     9,     3.5,     85.7,     1004,     332.7,     255.3,     88,     -178
37,     08.12.2014 06:11:17,     -2.1,     0,     300,     2.2,     5,     9.4,     3.4,     85.5,     1004.2,     332.7,     253.7,     87.7,     -177.7,     12.563,     3.67,     86.8
38,     08.12.2014 06:21:17,     -2.1,     -2.01,     301,     2,     4.5,     7.4,     3.3,     85.9,     1004.2,     332.7,     253.7,     88,     -178.1
39,     08.12.2014 06:31:17,     -3.15,     -2.01,     306,     1,     4.1,     7.5,     3.2,     85.8,     1004.4,     332.7,     253.8,     88,     -178
40,     08.12.2014 06:41:17,     -5.25,     -2.01,     306,     1.3,     4,     7.1,     3,     85.8,     1004.5,     332.7,     254.3,     87.9,     -177.9
41,     08.12.2014 06:51:17,     -3.15,     2.01,     315,     1.3,     3.8,     6.9,     2.9,     86,     1004.6,     332.7,     253.8,     88,     -178
42,     08.12.2014 07:01:17,     -3.15,     0,     304,     1.9,     3.9,     7.2,     2.7,     86.1,     1004.7,     332.7,     73.7,     87.7,     -2.1
43,     08.12.2014 07:11:16,     -4.2,     -2.01,     298,     2.2,     4.6,     8.1,     2.7,     85.8,     1004.8,     332.7,     253.2,     87.9,     -177.9,     12.529,     2.91,     86.8
44,     08.12.2014 07:21:16,     -3.15,     0,     299,     2.2,     5.1,     8.2,     2.6,     85.9,     1004.8,     332.7,     253.9,     87.9,     -177.9
45,     08.12.2014 07:31:16,     -4.2,     -2.01,     300,     2.8,     4.6,     8.3,     2.5,     86.3,     1004.9,     332.7,     73.8,     87.9,     -2
46,     08.12.2014 07:41:16,     -4.2,     -2.01,     293,     2.7,     4.5,     7.7,     2.5,     86.3,     1004.8,     332.7,     254.7,     88.1,     -178.1
47,     08.12.2014 07:51:16,     -4.2,     -4.02,     292,     2.5,     4.3,     7,     2.6,     85.5,     1004.9,     332.7,     253.2,     88,     -178.1
48,     08.12.2014 08:01:16,     -2.1,     0,     294,     1,     4,     6.5,     2.5,     86.3,     1005.1,     332.7,     253.6,     87.9,     -177.9
49,     08.12.2014 08:11:16,     -1.05,     4.02,     291,     2,     4.1,     6.5,     2.5,     86.8,     1005.3,     332.7,     253.7,     88,     -178,     12.535,     2.41,     87.1
50,     08.12.2014 08:21:16,     1.05,     12.06,     289,     1.2,     3.5,     7,     2.5,     87.4,     1005.4,     332.7,     253.5,     87.9,     -177.9
51,     08.12.2014 08:31:16,     5.25,     18.09,     288,     1.7,     3.4,     5.6,     2.5,     87.6,     1005.4,     332.7,     253.5,     88,     -178
52,     08.12.2014 08:41:16,     8.4,     24.12,     287,     1.1,     3.4,     5.4,     2.6,     87.9,     1005.5,     332.7,     253.7,     87.9,     -177.9
53,     08.12.2014 08:51:16,     18.9,     42.21,     281,     0.4,     3.4,     5.1,     2.6,     87.7,     1005.6,     332.7,     253.3,     87.8,     -177.8
54,     08.12.2014 09:01:16,     31.5,     58.29,     279,     1.1,     3.9,     7,     2.6,     87.6,     1005.6,     332.7,     254.5,     88,     -178
55,     08.12.2014 09:11:17,     54.6,     96.48,     280,     2.2,     4.4,     7.1,     2.7,     87.8,     1005.7,     332.7,     73.9,     87.9,     -2,     13.557,     2.54,     87.2
56,     08.12.2014 09:21:17,     55.65,     104.52,     283,     1.6,     4.1,     6.8,     2.7,     86.5,     1005.7,     332.7,     254.1,     87.8,     -177.8
57,     08.12.2014 09:31:17,     84,     144.72,     285,     1,     3.8,     6.1,     2.7,     86.2,     1005.7,     332.7,     254.6,     87.9,     -177.9
58,     08.12.2014 09:41:17,     94.5,     164.82,     286,     1.3,     3.7,     7.9,     2.8,     86.4,     1005.7,     332.7,     253.5,     88,     -177.9
59,     08.12.2014 09:51:17,     113.4,     203.01,     290,     1.6,     3.9,     6.9,     2.8,     86.2,     1005.9,     332.7,     74.1,     87.8,     -2.1
60,     08.12.2014 10:01:17,     137.55,     227.13,     283,     1.4,     4,     7.5,     2.8,     85.8,     1005.9,     332.7,     256.6,     87.9,     -177.8
61,     08.12.2014 10:11:17,     134.4,     223.11,     289,     1.9,     4,     6.7,     2.9,     85.6,     1006,     332.7,     73.7,     87.9,     -2,     13.673,     3.99,     87.1
62,     08.12.2014 10:21:17,     162.75,     277.38,     280,     1.6,     3.7,     6.5,     3,     85.6,     1005.9,     332.7,     74.2,     88,     -1.9
63,     08.12.2014 10:31:17,     179.55,     307.53,     285,     0.8,     3.6,     6.3,     3.1,     84.8,     1006,     332.7,     253.3,     87.7,     -177.7
64,     08.12.2014 10:41:17,     130.2,     233.16,     285,     2.8,     4.5,     7,     3.1,     84.1,     1006,     332.7,     73.6,     87.9,     -2
65,     08.12.2014 10:51:17,     171.15,     265.32,     281,     0.7,     3.8,     6.4,     3.2,     84.5,     1006,     332.7,     254,     87.9,     -177.9
66,     08.12.2014 11:01:17,     73.5,     138.69,     281,     1.2,     4.3,     7.8,     3.2,     83.9,     1006,     332.7,     254.7,     87.9,     -177.8
67,     08.12.2014 11:11:16,     106.05,     203.01,     272,     1.8,     4.1,     6.6,     3.2,     84.1,     1005.9,     332.7,     76.1,     87.9,     -2,     13.671,     5.12,     86.3
68,     08.12.2014 11:21:16,     77.7,     156.78,     272,     2.3,     4.6,     7.3,     3.3,     83.2,     1005.9,     332.7,     74.1,     87.6,     -2.3
69,     08.12.2014 11:31:16,     82.95,     162.81,     276,     2.2,     3.8,     7.5,     3.3,     83.7,     1005.8,     332.7,     74.6,     88.1,     -1.8
70,     08.12.2014 11:41:16,     92.4,     176.88,     273,     2.6,     4.3,     6.6,     3.3,     82.8,     1005.9,     332.7,     73.8,     87.9,     -2
71,     08.12.2014 11:51:16,     61.95,     122.61,     282,     1.5,     3.6,     5.8,     3.4,     83.2,     1005.9,     332.7,     254,     88,     -178
72,     08.12.2014 12:01:16,     67.2,     136.68,     285,     2,     4.2,     7.6,     3.5,     82.6,     1005.8,     332.7,     254.7,     88,     -178
73,     08.12.2014 12:11:16,     66.15,     128.64,     288,     2.2,     4.6,     8.8,     3.5,     81.9,     1005.7,     332.7,     254.9,     88,     -177.9,     12.845,     5.11,     86.3
74,     08.12.2014 12:21:16,     88.2,     170.85,     288,     2,     4.5,     8.5,     3.6,     82.5,     1005.7,     332.7,     254.2,     87.9,     -177.9
75,     08.12.2014 12:31:16,     68.25,     132.66,     283,     2.5,     4.4,     7,     3.7,     82.2,     1005.7,     332.7,     253.3,     87.9,     -177.9
76,     08.12.2014 12:41:16,     53.55,     108.54,     290,     1.4,     4,     6.5,     3.7,     81.9,     1005.7,     332.7,     253.8,     87.9,     -177.9
77,     08.12.2014 12:51:16,     68.25,     134.67,     281,     1.6,     3.7,     5.7,     3.7,     82.2,     1005.7,     332.7,     74.6,     88.2,     -1.7
78,     08.12.2014 13:01:16,     35.7,     76.38,     275,     2.1,     4.5,     7.8,     3.7,     82.5,     1005.7,     332.7,     254.1,     87.9,     -177.9
79,     08.12.2014 13:11:17,     64.05,     130.65,     285,     2.5,     4.3,     6.9,     3.7,     82.2,     1005.7,     332.7,     74,     88,     -1.9,     13.758,     5.19,     86.2
80,     08.12.2014 13:21:17,     66.15,     134.67,     282,     1.8,     4,     6.4,     3.8,     81.7,     1005.6,     332.7,     254.4,     87.8,     -177.8
81,     08.12.2014 13:31:17,     33.6,     68.34,     283,     2.2,     3.9,     6.6,     3.8,     82.6,     1005.7,     332.7,     253.5,     87.9,     -177.9
82,     08.12.2014 13:41:17,     15.75,     38.19,     280,     2.1,     3.5,     4.9,     3.8,     82.7,     1005.8,     332.7,     253.4,     87.9,     -177.9
83,     08.12.2014 13:51:17,     26.25,     56.28,     281,     1.6,     3.4,     6.1,     3.9,     82.2,     1005.8,     332.7,     253.9,     88,     -177.9
84,     08.12.2014 14:01:17,     27.3,     56.28,     282,     1.2,     3.4,     5.7,     3.9,     82,     1005.8,     332.7,     74,     87.8,     -2.1
85,     08.12.2014 14:11:16,     19.95,     42.21,     290,     1,     3.6,     6,     4,     82.1,     1005.9,     332.7,     73.9,     87.9,     -2,     12.821,     5.09,     86.3
86,     08.12.2014 14:21:16,     32.55,     64.32,     284,     2.3,     3.8,     5.7,     4,     82.5,     1005.9,     332.7,     254.1,     87.9,     -177.9
87,     08.12.2014 14:31:16,     11.55,     30.15,     273,     1,     3.7,     6.6,     4.1,     82,     1005.9,     332.7,     74.7,     88,     -1.9
88,     08.12.2014 14:41:16,     23.1,     46.23,     273,     1.7,     3.7,     6.1,     4,     82.1,     1005.9,     332.7,     74.7,     87.8,     -2.2
89,     08.12.2014 14:51:16,     21,     42.21,     270,     0.7,     4,     6.5,     4.1,     82,     1006,     332.7,     253.9,     88,     -178
90,     08.12.2014 15:01:16,     19.95,     40.2,     263,     1.5,     3.9,     7.1,     4.1,     82.6,     1006.1,     332.7,     254.5,     88,     -178
91,     08.12.2014 15:11:16,     11.55,     24.12,     261,     2.4,     4.2,     6.2,     4.2,     81.5,     1006.1,     332.7,     254.2,     87.8,     -177.8,     12.724,     4.98,     86.3
92,     08.12.2014 15:21:16,     8.4,     14.07,     275,     1.9,     3.9,     5.8,     4.2,     81.1,     1006.3,     332.7,     73.9,     88,     -1.9
93,     08.12.2014 15:31:16,     3.15,     8.04,     273,     1.9,     3.6,     5.9,     4.2,     81.1,     1006.3,     332.7,     253.5,     87.9,     -177.9
94,     08.12.2014 15:41:16,     1.05,     4.02,     277,     1.5,     3.6,     6.7,     4.2,     81.4,     1006.3,     332.7,     253.9,     88.1,     -178.1
95,     08.12.2014 15:51:16,     -1.05,     2.01,     271,     1.8,     4.2,     7.7,     4.3,     80.6,     1006.4,     332.7,     254,     87.9,     -177.9
96,     08.12.2014 16:01:16,     -1.05,     0,     278,     1.8,     3.9,     6.3,     4.2,     80.4,     1006.6,     332.7,     254.2,     88.1,     -178.1
97,     08.12.2014 16:11:17,     -2.1,     -2.01,     277,     2.2,     3.9,     6.4,     4.2,     81.1,     1006.5,     332.7,     253.9,     88,     -178,     12.635,     4.91,     86.4
98,     08.12.2014 16:21:17,     -1.05,     0,     276,     1.8,     3.8,     5.7,     4.2,     80.4,     1006.6,     332.7,     254.7,     88,     -178
99,     08.12.2014 16:31:17,     -1.05,     2.01,     273,     2.4,     3.9,     5.9,     4.2,     80.4,     1006.6,     332.7,     254.6,     88,     -178
100,     08.12.2014 16:41:17,     -2.1,     0,     260,     1.5,     4,     6.3,     4.2,     81.4,     1006.6,     332.7,     74.3,     87.8,     -2.1
101,     08.12.2014 16:51:17,     -2.1,     -4.02,     267,     0.7,     3.5,     5.5,     4.2,     81,     1006.6,     332.7,     74.6,     88.1,     -1.8
102,     08.12.2014 17:01:17,     -3.15,     -4.02,     271,     2,     3.8,     6.5,     4.2,     79.8,     1006.6,     332.7,     254,     87.8,     -177.8
103,     08.12.2014 17:11:16,     -2.1,     -2.01,     275,     1.3,     3.7,     5.7,     4.2,     79.5,     1006.7,     332.7,     253.9,     88,     -178,     12.590,     4.78,     86.5
104,     08.12.2014 17:21:16,     -1.05,     0,     266,     2.7,     4.8,     8.5,     4.3,     78.1,     1006.6,     332.7,     254.1,     87.6,     -177.7
105,     08.12.2014 17:31:16,     -2.1,     -2.01,     267,     2.1,     4.2,     6.9,     4.3,     78.4,     1006.6,     332.7,     254.5,     88,     -178
106,     08.12.2014 17:41:16,     -2.1,     0,     276,     2.2,     3.7,     6.7,     4.3,     78.2,     1006.8,     332.7,     253.8,     87.9,     -177.9
107,     08.12.2014 17:51:16,     -2.1,     -2.01,     275,     2.2,     4,     6.6,     4.2,     78.4,     1006.8,     332.7,     74.6,     88,     -1.9
108,     08.12.2014 18:01:16,     -1.05,     -2.01,     273,     1.9,     3.7,     6.2,     4.2,     79.8,     1006.9,     332.7,     253.6,     88,     -178
109,     08.12.2014 18:11:17,     -2.1,     0,     275,     1.5,     3.5,     5.6,     4.2,     79.7,     1007,     332.7,     74.1,     87.9,     -2.1,     12.563,     4.77,     86.5
110,     08.12.2014 18:21:17,     -2.1,     -4.02,     262,     1.4,     3.5,     5.1,     4.2,     80.4,     1006.9,     332.7,     253.6,     87.9,     -177.9
111,     08.12.2014 18:31:17,     0,     0,     261,     1.4,     3.1,     5.7,     4.2,     79.4,     1007.1,     332.7,     254.3,     87.8,     -177.8
112,     08.12.2014 18:41:17,     -2.1,     -2.01,     267,     1.5,     3.4,     5.8,     4.2,     79.2,     1007.2,     332.7,     253.7,     88,     -178
113,     08.12.2014 18:51:17,     -2.1,     -2.01,     271,     0.9,     3.7,     5.6,     4.2,     79,     1007.3,     332.7,     73.8,     88.1,     -1.8
114,     08.12.2014 19:01:17,     -2.1,     -2.01,     261,     1.2,     3.4,     5.7,     4.2,     79.3,     1007.4,     332.7,     73.6,     87.9,     -2
115,     08.12.2014 19:11:16,     -2.1,     -2.01,     266,     0.9,     3.9,     6.4,     4.2,     79.6,     1007.4,     332.7,     254.5,     87.9,     -177.9,     12.541,     4.75,     86.5
116,     08.12.2014 19:21:16,     -2.1,     -2.01,     277,     1.5,     3.2,     5.4,     4.2,     79.1,     1007.5,     332.7,     254.1,     87.9,     -177.9
117,     08.12.2014 19:31:16,     -1.05,     -2.01,     287,     1.3,     3.1,     4.9,     4.1,     79.3,     1007.6,     332.7,     253.8,     87.9,     -177.9
118,     08.12.2014 19:41:16,     -2.1,     -2.01,     284,     1.6,     2.9,     4.4,     4.1,     78.6,     1007.7,     332.7,     253.8,     88,     -178
119,     08.12.2014 19:51:16,     -1.05,     0,     274,     2,     3.5,     6.5,     4.2,     79,     1007.7,     332.7,     253.7,     87.9,     -178
120,     08.12.2014 20:01:16,     -1.05,     -2.01,     268,     0.8,     3.2,     4.8,     4.1,     78.9,     1007.8,     332.7,     253.4,     87.9,     -177.9
121,     08.12.2014 20:11:16,     -1.05,     -2.01,     263,     1.1,     2.8,     4.4,     4.1,     80.1,     1007.9,     332.7,     253.8,     87.9,     -177.9,     12.514,     4.68,     86.5
122,     08.12.2014 20:21:16,     -1.05,     0,     251,     1.7,     2.9,     4.8,     4.1,     80.8,     1007.9,     332.7,     253.7,     88,     -178
123,     08.12.2014 20:31:16,     -1.05,     -2.01,     249,     1.7,     2.9,     4.1,     4,     81.3,     1008,     332.7,     74.1,     88,     -2
124,     08.12.2014 20:41:16,     -2.1,     -2.01,     253,     2,     3.1,     4.8,     4,     81.9,     1008,     332.7,     253.8,     88,     -178
125,     08.12.2014 20:51:16,     -2.1,     -2.01,     259,     1.7,     3.5,     5.7,     4,     81.7,     1008,     332.7,     74.3,     87.9,     -2
126,     08.12.2014 21:01:16,     -4.2,     -2.01,     268,     1.9,     3.8,     5.8,     4,     81.7,     1008.1,     332.7,     73.8,     88,     -2
127,     08.12.2014 21:11:16,     -3.15,     0,     269,     1.8,     3.7,     6.4,     3.9,     81.4,     1008.1,     332.7,     254,     88.1,     -178,     13.830,     4.48,     86.4
128,     08.12.2014 21:21:16,     -1.05,     0,     279,     2.1,     3.9,     5.7,     4,     81.2,     1008.3,     332.7,     253.9,     87.8,     -177.9
129,     08.12.2014 21:31:16,     -2.1,     -2.01,     277,     0.9,     3.2,     5.5,     3.9,     81.2,     1008.4,     332.7,     253.8,     88,     -178
130,     08.12.2014 21:41:16,     -2.1,     -2.01,     272,     1.5,     3.7,     6.5,     3.9,     80.9,     1008.5,     332.7,     254,     88.1,     -178.1
131,     08.12.2014 21:51:16,     -2.1,     -2.01,     266,     1.3,     3.5,     5.9,     4,     81.4,     1008.7,     332.7,     253.9,     87.8,     -177.8
132,     08.12.2014 22:01:16,     -2.1,     -4.02,     275,     1.9,     3.9,     6.9,     3.9,     80.9,     1008.7,     332.7,     74.7,     87.9,     -2
133,     08.12.2014 22:11:16,     -1.05,     -2.01,     286,     1.2,     3.4,     5.4,     3.8,     80,     1008.8,     332.7,     253.7,     87.9,     -177.9,     12.630,     4.47,     86.6
134,     08.12.2014 22:21:16,     -2.1,     -2.01,     279,     2.1,     3.7,     5.9,     3.8,     80.5,     1008.8,     332.7,     253.9,     88,     -178
135,     08.12.2014 22:31:16,     -2.1,     -2.01,     276,     1,     3.6,     6.2,     3.8,     80.7,     1008.9,     332.7,     253.7,     88,     -178
136,     08.12.2014 22:41:16,     -1.05,     -2.01,     278,     2.3,     3.7,     5.8,     3.7,     80.7,     1009.1,     332.7,     253.8,     88.1,     -178.1
137,     08.12.2014 22:51:16,     -2.1,     -2.01,     271,     1.8,     3.6,     5.6,     3.7,     80.9,     1009.2,     332.7,     254.2,     87.9,     -177.9
138,     08.12.2014 23:01:16,     -2.1,     -2.01,     278,     1.7,     3.7,     5.4,     3.6,     81.1,     1009.3,     332.7,     253.4,     87.8,     -177.8
139,     08.12.2014 23:11:16,     -1.05,     -2.01,     278,     1.7,     3.8,     6.7,     3.5,     81.2,     1009.3,     332.7,     254.3,     88,     -177.9,     12.544,     4.44,     86.6
140,     08.12.2014 23:21:16,     -2.1,     -2.01,     287,     1.9,     3.8,     6.9,     3.4,     81.1,     1009.5,     332.7,     253.1,     87.9,     -177.9
141,     08.12.2014 23:31:16,     -2.1,     -4.02,     287,     0.5,     3.5,     6,     3.4,     81.5,     1009.5,     332.7,     253.4,     87.9,     -177.9
142,     08.12.2014 23:41:16,     -1.05,     -2.01,     271,     1.5,     3.5,     5.2,     3.4,     81.2,     1009.6,     332.7,     254,     87.9,     -178
143,     08.12.2014 23:51:16,     -2.1,     -2.01,     263,     1.5,     3.1,     4.7,     3.4,     81.2,     1009.7,     332.7,     253.5,     87.9,     -178
144,     09.12.2014 00:01:16,     -1.05,     0,     266,     1.7,     2.8,     4.4,     3.5,     80.8,     1009.9,     332.7,     253.5,     87.9,     -177.9,     12.399,     4.23,     86.7