Logger: #D10248 'TSK_Meteo' - USP_EXP2 (V2.10, Jan 24 2012)
No,     Time,     #1:W/m²:0,     #2:ÂµMol:(do.),     #5:deg:2,     #6:m/sMIN:(do.),     #7:m/sMIT:(do.),     #8:m/sMAX:(do.),     #9:Â°C:(do.),     #10:%:(do.),     #11:hPa:(do.),     #12:mm:(do.),     #14:AZ:3,     #15:EL:(do.),     #16:Roll:(do.),     #HK-Bat:V,     #HK-Temp:oC,     #HK-rH:%
(GSM Transfer OK / Signal:17)
1,     24.09.2014 00:11:22,     -2.1,     -2.01,     221,     0.3,     1.1,     2,     10.5,     77.2,     1008.6,     287.14,     253.4,     87.9,     -177.9,     12.389,     10.74,     71.9
2,     24.09.2014 00:21:22,     -2.1,     -2.01,     203,     0.2,     1.2,     2.1,     10.5,     76.7,     1008.6,     287.14,     253.4,     88,     -178
3,     24.09.2014 00:31:22,     -2.1,     0,     192,     0.2,     1.3,     2.3,     10.6,     76.7,     1008.5,     287.14,     253.3,     88,     -178
4,     24.09.2014 00:41:22,     -2.1,     -4.02,     199,     0.1,     1.2,     2.2,     10.6,     76.1,     1008.5,     287.14,     253.5,     88,     -178
5,     24.09.2014 00:51:22,     -2.1,     -2.01,     208,     0.4,     1.3,     2.6,     10.8,     74.9,     1008.5,     287.14,     253.4,     88,     -178
6,     24.09.2014 01:01:22,     -4.2,     0,     214,     0.7,     1.5,     2.5,     10.9,     74.7,     1008.4,     287.14,     253.5,     87.9,     -178
7,     24.09.2014 01:11:16,     -2.1,     -4.02,     219,     1.2,     2.3,     3.9,     10.9,     73.7,     1008.1,     287.14,     253.4,     87.9,     -177.9,     12.501,     10.82,     73.5
8,     24.09.2014 01:21:16,     -1.05,     -2.01,     215,     0.2,     2.4,     4.1,     11,     74.9,     1008,     287.14,     253.7,     88,     -178
9,     24.09.2014 01:31:16,     -2.1,     -2.01,     234,     0.7,     2.4,     4.3,     11.2,     73.2,     1007.9,     287.14,     253.5,     87.9,     -177.9
10,     24.09.2014 01:41:16,     -3.15,     -4.02,     228,     1.2,     2.9,     4.4,     11.2,     74.4,     1007.7,     287.14,     253.8,     87.8,     -177.9
11,     24.09.2014 01:51:16,     -2.1,     -2.01,     224,     1.1,     2.1,     3.2,     11.2,     75.8,     1007.6,     287.14,     253.4,     88,     -178
12,     24.09.2014 02:01:16,     -3.15,     -6.03,     236,     0.6,     1.6,     2.5,     11.1,     76.7,     1007.7,     287.14,     253.9,     87.9,     -177.9
13,     24.09.2014 02:11:17,     -3.15,     -2.01,     224,     0.7,     1.9,     3.1,     11.1,     76.8,     1007.5,     287.14,     253.6,     88,     -178,     12.471,     11.27,     73.4
14,     24.09.2014 02:21:17,     -3.15,     -2.01,     216,     0.5,     1.6,     2.6,     11,     77.4,     1007.4,     287.14,     253.5,     87.9,     -177.9
15,     24.09.2014 02:31:17,     -3.15,     -2.01,     201,     0.7,     1.7,     2.7,     10.9,     78.7,     1007.3,     287.14,     253.4,     88,     -178
16,     24.09.2014 02:41:17,     -3.15,     -2.01,     213,     0.8,     1.7,     2.8,     10.9,     79.3,     1007.2,     287.14,     253.6,     87.9,     -177.9
17,     24.09.2014 02:51:17,     -3.15,     0,     218,     1.1,     1.8,     2.8,     10.8,     79.4,     1007.2,     287.14,     253.6,     87.9,     -177.9
18,     24.09.2014 03:01:17,     -3.15,     -4.02,     231,     1.2,     2.2,     3.4,     10.9,     78.8,     1007.2,     287.14,     253.9,     87.9,     -178
19,     24.09.2014 03:11:18,     -2.1,     -2.01,     228,     1.4,     2.5,     3.8,     11,     78.1,     1007.2,     287.14,     254,     88,     -178,     12.444,     11.05,     73.5
20,     24.09.2014 03:21:18,     -2.1,     -4.02,     228,     1.5,     2.4,     4.2,     10.9,     77.5,     1007.2,     287.14,     254,     88,     -178
21,     24.09.2014 03:31:18,     -2.1,     0,     228,     1.2,     2.7,     4.3,     10.9,     78.5,     1007.1,     287.14,     254.1,     88,     -178
22,     24.09.2014 03:41:18,     -3.15,     -4.02,     229,     1.4,     2.7,     4.1,     10.8,     78.6,     1007.1,     287.14,     254.3,     88,     -178
23,     24.09.2014 03:51:18,     -2.1,     0,     234,     1.3,     2.4,     4,     10.9,     79,     1007,     287.14,     254.1,     88,     -178
24,     24.09.2014 04:01:18,     -2.1,     -4.02,     234,     1.2,     2.2,     3.1,     10.9,     78.9,     1006.9,     287.14,     253.6,     88.1,     -178.1
25,     24.09.2014 04:11:16,     -3.15,     -2.01,     225,     1.1,     2,     2.9,     10.9,     79.4,     1006.8,     287.14,     253.5,     87.9,     -177.9,     12.406,     11.20,     73.5
26,     24.09.2014 04:21:16,     -2.1,     -2.01,     217,     1.1,     2,     3.2,     10.9,     79.3,     1006.7,     287.14,     253.4,     87.9,     -177.9
27,     24.09.2014 04:31:16,     -1.05,     0,     203,     1.1,     1.8,     2.9,     10.9,     80.6,     1006.6,     287.14,     253.5,     88,     -178
28,     24.09.2014 04:41:16,     -1.05,     0,     201,     0.9,     1.7,     2.5,     10.9,     80.6,     1006.5,     287.14,     253.5,     88,     -178
29,     24.09.2014 04:51:16,     -3.15,     0,     193,     1,     1.8,     2.4,     10.9,     81.3,     1006.3,     287.14,     253.5,     87.9,     -177.9
30,     24.09.2014 05:01:16,     -3.15,     -2.01,     202,     0.7,     1.6,     3,     10.8,     81.4,     1006.3,     287.14,     253.3,     88,     -178
31,     24.09.2014 05:11:16,     -2.1,     -2.01,     229,     0.4,     1.3,     2.5,     10.9,     81.1,     1006.3,     287.14,     253.5,     87.9,     -177.9,     12.391,     11.13,     73.5
32,     24.09.2014 05:21:16,     -2.1,     -2.01,     215,     0.3,     1.7,     2.8,     10.9,     80.5,     1006.3,     287.14,     253.5,     88,     -178
33,     24.09.2014 05:31:16,     -2.1,     -2.01,     210,     0.8,     1.9,     3,     10.9,     80.6,     1006.2,     287.14,     253.6,     87.9,     -177.9
34,     24.09.2014 05:41:16,     -1.05,     0,     220,     0.6,     1.8,     3.3,     10.9,     81.3,     1006.2,     287.14,     253.4,     88,     -178
35,     24.09.2014 05:51:16,     -2.1,     -2.01,     207,     0.7,     1.9,     3.4,     10.9,     81.1,     1006.2,     287.14,     253.5,     88,     -178
36,     24.09.2014 06:01:16,     -1.05,     4.02,     223,     0.2,     1.9,     3.5,     10.9,     80.5,     1006.1,     287.14,     253.8,     88,     -178
37,     24.09.2014 06:11:22,     2.1,     6.03,     228,     0.8,     2.4,     4,     10.9,     80.3,     1006,     287.14,     253.6,     87.9,     -177.9,     12.357,     11.20,     73.5
38,     24.09.2014 06:21:22,     5.25,     16.08,     222,     1,     2.4,     4.4,     11,     80.7,     1006,     287.14,     253.7,     88,     -178
39,     24.09.2014 06:31:22,     10.5,     22.11,     209,     1,     1.9,     3.2,     11,     82.8,     1005.9,     287.14,     253.6,     87.9,     -177.9
40,     24.09.2014 06:41:22,     8.4,     20.1,     222,     0.9,     2.3,     4.1,     10.9,     82.1,     1005.9,     287.14,     253.9,     88,     -178
41,     24.09.2014 06:51:22,     8.4,     22.11,     229,     1.2,     2.6,     3.9,     11,     81.7,     1005.8,     287.14,     253.8,     88,     -178
42,     24.09.2014 07:01:22,     15.75,     34.17,     235,     1.3,     3,     4.8,     11,     81.1,     1005.8,     287.14,     254.2,     87.9,     -177.9
43,     24.09.2014 07:11:22,     18.9,     44.22,     237,     1.9,     3.1,     5,     11,     80.8,     1005.7,     287.14,     254.1,     87.9,     -177.9,     12.416,     11.47,     73.4
44,     24.09.2014 07:21:22,     24.15,     54.27,     237,     0.7,     3,     4.6,     11.1,     80.9,     1005.6,     287.14,     254.6,     87.8,     -177.9
45,     24.09.2014 07:31:22,     27.3,     60.3,     235,     1.6,     3.4,     5.1,     11.1,     80.1,     1005.5,     287.14,     253.9,     87.8,     -177.9
46,     24.09.2014 07:41:22,     35.7,     76.38,     238,     2.3,     3.6,     5.5,     11.1,     79.3,     1005.4,     287.14,     254,     88,     -178
47,     24.09.2014 07:51:22,     78.75,     162.81,     234,     2.2,     3.5,     5.7,     11.1,     78.6,     1005.3,     287.14,     254.2,     87.9,     -177.9
48,     24.09.2014 08:01:22,     123.9,     259.29,     257,     1.5,     3,     5.3,     11.3,     78.7,     1005.4,     287.14,     254.5,     88,     -178.1
49,     24.09.2014 08:11:16,     116.55,     239.19,     246,     0.9,     3.5,     5.1,     11.4,     76.5,     1005.3,     287.14,     254.5,     87.8,     -177.8,     13.194,     12.02,     73.4
50,     24.09.2014 08:21:16,     141.75,     293.46,     243,     1.7,     3.5,     5.4,     11.6,     75.1,     1005.3,     287.14,     254.7,     87.8,     -177.8
51,     24.09.2014 08:31:16,     136.5,     283.41,     246,     1.7,     3.3,     5.2,     11.7,     73.9,     1005.3,     287.14,     254.5,     88.1,     -178.1
52,     24.09.2014 08:41:16,     105,     223.11,     240,     1.1,     3.5,     6.3,     11.8,     74,     1005.2,     287.14,     254.4,     87.9,     -177.9
53,     24.09.2014 08:51:16,     120.75,     253.26,     239,     2.3,     3.6,     5,     11.9,     74.9,     1005.2,     287.14,     254.2,     87.9,     -177.9
54,     24.09.2014 09:01:16,     185.85,     379.89,     242,     1.8,     3.5,     6.4,     12,     72.3,     1005.2,     287.14,     254,     88.1,     -178.1
55,     24.09.2014 09:11:16,     306.6,     603,     238,     1.2,     3.2,     5.8,     12.2,     72.1,     1005.2,     287.14,     254.3,     88,     -178,     14.316,     13.34,     73.1
56,     24.09.2014 09:21:16,     362.25,     709.53,     245,     1.7,     3.8,     6.2,     12.5,     71.5,     1005.2,     287.14,     254.3,     87.9,     -177.9
57,     24.09.2014 09:31:16,     380.1,     737.67,     251,     2,     3.6,     5.5,     12.7,     69.7,     1005,     287.14,     254.5,     88,     -178
58,     24.09.2014 09:41:16,     268.8,     534.66,     253,     1.3,     4.1,     7.5,     13,     67.8,     1004.9,     287.14,     254.4,     88,     -178
59,     24.09.2014 09:51:16,     363.3,     715.56,     246,     1.1,     3.6,     6.8,     13.1,     67.6,     1004.9,     287.14,     253.9,     88.1,     -178.1
60,     24.09.2014 10:01:16,     388.5,     761.79,     235,     1.5,     3.7,     6,     13.3,     67.9,     1004.7,     287.14,     254.6,     87.9,     -177.9
61,     24.09.2014 10:11:16,     340.2,     673.35,     233,     1.2,     3.8,     6.8,     13.3,     67.5,     1004.6,     287.14,     255.3,     88,     -177.9,     13.368,     16.30,     72.2
62,     24.09.2014 10:21:16,     341.25,     673.35,     237,     2,     4.1,     6.9,     13.4,     66.5,     1004.5,     287.14,     254.1,     87.9,     -177.9
63,     24.09.2014 10:31:16,     325.5,     649.23,     236,     1.9,     4,     6.6,     13.5,     66.9,     1004.5,     287.14,     254.8,     88.1,     -178.1
64,     24.09.2014 10:41:16,     303.45,     609.03,     236,     2.1,     4.5,     7.5,     13.8,     64.1,     1004.5,     287.14,     255,     88.1,     -178.1
65,     24.09.2014 10:51:16,     275.1,     554.76,     254,     2.5,     4.9,     8.6,     13.8,     60.9,     1004.4,     287.14,     75.3,     87.8,     -2.1
66,     24.09.2014 11:01:16,     312.9,     629.13,     256,     2.1,     4.8,     8.3,     13.9,     62.2,     1004.4,     287.14,     254.6,     87.8,     -177.8
67,     24.09.2014 11:11:16,     322.35,     651.24,     252,     1.6,     4.3,     6.9,     13.9,     63.9,     1004.4,     287.14,     254.8,     88,     -178,     13.315,     16.87,     71.9
68,     24.09.2014 11:21:16,     434.7,     864.3,     262,     1.6,     4.4,     6.9,     13.9,     61.5,     1004.3,     287.14,     255.8,     87.9,     -177.9
69,     24.09.2014 11:31:16,     375.9,     753.75,     256,     2.2,     4.7,     7.3,     14.1,     61,     1004.2,     287.14,     74.8,     88.1,     -1.8
70,     24.09.2014 11:41:16,     311.85,     633.15,     264,     2.5,     5,     7.5,     14,     58.8,     1004.1,     287.14,     256,     88,     -178
71,     24.09.2014 11:51:16,     444.15,     874.35,     245,     2.9,     5.3,     8.5,     14.1,     59.4,     1004,     287.14,     75.5,     87.8,     -2
72,     24.09.2014 12:01:16,     427.35,     828.12,     263,     1.5,     4.2,     7.1,     14.3,     58.7,     1003.7,     287.14,     75,     87.9,     -2
73,     24.09.2014 12:11:16,     478.8,     914.55,     237,     2.1,     4.2,     8.1,     14.5,     59.2,     1003.7,     287.14,     255.8,     88,     -178,     13.154,     17.75,     71.7
74,     24.09.2014 12:21:16,     480.9,     914.55,     242,     2.4,     5.4,     8.3,     14.5,     59.1,     1003.6,     287.14,     255.7,     88,     -178
75,     24.09.2014 12:31:16,     215.25,     436.17,     229,     1.9,     5.2,     8,     14.3,     58.2,     1003.5,     287.14,     255.3,     88.3,     -178.2
76,     24.09.2014 12:41:16,     254.1,     514.56,     238,     2.2,     4.3,     6.8,     14.3,     58.3,     1003.6,     287.14,     254.7,     88,     -178
77,     24.09.2014 12:51:16,     270.9,     544.71,     241,     2.1,     4.5,     7.3,     14.3,     57.6,     1003.5,     287.14,     254.6,     88,     -178.1
78,     24.09.2014 13:01:16,     289.8,     582.9,     236,     2.3,     4.5,     7.8,     14.3,     57.5,     1003.3,     287.14,     254.6,     88,     -178
79,     24.09.2014 13:11:16,     375.9,     739.68,     242,     2.2,     4.7,     7.2,     14.4,     56.3,     1003.4,     287.14,     74.9,     87.9,     -2.1,     13.305,     17.38,     71.9
80,     24.09.2014 13:21:16,     384.3,     757.77,     238,     2.3,     5,     8.4,     14.5,     55.7,     1003.2,     287.14,     254.4,     87.7,     -177.7
81,     24.09.2014 13:31:16,     326.55,     671.34,     236,     2.8,     5.3,     8.2,     14.5,     55.1,     1003,     287.14,     254.8,     87.9,     -177.9
82,     24.09.2014 13:41:16,     352.8,     689.43,     230,     2.7,     5,     7.6,     14.7,     53.6,     1002.9,     287.14,     76,     88,     -1.9
83,     24.09.2014 13:51:16,     262.5,     530.64,     239,     2.8,     5.2,     8.7,     14.6,     54.3,     1002.9,     287.14,     254.6,     88.1,     -178
84,     24.09.2014 14:01:16,     259.35,     526.62,     237,     2.8,     4.8,     7.7,     14.6,     57,     1002.8,     287.14,     255,     87.9,     -177.9
85,     24.09.2014 14:11:17,     240.45,     490.44,     239,     1.9,     4.4,     7.8,     14.7,     54.9,     1002.6,     287.14,     74.7,     88,     -1.9,     13.457,     17.39,     71.9
86,     24.09.2014 14:21:17,     242.55,     494.46,     240,     2.3,     4.4,     7.3,     14.7,     56.7,     1002.6,     287.14,     76.4,     87.9,     -2
87,     24.09.2014 14:31:17,     204.75,     414.06,     244,     2.1,     4.7,     7.8,     14.6,     57,     1002.6,     287.14,     255.8,     87.9,     -178
88,     24.09.2014 14:41:17,     207.9,     420.09,     235,     2.2,     4.3,     6.9,     14.7,     56.6,     1002.3,     287.14,     254.1,     87.9,     -177.9
89,     24.09.2014 14:51:17,     161.7,     333.66,     243,     2.2,     4.6,     8,     14.6,     56.2,     1002.4,     287.14,     74.7,     87.8,     -2
90,     24.09.2014 15:01:17,     161.7,     333.66,     248,     1,     4,     6.9,     14.6,     58.6,     1002.2,     287.14,     254.1,     87.9,     -178
91,     24.09.2014 15:11:16,     157.5,     329.64,     242,     2.5,     4.9,     7.7,     14.5,     56.3,     1002.1,     287.14,     254.6,     87.9,     -177.9,     13.510,     16.85,     72.1
92,     24.09.2014 15:21:16,     118.65,     249.24,     241,     2.1,     4.4,     7.1,     14.6,     57,     1002.1,     287.14,     255,     88.1,     -178.1
93,     24.09.2014 15:31:16,     119.7,     249.24,     238,     2.4,     4.7,     7.8,     14.5,     55.4,     1002,     287.14,     75,     88,     -1.9
94,     24.09.2014 15:41:16,     139.65,     283.41,     234,     1.7,     3.9,     6.5,     14.5,     56.5,     1001.9,     287.14,     254.9,     87.8,     -177.8
95,     24.09.2014 15:51:16,     144.9,     295.47,     236,     2.2,     4,     7.3,     14.4,     58.4,     1001.7,     287.14,     254.7,     87.9,     -177.9
96,     24.09.2014 16:01:16,     112.35,     227.13,     234,     1.8,     4.5,     7.1,     14.3,     57.9,     1001.8,     287.14,     75.4,     88,     -1.9
97,     24.09.2014 16:11:16,     122.85,     245.22,     236,     2.4,     5.1,     7.6,     14.2,     58.9,     1001.5,     287.14,     74.9,     87.9,     -1.9,     13.553,     16.09,     72.4
98,     24.09.2014 16:21:16,     122.85,     241.2,     233,     2.1,     3.9,     6.8,     14.2,     61.2,     1001.4,     287.14,     255,     87.7,     -177.8
99,     24.09.2014 16:31:16,     133.35,     257.28,     236,     0.4,     4.1,     6.6,     14.2,     61.8,     1001.4,     287.14,     254.5,     88,     -177.9
100,     24.09.2014 16:41:16,     93.45,     186.93,     231,     1.6,     3.2,     5.8,     14.1,     61.8,     1001.3,     287.14,     254,     88,     -178
101,     24.09.2014 16:51:16,     80.85,     156.78,     234,     1.9,     4.2,     6.9,     14,     62.2,     1001.4,     287.14,     75.3,     88,     -2
102,     24.09.2014 17:01:16,     61.95,     122.61,     233,     1.8,     3.7,     5.6,     13.9,     63.1,     1001.4,     287.14,     254.2,     88,     -178
103,     24.09.2014 17:11:16,     40.95,     84.42,     241,     2.2,     3.5,     5.2,     13.8,     65.2,     1001.4,     287.14,     254.4,     88,     -178,     13.631,     15.27,     72.6
104,     24.09.2014 17:21:16,     27.3,     60.3,     236,     1.4,     3.5,     6,     13.7,     64.3,     1001.2,     287.14,     254.5,     88,     -178.1
105,     24.09.2014 17:31:16,     21,     46.23,     235,     1.1,     3.6,     6.1,     13.6,     64.6,     1001.2,     287.14,     254.8,     87.9,     -177.9
106,     24.09.2014 17:41:16,     14.7,     30.15,     238,     1.2,     3.3,     5.2,     13.5,     65.7,     1001.2,     287.14,     254.6,     88,     -178
107,     24.09.2014 17:51:16,     8.4,     18.09,     235,     1.2,     3.3,     5.5,     13.4,     65.8,     1001.3,     287.14,     253.9,     87.9,     -177.9
108,     24.09.2014 18:01:16,     1.05,     4.02,     229,     1.5,     3.2,     4.9,     13.2,     66.9,     1001.2,     287.14,     254,     87.9,     -177.9
109,     24.09.2014 18:11:16,     -3.15,     2.01,     226,     1.8,     3.2,     5.3,     13.1,     66.5,     1001.2,     287.14,     254.1,     88,     -178,     12.730,     13.95,     73.0
110,     24.09.2014 18:21:16,     -3.15,     0,     226,     1.6,     3.1,     4.6,     13,     66.9,     1001.1,     287.14,     254,     87.9,     -177.9
111,     24.09.2014 18:31:16,     -4.2,     -4.02,     225,     1.9,     3.7,     6.4,     12.9,     67.3,     1001.1,     287.14,     254.2,     88.1,     -178.1
112,     24.09.2014 18:41:16,     -3.15,     0,     223,     2.1,     3.5,     5.8,     12.9,     68.2,     1001,     287.14,     254.3,     88,     -178
113,     24.09.2014 18:51:16,     -4.2,     -4.02,     222,     2.1,     3.8,     5.9,     12.8,     68.6,     1000.9,     287.14,     253.4,     88.2,     -178.2
114,     24.09.2014 19:01:16,     -3.15,     -2.01,     230,     1.2,     3.7,     6.2,     12.8,     69.6,     1001.1,     287.14,     254.9,     87.8,     -177.8
115,     24.09.2014 19:11:22,     -3.15,     -2.01,     227,     2.1,     3.6,     5.6,     12.7,     69.2,     1001.1,     287.14,     254.6,     88,     -178,     12.652,     13.10,     73.2
116,     24.09.2014 19:21:22,     -3.15,     0,     230,     2.3,     3.9,     6.2,     12.6,     71,     1001,     287.14,     253.9,     87.9,     -177.9
117,     24.09.2014 19:31:22,     -4.2,     -2.01,     224,     1.8,     3.6,     5.4,     12.5,     70.2,     1000.9,     287.14,     253.6,     87.9,     -177.9
118,     24.09.2014 19:41:22,     -3.15,     -2.01,     224,     2.3,     3.6,     5.6,     12.4,     70.9,     1000.9,     287.14,     75.5,     88.1,     -1.8
119,     24.09.2014 19:51:22,     -2.1,     2.01,     228,     2.2,     3.7,     5.6,     12.4,     71.9,     1000.9,     287.14,     253.8,     87.9,     -177.9
120,     24.09.2014 20:01:22,     -3.15,     -2.01,     235,     1.5,     2.8,     5,     12.4,     72.4,     1001,     287.14,     253.6,     88.1,     -178.1
121,     24.09.2014 20:11:16,     -4.2,     -2.01,     234,     1.2,     2.7,     4.3,     12.3,     72.6,     1000.9,     287.14,     253.5,     88,     -178,     12.639,     12.61,     73.3
122,     24.09.2014 20:21:16,     -4.2,     0,     233,     1.5,     2.6,     4.1,     12.2,     73.3,     1001,     287.14,     253.9,     88,     -178
123,     24.09.2014 20:31:16,     -5.25,     -4.02,     224,     1.8,     2.8,     4.6,     12.1,     73.7,     1000.9,     287.14,     253.3,     87.8,     -177.9
124,     24.09.2014 20:41:16,     -4.2,     -2.01,     229,     1.6,     2.8,     4.8,     12,     73.8,     1000.8,     287.14,     254,     87.9,     -177.9
125,     24.09.2014 20:51:16,     -3.15,     -2.01,     229,     0.9,     2.3,     3.6,     11.9,     74.8,     1000.8,     287.14,     253.6,     87.9,     -177.9
126,     24.09.2014 21:01:16,     -4.2,     -6.03,     220,     1.1,     2.3,     3.8,     11.7,     76,     1000.8,     287.14,     253.5,     88,     -178
127,     24.09.2014 21:11:16,     -4.2,     -2.01,     214,     0.9,     2.1,     3.5,     11.5,     76.9,     1000.7,     287.14,     253.5,     88,     -178,     12.594,     11.70,     73.5
128,     24.09.2014 21:21:16,     -4.2,     -2.01,     212,     1.2,     2.2,     4,     11.3,     79,     1000.7,     287.14,     253.5,     88,     -178
129,     24.09.2014 21:31:16,     -2.1,     0,     222,     1.2,     2.4,     3.7,     11.4,     78.6,     1000.7,     287.14,     253.5,     88,     -178
130,     24.09.2014 21:41:16,     -1.05,     0,     223,     1.3,     2.7,     4.6,     11.5,     77.7,     1000.6,     287.14,     253.8,     87.9,     -177.9
131,     24.09.2014 21:51:16,     -1.05,     -2.01,     214,     1.3,     2.5,     4.3,     11.4,     78.4,     1000.6,     287.14,     253.6,     88,     -178
132,     24.09.2014 22:01:16,     -2.1,     -2.01,     225,     1.7,     2.9,     4.7,     11.6,     78.6,     1000.6,     287.14,     253.9,     87.9,     -177.9
133,     24.09.2014 22:11:17,     -2.1,     -4.02,     247,     0.6,     2.8,     5.4,     12,     75.7,     1000.5,     287.14,     254,     88,     -178,     12.571,     11.71,     73.5
134,     24.09.2014 22:21:17,     -2.1,     -2.01,     257,     0.8,     2.9,     5.8,     12.2,     74.6,     1000.5,     287.14,     253.7,     87.9,     -177.9
135,     24.09.2014 22:31:17,     -1.05,     -2.01,     259,     1.4,     2.8,     4.4,     12.4,     75.7,     1000.5,     287.14,     253.9,     87.9,     -177.9
136,     24.09.2014 22:41:17,     -3.15,     -2.01,     263,     1.1,     3,     5,     12.4,     75,     1000.5,     287.14,     253.9,     88,     -178
137,     24.09.2014 22:51:17,     -2.1,     -2.01,     262,     1.7,     3,     5,     12.5,     75,     1000.5,     287.14,     253.7,     88,     -178
138,     24.09.2014 23:01:17,     -2.1,     -2.01,     260,     1,     2.8,     5,     12.6,     74.1,     1000.5,     287.14,     253.4,     88,     -178
139,     24.09.2014 23:11:16,     -2.1,     -2.01,     265,     1.5,     3.8,     6.3,     12.7,     75,     1000.4,     287.14,     254.1,     88.1,     -178,     12.563,     12.49,     73.3
140,     24.09.2014 23:21:16,     -2.1,     -4.02,     270,     0.7,     3.5,     5.9,     12.7,     75.3,     1000.3,     287.14,     254,     87.8,     -177.8
141,     24.09.2014 23:31:16,     -2.1,     0,     275,     1.2,     3.6,     6.4,     12.7,     75.4,     1000.3,     287.14,     254,     88,     -178
142,     24.09.2014 23:41:16,     -3.15,     -2.01,     280,     1.8,     3.8,     6.5,     12.7,     75.9,     1000.4,     287.14,     254,     87.9,     -177.9
143,     24.09.2014 23:51:16,     -4.2,     -2.01,     285,     0.9,     3.4,     6.6,     12.6,     77.4,     1000.3,     287.14,     254.1,     88,     -178
144,     25.09.2014 00:01:16,     -3.15,     -2.01,     290,     1,     2.7,     4.8,     12.6,     77,     1000.3,     287.14,     253.8,     88,     -177.9,     12.465,     12.71,     73.2