Logger: #D10248 'TSK_Meteo' - USP_EXP2 (V2.10, Jan 24 2012)
No,     Time,     #1:W/m²:0,     #2:ÂµMol:(do.),     #5:deg:2,     #6:m/sMIN:(do.),     #7:m/sMIT:(do.),     #8:m/sMAX:(do.),     #9:Â°C:(do.),     #10:%:(do.),     #11:hPa:(do.),     #12:mm:(do.),     #14:AZ:3,     #15:EL:(do.),     #16:Roll:(do.),     #HK-Bat:V,     #HK-Temp:oC,     #HK-rH:%
(GSM Transfer OK / Signal:15)
1,     05.12.2014 00:11:16,     -4.2,     -2.01,     152,     0.2,     1.3,     2.9,     1.1,     84.7,     1010.5,     330.94,     252.8,     87.9,     -177.9,     12.315,     1.97,     84.8
2,     05.12.2014 00:21:16,     -3.15,     -2.01,     147,     0.2,     1.6,     3,     1.1,     84.8,     1010.4,     330.94,     253.1,     87.9,     -177.9
3,     05.12.2014 00:31:16,     -2.1,     -2.01,     157,     0.5,     1.5,     2.7,     1.1,     85,     1010.4,     330.94,     252.8,     87.9,     -177.9
4,     05.12.2014 00:41:16,     -2.1,     -2.01,     158,     0.4,     1.7,     2.9,     1,     85.1,     1010.3,     330.94,     252.7,     87.9,     -177.9
5,     05.12.2014 00:51:16,     -3.15,     -2.01,     154,     0.4,     1.5,     2.9,     1,     85.3,     1010.2,     330.94,     253.1,     87.8,     -177.9
6,     05.12.2014 01:01:16,     -3.15,     -2.01,     156,     0.2,     1.5,     2.6,     1,     85.3,     1010.2,     330.94,     253,     87.9,     -177.9
7,     05.12.2014 01:11:16,     -3.15,     -4.02,     161,     0.2,     1.6,     3.2,     1,     85.3,     1010.2,     330.94,     252.8,     87.9,     -177.9,     12.794,     1.05,     86.8
8,     05.12.2014 01:21:16,     -3.15,     -4.02,     163,     0.4,     1.6,     2.9,     0.9,     85.9,     1010.3,     330.94,     252.8,     87.9,     -177.9
9,     05.12.2014 01:31:16,     -3.15,     -2.01,     154,     0.3,     1.5,     2.4,     0.8,     85.7,     1010.1,     330.94,     252.9,     87.9,     -177.9
10,     05.12.2014 01:41:16,     -3.15,     -2.01,     157,     0.3,     1.4,     3,     0.8,     86,     1010.1,     330.94,     252.9,     87.9,     -177.9
11,     05.12.2014 01:51:16,     -2.1,     0,     160,     0.1,     1.3,     3.2,     0.8,     86.1,     1010,     330.94,     252.8,     88,     -177.9
12,     05.12.2014 02:01:16,     -2.1,     -2.01,     169,     0.4,     1.6,     3.1,     0.8,     85.9,     1010,     330.94,     252.7,     87.8,     -177.8
13,     05.12.2014 02:11:16,     -3.15,     -2.01,     171,     0.5,     1.9,     3.6,     0.7,     86,     1009.9,     330.94,     252.8,     87.9,     -177.9,     12.510,     0.83,     86.9
14,     05.12.2014 02:21:16,     -3.15,     -2.01,     169,     0.2,     1.6,     2.7,     0.6,     86.5,     1009.9,     330.94,     252.9,     87.9,     -177.9
15,     05.12.2014 02:31:16,     -3.15,     -2.01,     188,     0.2,     1.2,     2.5,     0.7,     86.6,     1009.8,     330.94,     252.9,     87.9,     -177.9
16,     05.12.2014 02:41:16,     -2.1,     -2.01,     184,     0.5,     1.4,     2.6,     0.7,     86.8,     1009.8,     330.94,     252.8,     87.9,     -177.9
17,     05.12.2014 02:51:16,     -2.1,     -2.01,     175,     0.1,     1.1,     2.6,     0.7,     87,     1009.8,     330.94,     252.9,     87.9,     -177.9
18,     05.12.2014 03:01:16,     -1.05,     -2.01,     199,     0.2,     1.4,     2.7,     0.7,     86.8,     1009.7,     330.94,     253,     87.9,     -177.9
19,     05.12.2014 03:11:16,     -2.1,     -4.02,     186,     0.7,     1.5,     2.5,     0.8,     87,     1009.7,     330.94,     252.7,     87.9,     -177.9,     12.427,     0.91,     87.0
20,     05.12.2014 03:21:16,     -2.1,     -2.01,     185,     0.9,     1.7,     3.2,     0.7,     86.6,     1009.7,     330.94,     252.9,     88,     -178
21,     05.12.2014 03:31:16,     -1.05,     -2.01,     183,     0.9,     1.9,     3.2,     0.8,     87.1,     1009.6,     330.94,     252.9,     88,     -178
22,     05.12.2014 03:41:16,     -1.05,     -2.01,     175,     0.9,     2.2,     3,     0.9,     87,     1009.5,     330.94,     252.8,     87.9,     -177.9
23,     05.12.2014 03:51:16,     -1.05,     -2.01,     174,     1.1,     2.2,     2.9,     1,     86.7,     1009.5,     330.94,     252.8,     88,     -178
24,     05.12.2014 04:01:16,     -1.05,     -2.01,     172,     0.7,     2,     3.1,     1,     86.1,     1009.5,     330.94,     253.1,     87.8,     -177.8
25,     05.12.2014 04:11:16,     0,     -2.01,     192,     1.1,     1.8,     2.9,     1.1,     86.2,     1009.4,     330.94,     252.9,     87.9,     -177.9,     12.410,     1.55,     86.9
26,     05.12.2014 04:21:16,     -1.05,     -2.01,     188,     0.9,     1.8,     2.6,     1.2,     86.4,     1009.3,     330.94,     252.9,     87.9,     -177.9
27,     05.12.2014 04:31:16,     -1.05,     0,     197,     0.9,     1.7,     2.6,     1.3,     86.3,     1009.3,     330.94,     253,     88,     -177.9
28,     05.12.2014 04:41:16,     -1.05,     0,     207,     1,     1.7,     2.5,     1.4,     86.3,     1009.3,     330.94,     253,     87.8,     -177.9
29,     05.12.2014 04:51:16,     -1.05,     -2.01,     196,     1,     1.6,     2.3,     1.4,     85.7,     1009.3,     330.94,     252.9,     87.9,     -177.9
30,     05.12.2014 05:01:16,     -1.05,     -2.01,     174,     0.7,     1.7,     2.7,     1.5,     85.7,     1009.3,     330.94,     253,     87.9,     -177.9
31,     05.12.2014 05:11:16,     -1.05,     -4.02,     181,     0.8,     1.7,     2.4,     1.6,     85.6,     1009.4,     330.94,     252.9,     88,     -178,     12.391,     2.16,     86.6
32,     05.12.2014 05:21:16,     -1.05,     -4.02,     187,     0.7,     1.5,     2.1,     1.6,     85.9,     1009.4,     330.94,     252.9,     87.9,     -177.9
33,     05.12.2014 05:31:16,     -1.05,     -2.01,     185,     0.9,     1.6,     2.3,     1.6,     85.5,     1009.3,     330.94,     252.9,     87.9,     -177.9
34,     05.12.2014 05:41:16,     -1.05,     -2.01,     198,     1.3,     2,     2.7,     1.7,     85.6,     1009.3,     330.94,     253.1,     87.8,     -177.8
35,     05.12.2014 05:51:16,     0,     -2.01,     196,     0.8,     1.6,     2.4,     1.8,     85.7,     1009.3,     330.94,     253,     87.9,     -177.9
36,     05.12.2014 06:01:16,     -1.05,     -2.01,     174,     0.2,     1.2,     2.2,     1.8,     85.6,     1009.4,     330.94,     252.9,     87.9,     -177.9
37,     05.12.2014 06:11:16,     -2.1,     -2.01,     177,     0.6,     1.4,     2.2,     1.8,     85.8,     1009.4,     330.94,     253,     87.9,     -177.9,     12.389,     2.55,     86.5
38,     05.12.2014 06:21:16,     -2.1,     -2.01,     195,     0.8,     1.8,     2.7,     1.8,     85.8,     1009.5,     330.94,     253,     87.9,     -177.9
39,     05.12.2014 06:31:16,     0,     -2.01,     202,     1.3,     2.1,     3.2,     1.8,     85.7,     1009.5,     330.94,     253.3,     88,     -178
40,     05.12.2014 06:41:16,     -1.05,     -2.01,     202,     1.2,     2.2,     3.6,     1.8,     85.5,     1009.5,     330.94,     253.2,     87.9,     -177.9
41,     05.12.2014 06:51:16,     -1.05,     -2.01,     204,     1.4,     2.3,     3.8,     1.9,     85.3,     1009.5,     330.94,     253.3,     87.9,     -177.9
42,     05.12.2014 07:01:16,     -2.1,     -2.01,     205,     1.3,     2.3,     3.5,     1.8,     84.9,     1009.4,     330.94,     253.5,     87.8,     -177.9
43,     05.12.2014 07:11:16,     0,     0,     210,     1.5,     2.4,     3.2,     1.9,     84.9,     1009.4,     330.94,     253.1,     87.9,     -177.9,     12.395,     2.72,     86.5
44,     05.12.2014 07:21:16,     -2.1,     -2.01,     210,     1.6,     2.5,     3.8,     1.9,     85.2,     1009.4,     330.94,     253.6,     87.9,     -177.9
45,     05.12.2014 07:31:16,     -2.1,     -2.01,     215,     1.8,     2.7,     3.7,     1.8,     85.7,     1009.3,     330.94,     253.4,     87.8,     -177.8
46,     05.12.2014 07:41:16,     -2.1,     -2.01,     218,     1.5,     2.3,     3.2,     1.8,     86.1,     1009.4,     330.94,     253.6,     87.9,     -177.9
47,     05.12.2014 07:51:16,     -2.1,     -2.01,     215,     1.2,     2.2,     3.4,     1.8,     86.7,     1009.4,     330.94,     253.4,     87.9,     -177.9
48,     05.12.2014 08:01:16,     -2.1,     0,     210,     1.3,     2,     3,     1.7,     87.5,     1009.4,     330.94,     253,     88,     -177.9
49,     05.12.2014 08:11:16,     -1.05,     0,     215,     1.1,     2,     2.8,     1.6,     87.9,     1009.5,     330.95,     253.4,     88,     -178,     12.864,     2.71,     86.5
50,     05.12.2014 08:21:16,     -1.05,     0,     219,     1.1,     2,     3.1,     1.7,     88.3,     1009.5,     330.96,     253.3,     87.9,     -177.9
51,     05.12.2014 08:31:16,     2.1,     4.02,     218,     1.3,     2.1,     3,     1.6,     88.3,     1009.4,     330.96,     253.1,     87.8,     -177.9
52,     05.12.2014 08:41:16,     1.05,     4.02,     217,     1.3,     2,     2.7,     1.6,     88.5,     1009.4,     330.97,     253.3,     87.9,     -178
53,     05.12.2014 08:51:16,     0,     4.02,     220,     1.6,     2.3,     3.3,     1.6,     88.9,     1009.5,     331.01,     253.3,     88,     -177.9
54,     05.12.2014 09:01:16,     1.05,     6.03,     216,     1.2,     2.3,     3.1,     1.5,     88.9,     1009.4,     331.04,     253.6,     87.9,     -177.9
55,     05.12.2014 09:11:16,     3.15,     8.04,     218,     1.4,     2.6,     4,     1.5,     89,     1009.4,     331.08,     253.3,     88,     -178,     12.556,     2.57,     86.5
56,     05.12.2014 09:21:16,     7.35,     18.09,     216,     1.6,     2.6,     3.8,     1.5,     89.2,     1009.4,     331.11,     253.4,     87.9,     -177.9
57,     05.12.2014 09:31:16,     10.5,     26.13,     216,     1.7,     2.5,     3.7,     1.4,     89,     1009.4,     331.12,     253.4,     88,     -177.9
58,     05.12.2014 09:41:16,     10.5,     24.12,     216,     1.8,     2.7,     3.9,     1.5,     89.4,     1009.5,     331.13,     253.6,     88,     -178
59,     05.12.2014 09:51:16,     15.75,     32.16,     215,     1.3,     2.8,     4.1,     1.5,     89.6,     1009.4,     331.13,     253.3,     88,     -178
60,     05.12.2014 10:01:16,     11.55,     26.13,     215,     1.8,     2.6,     3.6,     1.5,     89.5,     1009.5,     331.13,     253.5,     87.9,     -177.9
61,     05.12.2014 10:11:16,     7.35,     20.1,     214,     1.7,     2.4,     3.5,     1.4,     89.7,     1009.5,     331.13,     253.3,     88,     -178,     12.518,     2.54,     86.6
62,     05.12.2014 10:21:16,     10.5,     26.13,     213,     1.5,     2.4,     3.8,     1.4,     89.7,     1009.5,     331.16,     253.2,     88,     -178
63,     05.12.2014 10:31:16,     15.75,     38.19,     212,     1.8,     2.6,     3.5,     1.5,     89.9,     1009.5,     331.17,     253.2,     87.9,     -177.9
64,     05.12.2014 10:41:16,     21,     48.24,     209,     0.2,     2.2,     3.3,     1.5,     90,     1009.6,     331.27,     253.2,     88,     -178
65,     05.12.2014 10:51:16,     16.8,     38.19,     177,     0,     0.8,     3,     1.5,     90.1,     1009.5,     331.32,     253.2,     87.9,     -177.8
66,     05.12.2014 11:01:16,     12.6,     32.16,     191,     0.2,     1,     2.6,     1.5,     90.2,     1009.6,     331.32,     253.3,     88,     -177.9
67,     05.12.2014 11:11:16,     17.85,     42.21,     189,     0.2,     1.2,     2.7,     1.6,     90.5,     1009.5,     331.32,     253.1,     87.9,     -178,     12.527,     2.57,     86.6
68,     05.12.2014 11:21:16,     26.25,     60.3,     286,     0.3,     1.5,     2.8,     1.5,     90.5,     1009.5,     331.32,     253.6,     87.9,     -177.9
69,     05.12.2014 11:31:16,     31.5,     68.34,     319,     0.3,     1.5,     2.6,     1.7,     90.7,     1009.4,     331.32,     253.3,     87.9,     -178
70,     05.12.2014 11:41:16,     25.2,     60.3,     322,     0.4,     1.5,     2.6,     1.7,     90.9,     1009.4,     331.32,     253.4,     87.9,     -178
71,     05.12.2014 11:51:16,     13.65,     30.15,     297,     0.8,     1.9,     3.1,     1.7,     91,     1009.3,     331.32,     253.2,     87.9,     -177.9
72,     05.12.2014 12:01:16,     14.7,     34.17,     282,     0.6,     1.9,     3.3,     1.7,     91.2,     1009.3,     331.32,     253.1,     88,     -178
73,     05.12.2014 12:11:16,     26.25,     60.3,     273,     0.8,     1.7,     3,     1.8,     91.3,     1009.3,     331.32,     253.1,     87.8,     -177.9,     12.370,     2.83,     86.6
74,     05.12.2014 12:21:16,     21,     48.24,     287,     0.9,     2,     3.3,     1.8,     91.4,     1009.3,     331.32,     253.2,     87.9,     -177.9
75,     05.12.2014 12:31:16,     14.7,     36.18,     287,     0.9,     2.4,     4,     1.9,     91.4,     1009.3,     331.32,     253.3,     88,     -178
76,     05.12.2014 12:41:16,     23.1,     52.26,     283,     1.2,     2.5,     3.9,     1.9,     91.4,     1009.1,     331.32,     253.2,     87.9,     -177.9
77,     05.12.2014 12:51:16,     16.8,     38.19,     286,     1,     3.2,     5.2,     2,     91.5,     1009.2,     331.32,     253.7,     87.9,     -177.9
78,     05.12.2014 13:01:16,     21,     48.24,     288,     1.3,     2.9,     4.6,     2,     91.4,     1009.1,     331.32,     253.3,     87.9,     -177.9
79,     05.12.2014 13:11:16,     24.15,     56.28,     293,     0.8,     2,     3.9,     2.1,     91.5,     1009.1,     331.32,     253.4,     88,     -178,     12.480,     3.10,     86.5
80,     05.12.2014 13:21:16,     12.6,     30.15,     300,     0.4,     1.7,     2.9,     2.1,     91.5,     1009.2,     331.32,     253.1,     87.9,     -177.9
81,     05.12.2014 13:31:16,     17.85,     40.2,     298,     0.7,     1.7,     3.2,     2.2,     91.6,     1009.2,     331.32,     253.4,     87.9,     -178
82,     05.12.2014 13:41:16,     17.85,     40.2,     301,     0.5,     1.8,     3.3,     2.2,     91.5,     1009.1,     331.32,     253.5,     88,     -178
83,     05.12.2014 13:51:16,     19.95,     44.22,     294,     1.3,     3.1,     5.2,     2.2,     91.6,     1009,     331.32,     253.5,     87.9,     -177.9
84,     05.12.2014 14:01:16,     13.65,     32.16,     295,     1.4,     3.5,     5.1,     2.3,     91.7,     1009.1,     331.32,     253.3,     87.9,     -177.9
85,     05.12.2014 14:11:16,     10.5,     24.12,     292,     1.6,     3.6,     5.6,     2.4,     91.6,     1009,     331.32,     253.5,     87.8,     -177.9,     12.471,     3.30,     86.4
86,     05.12.2014 14:21:16,     7.35,     18.09,     301,     1.1,     3.1,     5.2,     2.3,     91.4,     1009,     331.32,     253.6,     88,     -178
87,     05.12.2014 14:31:16,     8.4,     20.1,     303,     0.7,     2.2,     4.6,     2.3,     91.3,     1009,     331.32,     253.5,     87.8,     -177.9
88,     05.12.2014 14:41:16,     12.6,     26.13,     306,     0.7,     1.7,     3.2,     2.3,     91.2,     1008.9,     331.32,     253.4,     87.9,     -177.9
89,     05.12.2014 14:51:16,     23.1,     44.22,     298,     0.4,     1.7,     3.1,     2.3,     91.1,     1008.9,     331.32,     253.5,     87.9,     -177.9
90,     05.12.2014 15:01:16,     12.6,     26.13,     303,     0.7,     2.3,     5,     2.4,     90.8,     1009,     331.32,     253.8,     87.9,     -178
91,     05.12.2014 15:11:16,     4.2,     12.06,     311,     0.7,     2.6,     4.5,     2.4,     90.2,     1009,     331.32,     253.7,     87.9,     -177.9,     12.427,     3.40,     86.4
92,     05.12.2014 15:21:16,     1.05,     6.03,     313,     0.8,     2.6,     4.5,     2.4,     89.4,     1009,     331.32,     253.3,     87.9,     -177.9
93,     05.12.2014 15:31:16,     3.15,     10.05,     321,     1.3,     3.1,     4.8,     2.5,     89.6,     1009.1,     331.32,     253.6,     87.9,     -177.9
94,     05.12.2014 15:41:16,     1.05,     6.03,     320,     0.8,     2.8,     4.4,     2.4,     89.1,     1009.1,     331.32,     253.1,     87.8,     -177.8
95,     05.12.2014 15:51:16,     -1.05,     0,     311,     1.8,     3.9,     5.3,     2.4,     88.8,     1009.1,     331.32,     253.6,     88,     -178
96,     05.12.2014 16:01:16,     0,     0,     308,     2.4,     4.3,     5.7,     2.3,     88.7,     1009.2,     331.33,     73.5,     87.9,     -2
97,     05.12.2014 16:11:16,     -1.05,     2.01,     308,     2.3,     4.6,     6.7,     2.3,     88.3,     1009.3,     331.33,     253.3,     87.8,     -177.9,     12.389,     3.24,     86.4
98,     05.12.2014 16:21:16,     -2.1,     -4.02,     302,     1.9,     4.2,     5.7,     2.2,     88.5,     1009.3,     331.33,     253.4,     87.9,     -177.9
99,     05.12.2014 16:31:16,     -2.1,     -4.02,     287,     1.8,     3.3,     6.2,     2.2,     88.2,     1009.5,     331.33,     253.3,     88,     -178
100,     05.12.2014 16:41:16,     -3.15,     -2.01,     280,     1.8,     3.9,     6.1,     2.1,     88.2,     1009.5,     331.33,     254.4,     88,     -178.1
101,     05.12.2014 16:51:16,     -1.05,     -2.01,     282,     1.7,     3.2,     5.4,     2.1,     88.3,     1009.6,     331.33,     253.7,     88,     -178
102,     05.12.2014 17:01:16,     -1.05,     -2.01,     281,     1.4,     3.1,     4.8,     2.1,     88.2,     1009.5,     331.33,     253.2,     88,     -178
103,     05.12.2014 17:11:16,     -2.1,     -2.01,     286,     1.8,     3.1,     4.9,     2,     88.4,     1009.4,     331.33,     253.3,     88,     -178,     12.762,     3.03,     86.5
104,     05.12.2014 17:21:16,     -1.05,     -2.01,     284,     0.8,     3.4,     5.8,     2,     88.3,     1009.4,     331.33,     253.5,     87.9,     -177.9
105,     05.12.2014 17:31:16,     -1.05,     -2.01,     279,     1.9,     3.6,     6,     2.1,     88.4,     1009.6,     331.33,     253.4,     87.9,     -177.9
106,     05.12.2014 17:41:16,     -2.1,     -4.02,     281,     1.5,     3.6,     5.3,     2,     88.4,     1009.7,     331.33,     253.6,     87.9,     -177.9
107,     05.12.2014 17:51:16,     0,     0,     285,     2.3,     4,     6.2,     1.9,     89,     1009.7,     331.33,     253.4,     87.9,     -177.9
108,     05.12.2014 18:01:16,     -1.05,     -2.01,     294,     2,     3.5,     5.4,     1.9,     89,     1009.8,     331.33,     253.9,     87.8,     -177.8
109,     05.12.2014 18:11:16,     0,     -2.01,     291,     2,     4.3,     7.7,     1.9,     88.5,     1009.8,     331.33,     74,     88,     -2,     12.554,     2.87,     86.5
110,     05.12.2014 18:21:16,     -1.05,     -2.01,     292,     1.8,     3.5,     5.7,     1.9,     88.7,     1009.9,     331.33,     73.2,     87.9,     -2
111,     05.12.2014 18:31:16,     0,     -2.01,     296,     2.1,     3.9,     5.6,     1.9,     88.7,     1009.9,     331.33,     73.7,     87.9,     -2
112,     05.12.2014 18:41:16,     -1.05,     -2.01,     295,     2.4,     3.7,     6,     1.8,     88.9,     1010,     331.33,     253.4,     87.8,     -177.8
113,     05.12.2014 18:51:16,     -1.05,     -2.01,     291,     2,     3.1,     4.6,     1.9,     89,     1010,     331.33,     253.5,     88,     -178
114,     05.12.2014 19:01:16,     0,     -2.01,     283,     1.5,     3.5,     6.1,     2,     88.6,     1010,     331.33,     254.1,     88,     -178
115,     05.12.2014 19:11:16,     0,     -2.01,     280,     2,     3.5,     5.3,     2.1,     88.6,     1010,     331.33,     253.4,     87.9,     -177.9,     12.469,     2.79,     86.6
116,     05.12.2014 19:21:16,     0,     -2.01,     283,     1.9,     3.6,     5.8,     2,     87.8,     1009.9,     331.33,     253.3,     87.8,     -177.9
117,     05.12.2014 19:31:16,     -1.05,     -2.01,     283,     1.5,     3.2,     5,     2,     88.3,     1010,     331.33,     253.2,     87.9,     -177.9
118,     05.12.2014 19:41:16,     -1.05,     -2.01,     287,     0.6,     2.8,     4.9,     1.9,     88.4,     1010,     331.33,     253.6,     87.9,     -177.9
119,     05.12.2014 19:51:16,     0,     -2.01,     284,     0.8,     2.6,     4,     2,     88.6,     1010.1,     331.33,     253.7,     87.9,     -177.9
120,     05.12.2014 20:01:16,     -1.05,     -2.01,     282,     1.6,     2.8,     4.7,     2,     88.5,     1010.2,     331.33,     253.4,     88,     -177.9
121,     05.12.2014 20:11:16,     -1.05,     0,     274,     1.3,     3.1,     5.1,     2.1,     88.9,     1010.3,     331.33,     253.4,     88,     -178,     12.429,     2.75,     86.6
122,     05.12.2014 20:21:16,     -1.05,     -2.01,     260,     1.4,     2.9,     4.6,     2.1,     88.7,     1010.3,     331.33,     253.4,     87.9,     -177.9
123,     05.12.2014 20:31:16,     -2.1,     -2.01,     261,     1.1,     2.7,     4,     2,     88.9,     1010.3,     331.33,     253.3,     87.9,     -177.9
124,     05.12.2014 20:41:16,     -2.1,     -2.01,     256,     1.2,     2.4,     4.1,     2.1,     88.7,     1010.3,     331.33,     253.6,     87.9,     -177.9
125,     05.12.2014 20:51:16,     -2.1,     -2.01,     254,     1.5,     2.7,     4.1,     2,     88.6,     1010.3,     331.33,     253.7,     87.9,     -177.9
126,     05.12.2014 21:01:16,     -1.05,     -2.01,     252,     1.3,     2.6,     4.2,     2.1,     88.7,     1010.2,     331.33,     253.6,     87.9,     -177.9
127,     05.12.2014 21:11:17,     -3.15,     -4.02,     245,     1.4,     2.4,     3.6,     2,     88.6,     1010.2,     331.33,     253.3,     87.9,     -177.9,     12.393,     2.70,     86.6
128,     05.12.2014 21:21:17,     -1.05,     0,     255,     1.2,     2.3,     3.5,     2,     88.8,     1010.2,     331.33,     253.4,     87.9,     -177.9
129,     05.12.2014 21:31:17,     -2.1,     -2.01,     251,     1.2,     2.4,     3.4,     2,     88.8,     1010.3,     331.33,     73.9,     87.8,     -2.1
130,     05.12.2014 21:41:17,     -2.1,     -2.01,     244,     1.7,     2.7,     4.1,     2,     89,     1010.3,     331.33,     253.5,     87.9,     -177.9
131,     05.12.2014 21:51:17,     0,     -2.01,     246,     1.2,     2.5,     4.2,     2,     88.9,     1010.3,     331.33,     253.3,     87.9,     -177.9
132,     05.12.2014 22:01:17,     -1.05,     -2.01,     238,     1.4,     2.3,     3.2,     2,     89.1,     1010.3,     331.33,     253.3,     87.8,     -177.8
133,     05.12.2014 22:11:16,     -2.1,     0,     232,     1.4,     2.5,     4,     2,     89.4,     1010.3,     331.33,     253.5,     87.9,     -177.9,     12.399,     2.75,     86.7
134,     05.12.2014 22:21:16,     -1.05,     -2.01,     234,     1.7,     2.6,     3.4,     1.9,     89.4,     1010.4,     331.33,     253.4,     88,     -178
135,     05.12.2014 22:31:16,     -1.05,     0,     235,     1.5,     2.5,     3.9,     2,     89.4,     1010.4,     331.33,     253.4,     87.9,     -177.9
136,     05.12.2014 22:41:16,     -1.05,     0,     245,     1.4,     2.3,     3.3,     2.1,     89.2,     1010.5,     331.33,     253.7,     88,     -178
137,     05.12.2014 22:51:16,     -1.05,     -2.01,     238,     1.3,     2.3,     3.2,     2.1,     89.2,     1010.5,     331.33,     253.6,     87.9,     -177.9
138,     05.12.2014 23:01:16,     -1.05,     -2.01,     240,     1.4,     2.4,     3.3,     2.1,     89,     1010.6,     331.33,     253.5,     88,     -178
139,     05.12.2014 23:11:16,     -1.05,     -2.01,     242,     1.2,     2.2,     3.4,     2.2,     88.9,     1010.6,     331.33,     253.3,     88,     -178,     12.382,     2.85,     86.6
140,     05.12.2014 23:21:16,     -2.1,     0,     242,     1,     2.2,     3.5,     2.2,     89,     1010.7,     331.33,     253.4,     87.9,     -177.9
141,     05.12.2014 23:31:16,     -1.05,     -2.01,     237,     1.4,     2.4,     3.6,     2.3,     89.1,     1010.7,     331.33,     253.5,     87.9,     -177.9
142,     05.12.2014 23:41:16,     -1.05,     0,     227,     1.1,     2,     2.8,     2.2,     89,     1010.6,     331.33,     253.4,     87.9,     -177.9
143,     05.12.2014 23:51:16,     -1.05,     0,     230,     1.1,     2.1,     3,     2.2,     89.2,     1010.6,     331.33,     253,     87.9,     -177.9
144,     06.12.2014 00:01:16,     -1.05,     2.01,     231,     1,     2,     3,     2.2,     89.3,     1010.7,     331.33,     253.3,     88,     -178,     12.310,     2.93,     86.6