Logger: #D10248 'TSK_Meteo' - USP_EXP2 (V2.10, Jan 24 2012)
No,     Time,     #1:W/m²:0,     #2:ÂµMol:(do.),     #5:deg:2,     #6:m/sMIN:(do.),     #7:m/sMIT:(do.),     #8:m/sMAX:(do.),     #9:Â°C:(do.),     #10:%:(do.),     #11:hPa:(do.),     #12:mm:(do.),     #14:AZ:3,     #15:EL:(do.),     #16:Roll:(do.),     #HK-Bat:V,     #HK-Temp:oC,     #HK-rH:%
(GSM Transfer OK / Signal:17)
1,     07.10.2014 00:11:17,     -4.2,     -2.01,     151,     0.1,     1.6,     3.4,     10.3,     74.5,     1005.7,     291.46,     253.2,     87.9,     -177.9,     12.378,     10.98,     74.0
2,     07.10.2014 00:21:17,     -4.2,     -2.01,     154,     0.1,     1.8,     4.1,     10.1,     75.6,     1005.6,     291.46,     253.1,     87.9,     -178
3,     07.10.2014 00:31:17,     -5.25,     -4.02,     157,     0.1,     1.5,     3.4,     10,     76.3,     1005.5,     291.46,     253.3,     87.9,     -177.9
4,     07.10.2014 00:41:17,     -4.2,     -2.01,     163,     0,     1.4,     2.7,     9.9,     76.9,     1005.4,     291.46,     253,     88.1,     -178.1
5,     07.10.2014 00:51:17,     -4.2,     -2.01,     146,     0.2,     1.6,     4,     9.7,     76.8,     1005.2,     291.46,     253,     88,     -178
6,     07.10.2014 01:01:17,     -5.25,     -2.01,     151,     0.2,     1.8,     4,     9.6,     78.2,     1005.1,     291.46,     253.3,     88,     -178
7,     07.10.2014 01:11:17,     -4.2,     0,     157,     0.2,     1.7,     4.2,     9.5,     79.5,     1005,     291.46,     253.3,     88,     -178,     12.503,     9.43,     75.8
8,     07.10.2014 01:21:17,     -5.25,     -2.01,     165,     0,     1.3,     2.8,     9.5,     79.1,     1005,     291.46,     253.1,     87.9,     -177.9
9,     07.10.2014 01:31:17,     -4.2,     -2.01,     160,     0.1,     1.1,     2.5,     9.5,     79.4,     1005,     291.46,     253.3,     87.9,     -178
10,     07.10.2014 01:41:17,     -4.2,     -2.01,     146,     0.1,     1.2,     3.3,     9.5,     80.2,     1004.8,     291.46,     253.2,     87.9,     -177.9
11,     07.10.2014 01:51:17,     -4.2,     -2.01,     157,     0.1,     1.4,     3.8,     9.6,     79.1,     1004.7,     291.46,     253.1,     87.9,     -177.9
12,     07.10.2014 02:01:17,     -5.25,     -2.01,     155,     0.2,     1.6,     3.9,     9.5,     80.6,     1004.5,     291.46,     253.1,     88,     -178
13,     07.10.2014 02:11:23,     -3.15,     0,     155,     0.3,     1.9,     3.8,     9.5,     80.1,     1004.3,     291.46,     253.1,     88,     -178,     12.454,     8.77,     76.0
14,     07.10.2014 02:21:23,     -4.2,     -2.01,     160,     0,     1.6,     4.2,     9.6,     80.2,     1004.2,     291.46,     253.1,     88,     -178
15,     07.10.2014 02:31:23,     -4.2,     -2.01,     161,     0,     1.4,     3,     9.5,     80.7,     1004,     291.46,     253.3,     87.9,     -177.9
16,     07.10.2014 02:41:23,     -4.2,     -2.01,     158,     0,     1.6,     3.6,     9.4,     80.6,     1003.8,     291.46,     253.5,     87.9,     -178
17,     07.10.2014 02:51:23,     -4.2,     -2.01,     159,     0,     1.2,     2.9,     9.5,     80.9,     1003.7,     291.46,     253,     87.9,     -177.9
18,     07.10.2014 03:01:23,     -3.15,     0,     175,     0.4,     1.9,     3.5,     9.6,     81.4,     1003.6,     291.46,     253,     87.9,     -177.9
19,     07.10.2014 03:11:17,     -4.2,     0,     155,     0.1,     1.5,     3.3,     9.4,     81.6,     1003.4,     291.46,     252.3,     88,     -178,     12.438,     8.71,     76.1
20,     07.10.2014 03:21:17,     -5.25,     -2.01,     173,     0.3,     2,     4.3,     9.4,     81.8,     1003.4,     291.46,     252.9,     88,     -178
21,     07.10.2014 03:31:17,     -3.15,     -2.01,     174,     0.8,     2.7,     6.7,     9.5,     81.1,     1003.4,     291.46,     252.5,     87.9,     -177.9
22,     07.10.2014 03:41:17,     -2.1,     0,     179,     1.2,     3.1,     4.9,     9.4,     81.2,     1003.2,     291.46,     253,     87.9,     -177.9
23,     07.10.2014 03:51:17,     -2.1,     -2.01,     165,     0.7,     2.8,     5.1,     9.5,     82.6,     1003,     291.46,     253.7,     88,     -178
24,     07.10.2014 04:01:17,     -2.1,     -2.01,     162,     0.7,     2.6,     5,     9.5,     81.9,     1002.9,     291.46,     253.7,     87.9,     -177.9
25,     07.10.2014 04:11:21,     -4.2,     -2.01,     167,     0.8,     2.5,     5.2,     9.4,     82.3,     1002.9,     291.46,     253.4,     88.1,     -178.1,     12.427,     9.10,     75.9
26,     07.10.2014 04:21:21,     -3.15,     -2.01,     171,     0.7,     2.6,     5.6,     9.4,     82.9,     1002.7,     291.46,     253.3,     87.9,     -177.9
27,     07.10.2014 04:31:21,     -3.15,     -2.01,     167,     0.7,     2.6,     5.5,     9.4,     83.3,     1002.6,     291.46,     253.3,     87.9,     -177.9
28,     07.10.2014 04:41:21,     -3.15,     -2.01,     166,     0.3,     2.1,     4,     9.5,     82.6,     1002.4,     291.46,     253.2,     88,     -178
29,     07.10.2014 04:51:21,     -3.15,     -2.01,     159,     0.3,     2.2,     3.9,     9.5,     82.5,     1002.3,     291.46,     253.4,     87.9,     -177.9
30,     07.10.2014 05:01:21,     -3.15,     0,     164,     0.2,     2.1,     4,     9.5,     82.7,     1002.2,     291.46,     253.3,     87.9,     -177.9
31,     07.10.2014 05:11:16,     -3.15,     0,     169,     0.4,     2.5,     4.8,     9.6,     82.6,     1001.9,     291.46,     253,     87.9,     -177.9,     12.376,     9.53,     75.7
32,     07.10.2014 05:21:16,     -2.1,     0,     166,     0.7,     3.1,     5.5,     9.7,     81.9,     1001.7,     291.46,     253,     88,     -178
33,     07.10.2014 05:31:16,     -3.15,     -2.01,     161,     0.6,     2.5,     4.8,     9.6,     82.8,     1001.4,     291.46,     252.4,     87.7,     -177.8
34,     07.10.2014 05:41:16,     -3.15,     0,     165,     0.5,     2.9,     5.3,     9.7,     83.1,     1001.4,     291.46,     253.7,     87.9,     -177.9
35,     07.10.2014 05:51:16,     -3.15,     -2.01,     168,     0.4,     3.5,     6.8,     9.6,     83.1,     1001.1,     291.46,     253.6,     87.9,     -177.9
36,     07.10.2014 06:01:16,     -2.1,     -2.01,     169,     0.7,     3.3,     5.9,     9.6,     83.1,     1001.1,     291.46,     253,     88.2,     -178.2
37,     07.10.2014 06:11:22,     -1.05,     2.01,     175,     1.6,     3.6,     6.2,     9.6,     83.3,     1001.1,     291.46,     253.6,     87.8,     -177.9,     12.355,     9.71,     75.7
38,     07.10.2014 06:21:22,     3.15,     4.02,     176,     1.7,     3.7,     7.2,     9.7,     83,     1000.9,     291.46,     253.5,     88.1,     -178.1
39,     07.10.2014 06:31:22,     4.2,     10.05,     176,     1,     3.3,     5.5,     9.6,     83.9,     1001,     291.46,     253.5,     88,     -178.1
40,     07.10.2014 06:41:22,     16.8,     30.15,     173,     1.1,     3,     5.3,     9.6,     84,     1000.9,     291.46,     253,     88.1,     -178
41,     07.10.2014 06:51:22,     18.9,     36.18,     171,     0.6,     2.6,     4.6,     9.8,     83.9,     1000.7,     291.46,     253.5,     87.9,     -177.9
42,     07.10.2014 07:01:22,     21,     44.22,     179,     1.2,     2.7,     4.9,     9.9,     84.6,     1000.8,     291.46,     253,     88,     -178.1
43,     07.10.2014 07:11:22,     26.25,     58.29,     173,     0.4,     2.1,     3.8,     10,     84.1,     1000.7,     291.46,     252.9,     88,     -178,     12.476,     10.09,     75.6
44,     07.10.2014 07:21:22,     35.7,     76.38,     170,     1,     2.6,     4.9,     10.1,     83.7,     1000.4,     291.46,     253.2,     87.9,     -177.9
45,     07.10.2014 07:31:22,     52.5,     108.54,     161,     0.6,     2.6,     5.7,     10.3,     82.6,     1000.1,     291.46,     253.9,     88,     -178
46,     07.10.2014 07:41:22,     105,     198.99,     165,     0.5,     3,     7.1,     10.6,     82,     1000,     291.46,     253.5,     87.9,     -177.9
47,     07.10.2014 07:51:22,     88.2,     180.9,     175,     0.3,     3.2,     6,     10.9,     81,     1000,     291.46,     253.3,     88,     -178
48,     07.10.2014 08:01:22,     69.3,     142.71,     182,     1.2,     3.5,     6,     11.2,     80,     1000.1,     291.46,     253.6,     88,     -178
49,     07.10.2014 08:11:16,     97.65,     198.99,     188,     1.3,     3.4,     6.2,     11.5,     79.6,     999.9,     291.46,     253.2,     87.9,     -178,     13.273,     11.25,     75.4
50,     07.10.2014 08:21:16,     144.9,     291.45,     188,     1.4,     4.8,     9.2,     11.8,     76.7,     999.7,     291.46,     253.5,     87.8,     -177.8
51,     07.10.2014 08:31:16,     133.35,     265.32,     185,     1.4,     5.5,     9.6,     12,     76.8,     999.6,     291.46,     254.2,     88,     -178
52,     07.10.2014 08:41:16,     131.25,     271.35,     187,     2.7,     5,     9,     12,     76.1,     999.4,     291.46,     252.7,     88.5,     -178.5
53,     07.10.2014 08:51:16,     120.75,     255.27,     183,     2.7,     5.2,     9,     12,     76.2,     999.4,     291.46,     252.2,     87.9,     -177.9
54,     07.10.2014 09:01:16,     79.8,     170.85,     190,     2.5,     4.8,     8.1,     12.1,     76.2,     999.5,     291.46,     254.1,     88.2,     -178.3
55,     07.10.2014 09:11:16,     92.4,     203.01,     195,     2.6,     4.6,     8.6,     12.2,     76.2,     999.5,     291.46,     254,     87.8,     -177.8,     13.317,     12.90,     74.7
56,     07.10.2014 09:21:16,     126,     271.35,     196,     2.6,     4.7,     7.7,     12.2,     77.1,     999.5,     291.46,     254.3,     87.4,     -177.4
57,     07.10.2014 09:31:16,     93.45,     198.99,     184,     2.4,     5.1,     8.1,     12.2,     76.1,     999.3,     291.46,     253.4,     88,     -178
58,     07.10.2014 09:41:16,     118.65,     251.25,     187,     1.7,     4.3,     7.4,     12.4,     77.8,     999.4,     291.46,     253.4,     87.9,     -177.9
59,     07.10.2014 09:51:16,     166.95,     351.75,     205,     2.8,     4.8,     7.5,     12.7,     77.2,     999.5,     291.46,     255,     88,     -177.9
60,     07.10.2014 10:01:16,     87.15,     188.94,     203,     3.1,     6.3,     10.6,     12.9,     75.3,     999.5,     291.46,     253.8,     88,     -178.1
61,     07.10.2014 10:11:16,     99.75,     219.09,     206,     3.6,     6.2,     10.3,     12.8,     75.3,     999.3,     291.46,     254,     87.8,     -177.8,     13.640,     13.56,     74.6
62,     07.10.2014 10:21:16,     110.25,     237.18,     205,     3.4,     5.6,     7.8,     12.8,     75.8,     999.3,     291.46,     254.5,     88.2,     -178.2
63,     07.10.2014 10:31:16,     130.2,     273.36,     201,     2,     5.3,     9.2,     12.9,     76.1,     999.1,     291.46,     74.6,     87.9,     -2
64,     07.10.2014 10:41:16,     116.55,     245.22,     197,     3.1,     5.5,     8.3,     12.9,     75.2,     998.9,     291.46,     254.4,     88,     -178
65,     07.10.2014 10:51:16,     266.7,     542.7,     195,     3.2,     5.8,     8.4,     13,     75.3,     998.5,     291.46,     253.8,     87.6,     -177.6
66,     07.10.2014 11:01:16,     178.5,     371.85,     196,     2.6,     5.8,     8.9,     13.2,     74.9,     998.3,     291.46,     74.2,     87.8,     -2
67,     07.10.2014 11:11:16,     259.35,     534.66,     191,     3.4,     5.5,     9.8,     13.4,     74.7,     998.1,     291.46,     252.7,     88.2,     -178.2,     13.423,     14.44,     74.5
68,     07.10.2014 11:21:16,     228.9,     474.36,     184,     2.8,     5.6,     9.8,     13.5,     73.8,     997.8,     291.46,     74.3,     88.1,     -1.8
69,     07.10.2014 11:31:16,     211.05,     442.2,     185,     3,     5.8,     9.3,     13.6,     73.3,     997.5,     291.46,     74.6,     88,     -1.9
70,     07.10.2014 11:41:16,     259.35,     532.65,     191,     2.6,     5.7,     10.5,     13.7,     73.7,     997.5,     291.46,     254.1,     87.9,     -177.9
71,     07.10.2014 11:51:16,     337.05,     679.38,     197,     2.8,     6,     10.4,     13.9,     71.9,     997.2,     291.46,     75,     88.8,     -1.1
72,     07.10.2014 12:01:16,     337.05,     715.56,     198,     3.7,     6.4,     10.4,     14,     71.8,     997.3,     291.46,     253.4,     88.4,     -178.4
73,     07.10.2014 12:11:16,     606.9,     1145.7,     199,     2.9,     6.5,     10.4,     14.3,     72.1,     997.1,     291.46,     254.4,     88.1,     -178.1,     13.256,     15.73,     74.1
74,     07.10.2014 12:21:16,     286.65,     572.85,     197,     3.2,     6.5,     10.6,     14.5,     72.2,     997.1,     291.46,     254.6,     88.5,     -178.5
75,     07.10.2014 12:31:16,     247.8,     508.53,     198,     4,     7.3,     11.9,     14.7,     71.1,     996.9,     291.46,     254.8,     87.7,     -177.7
76,     07.10.2014 12:41:16,     182.7,     381.9,     200,     3.2,     6.9,     11.4,     15,     71.2,     996.9,     291.46,     254.6,     87.9,     -177.9
77,     07.10.2014 12:51:16,     97.65,     203.01,     200,     4.2,     7.5,     11.9,     14.8,     70.9,     996.8,     291.46,     254.9,     88.1,     -178.1
78,     07.10.2014 13:01:16,     103.95,     217.08,     200,     3.2,     7.3,     12,     14.8,     71.3,     996.7,     291.46,     75.7,     88.7,     -1.3
79,     07.10.2014 13:11:16,     121.8,     265.32,     203,     3.7,     6.7,     10.2,     14.8,     71.5,     996.5,     291.46,     256.4,     88.4,     -178.5,     13.551,     16.37,     73.9
80,     07.10.2014 13:21:16,     78.75,     170.85,     201,     4.1,     6.7,     10.8,     14.8,     71.5,     996.4,     291.46,     253.8,     88.1,     -178.2
81,     07.10.2014 13:31:16,     122.85,     267.33,     201,     3.9,     6.4,     11.1,     14.8,     72.6,     996.4,     291.46,     254.7,     88,     -178.1
82,     07.10.2014 13:41:16,     14.7,     46.23,     203,     3.3,     6.3,     10.2,     14.9,     72.4,     996.3,     291.5,     75,     88.1,     -1.8
83,     07.10.2014 13:51:16,     6.3,     20.1,     211,     2.8,     5.9,     10.1,     14.7,     75.9,     996.5,     292.67,     254.6,     87.8,     -177.9
84,     07.10.2014 14:01:16,     7.35,     22.11,     210,     3,     5.5,     9,     13.9,     81.8,     996.8,     293.81,     254,     88,     -178
85,     07.10.2014 14:11:17,     12.6,     38.19,     204,     3.6,     5.8,     8.5,     13.6,     84.2,     996.4,     294.5,     253.5,     88.2,     -178.2,     12.789,     15.31,     74.4
86,     07.10.2014 14:21:17,     76.65,     174.87,     204,     3.4,     5.7,     8.5,     13.5,     86.1,     996.3,     295.08,     252.8,     88.1,     -178.1
87,     07.10.2014 14:31:17,     26.25,     60.3,     201,     3.7,     6.3,     9.6,     13.5,     86.8,     996.1,     295.29,     252.8,     87.9,     -177.9
88,     07.10.2014 14:41:17,     18.9,     46.23,     202,     3.6,     5.7,     8.7,     13.5,     86.7,     996,     295.29,     254.3,     88.3,     -178.3
89,     07.10.2014 14:51:17,     21,     50.25,     202,     2.7,     5.2,     8.1,     13.6,     86.9,     996.1,     295.38,     254.7,     87.8,     -177.8
90,     07.10.2014 15:01:17,     33.6,     80.4,     200,     3.1,     5.5,     8.2,     13.5,     86.9,     996.1,     295.47,     255,     87.8,     -177.8
91,     07.10.2014 15:11:17,     42,     88.44,     200,     3.3,     5.4,     8.5,     13.6,     86.9,     996,     295.75,     256.3,     88.3,     -178.3,     13.633,     14.17,     74.9
92,     07.10.2014 15:21:17,     13.65,     30.15,     200,     3.3,     5.9,     9.2,     13.8,     86.3,     995.9,     295.75,     254.3,     88.7,     -178.7
93,     07.10.2014 15:31:17,     14.7,     32.16,     203,     3.7,     5.6,     9.2,     13.8,     86.2,     995.9,     295.76,     253.5,     87.7,     -177.7
94,     07.10.2014 15:41:17,     30.45,     66.33,     197,     2.7,     5.2,     8.3,     13.8,     86.7,     995.5,     295.77,     253.8,     88.1,     -178.1
95,     07.10.2014 15:51:17,     39.9,     84.42,     199,     2.9,     5.4,     9.2,     13.9,     86.7,     995.6,     295.77,     254.3,     87.4,     -177.4
96,     07.10.2014 16:01:17,     36.75,     78.39,     206,     3.1,     5.3,     9,     14,     85.7,     995.6,     295.77,     254.6,     88.5,     -178.5
97,     07.10.2014 16:11:21,     32.55,     64.32,     203,     3.4,     5.6,     9.1,     14.2,     84.5,     995.5,     295.77,     254.5,     88,     -178,     13.582,     14.25,     74.8
98,     07.10.2014 16:21:21,     45.15,     86.43,     205,     3.5,     5.8,     9.4,     14.4,     83.8,     995.5,     295.77,     254,     87.8,     -177.9
99,     07.10.2014 16:31:21,     27.3,     54.27,     209,     3.3,     5.9,     9.7,     14.6,     82.4,     995.5,     295.77,     254.1,     88.2,     -178.2
100,     07.10.2014 16:41:21,     24.15,     48.24,     209,     2.1,     5.4,     9.3,     14.8,     81.6,     995.6,     295.77,     255.7,     87.9,     -177.9
101,     07.10.2014 16:51:21,     18.9,     36.18,     214,     2.8,     5.6,     8.6,     14.9,     80.4,     995.6,     295.77,     255.3,     88.1,     -178.2
102,     07.10.2014 17:01:21,     15.75,     32.16,     214,     3.1,     5.7,     9.3,     15,     80.4,     995.6,     295.77,     256.6,     87.7,     -177.7
103,     07.10.2014 17:11:16,     9.45,     18.09,     216,     2.9,     5.9,     11.5,     15.1,     79.8,     995.6,     295.77,     254,     88.1,     -178.1,     12.766,     15.00,     74.5
104,     07.10.2014 17:21:16,     4.2,     10.05,     215,     3.1,     6.2,     11.2,     15.1,     79.5,     995.8,     295.77,     76.5,     88.1,     -1.7
105,     07.10.2014 17:31:16,     1.05,     6.03,     214,     2.7,     6,     10.5,     15,     79.8,     995.9,     295.77,     255.5,     88.2,     -178.2
106,     07.10.2014 17:41:16,     -2.1,     0,     217,     3.1,     5.9,     8.8,     14.9,     79.8,     996.2,     295.77,     254.6,     87.7,     -177.7
107,     07.10.2014 17:51:16,     -3.15,     0,     213,     3.3,     6.4,     10.2,     14.9,     79.5,     996,     295.77,     255.6,     86.8,     -176.8
108,     07.10.2014 18:01:16,     -3.15,     0,     219,     3.1,     5.7,     9.1,     14.8,     79.3,     996.1,     295.77,     255.4,     87.7,     -177.7
109,     07.10.2014 18:11:17,     -3.15,     0,     218,     3.1,     5.8,     8.8,     14.8,     79.3,     996.4,     295.77,     254.2,     88,     -178,     12.666,     15.01,     74.5
110,     07.10.2014 18:21:17,     -3.15,     -2.01,     219,     2.8,     5.4,     8.2,     14.7,     79.4,     996.4,     295.77,     254.3,     87.6,     -177.6
111,     07.10.2014 18:31:17,     -3.15,     -2.01,     222,     2.7,     5.8,     9.3,     14.8,     78.7,     996.7,     295.77,     255,     88.3,     -178.3
112,     07.10.2014 18:41:17,     -3.15,     0,     223,     3.3,     5.6,     8.7,     14.8,     78.6,     996.7,     295.77,     255.2,     87.9,     -178
113,     07.10.2014 18:51:17,     -4.2,     -2.01,     223,     2.8,     4.8,     7.7,     14.7,     79.4,     996.9,     295.77,     254.9,     87.9,     -177.9
114,     07.10.2014 19:01:17,     -3.15,     -2.01,     224,     3,     5.3,     8.7,     14.6,     79.3,     996.8,     295.77,     255.1,     88.2,     -178.2
115,     07.10.2014 19:11:16,     -4.2,     -2.01,     223,     1.9,     5,     8.6,     14.6,     79.4,     996.7,     295.77,     253.5,     88.2,     -178.3,     12.637,     14.71,     74.7
116,     07.10.2014 19:21:16,     -4.2,     -2.01,     220,     2.1,     4.9,     8,     14.5,     79.6,     996.8,     295.77,     74.2,     87.9,     -2
117,     07.10.2014 19:31:16,     -3.15,     -4.02,     217,     2.4,     5,     8.3,     14.4,     79.9,     996.6,     295.77,     253.9,     88,     -178
118,     07.10.2014 19:41:16,     -4.2,     -2.01,     216,     2.2,     4.5,     7.2,     14.2,     80.7,     996.8,     295.77,     254.2,     88.1,     -178.1
119,     07.10.2014 19:51:16,     -4.2,     -2.01,     222,     2.4,     4.7,     7,     14.3,     80.6,     997,     295.77,     254.9,     88,     -178
120,     07.10.2014 20:01:16,     -4.2,     -2.01,     218,     1.5,     4.7,     8.4,     14.3,     80.8,     997,     295.77,     254.6,     88,     -178
121,     07.10.2014 20:11:16,     -3.15,     -2.01,     225,     2.2,     4.4,     7.9,     14.2,     80.8,     997.3,     295.77,     253.8,     87.8,     -177.8,     12.607,     14.24,     74.8
122,     07.10.2014 20:21:16,     -3.15,     -2.01,     230,     2.1,     4,     7.1,     14.2,     81.1,     997.3,     295.77,     254.4,     88.2,     -178.2
123,     07.10.2014 20:31:16,     -4.2,     -2.01,     229,     1.6,     4,     6.4,     14.1,     81.1,     997.3,     295.77,     254.5,     88,     -178
124,     07.10.2014 20:41:16,     -4.2,     -2.01,     233,     1.8,     3.5,     6,     14.1,     81.4,     997.3,     295.77,     254.6,     87.9,     -177.9
125,     07.10.2014 20:51:16,     -4.2,     -2.01,     227,     1.7,     3.2,     5.4,     14,     81.9,     997.4,     295.77,     253.8,     88,     -178.1
126,     07.10.2014 21:01:16,     -3.15,     -4.02,     223,     1.1,     3.2,     5,     14,     82,     997.4,     295.77,     254,     87.8,     -177.8
127,     07.10.2014 21:11:23,     -3.15,     -4.02,     229,     1.2,     3.2,     5.9,     14,     82.3,     997.7,     295.77,     254.5,     88.2,     -178.2,     12.588,     13.93,     74.9
128,     07.10.2014 21:21:23,     -2.1,     -2.01,     233,     2.2,     4,     7.2,     14,     81.7,     997.8,     295.77,     255.4,     88,     -177.9
129,     07.10.2014 21:31:23,     -2.1,     -2.01,     265,     1.6,     5.1,     11.3,     13.6,     73.4,     998.9,     295.77,     76.3,     87.9,     -2
130,     07.10.2014 21:41:23,     -3.15,     -2.01,     316,     1,     5,     11.5,     13.2,     73.2,     998.9,     295.77,     74.5,     87.7,     -2.2
131,     07.10.2014 21:51:23,     -2.1,     -2.01,     310,     1.6,     4.6,     8.3,     12.8,     75.6,     999,     295.77,     254.5,     87.9,     -178
132,     07.10.2014 22:01:23,     -2.1,     0,     304,     1.1,     3.9,     8.1,     12.6,     77.7,     998.8,     295.77,     254,     87.9,     -177.9
133,     07.10.2014 22:11:16,     -3.15,     -2.01,     308,     0.7,     3.5,     6.8,     12.4,     78.4,     998.7,     295.77,     253.8,     87.9,     -178,     12.584,     13.70,     74.9
134,     07.10.2014 22:21:16,     -4.2,     0,     294,     0.9,     3.1,     5,     12.3,     80.1,     998.7,     295.78,     253.7,     87.9,     -177.9
135,     07.10.2014 22:31:16,     -4.2,     -2.01,     284,     1,     3,     5.8,     12.2,     81.1,     998.7,     295.98,     253.6,     88,     -178
136,     07.10.2014 22:41:16,     -2.1,     0,     276,     0.8,     3.6,     6.3,     12,     84,     998.9,     296.19,     254.2,     88,     -178
137,     07.10.2014 22:51:16,     -2.1,     -4.02,     253,     0.2,     3,     5,     11.8,     84.7,     998.9,     296.56,     254.4,     87.8,     -177.9
138,     07.10.2014 23:01:16,     -3.15,     -2.01,     248,     1.3,     3.6,     6.9,     11.7,     85.2,     998.8,     297,     254.1,     88,     -178
139,     07.10.2014 23:11:16,     -2.1,     -2.01,     223,     1.2,     2.8,     4.8,     11.6,     86.1,     998.6,     297.47,     254,     88.1,     -178.1,     12.560,     12.44,     75.3
140,     07.10.2014 23:21:16,     -3.15,     -4.02,     232,     1.6,     2.9,     4.6,     11.5,     87,     999.1,     297.58,     253.7,     88,     -178
141,     07.10.2014 23:31:16,     -2.1,     -2.01,     244,     0.7,     2.2,     3.4,     11.5,     87.8,     999.1,     297.71,     253.7,     87.9,     -177.9
142,     07.10.2014 23:41:16,     -3.15,     -2.01,     230,     0.7,     2,     3.7,     11.5,     88.6,     999.1,     297.76,     254.4,     88,     -178.1
143,     07.10.2014 23:51:16,     -1.05,     -2.01,     234,     1.3,     2.6,     3.8,     11.4,     88.3,     999.2,     297.77,     253.9,     87.9,     -177.9
144,     08.10.2014 00:01:16,     -2.1,     -2.01,     216,     1.2,     2.5,     4,     11.5,     88.8,     998.9,     297.77,     253.7,     88,     -178,     12.461,     11.91,     75.5