Logger: #D10248 'TSK_Meteo' - USP_EXP2 (V2.10, Jan 24 2012)
No,     Time,     #1:W/m²:0,     #2:ÂµMol:(do.),     #5:deg:2,     #6:m/sMIN:(do.),     #7:m/sMIT:(do.),     #8:m/sMAX:(do.),     #9:Â°C:(do.),     #10:%:(do.),     #11:hPa:(do.),     #12:mm:(do.),     #14:AZ:3,     #15:EL:(do.),     #16:Roll:(do.),     #HK-Bat:V,     #HK-Temp:oC,     #HK-rH:%
(GSM Transfer OK / Signal:17)
1,     06.10.2014 00:11:16,     -5.25,     -2.01,     62,     0.3,     1,     1.6,     10.3,     84.6,     1012.2,     291.46,     253.1,     88,     -178,     12.391,     9.63,     74.4
2,     06.10.2014 00:21:16,     -5.25,     -2.01,     117,     0.2,     0.8,     1.4,     10.1,     84.1,     1012.1,     291.46,     253.2,     88,     -178
3,     06.10.2014 00:31:16,     -4.2,     -2.01,     136,     0,     0.7,     1.5,     10,     85.6,     1012,     291.46,     253.1,     87.9,     -177.9
4,     06.10.2014 00:41:16,     -4.2,     -2.01,     83,     0.2,     0.8,     1.5,     9.8,     84.8,     1012,     291.46,     253.2,     88,     -178
5,     06.10.2014 00:51:16,     -4.2,     -2.01,     64,     0.1,     0.9,     1.5,     9.7,     85.2,     1012,     291.46,     253.2,     88,     -178
6,     06.10.2014 01:01:16,     -5.25,     -4.02,     62,     0.1,     1,     1.7,     9.8,     84.3,     1012,     291.46,     253.2,     87.9,     -177.9
7,     06.10.2014 01:11:16,     -4.2,     0,     76,     0,     0.7,     1.3,     9.8,     84.8,     1011.9,     291.46,     253.2,     87.9,     -177.9,     12.482,     8.73,     76.0
8,     06.10.2014 01:21:16,     -5.25,     0,     71,     0.2,     0.9,     1.4,     9.8,     85,     1011.9,     291.46,     253.3,     87.9,     -177.9
9,     06.10.2014 01:31:16,     -5.25,     -2.01,     70,     0.2,     1,     1.7,     9.6,     85.9,     1011.9,     291.46,     253.2,     87.9,     -177.9
10,     06.10.2014 01:41:16,     -4.2,     -2.01,     62,     0.2,     1.1,     2.1,     9.4,     85.7,     1011.8,     291.46,     253.2,     88,     -178
11,     06.10.2014 01:51:16,     -5.25,     -2.01,     87,     0.3,     0.9,     1.6,     9.1,     86.6,     1011.8,     291.46,     253.1,     88.1,     -178.1
12,     06.10.2014 02:01:16,     -4.2,     -2.01,     66,     0.3,     1,     1.7,     9.1,     87.5,     1011.8,     291.46,     253.1,     87.9,     -177.9
13,     06.10.2014 02:11:16,     -4.2,     -2.01,     72,     0.1,     0.9,     1.6,     9,     86.4,     1011.8,     291.46,     253.2,     87.9,     -177.9,     12.444,     8.41,     76.1
14,     06.10.2014 02:21:16,     -5.25,     -2.01,     74,     0.2,     1,     1.8,     8.9,     86.1,     1011.9,     291.46,     253.3,     87.9,     -177.9
15,     06.10.2014 02:31:16,     -4.2,     0,     75,     0.2,     0.9,     1.6,     8.9,     86.2,     1011.8,     291.46,     253.2,     87.9,     -177.9
16,     06.10.2014 02:41:16,     -4.2,     -2.01,     70,     0.2,     1,     1.6,     8.8,     85.6,     1011.8,     291.46,     253.3,     88,     -178
17,     06.10.2014 02:51:16,     -5.25,     -4.02,     74,     0.1,     0.9,     1.9,     8.9,     86.1,     1011.7,     291.46,     253.2,     87.9,     -177.9
18,     06.10.2014 03:01:16,     -5.25,     -2.01,     95,     0.1,     0.8,     1.6,     8.8,     86.3,     1011.8,     291.46,     253.1,     87.9,     -177.9
19,     06.10.2014 03:11:23,     -4.2,     -2.01,     86,     0.1,     0.9,     1.7,     8.7,     86.3,     1011.7,     291.46,     253.3,     87.9,     -177.9,     12.421,     7.92,     76.2
20,     06.10.2014 03:21:23,     -4.2,     -2.01,     94,     0,     0.7,     1.9,     8.6,     86.3,     1011.7,     291.46,     253.2,     87.9,     -177.9
21,     06.10.2014 03:31:23,     -3.15,     0,     100,     0,     1,     3,     8.6,     86.2,     1011.7,     291.46,     253.1,     87.9,     -177.9
22,     06.10.2014 03:41:23,     -5.25,     -2.01,     125,     0.1,     1,     2.7,     8.6,     85.7,     1011.7,     291.46,     253.2,     87.9,     -178
23,     06.10.2014 03:51:23,     -5.25,     -2.01,     113,     0,     0.9,     2.3,     8.6,     85.7,     1011.7,     291.46,     253.2,     87.9,     -177.9
24,     06.10.2014 04:01:23,     -3.15,     0,     121,     0.1,     1.1,     2.5,     8.6,     85.9,     1011.6,     291.46,     253.1,     87.9,     -177.9
25,     06.10.2014 04:11:16,     -4.2,     -2.01,     119,     0.2,     1.2,     2.3,     8.5,     86.3,     1011.6,     291.46,     253.2,     88,     -178,     12.376,     7.63,     76.3
26,     06.10.2014 04:21:16,     -4.2,     -2.01,     120,     0.2,     1.1,     2.1,     8.5,     86.8,     1011.7,     291.46,     253.1,     87.9,     -177.9
27,     06.10.2014 04:31:16,     -3.15,     -2.01,     118,     0.1,     1.2,     2.2,     8.4,     86.4,     1011.6,     291.46,     253.2,     88,     -178
28,     06.10.2014 04:41:16,     0,     -2.01,     118,     0.1,     1,     2.3,     8.6,     86.8,     1011.6,     291.46,     253.1,     87.9,     -177.9
29,     06.10.2014 04:51:16,     -1.05,     0,     122,     0.1,     1.2,     2.3,     8.7,     87,     1011.6,     291.46,     253.1,     88,     -178
30,     06.10.2014 05:01:16,     -2.1,     -2.01,     120,     0.1,     1.3,     2.6,     8.8,     86.9,     1011.5,     291.46,     253.1,     87.9,     -177.9
31,     06.10.2014 05:11:16,     -3.15,     0,     111,     0.1,     1.2,     2.5,     8.9,     86.5,     1011.5,     291.46,     253.3,     87.9,     -178,     12.351,     8.11,     76.2
32,     06.10.2014 05:21:16,     -2.1,     -4.02,     113,     0.2,     1,     2,     9,     87,     1011.4,     291.46,     253.1,     88,     -177.9
33,     06.10.2014 05:31:16,     -3.15,     -2.01,     80,     0.1,     1.2,     2.1,     8.8,     86.5,     1011.5,     291.46,     253.3,     87.9,     -178
34,     06.10.2014 05:41:16,     -2.1,     0,     83,     0.3,     1.2,     1.9,     8.8,     87.3,     1011.6,     291.46,     252.9,     87.8,     -177.9
35,     06.10.2014 05:51:16,     -1.05,     -2.01,     77,     0.3,     1.3,     2.1,     8.6,     87.7,     1011.6,     291.46,     253.2,     87.9,     -177.9
36,     06.10.2014 06:01:16,     -2.1,     0,     90,     0.4,     1.3,     2.2,     8.5,     87,     1011.6,     291.46,     253,     87.9,     -178
37,     06.10.2014 06:11:16,     0,     2.01,     92,     0.4,     1.5,     2.5,     8.5,     87.2,     1011.5,     291.46,     253.3,     88,     -178,     12.353,     8.60,     76.0
38,     06.10.2014 06:21:16,     1.05,     8.04,     87,     0.5,     1.4,     2.8,     8.4,     87.1,     1011.5,     291.46,     253.3,     88,     -178
39,     06.10.2014 06:31:16,     6.3,     14.07,     68,     0.2,     1.2,     2.4,     8.4,     86.3,     1011.5,     291.46,     253.2,     88,     -178
40,     06.10.2014 06:41:16,     9.45,     24.12,     73,     0.2,     1.3,     2.5,     8.4,     85.8,     1011.4,     291.46,     253.1,     87.9,     -177.9
41,     06.10.2014 06:51:16,     15.75,     34.17,     87,     0.1,     1.1,     2.4,     8.4,     86.3,     1011.3,     291.46,     253,     87.9,     -177.9
42,     06.10.2014 07:01:16,     19.95,     44.22,     102,     0,     1.4,     2.9,     8.3,     85.5,     1011.3,     291.46,     253.3,     87.9,     -178
43,     06.10.2014 07:11:22,     30.45,     60.3,     93,     0.2,     1.4,     3.1,     8.4,     85.9,     1011.3,     291.46,     253.2,     88,     -178,     12.442,     8.74,     76.0
44,     06.10.2014 07:21:22,     43.05,     90.45,     121,     0.1,     1.3,     2.6,     8.6,     85.3,     1011.2,     291.46,     253.3,     87.9,     -178
45,     06.10.2014 07:31:22,     56.7,     114.57,     155,     0,     1.2,     3.1,     8.7,     84.3,     1011.3,     291.46,     253.2,     88,     -177.9
46,     06.10.2014 07:41:22,     77.7,     156.78,     140,     0.2,     1.6,     3.7,     8.7,     84.1,     1011.4,     291.46,     253,     88,     -178
47,     06.10.2014 07:51:22,     91.35,     184.92,     132,     0.1,     1.3,     3.3,     9,     84.4,     1011.3,     291.46,     253.4,     88,     -178
48,     06.10.2014 08:01:22,     96.6,     196.98,     147,     0.2,     1.8,     4.2,     9,     84.2,     1011.2,     291.46,     253.1,     88,     -178
49,     06.10.2014 08:11:17,     108.15,     221.1,     175,     0.4,     1.7,     3.4,     9.3,     83.4,     1011.3,     291.46,     253.4,     88,     -178,     13.487,     9.74,     75.9
50,     06.10.2014 08:21:17,     243.6,     422.1,     164,     0.3,     1.9,     3.5,     9.5,     83.6,     1011.3,     291.46,     253.6,     88,     -178
51,     06.10.2014 08:31:17,     228.9,     410.04,     138,     0.2,     1.3,     3.5,     10.1,     82.9,     1011.3,     291.46,     253.5,     87.9,     -177.9
52,     06.10.2014 08:41:17,     260.4,     474.36,     137,     0.8,     2.4,     4.4,     10.4,     80.6,     1011.2,     291.46,     253.7,     87.9,     -178
53,     06.10.2014 08:51:17,     278.25,     514.56,     145,     0.2,     2.1,     4.3,     10.6,     80.5,     1011.4,     291.46,     253.6,     87.9,     -177.9
54,     06.10.2014 09:01:17,     302.4,     552.75,     137,     0.3,     2.6,     5.1,     10.8,     79.9,     1011.4,     291.46,     253.2,     88.1,     -178.1
55,     06.10.2014 09:11:16,     332.85,     621.09,     143,     0.9,     2.7,     4.5,     10.9,     78.7,     1011.4,     291.46,     253.5,     87.9,     -177.9,     13.222,     13.54,     75.4
56,     06.10.2014 09:21:16,     359.1,     675.36,     136,     0.6,     2.8,     5.9,     11.1,     77.6,     1011.3,     291.46,     252.9,     87.9,     -177.9
57,     06.10.2014 09:31:16,     380.1,     713.55,     159,     1,     3.1,     6.4,     11.4,     78.3,     1011.3,     291.46,     253.4,     88,     -177.9
58,     06.10.2014 09:41:16,     390.6,     735.66,     159,     0.9,     2.8,     5.7,     11.8,     77,     1011.3,     291.46,     253.2,     87.9,     -177.9
59,     06.10.2014 09:51:16,     378,     727.62,     152,     0.3,     2.5,     6,     12.2,     74.6,     1011.2,     291.46,     253.6,     88,     -178
60,     06.10.2014 10:01:16,     467.25,     880.38,     157,     0.4,     2.3,     4.5,     12.6,     75.7,     1011.1,     291.46,     253.5,     88,     -178
61,     06.10.2014 10:11:16,     399,     765.81,     146,     0.1,     2.7,     5.3,     13,     72.9,     1011.1,     291.46,     254,     88,     -178,     13.379,     16.22,     73.8
62,     06.10.2014 10:21:16,     381.15,     735.66,     154,     0.6,     2.9,     7.5,     13.2,     72.2,     1011,     291.46,     252.5,     87.9,     -177.9
63,     06.10.2014 10:31:16,     357,     687.42,     161,     0.6,     3.1,     6.6,     13.3,     71.8,     1011,     291.46,     253.3,     88.1,     -178
64,     06.10.2014 10:41:16,     405.3,     775.86,     167,     0.4,     3.3,     6.8,     13.5,     71.8,     1011,     291.46,     254,     87.9,     -178
65,     06.10.2014 10:51:16,     428.4,     822.09,     146,     0.6,     3.1,     6.1,     13.8,     70.8,     1010.9,     291.46,     252.8,     87.8,     -177.8
66,     06.10.2014 11:01:16,     319.2,     625.11,     149,     0.4,     3.3,     6.8,     14,     69.7,     1010.8,     291.46,     73.4,     88,     -1.9
67,     06.10.2014 11:11:22,     301.35,     590.94,     153,     1,     3.9,     7.3,     14,     68.6,     1010.7,     291.46,     252.3,     88.2,     -178.2,     13.330,     17.21,     73.5
68,     06.10.2014 11:21:22,     281.4,     560.79,     150,     1,     3.5,     8.5,     14.1,     68,     1010.7,     291.46,     73.8,     87.9,     -1.9
69,     06.10.2014 11:31:22,     270.9,     538.68,     145,     0.6,     3.4,     6.3,     14.2,     67.5,     1010.5,     291.46,     252.6,     88,     -177.9
70,     06.10.2014 11:41:22,     291.9,     576.87,     147,     0.8,     3,     5.6,     14.4,     67.6,     1010.4,     291.46,     253.6,     88,     -178
71,     06.10.2014 11:51:22,     444.15,     834.15,     149,     0.7,     3.1,     6.8,     14.6,     65.3,     1010.2,     291.46,     252.9,     88,     -178
72,     06.10.2014 12:01:22,     303.45,     586.92,     156,     0.9,     3.2,     7.6,     15,     64.8,     1010.1,     291.46,     253.4,     88,     -178
73,     06.10.2014 12:11:17,     231,     456.27,     163,     0.4,     4.2,     8.1,     15,     63.8,     1010,     291.46,     73.8,     88,     -1.9,     13.578,     17.32,     73.6
74,     06.10.2014 12:21:17,     184.8,     373.86,     164,     0.7,     3.2,     6.5,     15,     64.2,     1010,     291.46,     253.9,     87.9,     -178
75,     06.10.2014 12:31:17,     249.9,     500.49,     160,     0.6,     3.3,     7.4,     15,     62.4,     1009.8,     291.46,     253.3,     88,     -178
76,     06.10.2014 12:41:17,     267.75,     532.65,     163,     0.5,     3.3,     7.2,     15.3,     63.3,     1009.7,     291.46,     254.2,     87.8,     -177.9
77,     06.10.2014 12:51:17,     194.25,     391.95,     154,     0.7,     3.3,     7.5,     15.3,     62.3,     1009.5,     291.46,     252.8,     87.9,     -177.9
78,     06.10.2014 13:01:17,     405.3,     777.87,     151,     0.6,     3.5,     7.5,     15.2,     62.6,     1009.4,     291.46,     73.8,     88,     -1.9
79,     06.10.2014 13:11:16,     500.85,     932.64,     141,     0.2,     3.4,     8.9,     15.5,     62,     1009.2,     291.46,     72.4,     87.7,     -2.1,     13.385,     17.55,     73.7
80,     06.10.2014 13:21:16,     502.95,     932.64,     144,     0.6,     4.1,     8.6,     15.5,     60.1,     1009.2,     291.46,     72.8,     88.1,     -1.8
81,     06.10.2014 13:31:16,     414.75,     781.89,     147,     0.8,     4,     8.6,     15.7,     61,     1009.1,     291.46,     73.5,     87.9,     -2
82,     06.10.2014 13:41:16,     339.15,     677.37,     146,     1.1,     4.2,     8.2,     15.7,     58.5,     1009,     291.46,     73.8,     88,     -1.9
83,     06.10.2014 13:51:16,     431.55,     830.13,     142,     0.4,     2.8,     6.5,     15.9,     60.5,     1009,     291.46,     73.5,     87.9,     -2
84,     06.10.2014 14:01:16,     434.7,     824.1,     136,     0.5,     3.1,     6.9,     15.7,     58.4,     1009,     291.46,     73.3,     87.8,     -2
85,     06.10.2014 14:11:16,     281.4,     550.74,     149,     0.8,     3.3,     8.4,     15.6,     57.8,     1009,     291.46,     73.5,     87.9,     -2,     13.269,     19.37,     72.7
86,     06.10.2014 14:21:16,     154.35,     315.57,     141,     0.7,     3.3,     7.3,     15.2,     58.7,     1009,     291.46,     74.1,     88,     -2
87,     06.10.2014 14:31:16,     116.55,     241.2,     150,     0.2,     3.4,     7.7,     15,     59.8,     1008.9,     291.46,     253.7,     88,     -177.9
88,     06.10.2014 14:41:16,     217.35,     406.02,     147,     0.5,     3.1,     6.8,     15,     60.3,     1008.9,     291.46,     74.3,     88,     -1.9
89,     06.10.2014 14:51:16,     334.95,     598.98,     146,     0.5,     3.1,     6.9,     15.2,     61,     1008.9,     291.46,     73.6,     88,     -1.9
90,     06.10.2014 15:01:16,     107.1,     227.13,     139,     0.3,     2.6,     5.5,     15.3,     60.7,     1008.9,     291.46,     253.2,     88,     -178.1
91,     06.10.2014 15:11:16,     173.25,     321.6,     132,     0.2,     2.4,     7,     15.1,     61.1,     1008.8,     291.46,     73.9,     87.9,     -2,     13.434,     18.05,     73.5
92,     06.10.2014 15:21:16,     260.4,     450.24,     137,     0.6,     2.8,     6.6,     15.1,     61,     1008.7,     291.46,     74.1,     88,     -2
93,     06.10.2014 15:31:16,     248.85,     436.17,     135,     0.3,     2.8,     6.2,     15.3,     60.4,     1008.7,     291.46,     73.2,     88,     -2
94,     06.10.2014 15:41:16,     165.9,     311.55,     139,     0.8,     3.3,     6.5,     15.3,     58,     1008.6,     291.46,     73.2,     87.8,     -2.1
95,     06.10.2014 15:51:16,     180.6,     311.55,     144,     0.9,     4,     8,     15.2,     56.6,     1008.6,     291.46,     72.6,     88.3,     -1.6
96,     06.10.2014 16:01:16,     157.5,     267.33,     147,     0.8,     3.7,     8.9,     15.2,     56.2,     1008.4,     291.46,     73.6,     87.9,     -2
97,     06.10.2014 16:11:16,     142.8,     239.19,     148,     0.5,     3.6,     7.2,     15.2,     54.9,     1008.4,     291.46,     73,     88,     -2,     13.512,     18.13,     73.1
98,     06.10.2014 16:21:16,     59.85,     138.69,     146,     0.3,     3.6,     8.3,     15.1,     54.8,     1008.2,     291.46,     73.3,     88,     -1.9
99,     06.10.2014 16:31:16,     86.1,     146.73,     147,     0.3,     2.9,     6.3,     14.8,     56.7,     1008.3,     291.46,     72.6,     88,     -1.9
100,     06.10.2014 16:41:16,     52.5,     118.59,     138,     0.3,     2,     4.2,     14.7,     58.5,     1008.2,     291.46,     73.6,     88,     -1.9
101,     06.10.2014 16:51:16,     36.75,     78.39,     135,     0.1,     2.3,     4.3,     14.5,     60.1,     1008.2,     291.46,     73.5,     87.9,     -2
102,     06.10.2014 17:01:16,     39.9,     64.32,     138,     0.1,     2.3,     4.8,     14.3,     59.9,     1008.1,     291.46,     73.7,     88,     -2
103,     06.10.2014 17:11:17,     30.45,     54.27,     133,     0.5,     3,     6.9,     14.3,     60.4,     1008,     291.46,     252,     88,     -178.1,     13.355,     16.25,     74.0
104,     06.10.2014 17:21:17,     11.55,     28.14,     135,     0.4,     2.6,     6.2,     14.1,     59.5,     1007.9,     291.46,     253.1,     88,     -177.9
105,     06.10.2014 17:31:17,     0,     10.05,     117,     0.1,     2.3,     5,     13.9,     62.1,     1008,     291.46,     253.2,     88,     -178
106,     06.10.2014 17:41:17,     -4.2,     2.01,     114,     0.2,     2,     4.8,     13.6,     63.3,     1007.8,     291.46,     253.2,     88,     -178
107,     06.10.2014 17:51:17,     -5.25,     0,     132,     0.2,     1.9,     4.4,     13.4,     65.1,     1007.9,     291.46,     253.4,     88,     -178
108,     06.10.2014 18:01:17,     -4.2,     0,     133,     0.2,     2.2,     5,     13.3,     64.6,     1008,     291.46,     252.5,     87.9,     -177.9
109,     06.10.2014 18:11:16,     -4.2,     -4.02,     125,     0.1,     2.3,     5.1,     13.2,     63.8,     1008,     291.46,     253.2,     88,     -178,     12.700,     13.88,     74.9
110,     06.10.2014 18:21:16,     -5.25,     -2.01,     127,     0.2,     2.6,     5.8,     13.1,     63.4,     1008.1,     291.46,     252.8,     87.8,     -177.9
111,     06.10.2014 18:31:16,     -5.25,     -2.01,     132,     0.2,     2.5,     4.6,     13,     63.1,     1008.1,     291.46,     253.1,     87.9,     -177.8
112,     06.10.2014 18:41:16,     -5.25,     -2.01,     142,     0.2,     2.4,     6.2,     12.8,     63.6,     1008.1,     291.46,     253.2,     88,     -178
113,     06.10.2014 18:51:16,     -4.2,     0,     139,     0.2,     2.3,     5.7,     12.7,     64.7,     1008.1,     291.46,     253.1,     88,     -178
114,     06.10.2014 19:01:16,     -5.25,     -2.01,     135,     0.1,     2.1,     5.2,     12.5,     64.6,     1008,     291.46,     253.6,     87.9,     -177.9
115,     06.10.2014 19:11:16,     -5.25,     -2.01,     138,     0.3,     2.3,     5.2,     12.4,     65.2,     1008,     291.46,     253.1,     88,     -178,     12.650,     12.39,     75.4
116,     06.10.2014 19:21:16,     -5.25,     -2.01,     136,     0.3,     2.3,     5.2,     12.3,     64.7,     1007.9,     291.46,     253.1,     88,     -178
117,     06.10.2014 19:31:16,     -3.15,     -2.01,     132,     0.4,     2.6,     5.4,     12.3,     64.4,     1007.9,     291.46,     252.8,     87.9,     -177.9
118,     06.10.2014 19:41:16,     -6.3,     -4.02,     137,     0.1,     2.1,     4.8,     12.1,     65.8,     1008,     291.46,     253.1,     88,     -178
119,     06.10.2014 19:51:16,     -5.25,     -2.01,     134,     0.3,     2.1,     4.9,     12,     65.3,     1008,     291.46,     252.6,     87.9,     -177.9
120,     06.10.2014 20:01:16,     -6.3,     -2.01,     134,     0.3,     2.1,     4.5,     11.8,     65.5,     1008,     291.46,     252.8,     87.8,     -177.9
121,     06.10.2014 20:11:16,     -4.2,     -2.01,     127,     0.4,     2.1,     5.3,     11.8,     65.6,     1007.8,     291.46,     253.5,     88,     -178,     12.613,     11.33,     75.5
122,     06.10.2014 20:21:16,     -4.2,     -2.01,     127,     0.2,     2,     4.9,     11.7,     65.9,     1007.8,     291.46,     252.9,     87.9,     -177.9
123,     06.10.2014 20:31:16,     -4.2,     -2.01,     136,     0.3,     2.2,     5.3,     11.6,     65.7,     1007.7,     291.46,     253.2,     88,     -178
124,     06.10.2014 20:41:16,     -4.2,     -2.01,     140,     0.8,     2.3,     4.3,     11.6,     65.5,     1007.6,     291.46,     253.1,     88,     -178
125,     06.10.2014 20:51:16,     -2.1,     -4.02,     141,     0.3,     2.3,     4.8,     11.7,     66.1,     1007.6,     291.46,     252.7,     87.9,     -177.9
126,     06.10.2014 21:01:16,     -3.15,     -2.01,     150,     0.3,     2.6,     5.1,     11.7,     64.8,     1007.4,     291.46,     252.8,     87.9,     -177.9
127,     06.10.2014 21:11:16,     -4.2,     -4.02,     149,     0.5,     2.5,     5.3,     11.6,     66.1,     1007.4,     291.46,     253.4,     88,     -178,     12.592,     11.23,     75.6
128,     06.10.2014 21:21:16,     -3.15,     -2.01,     151,     0.5,     2.3,     5.5,     11.6,     66,     1007.3,     291.46,     253.2,     88,     -178
129,     06.10.2014 21:31:16,     -2.1,     0,     158,     0.3,     2.4,     4.8,     11.5,     65.8,     1007.2,     291.46,     253.1,     87.9,     -177.9
130,     06.10.2014 21:41:16,     -3.15,     0,     155,     0.1,     2.4,     5.3,     11.5,     67.4,     1007.1,     291.46,     253.3,     88,     -178
131,     06.10.2014 21:51:16,     -2.1,     0,     157,     0.7,     2.4,     4.4,     11.5,     66.8,     1007.1,     291.46,     252.8,     88,     -178
132,     06.10.2014 22:01:16,     -2.1,     -2.01,     151,     0.3,     2.6,     4.7,     11.6,     66.8,     1007,     291.46,     253.7,     88,     -178
133,     06.10.2014 22:11:23,     -2.1,     -2.01,     146,     0.2,     2.5,     5.4,     11.8,     66.6,     1007,     291.46,     253.3,     88,     -178,     12.573,     11.50,     75.4
134,     06.10.2014 22:21:23,     -2.1,     -2.01,     152,     0.1,     1.8,     4.2,     11.8,     66.6,     1006.9,     291.46,     253.4,     87.9,     -177.9
135,     06.10.2014 22:31:23,     -2.1,     0,     156,     0.1,     2.2,     4.8,     11.8,     66.7,     1006.7,     291.46,     253.6,     88.1,     -178.1
136,     06.10.2014 22:41:23,     -3.15,     -2.01,     164,     0.3,     2.1,     4.1,     11.9,     68.3,     1006.7,     291.46,     253.2,     87.9,     -177.9
137,     06.10.2014 22:51:23,     -3.15,     8.04,     163,     0.4,     2.2,     5.1,     11.8,     67.3,     1006.6,     291.46,     253.1,     88,     -178
138,     06.10.2014 23:01:23,     -4.2,     0,     159,     0.2,     1.8,     3.5,     11.6,     68.6,     1006.5,     291.46,     252.9,     88.1,     -178.1
139,     06.10.2014 23:11:16,     -5.25,     -2.01,     161,     0.3,     2,     4.3,     11.3,     68.6,     1006.3,     291.46,     253.1,     88,     -178,     12.556,     11.71,     75.3
140,     06.10.2014 23:21:16,     -5.25,     -4.02,     163,     0.2,     1.7,     3.8,     11.1,     70.1,     1006.2,     291.46,     253.3,     87.9,     -177.9
141,     06.10.2014 23:31:16,     -5.25,     -2.01,     157,     0.1,     1.7,     4,     11,     71.3,     1006.1,     291.46,     253.1,     88,     -178
142,     06.10.2014 23:41:16,     -4.2,     0,     172,     0.5,     1.7,     3.5,     10.8,     71.4,     1006,     291.46,     253.1,     88,     -178.1
143,     06.10.2014 23:51:16,     -4.2,     0,     161,     0.1,     1.5,     3.3,     10.7,     72.3,     1006,     291.46,     253.1,     87.9,     -177.9
144,     07.10.2014 00:01:16,     -4.2,     -2.01,     156,     0.1,     1.8,     3.8,     10.5,     74.1,     1005.9,     291.46,     252.9,     88,     -178,     12.389,     10.61,     75.7