Logger: #D10248 'TSK_Meteo' - USP_EXP2 (V2.10, Jan 24 2012)
No,     Time,     #1:W/m²:0,     #2:ÂµMol:(do.),     #5:deg:2,     #6:m/sMIN:(do.),     #7:m/sMIT:(do.),     #8:m/sMAX:(do.),     #9:Â°C:(do.),     #10:%:(do.),     #11:hPa:(do.),     #12:mm:(do.),     #14:AZ:3,     #15:EL:(do.),     #16:Roll:(do.),     #HK-Bat:V,     #HK-Temp:oC,     #HK-rH:%
(GSM Transfer OK / Signal:14)
1,     01.09.2014 00:11:16,     -3.15,     0,     318,     0.4,     1.1,     1.9,     13.1,     90.9,     1006.1,     250.91,     255.2,     88,     -178,     12.397,     13.65,     68.6
2,     01.09.2014 00:21:16,     -4.2,     0,     332,     0.3,     1.1,     1.9,     13.1,     91.4,     1006.2,     250.91,     255.3,     87.8,     -177.9
3,     01.09.2014 00:31:16,     -3.15,     0,     329,     0.8,     1.4,     1.9,     13.1,     91.3,     1006.2,     250.91,     255.4,     88,     -178
4,     01.09.2014 00:41:16,     -4.2,     0,     343,     0.5,     1.3,     2,     13.1,     91.4,     1006.1,     250.91,     255.3,     87.9,     -177.9
5,     01.09.2014 00:51:16,     -4.2,     -2.01,     323,     0.6,     1.4,     2.4,     13.1,     91.4,     1006.2,     250.91,     255.2,     87.9,     -177.8
6,     01.09.2014 01:01:16,     -4.2,     -2.01,     344,     0.7,     1.5,     2.4,     12.9,     91.3,     1006.3,     250.91,     255.4,     87.9,     -178
7,     01.09.2014 01:11:16,     -4.2,     -2.01,     319,     0.7,     1.5,     2.4,     12.8,     91.5,     1006.3,     250.91,     255.4,     87.9,     -178,     12.505,     12.81,     70.0
8,     01.09.2014 01:21:16,     -3.15,     -2.01,     355,     0.5,     1.2,     2.1,     12.7,     91.7,     1006.4,     250.91,     255.5,     87.9,     -177.9
9,     01.09.2014 01:31:16,     -2.1,     0,     353,     0.4,     1.1,     1.9,     12.8,     91.9,     1006.4,     250.91,     255.4,     87.9,     -177.9
10,     01.09.2014 01:41:16,     -2.1,     -2.01,     20,     0.2,     1,     2.4,     13.1,     92.2,     1006.4,     250.91,     255.3,     87.8,     -177.9
11,     01.09.2014 01:51:16,     -1.05,     -2.01,     21,     0.5,     1.2,     1.9,     13.2,     92.1,     1006.5,     250.91,     255.3,     87.9,     -177.9
12,     01.09.2014 02:01:16,     -2.1,     0,     22,     0.6,     1.3,     2.8,     13.2,     92.2,     1006.6,     250.91,     255.4,     87.9,     -178
13,     01.09.2014 02:11:16,     -2.1,     -4.02,     36,     0.6,     1.3,     2.1,     13.2,     92.2,     1006.7,     250.91,     255.4,     87.9,     -178,     12.471,     13.24,     69.9
14,     01.09.2014 02:21:16,     -2.1,     0,     24,     0.2,     1.3,     2.9,     13.1,     92.1,     1006.6,     250.91,     255.4,     87.9,     -177.9
15,     01.09.2014 02:31:16,     -2.1,     -2.01,     24,     0.1,     1.1,     2.1,     13.1,     92.3,     1006.6,     250.91,     255.4,     88,     -178
16,     01.09.2014 02:41:16,     -1.05,     -2.01,     341,     0.6,     1.2,     2.2,     13.1,     92.1,     1006.7,     250.91,     255.5,     87.9,     -178
17,     01.09.2014 02:51:16,     -2.1,     0,     346,     0.1,     1,     2.2,     13.1,     92.3,     1006.6,     250.91,     255.3,     87.9,     -178
18,     01.09.2014 03:01:16,     -2.1,     -2.01,     347,     0.1,     0.8,     2.1,     13.2,     92.4,     1006.5,     250.91,     255.4,     88,     -178
19,     01.09.2014 03:11:16,     -2.1,     -2.01,     347,     0.3,     1.3,     2,     13.1,     92.3,     1006.6,     250.91,     255.2,     87.9,     -178,     12.427,     13.58,     69.8
20,     01.09.2014 03:21:16,     -1.05,     -2.01,     35,     0.7,     1.4,     2.8,     13.2,     92.5,     1006.7,     250.91,     255.4,     87.8,     -177.8
21,     01.09.2014 03:31:16,     -1.05,     -2.01,     348,     0.8,     1.5,     2.5,     13.1,     92.4,     1006.7,     250.91,     255.5,     87.7,     -177.7
22,     01.09.2014 03:41:16,     -2.1,     -2.01,     356,     0.5,     1.5,     3.5,     13,     92.4,     1006.7,     250.91,     255.3,     87.9,     -177.9
23,     01.09.2014 03:51:16,     -1.05,     0,     8,     0.5,     1.4,     2.5,     13,     92.6,     1006.8,     250.91,     255.4,     87.9,     -178
24,     01.09.2014 04:01:16,     -1.05,     0,     9,     0.6,     1.5,     2.5,     13,     92.6,     1006.9,     250.91,     255.4,     88,     -178
25,     01.09.2014 04:11:16,     -1.05,     -2.01,     8,     0.7,     1.8,     2.9,     13,     92.6,     1006.9,     250.91,     255.5,     87.9,     -177.9,     12.412,     13.65,     69.8
26,     01.09.2014 04:21:16,     -1.05,     -2.01,     47,     0.7,     1.9,     3.1,     13,     92.7,     1006.9,     250.91,     255.4,     88,     -177.9
27,     01.09.2014 04:31:16,     -2.1,     -2.01,     61,     0.8,     2.2,     3.4,     13,     92.8,     1007,     250.91,     255.4,     87.9,     -177.9
28,     01.09.2014 04:41:16,     -1.05,     -2.01,     58,     0.7,     2,     3.2,     13,     92.8,     1007,     250.91,     255.5,     88,     -178
29,     01.09.2014 04:51:16,     -2.1,     -2.01,     50,     0.7,     1.7,     3,     13,     92.8,     1007.1,     250.91,     255.5,     87.9,     -177.9
30,     01.09.2014 05:01:16,     -2.1,     -4.02,     41,     0.8,     1.7,     2.7,     13,     92.8,     1007.2,     250.91,     255.4,     87.9,     -178
31,     01.09.2014 05:11:16,     0,     2.01,     23,     0.8,     1.7,     3,     12.9,     92.8,     1007.3,     250.91,     255.5,     87.9,     -177.9,     12.370,     13.71,     69.8
32,     01.09.2014 05:21:16,     1.05,     4.02,     51,     0.9,     1.7,     2.6,     12.8,     92.7,     1007.4,     250.91,     255.4,     88,     -178
33,     01.09.2014 05:31:16,     2.1,     8.04,     83,     0.8,     2.3,     3.5,     12.8,     92.7,     1007.4,     250.91,     255.4,     87.9,     -178
34,     01.09.2014 05:41:16,     3.15,     10.05,     76,     0.6,     1.7,     3.2,     12.9,     92.8,     1007.4,     250.91,     255.5,     87.8,     -177.8
35,     01.09.2014 05:51:16,     6.3,     16.08,     94,     0.3,     1.6,     2.6,     12.8,     92.8,     1007.4,     250.91,     255.3,     87.9,     -177.9
36,     01.09.2014 06:01:16,     9.45,     24.12,     47,     0.7,     1.4,     2.5,     12.8,     92.9,     1007.4,     250.91,     255.3,     87.9,     -178
37,     01.09.2014 06:11:22,     12.6,     32.16,     318,     0.2,     1.2,     2.5,     12.9,     92.9,     1007.5,     250.91,     255.4,     87.9,     -178,     12.378,     13.70,     69.8
38,     01.09.2014 06:21:22,     17.85,     40.2,     313,     0.1,     1,     2.3,     12.9,     93,     1007.6,     250.91,     255.4,     87.9,     -177.9
39,     01.09.2014 06:31:22,     43.05,     92.46,     318,     0.1,     1.3,     2.2,     12.8,     92.9,     1007.6,     250.91,     255.5,     87.9,     -177.9
40,     01.09.2014 06:41:22,     84,     180.9,     311,     0.2,     1.1,     2.1,     12.9,     92.9,     1007.8,     250.91,     255.5,     87.9,     -177.9
41,     01.09.2014 06:51:22,     65.1,     142.71,     341,     0.5,     1.3,     2.2,     13,     93,     1007.8,     250.91,     255.4,     87.9,     -178
42,     01.09.2014 07:01:22,     30.45,     70.35,     335,     0.4,     1.5,     2.5,     13.1,     93,     1007.9,     250.91,     255.5,     87.9,     -177.9
43,     01.09.2014 07:11:16,     29.4,     66.33,     306,     0.6,     1.5,     2.7,     13.2,     93.1,     1007.9,     250.91,     255.4,     87.9,     -177.9,     12.819,     14.18,     69.7
44,     01.09.2014 07:21:16,     27.3,     66.33,     314,     0.3,     1.6,     3,     13.1,     93,     1008,     250.91,     255.4,     87.9,     -177.9
45,     01.09.2014 07:31:16,     45.15,     104.52,     328,     0.6,     1.5,     2.8,     13.1,     93,     1008,     250.91,     255.5,     87.9,     -177.9
46,     01.09.2014 07:41:16,     66.15,     148.74,     336,     0.5,     1.7,     3,     13.3,     93.1,     1008.1,     250.92,     255.6,     87.9,     -177.9
47,     01.09.2014 07:51:16,     43.05,     98.49,     334,     0.5,     1.7,     2.9,     13.3,     93.1,     1008.2,     250.96,     255.5,     87.9,     -177.9
48,     01.09.2014 08:01:16,     33.6,     72.36,     339,     0.8,     1.9,     3.2,     13.5,     93.2,     1008.3,     251.07,     255.4,     87.8,     -177.8
49,     01.09.2014 08:11:21,     38.85,     88.44,     338,     0.7,     1.9,     3.2,     13.6,     93.2,     1008.5,     251.14,     255.4,     88,     -178,     12.925,     14.50,     69.6
50,     01.09.2014 08:21:21,     45.15,     102.51,     344,     1,     2.2,     3.4,     13.6,     93.1,     1008.5,     251.21,     255.4,     88.1,     -178.1
51,     01.09.2014 08:31:21,     47.25,     106.53,     347,     0.6,     1.9,     3.3,     13.6,     93,     1008.6,     251.23,     255.6,     87.8,     -177.9
52,     01.09.2014 08:41:21,     55.65,     124.62,     346,     0.8,     2.1,     3.4,     13.5,     93,     1008.7,     251.26,     255.7,     88,     -178
53,     01.09.2014 08:51:21,     76.65,     166.83,     346,     0.9,     1.9,     2.9,     13.6,     93,     1008.7,     251.38,     255.7,     88,     -178
54,     01.09.2014 09:01:21,     108.15,     233.16,     341,     1.2,     2,     3.1,     13.7,     93.1,     1008.8,     251.4,     255.7,     88,     -178
55,     01.09.2014 09:11:22,     107.1,     231.15,     342,     0.8,     2.2,     3.2,     13.8,     93,     1008.9,     251.41,     255.6,     88,     -178,     13.241,     14.99,     69.6
56,     01.09.2014 09:21:22,     177.45,     379.89,     350,     0.8,     2.1,     3.3,     13.9,     92.9,     1008.8,     251.41,     255.7,     87.9,     -177.9
57,     01.09.2014 09:31:22,     111.3,     241.2,     331,     1.1,     2.1,     3.3,     14.2,     93.1,     1008.9,     251.41,     255.7,     87.9,     -177.9
58,     01.09.2014 09:41:22,     148.05,     311.55,     322,     0.7,     1.8,     3.1,     14.2,     92.9,     1008.8,     251.41,     255.6,     88,     -178
59,     01.09.2014 09:51:22,     160.65,     343.71,     335,     0.7,     1.6,     2.4,     14.4,     92.8,     1008.9,     251.41,     255.7,     88.1,     -178.1
60,     01.09.2014 10:01:22,     107.1,     233.16,     340,     0.5,     1.6,     2.5,     14.5,     92.7,     1008.9,     251.41,     255.6,     88,     -178
61,     01.09.2014 10:11:17,     73.5,     160.8,     327,     0.9,     2,     3.1,     14.5,     92.3,     1008.9,     251.41,     255.6,     87.9,     -177.9,     13.273,     16.32,     69.2
62,     01.09.2014 10:21:17,     81.9,     182.91,     324,     0.5,     1.6,     2.5,     14.7,     92.4,     1008.9,     251.41,     255.7,     87.9,     -177.9
63,     01.09.2014 10:31:17,     109.2,     241.2,     323,     0.9,     1.8,     2.8,     14.8,     92.4,     1008.9,     251.41,     255.7,     88,     -178
64,     01.09.2014 10:41:17,     228.9,     490.44,     326,     1.2,     2.2,     3.4,     14.9,     92.3,     1008.9,     251.41,     255.6,     87.9,     -177.9
65,     01.09.2014 10:51:17,     247.8,     520.59,     331,     0.9,     2,     3.4,     15,     92.1,     1009,     251.41,     255.7,     88,     -178
66,     01.09.2014 11:01:17,     187.95,     393.96,     326,     1.1,     2.2,     3,     15.2,     91.7,     1009,     251.41,     255.6,     88,     -178
67,     01.09.2014 11:11:22,     236.25,     496.47,     329,     1.1,     2,     3.3,     15.3,     91.1,     1009,     251.41,     255.8,     87.9,     -177.9,     13.474,     17.35,     69.1
68,     01.09.2014 11:21:22,     67.2,     146.73,     332,     1,     2.1,     3,     15.5,     90.8,     1009.2,     251.41,     255.6,     87.8,     -177.8
69,     01.09.2014 11:31:22,     70.35,     156.78,     333,     1,     2,     2.9,     15.7,     90.8,     1009.2,     251.41,     255.7,     87.9,     -177.9
70,     01.09.2014 11:41:22,     52.5,     122.61,     345,     0.7,     1.7,     3,     15.7,     90.6,     1009.3,     251.41,     255.6,     87.9,     -177.9
71,     01.09.2014 11:51:22,     76.65,     174.87,     343,     0.7,     1.4,     2.5,     15.8,     90.4,     1009.4,     251.41,     255.5,     87.9,     -177.9
72,     01.09.2014 12:01:22,     80.85,     180.9,     344,     0.6,     1.2,     2.4,     15.8,     90.2,     1009.4,     251.41,     255.6,     88,     -178
73,     01.09.2014 12:11:21,     69.3,     158.79,     353,     0.8,     1.6,     2.5,     15.8,     90.4,     1009.4,     251.41,     255.6,     88,     -178,     12.944,     17.75,     68.9
74,     01.09.2014 12:21:21,     123.9,     267.33,     6,     0.7,     1.7,     2.8,     15.9,     89.9,     1009.5,     251.41,     255.6,     88,     -178
75,     01.09.2014 12:31:21,     187.95,     408.03,     15,     1.2,     2,     2.9,     16,     89,     1009.5,     251.41,     255.7,     87.8,     -177.9
76,     01.09.2014 12:41:21,     178.5,     385.92,     13,     1.2,     1.9,     2.6,     16.2,     88.3,     1009.5,     251.41,     255.6,     88,     -177.9
77,     01.09.2014 12:51:21,     234.15,     492.45,     20,     1.1,     1.8,     2.5,     16.3,     87.6,     1009.5,     251.41,     255.5,     87.9,     -177.9
78,     01.09.2014 13:01:21,     258.3,     544.71,     15,     0.9,     1.6,     2.3,     16.4,     86.5,     1009.5,     251.41,     255.5,     87.9,     -177.9
79,     01.09.2014 13:11:21,     211.05,     448.23,     12,     0.5,     1.1,     1.7,     16.6,     85.6,     1009.5,     251.41,     255.6,     88,     -178,     13.408,     19.05,     68.5
80,     01.09.2014 13:21:21,     201.6,     432.15,     23,     0.7,     1.3,     2,     16.9,     85.3,     1009.5,     251.41,     255.7,     88,     -178
81,     01.09.2014 13:31:21,     273,     586.92,     9,     0.1,     0.7,     1.6,     17,     84.7,     1009.5,     251.41,     255.7,     88,     -178
82,     01.09.2014 13:41:21,     237.3,     514.56,     8,     0,     0.7,     1.4,     17.2,     83.6,     1009.6,     251.41,     255.7,     88.1,     -178.1
83,     01.09.2014 13:51:21,     169.05,     367.83,     22,     0,     0.5,     1.3,     17.4,     83.2,     1009.6,     251.41,     255.6,     88,     -178
84,     01.09.2014 14:01:21,     111.3,     247.23,     65,     0,     0.2,     1.5,     17.9,     81.6,     1009.6,     251.41,     255.8,     87.9,     -177.9
85,     01.09.2014 14:11:16,     163.8,     359.79,     2,     0,     0.7,     1.5,     17.7,     81.6,     1009.6,     251.41,     255.7,     88.1,     -178.1,     13.461,     21.17,     67.8
86,     01.09.2014 14:21:16,     213.15,     458.28,     10,     0.2,     0.9,     1.8,     17.6,     83.2,     1009.6,     251.41,     255.8,     87.9,     -177.9
87,     01.09.2014 14:31:16,     160.65,     351.75,     21,     0.3,     1.1,     2.2,     17.7,     82.7,     1009.5,     251.41,     255.7,     87.9,     -177.9
88,     01.09.2014 14:41:16,     213.15,     460.29,     27,     1.2,     1.7,     2.3,     17.6,     82.4,     1009.5,     251.41,     255.7,     88,     -178
89,     01.09.2014 14:51:16,     156.45,     345.72,     11,     0.8,     1.5,     2.1,     17.7,     81.5,     1009.6,     251.41,     255.8,     87.9,     -177.9
90,     01.09.2014 15:01:16,     73.5,     178.89,     26,     0.5,     1.1,     1.8,     17.7,     81,     1009.6,     251.41,     255.7,     88,     -178
91,     01.09.2014 15:11:22,     79.8,     217.08,     60,     0,     0.8,     1.5,     17.8,     83.6,     1009.6,     251.47,     255.7,     88,     -178,     13.459,     21.15,     67.9
92,     01.09.2014 15:21:22,     71.4,     188.94,     106,     0.3,     1,     2,     17.3,     86.2,     1009.7,     251.86,     (NO REPLY),     (NO REPLY),     (NO REPLY)
93,     01.09.2014 15:31:22,     44.1,     116.58,     120,     0,     0.8,     3.4,     17,     88.2,     1009.6,     252.33,     (NO REPLY),     (NO REPLY),     (NO REPLY)
94,     01.09.2014 15:41:22,     29.4,     76.38,     145,     0.2,     1,     3.9,     16.8,     89,     1009.6,     252.84,     255.7,     88,     -178
95,     01.09.2014 15:51:22,     37.8,     90.45,     145,     0.1,     1,     3.4,     16.8,     89.9,     1009.7,     253.55,     255.7,     88,     -178
96,     01.09.2014 16:01:22,     52.5,     120.6,     138,     0.1,     1.1,     3.1,     16.5,     89.3,     1009.6,     254.36,     255.6,     87.9,     -177.9
97,     01.09.2014 16:11:22,     66.15,     144.72,     123,     0.1,     1.4,     4,     16.5,     89.3,     1009.7,     254.57,     255.6,     88,     -178,     13.498,     18.65,     69.0
98,     01.09.2014 16:21:22,     80.85,     172.86,     97,     0.1,     2,     4.3,     16.6,     89.1,     1009.7,     254.58,     255.5,     87.9,     -177.9
99,     01.09.2014 16:31:22,     90.3,     198.99,     109,     0.1,     1.7,     4.4,     16.6,     89.1,     1009.7,     254.58,     255.4,     87.9,     -177.9
100,     01.09.2014 16:41:22,     53.55,     116.58,     111,     0.1,     1.5,     4.4,     16.5,     89,     1009.6,     254.58,     255.6,     87.8,     -177.8
101,     01.09.2014 16:51:22,     59.85,     128.64,     116,     0,     1.2,     2.9,     16.5,     89.3,     1009.6,     254.58,     255.5,     88,     -178
102,     01.09.2014 17:01:22,     49.35,     104.52,     118,     0.1,     0.9,     2.9,     16.6,     89.4,     1009.7,     254.58,     255.5,     88,     -178
103,     01.09.2014 17:11:16,     32.55,     68.34,     101,     0.1,     1.2,     3.4,     16.7,     89.8,     1009.7,     254.58,     255.5,     87.9,     -177.9,     13.557,     17.81,     69.2
104,     01.09.2014 17:21:16,     23.1,     50.25,     93,     0.1,     1.1,     2.2,     16.7,     89.9,     1009.8,     254.58,     255.6,     88,     -178
105,     01.09.2014 17:31:16,     18.9,     38.19,     101,     0.1,     1,     2.2,     16.7,     89.7,     1009.8,     254.58,     255.6,     88,     -178.1
106,     01.09.2014 17:41:16,     37.8,     82.41,     115,     0.1,     1.3,     3.4,     16.7,     89.2,     1009.8,     254.58,     255.9,     88,     -178
107,     01.09.2014 17:51:16,     29.4,     60.3,     105,     0.2,     1.8,     3.9,     16.7,     88.5,     1009.8,     254.58,     255.6,     87.9,     -177.9
108,     01.09.2014 18:01:16,     22.05,     46.23,     116,     0.2,     2.1,     4.3,     16.6,     88.1,     1009.8,     254.58,     255.1,     88,     -178
109,     01.09.2014 18:11:17,     13.65,     28.14,     117,     0.4,     1.9,     5.3,     16.6,     88.4,     1009.9,     254.58,     255.5,     87.9,     -177.9,     12.830,     17.47,     69.3
110,     01.09.2014 18:21:17,     6.3,     14.07,     122,     0.2,     1.8,     5,     16.5,     88.9,     1010,     254.58,     255.4,     87.9,     -177.9
111,     01.09.2014 18:31:17,     2.1,     6.03,     111,     0.2,     1.7,     4.6,     16.5,     89.2,     1010,     254.6,     255.5,     87.8,     -177.9
112,     01.09.2014 18:41:17,     0,     0,     117,     0.4,     2.2,     4.5,     16.4,     89.5,     1010.1,     254.63,     255.5,     88,     -178
113,     01.09.2014 18:51:17,     -1.05,     0,     114,     0.7,     2.8,     7.4,     16.3,     89.7,     1010.2,     254.7,     255.6,     88,     -178
114,     01.09.2014 19:01:17,     -2.1,     0,     120,     1,     2.8,     5.7,     16.1,     89.9,     1010.2,     254.71,     255.6,     87.9,     -177.9
115,     01.09.2014 19:11:22,     -1.05,     -2.01,     122,     1.1,     2.5,     4.3,     16.1,     90.2,     1010.3,     254.84,     255.4,     88,     -178,     12.692,     16.85,     69.4
116,     01.09.2014 19:21:22,     -1.05,     -2.01,     115,     0.9,     2.8,     5.6,     16,     90.4,     1010.4,     254.89,     255.6,     87.9,     -178
117,     01.09.2014 19:31:22,     -2.1,     -2.01,     120,     1.2,     2.3,     5.6,     16,     90.5,     1010.5,     254.93,     255.4,     87.9,     -178
118,     01.09.2014 19:41:22,     -2.1,     -2.01,     118,     1.1,     2.6,     5.3,     16,     90.6,     1010.6,     254.96,     255.3,     88,     -178
119,     01.09.2014 19:51:22,     -1.05,     -2.01,     120,     1.1,     2.9,     5.8,     16,     90.6,     1010.6,     254.99,     255.4,     88.1,     -178.1
120,     01.09.2014 20:01:22,     -2.1,     -4.02,     117,     0.9,     3.2,     7.5,     15.9,     90.6,     1010.7,     255,     255.4,     88,     -178
121,     01.09.2014 20:11:16,     -2.1,     -4.02,     110,     0.5,     2.6,     5.3,     15.9,     90.6,     1010.8,     255.01,     255.4,     88,     -178,     12.650,     16.42,     69.5
122,     01.09.2014 20:21:16,     -2.1,     -2.01,     113,     0.9,     2.7,     5.4,     15.8,     90.7,     1010.8,     255.02,     255.4,     88,     -178
123,     01.09.2014 20:31:16,     -1.05,     0,     116,     1,     2.7,     5,     15.7,     90.7,     1010.9,     255.03,     255.5,     87.8,     -177.9
124,     01.09.2014 20:41:16,     -2.1,     -4.02,     127,     0.9,     3.1,     5.1,     15.7,     90.7,     1010.9,     255.06,     255.2,     87.9,     -177.9
125,     01.09.2014 20:51:16,     -2.1,     -2.01,     127,     0.9,     3.8,     5.9,     15.6,     90.6,     1011,     255.11,     255.3,     87.9,     -177.9
126,     01.09.2014 21:01:16,     -3.15,     -4.02,     135,     0.4,     3.2,     5.5,     15.6,     90.6,     1011,     255.22,     255.4,     88,     -178
127,     01.09.2014 21:11:21,     -1.05,     0,     0,     0,     0,     0,     15.5,     90.5,     1011,     255.27,     255.3,     87.8,     -177.9,     12.611,     16.15,     69.5
128,     01.09.2014 21:21:21,     -2.1,     -2.01,     131,     1.3,     3.6,     5.6,     15.4,     90.4,     1011.1,     255.27,     255.5,     87.9,     -177.9
129,     01.09.2014 21:31:21,     -1.05,     -4.02,     117,     0.4,     3.3,     6.4,     15.3,     90.4,     1011.1,     255.27,     255.5,     87.9,     -177.9
130,     01.09.2014 21:41:21,     -2.1,     -4.02,     116,     0.4,     2.7,     5.3,     15.2,     90.5,     1011.2,     255.27,     255.4,     88,     -178
131,     01.09.2014 21:51:21,     -2.1,     -4.02,     117,     0.3,     2.7,     5.7,     15.1,     90.4,     1011.3,     255.27,     255.5,     88,     -178
132,     01.09.2014 22:01:21,     -2.1,     -2.01,     114,     0.2,     2.4,     5.7,     15,     90.6,     1011.3,     255.29,     255.6,     87.9,     -178
133,     01.09.2014 22:11:23,     -2.1,     -4.02,     105,     0.4,     2.6,     5.8,     15,     90.7,     1011.4,     255.42,     255.2,     87.9,     -178,     12.601,     15.77,     69.6
134,     01.09.2014 22:21:23,     -2.1,     -2.01,     111,     0.3,     2.4,     5.5,     14.9,     90.7,     1011.4,     255.42,     255.5,     87.9,     -177.9
135,     01.09.2014 22:31:23,     -3.15,     -2.01,     112,     0.3,     2.4,     4.8,     14.8,     90.5,     1011.4,     255.42,     255.6,     87.9,     -177.9
136,     01.09.2014 22:41:23,     -1.05,     -2.01,     115,     0.2,     2,     4.3,     14.8,     90.5,     1011.5,     255.42,     255.6,     88,     -178
137,     01.09.2014 22:51:23,     -1.05,     -2.01,     110,     0.2,     1.8,     3.9,     14.8,     90.5,     1011.5,     255.42,     255.4,     88,     -178
138,     01.09.2014 23:01:23,     -2.1,     0,     107,     0.1,     1.5,     2.9,     14.7,     90.5,     1011.5,     255.42,     255.4,     88,     -178
139,     01.09.2014 23:11:17,     -1.05,     -2.01,     115,     0.3,     1.7,     5.1,     14.7,     90.4,     1011.6,     255.42,     255.5,     87.9,     -178,     12.601,     15.36,     69.8
140,     01.09.2014 23:21:17,     -1.05,     -2.01,     109,     0.3,     1.8,     3.9,     14.6,     90.4,     1011.6,     255.42,     255.4,     87.9,     -177.9
141,     01.09.2014 23:31:17,     -2.1,     -4.02,     106,     0.3,     1.9,     4.5,     14.6,     90.3,     1011.7,     255.42,     255.3,     87.9,     -177.9
142,     01.09.2014 23:41:17,     -2.1,     -4.02,     111,     0.1,     1.9,     3.8,     14.6,     90.5,     1011.7,     255.42,     255.3,     87.9,     -177.9
143,     01.09.2014 23:51:17,     -1.05,     -2.01,     117,     0.4,     1.9,     4.3,     14.6,     90.4,     1011.7,     255.42,     255.4,     87.8,     -177.8
144,     02.09.2014 00:01:16,     -1.05,     -2.01,     123,     0.2,     1.9,     4.4,     14.6,     90.2,     1011.7,     255.42,     255.2,     87.9,     -177.9,     12.488,     15.09,     69.9
(GSM ERROR Server Transfer: Timeout 166 / Signal:15 / 02.09.2014 00:02:47)