Logger: #D10248 'TSK_Meteo' - USP_EXP2 (V2.10, Jan 24 2012)
No,     Time,     #1:W/m²:0,     #2:ÂµMol:(do.),     #5:deg:2,     #6:m/sMIN:(do.),     #7:m/sMIT:(do.),     #8:m/sMAX:(do.),     #9:Â°C:(do.),     #10:%:(do.),     #11:hPa:(do.),     #12:mm:(do.),     #14:AZ:3,     #15:EL:(do.),     #16:Roll:(do.),     #HK-Bat:V,     #HK-Temp:oC,     #HK-rH:%
(GSM Transfer OK / Signal:15)
1,     13.12.2014 00:11:16,     -3.15,     -2.01,     295,     2.1,     4.1,     7,     5.2,     84.5,     988,     343.89,     254.2,     88,     -178,     12.226,     6.09,     84.9
2,     13.12.2014 00:21:16,     -3.15,     -2.01,     285,     1.9,     3.3,     6.5,     5.1,     86.1,     988.5,     343.89,     253.8,     87.9,     -177.9
3,     13.12.2014 00:31:16,     -3.15,     -2.01,     291,     2.5,     4,     7.5,     5,     85.5,     988.7,     343.89,     75.4,     87.9,     -2
4,     13.12.2014 00:41:16,     -3.15,     0,     290,     1.8,     3.9,     7.3,     5,     85.2,     988.9,     343.89,     73.8,     87.9,     -2
5,     13.12.2014 00:51:16,     -3.15,     -4.02,     285,     1.2,     4.1,     6.6,     5,     85.6,     988.9,     343.89,     253.5,     87.8,     -177.8
6,     13.12.2014 01:01:16,     -3.15,     -2.01,     290,     2.5,     4.5,     7.9,     4.9,     84.5,     989.2,     343.89,     74.4,     88,     -1.9
7,     13.12.2014 01:11:21,     -2.1,     -2.01,     293,     2.1,     4.8,     10.8,     5,     82.9,     989.3,     343.89,     74.3,     88.1,     -1.8,     12.408,     4.90,     87.0
8,     13.12.2014 01:21:21,     -2.1,     -2.01,     296,     2.8,     5,     8,     5,     82.4,     989.5,     343.89,     74.6,     88,     -2
9,     13.12.2014 01:31:21,     -3.15,     0,     296,     3.3,     5.2,     7.5,     5,     82.9,     989.7,     343.89,     75,     88,     -2
10,     13.12.2014 01:41:21,     -3.15,     -2.01,     293,     2,     5.6,     9.5,     4.9,     82.9,     990,     343.89,     76.1,     88.3,     -1.5
11,     13.12.2014 01:51:21,     -2.1,     -2.01,     294,     2.2,     6.2,     10.3,     5,     82.1,     990,     343.89,     255.1,     87.8,     -177.9
12,     13.12.2014 02:01:21,     -3.15,     -2.01,     290,     3.3,     5.9,     9.5,     4.9,     82.4,     990.2,     343.89,     255.4,     88.2,     -178.2
13,     13.12.2014 02:11:16,     -3.15,     -4.02,     291,     2.1,     6.6,     10.3,     5,     81.8,     990.5,     343.89,     254.5,     87.6,     -177.7,     12.395,     4.67,     87.1
14,     13.12.2014 02:21:16,     -2.1,     0,     294,     3.9,     6.6,     11.4,     4.9,     81.8,     990.7,     343.89,     254.5,     87.7,     -177.8
15,     13.12.2014 02:31:16,     -3.15,     -2.01,     293,     2.7,     6.1,     9.6,     4.8,     81.5,     990.9,     343.89,     255.2,     88,     -178
16,     13.12.2014 02:41:16,     -4.2,     0,     294,     3,     6.1,     8.4,     4.7,     81.4,     991.2,     343.89,     255.9,     88.1,     -178
17,     13.12.2014 02:51:16,     -3.15,     -2.01,     294,     2.8,     5.5,     9.9,     4.6,     81.7,     991.4,     343.89,     255.3,     88.1,     -178.1
18,     13.12.2014 03:01:16,     -4.2,     -2.01,     297,     3.2,     6,     9.5,     4.6,     81.2,     991.5,     343.89,     255,     87.7,     -177.7
19,     13.12.2014 03:11:16,     -3.15,     0,     291,     2.7,     6.4,     11.4,     4.6,     80.4,     991.6,     343.89,     76.4,     87.6,     -2.3,     12.393,     4.21,     87.2
20,     13.12.2014 03:21:16,     -4.2,     0,     293,     1.8,     5.5,     9.7,     4.4,     80.8,     991.8,     343.89,     253.9,     88,     -178
21,     13.12.2014 03:31:16,     -4.2,     -2.01,     288,     1,     5.9,     11.3,     4.4,     80,     991.9,     343.89,     75,     87.9,     -1.9
22,     13.12.2014 03:41:16,     -4.2,     0,     291,     4,     6.4,     10.5,     4.4,     79.8,     992.1,     343.89,     74.1,     87.9,     -2
23,     13.12.2014 03:51:16,     -4.2,     0,     291,     3,     5.9,     10.1,     4.4,     79.3,     992.3,     343.89,     75.8,     88,     -1.9
24,     13.12.2014 04:01:16,     -4.2,     -2.01,     289,     3.5,     6.1,     9.6,     4.3,     78.6,     992.4,     343.89,     77.3,     87.6,     -2.2
25,     13.12.2014 04:11:17,     -4.2,     -4.02,     287,     2.8,     6.3,     10,     4.2,     78,     992.5,     343.89,     75.4,     87.5,     -2.4,     12.395,     3.74,     87.4
26,     13.12.2014 04:21:17,     -4.2,     -2.01,     285,     2,     5.9,     10.2,     4.2,     79.1,     992.8,     343.89,     255,     87.8,     -177.8
27,     13.12.2014 04:31:17,     -5.25,     -2.01,     280,     3.3,     5.6,     9.7,     4.1,     79,     992.9,     343.89,     254.5,     87.7,     -177.7
28,     13.12.2014 04:41:17,     -5.25,     -2.01,     284,     2.5,     6,     10.2,     4,     78.9,     992.9,     343.89,     76.2,     88.6,     -1.3
29,     13.12.2014 04:51:17,     -4.2,     -2.01,     281,     3.5,     6.2,     9.9,     3.9,     79.2,     993,     343.89,     75.1,     88,     -1.9
30,     13.12.2014 05:01:17,     -3.15,     2.01,     283,     2.6,     5.8,     9.6,     3.8,     79.8,     993.2,     343.89,     255.5,     88.3,     -178.4
31,     13.12.2014 05:11:16,     -4.2,     -4.02,     289,     2.5,     5.6,     8.6,     3.8,     79.7,     993.3,     343.89,     254,     87.9,     -178,     12.970,     3.47,     87.5
32,     13.12.2014 05:21:16,     -4.2,     0,     291,     2.8,     5.5,     8.9,     3.7,     80.3,     993.4,     343.89,     254.6,     87.9,     -178
33,     13.12.2014 05:31:16,     -4.2,     0,     283,     3.1,     6.1,     10.8,     3.7,     80.4,     993.4,     343.89,     75.8,     88.2,     -1.7
34,     13.12.2014 05:41:16,     -4.2,     -2.01,     283,     2.4,     6,     10,     3.6,     81,     993.7,     343.89,     74.7,     87.9,     -2
35,     13.12.2014 05:51:16,     -5.25,     -2.01,     280,     1,     5.9,     11.3,     3.6,     80.4,     993.7,     343.89,     255,     88.1,     -178.1
36,     13.12.2014 06:01:16,     -3.15,     -2.01,     282,     2.9,     6,     9.2,     3.6,     80.4,     993.8,     343.89,     255.8,     87.6,     -177.7
37,     13.12.2014 06:11:16,     -5.25,     -4.02,     282,     3.6,     5.8,     8.4,     3.5,     80.6,     994.1,     343.89,     73.6,     87.7,     -2.1,     12.851,     3.21,     87.6
38,     13.12.2014 06:21:16,     -4.2,     -2.01,     276,     3.2,     6,     9.4,     3.5,     81.3,     994.2,     343.89,     75.3,     88.2,     -1.6
39,     13.12.2014 06:31:16,     -4.2,     0,     270,     1.5,     6,     9.2,     3.6,     81.2,     994.4,     343.89,     76.9,     87.3,     -2.5
40,     13.12.2014 06:41:16,     -4.2,     -2.01,     267,     3.1,     5.7,     8.6,     3.6,     81.2,     994.6,     343.89,     254.6,     87.7,     -177.8
41,     13.12.2014 06:51:16,     -4.2,     -2.01,     269,     3.1,     5.8,     9.1,     3.6,     80.9,     994.6,     343.89,     75.9,     87.7,     -2.2
42,     13.12.2014 07:01:16,     -3.15,     -2.01,     272,     1,     5.9,     10.1,     3.6,     80.4,     994.7,     343.89,     254.8,     87.9,     -178.1
43,     13.12.2014 07:11:17,     -3.15,     -2.01,     268,     2.5,     5.7,     10.1,     3.7,     81.1,     994.9,     343.89,     76,     88,     -1.9,     12.677,     3.17,     87.6
44,     13.12.2014 07:21:17,     -6.3,     -4.02,     277,     1.7,     5.1,     9.3,     3.6,     81.2,     995.1,     343.89,     74.3,     87.8,     -2.1
45,     13.12.2014 07:31:17,     -3.15,     -2.01,     272,     1.4,     5.5,     9.8,     3.6,     81.1,     995.2,     343.89,     74,     88,     -2
46,     13.12.2014 07:41:17,     -4.2,     -2.01,     274,     2.8,     5.8,     10.9,     3.7,     81.1,     995.3,     343.89,     254.9,     87.8,     -177.8
47,     13.12.2014 07:51:17,     -3.15,     2.01,     275,     2.8,     5.9,     10.6,     3.7,     80.7,     995.6,     343.89,     253.7,     87.6,     -177.8
48,     13.12.2014 08:01:17,     -4.2,     -2.01,     270,     2.5,     5.8,     9.9,     3.7,     81,     995.6,     343.89,     253.4,     87.7,     -177.7
49,     13.12.2014 08:11:16,     -1.05,     2.01,     269,     3.1,     6.3,     10.9,     3.6,     80.9,     996,     343.89,     74.3,     87.5,     -2.2,     12.609,     3.29,     87.6
50,     13.12.2014 08:21:16,     0,     6.03,     262,     1.7,     5.9,     11.6,     3.6,     80.9,     996.1,     343.89,     255.4,     88,     -177.9
51,     13.12.2014 08:31:16,     0,     8.04,     265,     3.3,     5.9,     10.1,     3.6,     80.7,     996.4,     343.89,     75.2,     88.1,     -1.7
52,     13.12.2014 08:41:16,     13.65,     26.13,     264,     2.3,     5.3,     8.4,     3.6,     80.7,     996.6,     343.89,     255.4,     87.4,     -177.4
53,     13.12.2014 08:51:16,     14.7,     30.15,     264,     3.1,     5.5,     8.4,     3.7,     80.8,     996.9,     343.89,     75.7,     88,     -1.9
54,     13.12.2014 09:01:16,     16.8,     38.19,     265,     2.7,     5.5,     8.5,     3.7,     79.8,     997,     343.89,     255.2,     87.7,     -177.7
55,     13.12.2014 09:11:16,     33.6,     62.31,     272,     1.7,     5.3,     8.7,     3.7,     79.9,     997.1,     343.89,     254.9,     88,     -177.9,     12.760,     3.44,     87.6
56,     13.12.2014 09:21:16,     36.75,     72.36,     270,     1.1,     5,     8.2,     3.8,     79.3,     997.2,     343.89,     255,     87.9,     -177.9
57,     13.12.2014 09:31:16,     55.65,     102.51,     270,     1.9,     5.6,     9.2,     3.8,     78.7,     997.3,     343.89,     74.6,     87.7,     -2.2
58,     13.12.2014 09:41:16,     60.9,     116.58,     264,     2.2,     5.7,     8.5,     3.8,     78.6,     997.4,     343.89,     255.5,     87.9,     -177.8
59,     13.12.2014 09:51:16,     59.85,     114.57,     267,     1.7,     5.2,     8,     3.9,     78.7,     997.6,     343.89,     254,     87.4,     -177.4
60,     13.12.2014 10:01:16,     58.8,     108.54,     268,     1.7,     5.3,     8.4,     3.9,     78.5,     997.8,     343.89,     254.3,     88,     -177.9
61,     13.12.2014 10:11:16,     48.3,     94.47,     268,     1.8,     4.8,     8.1,     4,     78,     997.8,     343.89,     255.8,     87.9,     -178,     13.054,     4.01,     87.4
62,     13.12.2014 10:21:16,     55.65,     108.54,     263,     2.5,     5.4,     8.1,     4.1,     77.9,     998,     343.89,     255.4,     88.1,     -178
63,     13.12.2014 10:31:16,     57.75,     112.56,     268,     2.7,     5.5,     8.5,     4.1,     77.7,     998.1,     343.89,     255.9,     87.6,     -177.6
64,     13.12.2014 10:41:16,     68.25,     134.67,     269,     2,     5.5,     9,     4.2,     77.3,     998.2,     343.89,     75.8,     88,     -1.9
65,     13.12.2014 10:51:16,     80.85,     156.78,     271,     1.7,     5.2,     8.7,     4.2,     77.7,     998.2,     343.89,     255.3,     88,     -178
66,     13.12.2014 11:01:16,     79.8,     156.78,     276,     2.3,     4.8,     9.2,     4.3,     77.9,     998.3,     343.89,     254.4,     87.9,     -177.9
67,     13.12.2014 11:11:16,     91.35,     178.89,     272,     1.6,     5.3,     8.5,     4.3,     76.9,     998.2,     343.89,     75.6,     88,     -1.9,     13.372,     4.57,     87.2
68,     13.12.2014 11:21:16,     94.5,     180.9,     280,     1.9,     5.2,     8.9,     4.4,     77,     998.2,     343.89,     255.7,     88.1,     -178.1
69,     13.12.2014 11:31:16,     112.35,     213.06,     272,     2.5,     6.1,     9.9,     4.4,     76.9,     998.2,     343.89,     76.2,     88.4,     -1.5
70,     13.12.2014 11:41:16,     107.1,     205.02,     279,     2.5,     5.3,     9.9,     4.4,     77.1,     998.2,     343.89,     74.8,     87.9,     -2
71,     13.12.2014 11:51:16,     110.25,     211.05,     283,     0.8,     5.7,     9.9,     4.5,     76.9,     998.2,     343.89,     254.6,     88.1,     -178.1
72,     13.12.2014 12:01:16,     118.65,     223.11,     281,     2.6,     5.9,     9.4,     4.6,     77,     998.3,     343.89,     254.2,     87.8,     -177.9
73,     13.12.2014 12:11:16,     120.75,     229.14,     278,     2.7,     5.7,     9.7,     4.6,     76.6,     998.3,     343.89,     76.5,     87.8,     -2.1,     14.070,     5.23,     86.9
74,     13.12.2014 12:21:16,     123.9,     235.17,     275,     3.3,     6.5,     10.5,     4.7,     76.6,     998.3,     343.89,     255,     87.5,     -177.7
75,     13.12.2014 12:31:16,     105,     201,     279,     3.1,     5.8,     8.9,     4.8,     76.4,     998.3,     343.89,     253.2,     87.8,     -177.8
76,     13.12.2014 12:41:16,     106.05,     203.01,     280,     0.9,     5.9,     9.7,     4.9,     76.2,     998.5,     343.89,     254.6,     88.1,     -178.2
77,     13.12.2014 12:51:16,     105,     203.01,     278,     2.9,     5.6,     8.8,     4.9,     76.6,     998.5,     343.89,     255.7,     87.9,     -177.8
78,     13.12.2014 13:01:16,     97.65,     190.95,     280,     2.4,     5.3,     8.8,     4.9,     76.4,     998.5,     343.89,     255.5,     87.6,     -177.7
79,     13.12.2014 13:11:16,     91.35,     174.87,     272,     1.7,     5.4,     10,     4.9,     76.1,     998.5,     343.89,     254.7,     87.8,     -177.9,     13.767,     5.73,     86.7
80,     13.12.2014 13:21:16,     85.05,     164.82,     267,     2.8,     5.8,     9.9,     5,     76.2,     998.6,     343.89,     254.3,     87.9,     -177.9
81,     13.12.2014 13:31:16,     74.55,     146.73,     269,     2.4,     5.2,     8.6,     5,     75.8,     998.6,     343.89,     255.3,     88.1,     -178.1
82,     13.12.2014 13:41:16,     63,     126.63,     279,     2.8,     5.2,     9.1,     5,     76.3,     998.8,     343.89,     75.2,     88.2,     -1.8
83,     13.12.2014 13:51:16,     58.8,     116.58,     279,     1.3,     5.3,     8.6,     5,     76.7,     998.8,     343.89,     74.5,     87.9,     -1.9
84,     13.12.2014 14:01:16,     66.15,     126.63,     275,     2.4,     4.9,     8.3,     5,     76.2,     998.9,     343.89,     254.2,     87.8,     -177.8
85,     13.12.2014 14:11:16,     30.45,     60.3,     279,     1.9,     4.6,     6.9,     5,     77,     999,     343.89,     254.1,     87.9,     -177.9,     13.110,     5.69,     86.7
86,     13.12.2014 14:21:16,     25.2,     52.26,     276,     2.2,     5.1,     7.5,     5,     77.1,     999,     343.89,     255.3,     87.7,     -177.7
87,     13.12.2014 14:31:16,     19.95,     42.21,     273,     2,     4.7,     7.2,     5,     77.1,     999.1,     343.89,     253.8,     87.9,     -177.9
88,     13.12.2014 14:41:16,     19.95,     42.21,     268,     2.6,     4.7,     7.9,     5,     77.2,     999.1,     343.89,     78,     88,     -1.9
89,     13.12.2014 14:51:16,     9.45,     22.11,     274,     2.3,     4.6,     8,     5,     77.2,     999.2,     343.89,     74.9,     87.8,     -2
90,     13.12.2014 15:01:16,     10.5,     24.12,     275,     2.4,     5,     8.1,     5,     77.7,     999.5,     343.89,     75.3,     88,     -1.9
91,     13.12.2014 15:11:16,     12.6,     26.13,     279,     1.7,     4.1,     6.7,     5,     78.1,     999.6,     343.89,     74.7,     88,     -1.8,     12.809,     5.71,     86.8
92,     13.12.2014 15:21:16,     4.2,     12.06,     284,     2.5,     4.3,     7.8,     5,     77.7,     999.8,     343.89,     253.9,     87.8,     -177.8
93,     13.12.2014 15:31:16,     2.1,     6.03,     283,     0.4,     3.7,     6.5,     5,     78,     999.9,     343.89,     74.5,     88.2,     -1.7
94,     13.12.2014 15:41:16,     1.05,     6.03,     270,     1.8,     3.8,     6.4,     5.1,     78.4,     999.9,     343.89,     253.9,     88,     -177.9
95,     13.12.2014 15:51:16,     -2.1,     0,     270,     2.5,     4.3,     6.2,     5.1,     78.3,     1000.2,     343.89,     254.5,     87.9,     -177.8
96,     13.12.2014 16:01:16,     -1.05,     -2.01,     277,     2,     4.2,     6.9,     5,     78.6,     1000.2,     343.89,     75.5,     87.9,     -2
97,     13.12.2014 16:11:16,     -2.1,     0,     279,     1.5,     3.5,     5.9,     5,     78.9,     1000.4,     343.89,     73.9,     88.1,     -1.8,     12.700,     5.57,     86.9
98,     13.12.2014 16:21:16,     -2.1,     0,     275,     1.7,     3.9,     6.5,     5,     79.1,     1000.5,     343.89,     74.2,     87.9,     -2
99,     13.12.2014 16:31:16,     -3.15,     0,     271,     1.5,     3.2,     5.4,     5,     79.9,     1000.5,     343.89,     253.8,     88,     -178
100,     13.12.2014 16:41:16,     -2.1,     0,     282,     1.2,     3.1,     5,     4.9,     80.1,     1000.8,     343.89,     253.5,     88,     -178
101,     13.12.2014 16:51:16,     -2.1,     -2.01,     282,     1.6,     3.3,     5.6,     4.9,     80.3,     1001,     343.89,     253.9,     87.9,     -178
102,     13.12.2014 17:01:16,     -2.1,     -2.01,     275,     1.6,     3.3,     5.1,     4.9,     80.9,     1001.1,     343.89,     254.3,     87.9,     -178
103,     13.12.2014 17:11:16,     -2.1,     -2.01,     267,     1.7,     3.6,     6.6,     4.9,     81.2,     1001.1,     343.89,     75.9,     88,     -1.9,     12.641,     5.37,     86.9
104,     13.12.2014 17:21:16,     -3.15,     -4.02,     274,     1.9,     4.2,     7,     4.9,     80.9,     1001.3,     343.89,     74.2,     88,     -1.9
105,     13.12.2014 17:31:16,     -3.15,     -4.02,     286,     1.3,     3.2,     5.5,     4.8,     81.4,     1001.2,     343.89,     253.7,     87.8,     -177.8
106,     13.12.2014 17:41:16,     -4.2,     -2.01,     288,     0.8,     3.3,     5.9,     4.7,     82.1,     1001.3,     343.89,     74.2,     87.8,     -2.1
107,     13.12.2014 17:51:16,     -3.15,     -4.02,     278,     2.5,     4,     7.8,     4.7,     82.3,     1001.5,     343.89,     254.5,     87.9,     -177.9
108,     13.12.2014 18:01:16,     -4.2,     -2.01,     275,     1.6,     3.6,     5.3,     4.7,     82.4,     1001.6,     343.89,     75,     87.9,     -1.9
109,     13.12.2014 18:11:16,     -5.25,     -2.01,     279,     2.1,     3.9,     5.9,     4.7,     82.4,     1001.7,     343.89,     254.3,     87.7,     -177.8,     12.613,     4.77,     87.1
110,     13.12.2014 18:21:16,     -3.15,     -2.01,     286,     1.4,     3.9,     6.8,     4.5,     82.5,     1001.9,     343.89,     73.6,     88,     -1.9
111,     13.12.2014 18:31:16,     -5.25,     -2.01,     283,     1.6,     3.5,     5.8,     4.5,     83.1,     1001.9,     343.89,     73.5,     87.8,     -2
112,     13.12.2014 18:41:16,     -3.15,     0,     286,     1.6,     3.6,     6.2,     4.5,     83,     1002,     343.89,     254.3,     88,     -178
113,     13.12.2014 18:51:16,     -3.15,     -2.01,     285,     1.8,     3.1,     5,     4.4,     83.1,     1002.1,     343.89,     73.7,     87.8,     -2.1
114,     13.12.2014 19:01:16,     -5.25,     -2.01,     289,     1.7,     2.9,     4.6,     4.4,     83.2,     1002.1,     343.89,     253.7,     88,     -178
115,     13.12.2014 19:11:16,     -5.25,     -2.01,     291,     2.1,     3.7,     6.3,     4.5,     82.6,     1002.2,     343.89,     253.9,     88,     -177.9,     12.590,     4.05,     87.4
116,     13.12.2014 19:21:16,     -5.25,     0,     281,     1.8,     3.3,     5.5,     4.4,     83,     1002.4,     343.89,     253.7,     88,     -178
117,     13.12.2014 19:31:16,     -5.25,     -2.01,     278,     0.7,     3.2,     5.9,     4.4,     83.6,     1002.5,     343.89,     254.3,     88,     -178.1
118,     13.12.2014 19:41:16,     -5.25,     -2.01,     285,     2,     3.4,     5.6,     4.2,     84.1,     1002.6,     343.89,     253.9,     87.9,     -177.9
119,     13.12.2014 19:51:16,     -5.25,     -2.01,     286,     1.4,     2.8,     4.8,     4.1,     84.7,     1002.7,     343.89,     253.3,     87.9,     -178
120,     13.12.2014 20:01:16,     -5.25,     0,     285,     1.4,     2.8,     4.2,     3.9,     85.2,     1002.8,     343.89,     253.7,     88,     -178
121,     13.12.2014 20:11:16,     -4.2,     -2.01,     285,     1.1,     2.8,     4.6,     3.8,     85.8,     1002.8,     343.89,     253.7,     87.9,     -177.9,     12.569,     3.31,     87.5
122,     13.12.2014 20:21:16,     -5.25,     -2.01,     276,     1.9,     3,     5.5,     3.8,     86.3,     1002.8,     343.89,     253.4,     87.9,     -177.9
123,     13.12.2014 20:31:16,     -5.25,     -2.01,     284,     1.6,     2.8,     5.1,     3.7,     86.5,     1002.9,     343.89,     253.4,     87.9,     -177.9
124,     13.12.2014 20:41:16,     -5.25,     -2.01,     277,     1.2,     3.6,     6.2,     3.7,     86.8,     1003,     343.89,     253.9,     88,     -178
125,     13.12.2014 20:51:16,     -5.25,     0,     278,     0.9,     3.5,     5.8,     3.7,     86.5,     1002.9,     343.89,     253.7,     87.9,     -177.9
126,     13.12.2014 21:01:16,     -4.2,     -2.01,     289,     1.5,     3,     5.3,     3.6,     86.5,     1003.2,     343.89,     253.3,     87.9,     -177.9
127,     13.12.2014 21:11:16,     -4.2,     -2.01,     289,     0.3,     3.4,     5.7,     3.5,     86.8,     1003.2,     343.89,     73.3,     87.9,     -1.9,     12.550,     2.83,     87.7
128,     13.12.2014 21:21:16,     -4.2,     -2.01,     286,     1.7,     3.2,     5,     3.5,     87.3,     1003.3,     343.89,     253.6,     87.9,     -177.9
129,     13.12.2014 21:31:16,     -5.25,     -2.01,     291,     0.6,     2.8,     4.4,     3.5,     87.2,     1003.5,     343.89,     73.9,     87.9,     -2
130,     13.12.2014 21:41:16,     -5.25,     -2.01,     295,     0.9,     2.9,     4.8,     3.3,     87.3,     1003.5,     343.89,     253.6,     87.9,     -177.9
131,     13.12.2014 21:51:16,     -5.25,     -4.02,     285,     1,     2.8,     4.6,     3.3,     87.8,     1003.6,     343.89,     254,     87.9,     -177.9
132,     13.12.2014 22:01:16,     -6.3,     -4.02,     284,     1.8,     3,     4.5,     3.3,     88,     1003.8,     343.89,     74,     88,     -1.9
133,     13.12.2014 22:11:17,     -6.3,     -2.01,     285,     1.1,     3.1,     5.5,     3.2,     88,     1003.9,     343.89,     253.2,     87.9,     -177.9,     12.535,     2.51,     87.8
134,     13.12.2014 22:21:17,     -4.2,     0,     282,     1.6,     3.2,     5.1,     3.2,     88.1,     1003.9,     343.89,     253.5,     88,     -178
135,     13.12.2014 22:31:17,     -5.25,     -2.01,     286,     1.3,     3.1,     4.3,     3,     88.2,     1004,     343.89,     73.7,     88,     -1.9
136,     13.12.2014 22:41:17,     -4.2,     -2.01,     275,     1.8,     3.5,     6.2,     3,     88.8,     1004.1,     343.89,     253.6,     87.8,     -177.8
137,     13.12.2014 22:51:17,     -5.25,     -2.01,     279,     1.7,     3.1,     4.7,     3,     88.8,     1004.3,     343.89,     253.5,     87.8,     -177.9
138,     13.12.2014 23:01:17,     -4.2,     -2.01,     290,     0.9,     2.8,     4.3,     2.9,     88.7,     1004.5,     343.89,     253.3,     88,     -178
139,     13.12.2014 23:11:17,     -3.15,     0,     311,     0.5,     2.3,     4,     2.7,     88.8,     1004.6,     343.89,     253.3,     87.9,     -177.9,     12.834,     2.37,     87.9
140,     13.12.2014 23:21:17,     -2.1,     0,     306,     1.2,     2.8,     4.5,     2.7,     89,     1004.6,     343.89,     253.5,     87.9,     -177.9
141,     13.12.2014 23:31:17,     -3.15,     -2.01,     319,     1,     2.2,     4.2,     2.7,     89.2,     1004.7,     343.89,     252.8,     87.9,     -177.9
142,     13.12.2014 23:41:17,     -1.05,     2.01,     300,     1.9,     3.3,     6.3,     2.8,     89.2,     1004.7,     343.89,     253.5,     88,     -178
143,     13.12.2014 23:51:17,     -3.15,     -2.01,     307,     2,     3.6,     6.3,     2.8,     88.7,     1004.6,     343.89,     253.3,     87.8,     -177.9
144,     14.12.2014 00:01:16,     -2.1,     -2.01,     301,     2.1,     3.9,     6.2,     2.7,     88.8,     1004.6,     343.89,     253.7,     88,     -178,     12.450,     2.71,     87.6