Logger: #D10248 'TSK_Meteo' - USP_EXP2 (V2.10, Jan 24 2012)
No,     Time,     #1:W/m²:0,     #2:ÂµMol:(do.),     #5:deg:2,     #6:m/sMIN:(do.),     #7:m/sMIT:(do.),     #8:m/sMAX:(do.),     #9:Â°C:(do.),     #10:%:(do.),     #11:hPa:(do.),     #12:mm:(do.),     #14:AZ:3,     #15:EL:(do.),     #16:Roll:(do.),     #HK-Bat:V,     #HK-Temp:oC,     #HK-rH:%
(GSM Transfer OK / Signal:16)
1,     05.11.2014 00:11:21,     -3.15,     -2.01,     70,     0.7,     1.9,     3.3,     9.1,     89.1,     989.4,     323.58,     253.2,     88,     -178,     12.425,     9.34,     80.3
2,     05.11.2014 00:21:21,     -3.15,     -4.02,     79,     0.2,     0.9,     1.9,     8.9,     89.6,     989.3,     323.58,     253.2,     88,     -178
3,     05.11.2014 00:31:21,     -2.1,     -2.01,     89,     0.1,     1.2,     2.2,     9,     89.4,     989.2,     323.58,     253,     88.1,     -178.1
4,     05.11.2014 00:41:21,     -3.15,     -4.02,     83,     0.3,     1.3,     2.3,     9,     88.3,     989.2,     323.58,     253.1,     87.9,     -177.9
5,     05.11.2014 00:51:21,     -4.2,     0,     85,     0.5,     1.3,     2.4,     9.1,     88,     989.2,     323.58,     253.2,     88,     -178
6,     05.11.2014 01:01:21,     -2.1,     0,     88,     0.6,     1.1,     1.8,     9,     87.9,     989.2,     323.58,     253.3,     88,     -178
7,     05.11.2014 01:11:16,     -3.15,     -2.01,     97,     0,     0.9,     1.6,     9.1,     87.6,     989.4,     323.58,     253.3,     87.8,     -177.9,     12.461,     8.93,     81.9
8,     05.11.2014 01:21:16,     -1.05,     -2.01,     60,     0.2,     0.9,     1.8,     9.2,     87,     989.6,     323.58,     253.3,     87.9,     -177.9
9,     05.11.2014 01:31:16,     -2.1,     0,     88,     0,     0.5,     1.2,     9.2,     86.8,     989.6,     323.58,     253.3,     87.9,     -177.9
10,     05.11.2014 01:41:16,     -2.1,     -2.01,     59,     0,     0.8,     1.8,     9.4,     86.3,     989.4,     323.58,     253.2,     88,     -178
11,     05.11.2014 01:51:16,     -2.1,     0,     99,     0.6,     1.1,     1.9,     9.2,     86.6,     989.2,     323.58,     253.3,     88,     -178
12,     05.11.2014 02:01:16,     -3.15,     0,     94,     0.3,     0.9,     1.4,     9.1,     87.5,     989.3,     323.58,     253.3,     87.9,     -178
13,     05.11.2014 02:11:17,     -3.15,     0,     100,     0.5,     1.1,     2,     9,     87.5,     989.1,     323.58,     253.2,     88,     -178,     12.442,     8.99,     81.9
14,     05.11.2014 02:21:17,     -3.15,     -2.01,     86,     0.2,     0.9,     1.6,     8.9,     88.1,     989.1,     323.58,     253.3,     88,     -178
15,     05.11.2014 02:31:17,     -2.1,     0,     58,     0.2,     1,     1.7,     8.9,     87.7,     989,     323.58,     253.3,     88,     -178
16,     05.11.2014 02:41:17,     -2.1,     -2.01,     55,     0.1,     0.9,     1.7,     9,     87.4,     989.1,     323.58,     253.4,     87.9,     -177.9
17,     05.11.2014 02:51:17,     -3.15,     -4.02,     91,     0,     0.7,     1.3,     9.1,     87.1,     989,     323.58,     253.4,     88,     -177.9
18,     05.11.2014 03:01:17,     -1.05,     -4.02,     101,     0.1,     0.9,     1.6,     9.1,     87.2,     988.7,     323.58,     253.1,     88,     -178
19,     05.11.2014 03:11:16,     -3.15,     -2.01,     51,     0.8,     1.6,     2.5,     9,     86.6,     988.4,     323.58,     253.3,     88,     -178,     12.408,     8.84,     82.1
20,     05.11.2014 03:21:16,     -1.05,     2.01,     55,     0.5,     1.8,     3.7,     9,     87.4,     988,     323.58,     253.2,     88,     -178
21,     05.11.2014 03:31:16,     -3.15,     -2.01,     75,     0.2,     1.3,     3.1,     8.9,     87,     988.6,     323.58,     253.3,     87.9,     -177.9
22,     05.11.2014 03:41:16,     -3.15,     -4.02,     148,     0.1,     0.9,     1.7,     8.9,     87.3,     988.9,     323.58,     253.2,     88,     -178
23,     05.11.2014 03:51:16,     -2.1,     -2.01,     61,     0.6,     1.5,     2.5,     8.8,     87.2,     988.9,     323.58,     253.3,     88.1,     -178.1
24,     05.11.2014 04:01:16,     -3.15,     -2.01,     62,     0.2,     1.1,     1.9,     8.8,     87.5,     988.7,     323.58,     253.3,     88,     -178
25,     05.11.2014 04:11:21,     -2.1,     -2.01,     68,     0,     1.1,     2.1,     8.8,     88.1,     988.5,     323.58,     253.1,     88,     -178,     12.387,     8.91,     82.0
26,     05.11.2014 04:21:21,     -3.15,     -2.01,     110,     0.1,     1.3,     2.4,     8.7,     88.2,     988.7,     323.58,     253.4,     87.9,     -177.9
27,     05.11.2014 04:31:21,     -2.1,     0,     295,     0.7,     1.8,     3.2,     8.9,     88.2,     989.1,     323.58,     253.4,     88,     -178
28,     05.11.2014 04:41:21,     -4.2,     0,     333,     0.7,     1.6,     2.3,     9,     87.9,     988.9,     323.58,     253.4,     88,     -177.9
29,     05.11.2014 04:51:21,     -2.1,     -2.01,     49,     0.8,     1.6,     2.4,     9,     88.2,     988.4,     323.58,     253.2,     87.9,     -178
30,     05.11.2014 05:01:21,     -2.1,     -2.01,     87,     0.3,     1,     1.7,     8.8,     88.1,     988.6,     323.58,     253.3,     88,     -178
31,     05.11.2014 05:11:22,     -2.1,     -2.01,     102,     0.1,     0.9,     1.9,     8.8,     88.3,     988.4,     323.58,     253.3,     88,     -178,     12.374,     8.95,     82.0
32,     05.11.2014 05:21:22,     -2.1,     -2.01,     62,     0.2,     1.2,     2.2,     8.9,     87.8,     988,     323.58,     253.4,     87.9,     -177.9
33,     05.11.2014 05:31:22,     -2.1,     -4.02,     81,     0,     0.9,     2.1,     8.9,     87.7,     988.2,     323.58,     253.2,     88,     -178
34,     05.11.2014 05:41:22,     -3.15,     -2.01,     169,     0,     1,     1.9,     8.8,     87.8,     988.6,     323.58,     253.4,     88,     -177.9
35,     05.11.2014 05:51:22,     -2.1,     -2.01,     198,     0,     0.7,     1.2,     8.8,     87.7,     988.5,     323.58,     253.4,     88.1,     -178
36,     05.11.2014 06:01:22,     -2.1,     -2.01,     84,     0,     0.8,     1.8,     8.9,     87.7,     987.9,     323.58,     253.2,     88,     -178
37,     05.11.2014 06:11:16,     -2.1,     -4.02,     65,     0.7,     1.3,     1.9,     8.8,     87.7,     987.8,     323.58,     253.3,     88,     -178,     12.344,     8.81,     82.1
38,     05.11.2014 06:21:16,     -2.1,     -2.01,     50,     0.5,     1,     1.8,     8.8,     88.2,     988,     323.58,     253.3,     87.9,     -177.9
39,     05.11.2014 06:31:16,     -2.1,     -2.01,     81,     0.1,     0.8,     1.6,     8.8,     88,     987.9,     323.58,     253.3,     87.8,     -177.8
40,     05.11.2014 06:41:16,     -3.15,     -2.01,     107,     0.1,     1.1,     2.4,     8.7,     88.5,     988.1,     323.58,     253.3,     88,     -178
41,     05.11.2014 06:51:16,     -2.1,     -2.01,     166,     0.1,     0.7,     1.5,     8.7,     88.6,     988.5,     323.58,     253.3,     88,     -178
42,     05.11.2014 07:01:16,     -2.1,     0,     197,     0.5,     1.1,     1.7,     8.7,     88.2,     988.8,     323.58,     253.4,     88,     -178
43,     05.11.2014 07:11:16,     0,     0,     229,     0.2,     1.1,     1.9,     8.7,     88.3,     989.1,     323.6,     253.3,     87.9,     -178,     12.342,     8.81,     82.1
44,     05.11.2014 07:21:16,     0,     4.02,     260,     0.2,     1,     1.9,     8.8,     87.7,     989.3,     323.6,     253.4,     87.9,     -177.9
45,     05.11.2014 07:31:16,     0,     2.01,     282,     1,     1.7,     2.4,     8.9,     87.6,     989.5,     323.6,     253.5,     88,     -178
46,     05.11.2014 07:41:16,     4.2,     10.05,     268,     0.8,     1.5,     2.2,     9,     87.4,     989.8,     323.6,     253.5,     87.9,     -177.9
47,     05.11.2014 07:51:16,     10.5,     24.12,     241,     0.2,     1,     2.1,     8.9,     87,     989.7,     323.6,     253.4,     88,     -178
48,     05.11.2014 08:01:16,     15.75,     32.16,     333,     0.6,     1.2,     1.8,     9,     87.2,     989.6,     323.6,     253.3,     87.9,     -177.9
49,     05.11.2014 08:11:16,     18.9,     40.2,     0,     0.9,     1.5,     2.3,     8.9,     87.8,     989.7,     323.6,     253.5,     87.9,     -177.9,     12.425,     8.98,     82.0
50,     05.11.2014 08:21:16,     28.35,     58.29,     0,     0.7,     1.5,     2.3,     8.9,     88.2,     989.9,     323.6,     253.4,     88,     -178
51,     05.11.2014 08:31:16,     30.45,     62.31,     304,     0.3,     1.6,     2.9,     8.9,     88.4,     990.4,     323.6,     253.4,     88.1,     -178.1
52,     05.11.2014 08:41:16,     85.05,     166.83,     346,     0.2,     0.9,     1.9,     8.9,     88.6,     990.1,     323.6,     253.4,     88,     -178
53,     05.11.2014 08:51:16,     44.1,     92.46,     8,     0.1,     0.9,     1.5,     8.9,     88.7,     990,     323.6,     253.3,     88,     -178
54,     05.11.2014 09:01:16,     39.9,     80.4,     17,     0,     1,     1.9,     9,     88.3,     990.4,     323.6,     253.5,     88,     -178
55,     05.11.2014 09:11:17,     36.75,     80.4,     274,     0,     0.5,     1.1,     9.1,     88,     990.5,     323.6,     253.4,     88,     -178,     12.809,     9.65,     81.9
56,     05.11.2014 09:21:17,     75.6,     158.79,     316,     0,     0.5,     1.5,     9.1,     87.6,     990.3,     323.6,     253.4,     88,     -178
57,     05.11.2014 09:31:17,     84,     176.88,     290,     0,     0.5,     1.5,     9.2,     87.4,     990.4,     323.6,     253.5,     88,     -178
58,     05.11.2014 09:41:17,     87.15,     182.91,     292,     0,     0.6,     1.5,     9.3,     87.1,     990.4,     323.6,     253.4,     88,     -178
59,     05.11.2014 09:51:17,     129.15,     265.32,     0,     0.1,     0.8,     1.8,     9.2,     86.6,     990.5,     323.6,     253.6,     87.9,     -177.9
60,     05.11.2014 10:01:17,     151.2,     303.51,     328,     0.4,     1.2,     2.1,     9.4,     86.4,     990.6,     323.6,     253.7,     87.9,     -177.9
61,     05.11.2014 10:11:17,     226.8,     440.19,     323,     0.3,     1.2,     2.2,     9.5,     86.8,     990.9,     323.6,     253.5,     88,     -178,     14.290,     10.60,     81.7
62,     05.11.2014 10:21:17,     192.15,     383.91,     284,     0.2,     1.1,     2.2,     9.8,     86.1,     991,     323.6,     253.7,     88,     -178.1
63,     05.11.2014 10:31:17,     130.2,     269.34,     232,     0,     0.8,     2.1,     9.9,     85.8,     990.8,     323.6,     253.6,     88,     -178
64,     05.11.2014 10:41:17,     123.9,     261.3,     243,     0,     0.6,     1.4,     10.1,     85.2,     990.8,     323.6,     253.6,     88,     -178
65,     05.11.2014 10:51:17,     123.9,     253.26,     266,     0.3,     1.2,     2.3,     10.1,     84.6,     991,     323.6,     253.9,     88,     -178
66,     05.11.2014 11:01:17,     134.4,     273.36,     264,     0.5,     2,     2.8,     10.3,     83.9,     991.3,     323.6,     253.7,     87.9,     -178
67,     05.11.2014 11:11:17,     169.05,     347.73,     265,     1.3,     2,     2.8,     10.4,     83.4,     991.2,     323.6,     253.7,     88,     -178,     13.487,     12.37,     81.0
68,     05.11.2014 11:21:17,     165.9,     335.67,     273,     0,     1.6,     2.8,     10.6,     82.6,     991.1,     323.6,     253.7,     88,     -178
69,     05.11.2014 11:31:17,     156.45,     319.59,     273,     0.5,     1.4,     2.7,     10.9,     81.5,     991.1,     323.6,     253.7,     88,     -178
70,     05.11.2014 11:41:17,     173.25,     349.74,     257,     0.6,     1.6,     3,     11,     81.1,     991.3,     323.6,     253.6,     87.9,     -177.9
71,     05.11.2014 11:51:17,     130.2,     263.31,     276,     0.8,     2,     3.6,     11.1,     80,     991.4,     323.6,     253.7,     88,     -178
72,     05.11.2014 12:01:17,     172.2,     347.73,     298,     1.6,     2.5,     3.5,     11.2,     78.8,     991.2,     323.6,     253.8,     88,     -178
73,     05.11.2014 12:11:16,     143.85,     295.47,     310,     1.1,     2.2,     3.3,     11.3,     78.7,     991.1,     323.6,     253.6,     87.9,     -177.9,     13.722,     13.19,     80.7
74,     05.11.2014 12:21:16,     117.6,     247.23,     304,     0.7,     1.8,     2.7,     11.3,     78.5,     991.1,     323.6,     253.5,     88,     -178
75,     05.11.2014 12:31:16,     121.8,     257.28,     292,     0.4,     1.2,     2.2,     11.4,     78.5,     991.3,     323.6,     253.5,     88,     -178
76,     05.11.2014 12:41:16,     105,     221.1,     298,     0.6,     1.8,     2.7,     11.5,     78.1,     991.4,     323.6,     73.8,     87.9,     -2
77,     05.11.2014 12:51:16,     164.85,     343.71,     283,     1.2,     2.1,     3.5,     11.5,     76.8,     991.6,     323.6,     253.6,     88,     -178
78,     05.11.2014 13:01:16,     147,     309.54,     263,     1.1,     2.1,     3,     11.6,     78.3,     991.8,     323.6,     253.7,     88,     -178
79,     05.11.2014 13:11:16,     148.05,     307.53,     270,     1.2,     2.1,     3.1,     11.5,     78.2,     992,     323.6,     253.9,     88,     -178,     13.642,     13.50,     80.7
80,     05.11.2014 13:21:16,     137.55,     283.41,     266,     1,     2,     3.2,     11.5,     79.4,     991.9,     323.6,     253.7,     87.9,     -177.9
81,     05.11.2014 13:31:16,     134.4,     275.37,     266,     1,     2.1,     3.1,     11.5,     78.7,     991.8,     323.6,     253.9,     88,     -178
82,     05.11.2014 13:41:16,     121.8,     251.25,     279,     1.6,     2.4,     3.5,     11.6,     79.5,     992.1,     323.6,     74,     87.9,     -2
83,     05.11.2014 13:51:16,     123.9,     253.26,     277,     1.5,     2.6,     4,     11.6,     80.1,     992.4,     323.6,     254,     88,     -178
84,     05.11.2014 14:01:16,     58.8,     122.61,     291,     1.5,     2.6,     4,     11.6,     80.1,     992.5,     323.6,     254.1,     88,     -178
85,     05.11.2014 14:11:16,     33.6,     70.35,     261,     1,     3.3,     4.8,     11.4,     81.3,     992.7,     323.6,     74.3,     88,     -1.8,     13.574,     13.53,     80.6
86,     05.11.2014 14:21:16,     36.75,     78.39,     274,     1.3,     3.2,     5.4,     11.3,     81,     992.5,     323.6,     253.7,     88.1,     -178.1
87,     05.11.2014 14:31:16,     45.15,     96.48,     301,     0.7,     2.5,     4.6,     11.3,     82,     992.4,     323.6,     73.9,     88,     -2
88,     05.11.2014 14:41:16,     24.15,     54.27,     312,     0.4,     1.7,     3.1,     11.2,     81.4,     992.6,     323.6,     73.8,     88,     -1.9
89,     05.11.2014 14:51:16,     18.9,     42.21,     305,     1.1,     2.3,     4.3,     11.2,     81.6,     992.7,     323.6,     253.6,     88,     -178.1
90,     05.11.2014 15:01:16,     36.75,     76.38,     301,     1.2,     2.7,     4.2,     11.1,     80.9,     992.9,     323.6,     254,     87.9,     -177.8
91,     05.11.2014 15:11:16,     34.65,     74.37,     286,     0.3,     2.2,     3.6,     11.1,     80.9,     993,     323.6,     253.7,     88,     -178,     13.661,     12.65,     81.0
92,     05.11.2014 15:21:16,     28.35,     60.3,     259,     0.5,     1.6,     3.2,     11.1,     81.3,     993.2,     323.6,     253.7,     88,     -178
93,     05.11.2014 15:31:16,     22.05,     48.24,     267,     1.1,     2,     3,     11.1,     81.4,     993.4,     323.6,     253.8,     87.9,     -177.9
94,     05.11.2014 15:41:16,     26.25,     56.28,     272,     1.4,     2.2,     2.9,     11.1,     81.5,     993.5,     323.6,     253.9,     87.9,     -177.9
95,     05.11.2014 15:51:16,     16.8,     34.17,     271,     0.9,     1.9,     3.2,     11.1,     81.7,     993.5,     323.6,     253.6,     88,     -178
96,     05.11.2014 16:01:16,     11.55,     26.13,     264,     0.8,     1.4,     2.1,     11.1,     82.2,     993.5,     323.6,     253.6,     88.1,     -178.1
97,     05.11.2014 16:11:16,     5.25,     14.07,     285,     0.7,     1.6,     2.5,     11.1,     82.6,     993.6,     323.6,     253.7,     88,     -178,     12.777,     11.88,     81.3
98,     05.11.2014 16:21:16,     2.1,     6.03,     294,     0.7,     1.8,     3.1,     11,     82.9,     993.6,     323.6,     253.4,     87.9,     -177.9
99,     05.11.2014 16:31:16,     -1.05,     0,     272,     0.8,     1.5,     2.4,     11,     83.2,     993.8,     323.6,     253.5,     88,     -178
100,     05.11.2014 16:41:16,     -2.1,     -2.01,     247,     0.6,     1.2,     2.4,     11.1,     83.4,     994,     323.6,     253.5,     88,     -178
101,     05.11.2014 16:51:16,     -1.05,     -2.01,     201,     0.7,     1.2,     1.6,     11,     83.9,     994,     323.6,     73.7,     88,     -2
102,     05.11.2014 17:01:16,     -1.05,     -2.01,     206,     0.7,     1.2,     1.9,     10.9,     84.3,     994.2,     323.6,     253.4,     88.1,     -178.1
103,     05.11.2014 17:11:22,     -2.1,     -2.01,     215,     0.7,     1.3,     2,     11,     84.2,     994.3,     323.6,     253.5,     87.9,     -177.9,     12.677,     11.54,     81.4
104,     05.11.2014 17:21:22,     -2.1,     -2.01,     224,     0.5,     1.3,     2,     11,     84.5,     994.5,     323.6,     253.6,     88,     -178
105,     05.11.2014 17:31:22,     -1.05,     0,     247,     0.7,     1.4,     2.4,     11.1,     84.4,     994.5,     323.6,     253.7,     88,     -178
106,     05.11.2014 17:41:22,     -2.1,     -4.02,     245,     0.9,     1.6,     2.4,     11.1,     84,     994.4,     323.6,     253.5,     88,     -178
107,     05.11.2014 17:51:22,     -2.1,     -2.01,     230,     1,     1.6,     2.2,     11.1,     84.3,     994.6,     323.6,     253.6,     87.9,     -177.9
108,     05.11.2014 18:01:22,     -2.1,     -4.02,     225,     0.4,     1.3,     1.8,     11.1,     85,     994.6,     323.6,     253.6,     87.9,     -178
109,     05.11.2014 18:11:17,     -2.1,     0,     221,     0.7,     1.4,     2.1,     11.1,     85.4,     994.5,     323.6,     253.4,     87.9,     -178,     12.643,     11.51,     81.4
110,     05.11.2014 18:21:17,     -3.15,     -2.01,     238,     0.8,     1.4,     2.1,     11,     86,     994.6,     323.6,     253.5,     87.9,     -177.9
111,     05.11.2014 18:31:17,     -2.1,     -2.01,     289,     0.7,     1.4,     2.1,     11.1,     86.4,     994.6,     323.6,     253.6,     88,     -178
112,     05.11.2014 18:41:17,     -3.15,     -2.01,     293,     0.3,     1.2,     1.8,     11.1,     86.4,     994.4,     323.6,     253.5,     88,     -178
113,     05.11.2014 18:51:17,     -3.15,     -2.01,     300,     0.7,     1.4,     2.1,     11,     86.6,     994.3,     323.6,     253.4,     88,     -178
114,     05.11.2014 19:01:17,     -2.1,     0,     341,     0.1,     0.6,     1.2,     11,     87.1,     994.3,     323.6,     253.4,     88,     -178
115,     05.11.2014 19:11:16,     -1.05,     0,     281,     0.5,     1.4,     2.3,     11,     87.6,     994.7,     323.6,     253.5,     88,     -178,     12.605,     11.27,     81.5
116,     05.11.2014 19:21:16,     -3.15,     -2.01,     279,     0.6,     1.5,     2.2,     11,     87.8,     994.8,     323.6,     253.6,     88,     -178
117,     05.11.2014 19:31:16,     -1.05,     0,     283,     0.1,     1.4,     2.3,     11,     87.7,     994.9,     323.6,     253.5,     88,     -178
118,     05.11.2014 19:41:16,     -1.05,     0,     277,     0.5,     1.5,     2.1,     11,     87.5,     995.1,     323.6,     253.6,     88,     -177.9
119,     05.11.2014 19:51:16,     -1.05,     -2.01,     260,     0.9,     1.7,     2.8,     11,     87.1,     995.2,     323.6,     253.5,     88,     -178
120,     05.11.2014 20:01:16,     -1.05,     0,     283,     1.2,     2.1,     3.5,     11,     86.5,     995.5,     323.6,     253.7,     88,     -178
121,     05.11.2014 20:11:16,     -1.05,     -4.02,     289,     0.4,     2.4,     3.8,     11,     86.1,     995.8,     323.6,     253.7,     88,     -178,     12.607,     11.34,     81.5
122,     05.11.2014 20:21:16,     -1.05,     0,     287,     1.7,     2.8,     4.3,     10.9,     85.5,     996,     323.6,     253.7,     88,     -177.9
123,     05.11.2014 20:31:16,     -1.05,     0,     284,     1.3,     2.4,     3.9,     10.9,     85.6,     996,     323.6,     253.5,     87.9,     -177.9
124,     05.11.2014 20:41:16,     -2.1,     -2.01,     281,     0.5,     2.4,     3.7,     10.9,     86,     996,     323.61,     253.5,     87.9,     -177.9
125,     05.11.2014 20:51:16,     -3.15,     0,     292,     1.2,     2.6,     4.6,     10.7,     86.8,     996.1,     323.61,     254.2,     88,     -177.9
126,     05.11.2014 21:01:16,     -2.1,     -2.01,     296,     2.1,     3.3,     4.8,     10.5,     87.7,     996.3,     323.61,     73.9,     87.9,     -2
127,     05.11.2014 21:11:22,     -2.1,     0,     299,     1.6,     2.8,     5.3,     10.5,     88.3,     996.4,     323.61,     253.6,     88,     -178,     12.573,     11.31,     81.5
128,     05.11.2014 21:21:22,     -2.1,     0,     295,     1,     2.5,     3.9,     10.4,     88.6,     996.4,     323.62,     253.9,     88,     -178
129,     05.11.2014 21:31:22,     -2.1,     -2.01,     299,     1.4,     2.7,     4.6,     10.3,     88.8,     996.4,     323.62,     253.5,     87.9,     -177.9
130,     05.11.2014 21:41:22,     -3.15,     -2.01,     296,     1.2,     2.3,     3.7,     10.3,     88.9,     996.5,     323.62,     253.7,     87.9,     -177.9
131,     05.11.2014 21:51:22,     -1.05,     -2.01,     295,     1.4,     2.3,     4.6,     10.3,     89.1,     996.7,     323.62,     253.7,     87.9,     -177.9
132,     05.11.2014 22:01:22,     -3.15,     -2.01,     297,     1.5,     2.8,     4.6,     10.2,     88.9,     996.8,     323.62,     253.7,     88,     -178
133,     05.11.2014 22:11:16,     -2.1,     0,     299,     1.6,     2.6,     4.1,     10.2,     89,     996.8,     323.62,     253.6,     88,     -178,     12.560,     10.96,     81.6
134,     05.11.2014 22:21:16,     -2.1,     -2.01,     309,     0.2,     2.3,     4.3,     10.1,     89.4,     996.9,     323.62,     253.4,     87.9,     -177.9
135,     05.11.2014 22:31:16,     -2.1,     0,     330,     0.8,     1.8,     3.4,     10.1,     89.6,     996.8,     323.62,     253.4,     88,     -178
136,     05.11.2014 22:41:16,     -2.1,     -2.01,     330,     0.7,     1.8,     3,     10,     89.7,     996.8,     323.62,     253.3,     88,     -178
137,     05.11.2014 22:51:16,     -3.15,     -2.01,     330,     0.6,     2,     4.7,     10,     89.2,     996.8,     323.62,     253.4,     87.8,     -177.9
138,     05.11.2014 23:01:16,     -2.1,     0,     328,     0.5,     1.4,     2.5,     10,     89.3,     996.8,     323.62,     253.4,     88,     -178
139,     05.11.2014 23:11:16,     -3.15,     0,     316,     0.1,     1.3,     2.3,     9.9,     89.3,     996.9,     323.62,     253.5,     88,     -178,     12.546,     10.64,     81.6
140,     05.11.2014 23:21:16,     -3.15,     0,     310,     0.3,     1.4,     3.2,     9.9,     89.3,     997,     323.62,     253.3,     87.9,     -177.9
141,     05.11.2014 23:31:16,     -3.15,     -2.01,     321,     0,     1.3,     3,     9.8,     89.3,     996.9,     323.62,     253.4,     87.9,     -178
142,     05.11.2014 23:41:16,     -2.1,     0,     325,     0.1,     1.2,     3.1,     9.8,     89.3,     996.9,     323.62,     253.5,     87.9,     -177.9
143,     05.11.2014 23:51:16,     -2.1,     -2.01,     326,     0.6,     1.4,     2.4,     9.7,     89.2,     997,     323.62,     253.2,     88,     -178
144,     06.11.2014 00:01:16,     -4.2,     -2.01,     312,     0.4,     1.7,     2.7,     9.7,     89.1,     997,     323.62,     253.3,     88,     -178,     12.361,     10.15,     81.8