Logger: #D10248 'TSK_Meteo' - USP_EXP2 (V2.10, Jan 24 2012)
No,     Time,     #1:W/m²:0,     #2:ÂµMol:(do.),     #5:deg:2,     #6:m/sMIN:(do.),     #7:m/sMIT:(do.),     #8:m/sMAX:(do.),     #9:Â°C:(do.),     #10:%:(do.),     #11:hPa:(do.),     #12:mm:(do.),     #14:AZ:3,     #15:EL:(do.),     #16:Roll:(do.),     #HK-Bat:V,     #HK-Temp:oC,     #HK-rH:%
(GSM Transfer OK / Signal:15)
1,     31.08.2014 00:11:23,     -3.15,     -2.01,     224,     1.2,     2.1,     3.3,     15.7,     90.1,     1006.3,     225.98,     255.6,     87.8,     -177.9,     12.416,     16.45,     67.8
2,     31.08.2014 00:21:23,     -3.15,     -2.01,     219,     1.2,     2.2,     3.3,     15.7,     90,     1006.3,     225.98,     255.7,     87.9,     -177.9
3,     31.08.2014 00:31:23,     -3.15,     -4.02,     226,     1,     2.1,     3.3,     15.7,     90.1,     1006.2,     225.98,     255.4,     87.8,     -177.9
4,     31.08.2014 00:41:23,     -2.1,     0,     221,     1,     1.9,     3.2,     15.7,     89.9,     1006.1,     225.98,     255.6,     87.9,     -177.9
5,     31.08.2014 00:51:23,     -2.1,     0,     230,     1,     2,     3.1,     15.7,     89.8,     1006,     225.98,     255.6,     87.9,     -178
6,     31.08.2014 01:01:23,     -3.15,     -4.02,     231,     0.8,     1.8,     2.9,     15.7,     89.8,     1005.9,     225.98,     255.4,     88,     -178
7,     31.08.2014 01:11:17,     -1.05,     0,     223,     0.6,     1.4,     2.1,     15.7,     89.8,     1005.8,     225.98,     255.6,     87.9,     -177.9,     12.514,     16.16,     69.0
8,     31.08.2014 01:21:17,     -4.2,     -2.01,     206,     0.7,     1.3,     2,     15.7,     90,     1005.6,     225.98,     255.5,     87.9,     -177.9
9,     31.08.2014 01:31:17,     -2.1,     -2.01,     189,     0.8,     1.2,     1.9,     15.6,     90.2,     1005.5,     225.98,     255.3,     87.9,     -177.9
10,     31.08.2014 01:41:17,     -3.15,     -2.01,     175,     0.7,     1.5,     2.4,     15.5,     90.3,     1005.3,     225.98,     255.4,     87.9,     -177.9
11,     31.08.2014 01:51:17,     -2.1,     0,     201,     0.3,     1.4,     2.3,     15.4,     90.5,     1005.4,     225.99,     255.5,     87.9,     -177.9
12,     31.08.2014 02:01:17,     -2.1,     -2.01,     201,     0.5,     1.3,     2.4,     15.4,     90.7,     1005.5,     226.02,     255.6,     87.9,     -177.9
13,     31.08.2014 02:11:22,     -1.05,     0,     209,     0.8,     1.5,     2.6,     15.5,     90.9,     1005.5,     226.03,     255.5,     87.9,     -177.9,     12.491,     15.95,     69.1
14,     31.08.2014 02:21:22,     -2.1,     0,     204,     0.9,     1.8,     2.6,     15.5,     91,     1005.3,     226.03,     255.5,     87.9,     -177.9
15,     31.08.2014 02:31:22,     -2.1,     0,     213,     0.5,     1.3,     2.6,     15.5,     91,     1005.3,     226.03,     255.5,     87.9,     -177.9
16,     31.08.2014 02:41:22,     -3.15,     -4.02,     220,     1,     1.8,     3,     15.5,     90.9,     1005.2,     226.03,     255.5,     87.9,     -178
17,     31.08.2014 02:51:22,     -3.15,     -2.01,     218,     0.9,     2,     3.4,     15.5,     90.6,     1005.2,     226.03,     255.7,     87.9,     -178
18,     31.08.2014 03:01:22,     -2.1,     -2.01,     215,     0.9,     1.9,     3.2,     15.6,     90.6,     1005.1,     226.03,     255.6,     88,     -178
19,     31.08.2014 03:11:22,     -3.15,     -4.02,     216,     1.1,     2.2,     3.6,     15.5,     90.6,     1005,     226.03,     255.6,     87.9,     -177.9,     12.454,     16.06,     69.1
20,     31.08.2014 03:21:22,     -2.1,     -2.01,     220,     1.2,     1.9,     2.9,     15.6,     90.5,     1004.9,     226.03,     255.6,     88,     -178
21,     31.08.2014 03:31:22,     -2.1,     0,     223,     0.7,     1.9,     2.9,     15.6,     90.4,     1004.8,     226.03,     255.5,     87.9,     -177.9
22,     31.08.2014 03:41:22,     -1.05,     -2.01,     214,     0.7,     1.8,     3.2,     15.6,     90.6,     1004.7,     226.03,     255.6,     87.9,     -177.9
23,     31.08.2014 03:51:22,     -2.1,     -2.01,     216,     0.5,     1.4,     2.3,     15.6,     90.7,     1004.7,     226.03,     255.5,     88,     -178
24,     31.08.2014 04:01:22,     -2.1,     -2.01,     235,     1,     1.7,     3,     15.6,     90.8,     1004.5,     226.03,     255.5,     87.9,     -177.9
25,     31.08.2014 04:11:22,     -2.1,     -2.01,     231,     0.4,     1.7,     2.6,     15.6,     90.7,     1004.4,     226.03,     255.5,     87.9,     -177.9,     12.429,     16.07,     69.0
26,     31.08.2014 04:21:22,     -3.15,     0,     179,     0.6,     1.6,     2.7,     15.5,     90.3,     1004.1,     226.03,     255.4,     87.8,     -177.8
27,     31.08.2014 04:31:22,     -3.15,     -2.01,     196,     1,     1.7,     2.6,     15.5,     90.5,     1004.1,     226.03,     255.5,     88,     -178
28,     31.08.2014 04:41:22,     -3.15,     -2.01,     230,     1.1,     2.1,     3.7,     15.5,     90.4,     1004.2,     226.03,     255.4,     87.9,     -178
29,     31.08.2014 04:51:22,     -2.1,     0,     217,     0.3,     1.5,     2.5,     15.5,     90.7,     1004.1,     226.03,     255.4,     87.9,     -177.9
30,     31.08.2014 05:01:22,     -2.1,     -2.01,     224,     0.8,     1.8,     3,     15.5,     90.6,     1004.1,     226.03,     255.6,     87.9,     -177.9
31,     31.08.2014 05:11:23,     -3.15,     0,     221,     1.2,     2.1,     3.3,     15.4,     90.4,     1004.1,     226.03,     255.6,     87.8,     -177.9,     12.380,     15.93,     69.1
32,     31.08.2014 05:21:23,     -1.05,     4.02,     228,     0.3,     1.7,     2.9,     15.4,     90.4,     1004.2,     226.03,     255.5,     87.9,     -177.9
33,     31.08.2014 05:31:23,     1.05,     6.03,     225,     0.9,     1.6,     2.8,     15.4,     90.4,     1004.2,     226.03,     255.4,     87.9,     -177.9
34,     31.08.2014 05:41:23,     1.05,     8.04,     231,     0.8,     1.8,     3,     15.4,     90.4,     1004.2,     226.03,     255.4,     87.9,     -177.9
35,     31.08.2014 05:51:23,     3.15,     10.05,     222,     0.9,     1.9,     2.9,     15.4,     90.4,     1004.2,     226.03,     255.5,     87.9,     -177.9
36,     31.08.2014 06:01:23,     4.2,     12.06,     234,     0.7,     1.6,     2.4,     15.4,     90.3,     1004.2,     226.03,     255.6,     88,     -178
37,     31.08.2014 06:11:16,     6.3,     14.07,     219,     1,     1.7,     2.8,     15.3,     90.1,     1004.2,     226.03,     255.5,     88,     -177.9,     12.385,     15.90,     69.2
38,     31.08.2014 06:21:16,     7.35,     18.09,     212,     0.9,     1.7,     2.8,     15.4,     90.2,     1004.2,     226.03,     255.6,     88,     -178
39,     31.08.2014 06:31:16,     18.9,     44.22,     224,     0.8,     1.9,     2.9,     15.4,     90.3,     1004.3,     226.03,     255.6,     88,     -178
40,     31.08.2014 06:41:16,     32.55,     70.35,     227,     0.6,     1.9,     2.9,     15.4,     90.3,     1004.4,     226.03,     255.6,     87.9,     -177.9
41,     31.08.2014 06:51:16,     71.4,     154.77,     237,     1.1,     2.8,     4.7,     15.4,     89.8,     1004.4,     226.03,     255.7,     87.9,     -177.9
42,     31.08.2014 07:01:16,     68.25,     142.71,     244,     1.5,     3.1,     5.9,     15.4,     88.3,     1004.5,     226.03,     255.7,     87.9,     -177.9
43,     31.08.2014 07:11:17,     90.3,     192.96,     246,     1.3,     3.2,     4.8,     15.5,     87.5,     1004.5,     226.03,     255.8,     87.9,     -177.9,     12.953,     16.23,     69.1
44,     31.08.2014 07:21:17,     75.6,     156.78,     250,     1.6,     3.1,     4.4,     15.5,     87.1,     1004.4,     226.03,     255.8,     87.9,     -178.1
45,     31.08.2014 07:31:17,     97.65,     203.01,     246,     2.2,     3.5,     5.4,     15.4,     86.5,     1004.4,     226.03,     255.9,     87.8,     -177.8
46,     31.08.2014 07:41:17,     107.1,     225.12,     259,     1.2,     3,     4.9,     15.4,     86.1,     1004.3,     226.03,     255.7,     88,     -178
47,     31.08.2014 07:51:17,     101.85,     215.07,     259,     1.5,     3.1,     5.1,     15.4,     85.2,     1004.3,     226.03,     256,     87.8,     -177.8
48,     31.08.2014 08:01:17,     120.75,     257.28,     263,     1.2,     3.5,     6.3,     15.3,     83.6,     1004.2,     226.03,     256.1,     87.9,     -177.9
49,     31.08.2014 08:11:16,     143.85,     311.55,     263,     1.7,     3.5,     5.1,     15.2,     83.5,     1004.2,     226.03,     255.8,     87.9,     -177.9,     13.326,     16.80,     68.9
50,     31.08.2014 08:21:16,     172.2,     367.83,     255,     1.3,     2.7,     4.6,     15.3,     83.3,     1004.2,     226.03,     256,     87.9,     -177.9
51,     31.08.2014 08:31:16,     206.85,     434.16,     258,     0.6,     3,     4.7,     15.3,     83.1,     1004.1,     226.03,     255.7,     87.9,     -178
52,     31.08.2014 08:41:16,     181.65,     377.88,     271,     1.3,     3,     4.5,     15.4,     82.7,     1004.1,     226.03,     256,     87.9,     -177.9
53,     31.08.2014 08:51:16,     239.4,     494.46,     272,     1,     3.4,     6.2,     15.4,     82.2,     1004.2,     226.03,     255.7,     87.9,     -178
54,     31.08.2014 09:01:16,     255.15,     530.64,     280,     1.8,     3.7,     6.7,     15.3,     80.9,     1004.2,     226.03,     255.7,     87.9,     -177.9
55,     31.08.2014 09:11:22,     227.85,     472.35,     285,     1.2,     2.8,     5.3,     15.5,     80.8,     1004.2,     226.03,     255.8,     88.1,     -178,     13.523,     17.85,     68.6
56,     31.08.2014 09:21:22,     227.85,     472.35,     269,     0.9,     3.1,     5.5,     15.6,     77.5,     1004.2,     226.03,     255.8,     87.9,     -177.9
57,     31.08.2014 09:31:22,     122.85,     265.32,     281,     1.4,     3.3,     5.4,     15.7,     78.3,     1004.4,     226.03,     255.8,     87.9,     -177.9
58,     31.08.2014 09:41:22,     255.15,     516.57,     263,     1.3,     3,     5.1,     15.7,     77.3,     1004.4,     226.03,     255.7,     87.9,     -178
59,     31.08.2014 09:51:22,     195.3,     408.03,     259,     0.5,     2.5,     4.2,     15.8,     78.4,     1004.4,     226.03,     256.1,     88,     -178
60,     31.08.2014 10:01:22,     242.55,     508.53,     259,     0.2,     2,     4.4,     15.8,     77.4,     1004.5,     226.03,     255.8,     87.9,     -177.9
61,     31.08.2014 10:11:23,     484.05,     982.89,     255,     0.5,     2,     4,     16,     76.8,     1004.5,     226.03,     255.8,     88,     -178,     13.440,     18.76,     68.5
62,     31.08.2014 10:21:23,     149.1,     313.56,     267,     0.6,     2.7,     5.2,     16.1,     74.1,     1004.5,     226.03,     255.7,     87.9,     -178
63,     31.08.2014 10:31:23,     263.55,     542.7,     259,     0.5,     2.2,     4.1,     16.2,     74.8,     1004.4,     226.03,     255.9,     87.9,     -177.9
64,     31.08.2014 10:41:23,     546,     1065.3,     251,     1.2,     2.8,     4.9,     16.3,     74.5,     1004.3,     226.03,     255.8,     87.8,     -177.9
65,     31.08.2014 10:51:23,     548.1,     1079.37,     261,     0.7,     2.3,     3.9,     16.5,     71.3,     1004.3,     226.03,     255.7,     87.9,     -177.9
66,     31.08.2014 11:01:23,     821.1,     1585.89,     248,     0.9,     2.3,     5.3,     16.9,     69.3,     1004.3,     226.03,     256.4,     88,     -178
67,     31.08.2014 11:11:27,     227.85,     464.31,     252,     1.1,     2.3,     4.8,     17,     69,     1004.3,     226.03,     255.7,     87.9,     -177.9,     13.362,     20.99,     67.4
68,     31.08.2014 11:21:27,     284.55,     600.99,     271,     0,     1.2,     3,     17.3,     68.4,     1004.2,     226.03,     255.7,     87.9,     -177.9
69,     31.08.2014 11:31:27,     811.65,     1575.84,     254,     0.7,     2.1,     4.9,     17.4,     66.5,     1004.2,     226.03,     256,     87.9,     -177.9
70,     31.08.2014 11:41:27,     241.5,     482.4,     244,     1.6,     3.2,     5.6,     17.4,     66.4,     1004.2,     226.03,     255.8,     88,     -177.9
71,     31.08.2014 11:51:27,     591.15,     1280.37,     260,     0.8,     2.5,     5.2,     17.6,     66.7,     1004.1,     226.03,     255.8,     87.9,     -177.9
72,     31.08.2014 12:01:27,     190.05,     375.87,     254,     0.1,     1.5,     2.7,     17.8,     62.9,     1004,     226.03,     255.9,     87.9,     -177.9
73,     31.08.2014 12:11:16,     201.6,     422.1,     329,     1.5,     3,     5,     17.7,     66.1,     1003.9,     226.03,     255.8,     88,     -178,     13.260,     23.02,     66.8
74,     31.08.2014 12:21:16,     511.35,     1049.22,     313,     0.7,     1.9,     4.2,     18,     64.1,     1003.9,     226.03,     255.8,     87.8,     -177.9
75,     31.08.2014 12:31:16,     275.1,     574.86,     241,     0.1,     1.8,     3.8,     18.4,     61.4,     1003.8,     226.03,     256.1,     87.8,     -177.8
76,     31.08.2014 12:41:16,     200.55,     408.03,     298,     0.7,     2.9,     5,     18.3,     63.2,     1003.8,     226.03,     255.9,     87.9,     -177.9
77,     31.08.2014 12:51:16,     171.15,     347.73,     299,     1.8,     3.3,     5.6,     18,     64.2,     1003.9,     226.03,     256.1,     87.9,     -177.9
78,     31.08.2014 13:01:16,     347.55,     697.47,     297,     0.6,     2.4,     5.7,     18.2,     59.5,     1003.8,     226.03,     255.8,     88,     -177.9
79,     31.08.2014 13:11:16,     750.75,     1467.3,     310,     0.1,     2.2,     5,     18.6,     59.3,     1003.8,     226.03,     256,     87.9,     -177.9,     13.266,     23.41,     67.0
80,     31.08.2014 13:21:16,     203.7,     436.17,     307,     0.1,     1.9,     4,     18.5,     59,     1003.7,     226.03,     255.8,     87.9,     -177.9
81,     31.08.2014 13:31:16,     295.05,     615.06,     273,     0,     1.4,     3.2,     18.6,     59.3,     1003.7,     226.03,     255.8,     87.9,     -177.9
82,     31.08.2014 13:41:16,     775.95,     1497.45,     282,     0.6,     2.4,     4.9,     18.7,     58.3,     1003.7,     226.03,     256.1,     87.9,     -177.8
83,     31.08.2014 13:51:16,     235.2,     502.5,     276,     0.4,     2.2,     4.1,     19,     56.8,     1003.6,     226.03,     255.7,     87.9,     -177.9
84,     31.08.2014 14:01:16,     215.25,     450.24,     309,     0,     1.3,     2.7,     19.1,     57.7,     1003.6,     226.03,     255.7,     87.9,     -177.9
85,     31.08.2014 14:11:16,     730.8,     1386.9,     325,     0.5,     2.2,     4.6,     18.9,     60.2,     1003.7,     226.03,     76.3,     87.9,     -2,     13.148,     24.16,     66.7
86,     31.08.2014 14:21:16,     205.8,     430.14,     317,     1.3,     2.8,     5,     19,     60.9,     1003.6,     226.03,     255.7,     88,     -178
87,     31.08.2014 14:31:16,     439.95,     926.61,     325,     1,     1.8,     3.1,     18.9,     59.4,     1003.6,     226.03,     255.7,     87.9,     -177.9
88,     31.08.2014 14:41:16,     229.95,     476.37,     318,     0.5,     2.5,     5.2,     18.8,     59.6,     1003.6,     226.03,     255.7,     87.9,     -177.9
89,     31.08.2014 14:51:16,     226.8,     466.32,     328,     0.3,     2,     3.6,     18.7,     61.8,     1003.6,     226.03,     255.8,     87.9,     -177.9
90,     31.08.2014 15:01:16,     426.3,     824.1,     327,     0.7,     2.2,     5.8,     18.7,     60.2,     1003.5,     226.03,     255.8,     87.9,     -177.9
91,     31.08.2014 15:11:16,     624.75,     1181.88,     359,     0.9,     3.2,     5.8,     18.9,     59.1,     1003.5,     226.03,     75.9,     87.8,     -2.2,     13.294,     23.24,     67.4
92,     31.08.2014 15:21:16,     620.55,     1159.77,     338,     0.9,     2.6,     5.1,     19.2,     56.9,     1003.4,     226.03,     76.2,     88,     -1.9
93,     31.08.2014 15:31:16,     246.75,     524.61,     313,     1.1,     3.5,     7.4,     19.3,     56,     1003.4,     226.03,     255.6,     87.9,     -178
94,     31.08.2014 15:41:16,     531.3,     986.91,     322,     0.9,     2.6,     5.6,     19.2,     58.6,     1003.3,     226.03,     76.1,     87.9,     -2.1
95,     31.08.2014 15:51:16,     476.7,     888.42,     315,     0.8,     2.6,     4.7,     19.3,     57.9,     1003.4,     226.03,     76.2,     87.9,     -2
96,     31.08.2014 16:01:16,     490.35,     902.49,     334,     0.7,     2.5,     4.5,     19.4,     55.7,     1003.4,     226.03,     76,     87.9,     -1.9
97,     31.08.2014 16:11:16,     417.9,     771.84,     344,     0.2,     2.2,     3.7,     19.4,     54.9,     1003.4,     226.03,     76,     88,     -2,     13.286,     24.21,     66.7
98,     31.08.2014 16:21:16,     349.65,     621.09,     43,     0.7,     3,     6.6,     18.8,     64.7,     1003.5,     226.03,     75.4,     87.6,     -2.2
99,     31.08.2014 16:31:16,     75.6,     146.73,     95,     0.2,     2,     4.8,     18.3,     66.5,     1003.5,     226.03,     75.9,     87.8,     -2.1
100,     31.08.2014 16:41:16,     57.75,     96.48,     107,     0,     1.3,     3.3,     18.1,     68.3,     1003.5,     226.03,     75.7,     87.9,     -2
101,     31.08.2014 16:51:16,     37.8,     56.28,     71,     0.3,     2.1,     4.6,     17.6,     71.7,     1003.8,     226.04,     255,     87.8,     -177.9
102,     31.08.2014 17:01:16,     28.35,     60.3,     58,     0.5,     2.1,     4.2,     16.5,     80,     1004.1,     229.38,     255.3,     87.9,     -177.9
103,     31.08.2014 17:11:16,     37.8,     90.45,     115,     0,     1.4,     4.1,     16.1,     83.5,     1004.1,     237.9,     255.7,     88,     -178,     13.432,     21.43,     67.9
104,     31.08.2014 17:21:16,     27.3,     62.31,     165,     0.3,     2.1,     4.2,     15.5,     86.7,     1004.1,     243.18,     255.4,     87.9,     -177.9
105,     31.08.2014 17:31:16,     27.3,     58.29,     150,     0.7,     2.1,     5.5,     15.1,     87.8,     1004.1,     246.73,     255.3,     87.9,     -177.9
106,     31.08.2014 17:41:16,     18.9,     40.2,     103,     0.2,     1.4,     3.7,     15.2,     88.7,     1004.1,     249.31,     255.5,     87.9,     -178
107,     31.08.2014 17:51:16,     17.85,     38.19,     89,     0.1,     0.9,     3.7,     15.4,     89.4,     1004.3,     249.67,     255.5,     88,     -178
108,     31.08.2014 18:01:16,     9.45,     22.11,     85,     0.2,     1.2,     2.7,     15.3,     89.3,     1004.4,     249.77,     255.4,     87.9,     -178
109,     31.08.2014 18:11:22,     6.3,     18.09,     88,     0.3,     1.3,     3.2,     15.1,     88.8,     1004.4,     249.92,     255.4,     87.9,     -177.9,     12.760,     17.16,     69.4
110,     31.08.2014 18:21:22,     6.3,     16.08,     130,     0,     1.5,     3.4,     15.1,     89.1,     1004.4,     250.39,     255.5,     87.9,     -177.9
111,     31.08.2014 18:31:22,     8.4,     18.09,     143,     0,     1.6,     4.1,     15.1,     89.2,     1004.2,     250.89,     255.4,     87.9,     -177.9
112,     31.08.2014 18:41:22,     4.2,     10.05,     163,     0.7,     3.5,     4.8,     15.2,     89.1,     1004.3,     250.91,     255.5,     87.9,     -177.9
113,     31.08.2014 18:51:22,     3.15,     6.03,     168,     3.3,     4.1,     5,     15.3,     89.1,     1004.2,     250.91,     255.4,     87.9,     -177.9
114,     31.08.2014 19:01:22,     1.05,     6.03,     163,     1,     3.1,     3.9,     15.3,     89.1,     1004.4,     250.91,     255.4,     87.9,     -177.9
115,     31.08.2014 19:11:22,     -1.05,     0,     145,     0.2,     2.5,     3.4,     15.4,     89.1,     1004.5,     250.91,     255.5,     88,     -178,     12.677,     15.80,     69.6
116,     31.08.2014 19:21:22,     -1.05,     0,     223,     0.1,     1.6,     3.4,     15.3,     89,     1004.7,     250.91,     255.4,     87.9,     -177.9
117,     31.08.2014 19:31:22,     -1.05,     -2.01,     311,     0.9,     1.8,     2.8,     15.2,     88.8,     1004.9,     250.91,     255.5,     87.8,     -177.8
118,     31.08.2014 19:41:22,     -3.15,     -4.02,     35,     1,     2.1,     3,     15.1,     89.8,     1005,     250.91,     255.4,     88,     -178
119,     31.08.2014 19:51:22,     -3.15,     -2.01,     17,     0.6,     1.8,     2.7,     15,     89.7,     1005.1,     250.91,     255.4,     88,     -178
120,     31.08.2014 20:01:22,     -2.1,     0,     39,     0.9,     2.1,     3.4,     14.9,     90.2,     1005.1,     250.91,     255.4,     88,     -178
121,     31.08.2014 20:11:17,     -2.1,     -4.02,     65,     0.4,     2.4,     3.1,     14.9,     90.3,     1005.1,     250.91,     255.4,     87.9,     -177.9,     12.633,     15.21,     69.7
122,     31.08.2014 20:21:17,     -1.05,     0,     63,     0.6,     2.3,     3.1,     14.9,     89.9,     1005,     250.91,     255.3,     87.8,     -177.9
123,     31.08.2014 20:31:17,     -2.1,     -4.02,     336,     0.2,     0.9,     2.9,     14.9,     89.8,     1005.1,     250.91,     255.5,     87.9,     -177.9
124,     31.08.2014 20:41:17,     -1.05,     -2.01,     200,     0.1,     1.7,     3.3,     14.9,     89.8,     1005,     250.91,     255.4,     87.8,     -177.9
125,     31.08.2014 20:51:17,     -2.1,     -2.01,     115,     0,     0.9,     3.8,     14.9,     90.5,     1005,     250.91,     255.4,     87.9,     -177.9
126,     31.08.2014 21:01:17,     -2.1,     -4.02,     113,     0,     0.6,     3.1,     14.9,     90.8,     1005,     250.91,     255.3,     88,     -178
127,     31.08.2014 21:11:21,     -3.15,     -4.02,     141,     0.3,     2.2,     4.8,     14.8,     90.8,     1005.1,     250.91,     255.4,     88,     -178,     12.611,     14.95,     69.7
128,     31.08.2014 21:21:21,     -2.1,     -2.01,     86,     0,     2.9,     3.8,     14.8,     91.1,     1005.1,     250.91,     255.2,     88,     -178
129,     31.08.2014 21:31:21,     -3.15,     -4.02,     70,     0.6,     2.2,     3,     14.9,     91.3,     1005.3,     250.91,     255.4,     87.9,     -177.9
130,     31.08.2014 21:41:21,     -3.15,     -2.01,     305,     0.8,     1.8,     2.5,     14.7,     90.9,     1005.4,     250.91,     255.4,     87.9,     -177.9
131,     31.08.2014 21:51:21,     -3.15,     -2.01,     319,     0.9,     1.5,     2.2,     14.6,     91,     1005.3,     250.91,     255.4,     87.9,     -177.9
132,     31.08.2014 22:01:21,     -4.2,     -2.01,     34,     0.8,     1.8,     2.7,     14.5,     90.8,     1005.5,     250.91,     255.4,     87.9,     -178
133,     31.08.2014 22:11:17,     -4.2,     -4.02,     65,     0.9,     2,     2.9,     14.4,     91.1,     1005.5,     250.91,     255.4,     87.9,     -177.9,     12.590,     14.49,     69.7
134,     31.08.2014 22:21:17,     -4.2,     -4.02,     2,     0.8,     1.6,     2.5,     14,     90.7,     1005.6,     250.91,     255.5,     88,     -178
135,     31.08.2014 22:31:17,     -4.2,     -8.04,     344,     0.4,     1.4,     2.4,     13.8,     90.9,     1005.7,     250.91,     255.4,     87.9,     -177.9
136,     31.08.2014 22:41:17,     -4.2,     -4.02,     14,     0.7,     1.5,     2.8,     13.7,     91.4,     1005.8,     250.91,     255.4,     88,     -177.9
137,     31.08.2014 22:51:17,     -4.2,     -4.02,     40,     0.7,     1.7,     2.5,     13.7,     91.2,     1005.9,     250.91,     255.4,     87.8,     -177.8
138,     31.08.2014 23:01:17,     -4.2,     -2.01,     17,     0.3,     1.3,     2.6,     13.7,     91.3,     1005.9,     250.91,     255.4,     87.9,     -177.9
139,     31.08.2014 23:11:16,     -3.15,     -2.01,     62,     0.6,     1.7,     2.6,     13.6,     91.1,     1005.9,     250.91,     255.3,     87.9,     -178,     12.560,     13.65,     69.9
140,     31.08.2014 23:21:16,     -3.15,     -2.01,     63,     1.1,     1.9,     3.1,     13.7,     91.3,     1006,     250.91,     255.4,     88,     -178
141,     31.08.2014 23:31:16,     -4.2,     -2.01,     56,     0.8,     1.8,     3.1,     13.7,     91.2,     1006,     250.91,     255.5,     87.8,     -177.8
142,     31.08.2014 23:41:16,     -4.2,     -2.01,     57,     0.6,     1.7,     3.1,     13.6,     91,     1006,     250.91,     255.4,     87.8,     -177.9
143,     31.08.2014 23:51:16,     -4.2,     -4.02,     39,     0.6,     1.5,     2.1,     13.4,     90.6,     1006.1,     250.91,     255.3,     87.9,     -178
144,     01.09.2014 00:01:17,     -4.2,     -2.01,     12,     0.4,     1.2,     2.2,     13.3,     90.7,     1006,     250.91,     255.4,     88,     -178,     12.465,     13.29,     70.0