Logger: #D10248 'TSK_Meteo' - USP_EXP2 (V2.10, Jan 24 2012)
No,     Time,     #1:W/m²:0,     #2:ÂµMol:(do.),     #5:deg:2,     #6:m/sMIN:(do.),     #7:m/sMIT:(do.),     #8:m/sMAX:(do.),     #9:Â°C:(do.),     #10:%:(do.),     #11:hPa:(do.),     #12:mm:(do.),     #14:AZ:3,     #15:EL:(do.),     #16:Roll:(do.),     #HK-Bat:V,     #HK-Temp:oC,     #HK-rH:%
(GSM Transfer OK / Signal:14)
1,     16.07.2014 00:11:18,     -4.2,     -2.01,     196,     0.6,     1.1,     1.6,     16,     85.5,     1012.9,     142.02,     255.1,     87.9,     -177.9,     12.497,     16.50,     69.2
2,     16.07.2014 00:21:18,     -4.2,     -2.01,     178,     0.2,     0.9,     1.2,     16,     85.9,     1012.9,     142.02,     255.1,     87.9,     -177.9
3,     16.07.2014 00:31:18,     -3.15,     -2.01,     150,     0.2,     0.9,     1.4,     16,     85.6,     1012.9,     142.02,     255.1,     87.9,     -177.9
4,     16.07.2014 00:41:18,     -2.1,     -2.01,     180,     0.6,     1,     1.4,     15.9,     86.2,     1012.9,     142.02,     255,     88,     -178
5,     16.07.2014 00:51:18,     -4.2,     -8.04,     179,     0.5,     0.8,     1.2,     15.9,     87,     1013,     142.02,     255,     87.9,     -177.9
6,     16.07.2014 01:01:18,     -2.1,     -2.01,     195,     0.2,     0.8,     1.2,     16,     86.5,     1013.1,     142.02,     255.1,     88,     -178
7,     16.07.2014 01:11:16,     -3.15,     0,     196,     0.1,     0.6,     1.1,     16.1,     86.4,     1013,     142.02,     255.1,     88,     -178,     12.552,     15.79,     70.3
8,     16.07.2014 01:21:16,     -2.1,     -2.01,     184,     0.4,     0.9,     1.3,     16.2,     86.3,     1013,     142.02,     255.1,     87.9,     -177.9
9,     16.07.2014 01:31:16,     -3.15,     -2.01,     162,     0.4,     0.9,     1.4,     16.2,     86.6,     1013.1,     142.02,     255,     87.9,     -177.9
10,     16.07.2014 01:41:16,     -3.15,     -4.02,     175,     0.1,     1,     1.4,     15.9,     87.8,     1013,     142.02,     255.2,     88,     -178
11,     16.07.2014 01:51:16,     -2.1,     0,     184,     0.6,     1,     1.5,     16,     88,     1013,     142.02,     255,     88,     -178
12,     16.07.2014 02:01:16,     -2.1,     -2.01,     244,     0.1,     1,     1.8,     16.3,     88.1,     1013.1,     142.02,     255,     87.9,     -177.9
13,     16.07.2014 02:11:16,     -3.15,     -2.01,     207,     0,     0.6,     1.4,     16.3,     87.8,     1013,     142.02,     255,     87.9,     -177.9,     12.512,     15.93,     70.2
14,     16.07.2014 02:21:16,     -4.2,     -2.01,     178,     0.6,     1.3,     1.9,     15.9,     87.4,     1013,     142.02,     255.1,     87.8,     -177.9
15,     16.07.2014 02:31:16,     -3.15,     -2.01,     188,     0.4,     0.9,     1.6,     16,     88.1,     1013,     142.02,     255.1,     87.9,     -177.9
16,     16.07.2014 02:41:16,     -4.2,     -2.01,     190,     0.2,     1,     1.4,     15.9,     87.9,     1012.9,     142.02,     255.1,     87.9,     -177.9
17,     16.07.2014 02:51:16,     -4.2,     -2.01,     182,     0.4,     0.8,     1.4,     15.9,     88.2,     1012.9,     142.02,     255.1,     87.9,     -177.9
18,     16.07.2014 03:01:16,     -5.25,     -4.02,     169,     0.2,     0.9,     1.3,     15.8,     88.7,     1013,     142.02,     255,     87.9,     -177.9
19,     16.07.2014 03:11:23,     -5.25,     -2.01,     129,     0.7,     1,     1.4,     15.4,     88.3,     1013,     142.02,     255,     87.8,     -177.9,     12.476,     15.49,     70.2
20,     16.07.2014 03:21:23,     -4.2,     0,     164,     0.3,     0.8,     1.2,     15.3,     89.9,     1013,     142.02,     255.1,     88,     -178
21,     16.07.2014 03:31:23,     -3.15,     0,     159,     0.1,     0.8,     1.2,     15.4,     90.4,     1013,     142.02,     255,     87.9,     -177.9
22,     16.07.2014 03:41:23,     -2.1,     -2.01,     179,     0.7,     1.1,     1.5,     15.2,     90.2,     1013,     142.02,     255.1,     87.9,     -177.9
23,     16.07.2014 03:51:23,     -2.1,     4.02,     235,     0,     0.7,     1.5,     15.3,     89.7,     1013.1,     142.02,     255,     87.9,     -177.9
24,     16.07.2014 04:01:23,     -1.05,     4.02,     313,     0,     0.7,     1.4,     15.3,     87.3,     1013.2,     142.02,     255.1,     87.8,     -177.8
25,     16.07.2014 04:11:23,     1.05,     10.05,     343,     0.1,     0.7,     1.6,     15.4,     85.9,     1013.1,     142.02,     255.1,     87.8,     -177.8,     12.440,     14.96,     70.4
26,     16.07.2014 04:21:23,     7.35,     20.1,     325,     0.1,     0.7,     1.3,     15.6,     85.8,     1013.1,     142.02,     255.1,     88,     -178
27,     16.07.2014 04:31:23,     7.35,     18.09,     329,     0,     0.6,     1.3,     15.5,     84.6,     1013.2,     142.02,     255,     88,     -178
28,     16.07.2014 04:41:23,     11.55,     22.11,     357,     0,     0.4,     1.4,     15.7,     85.1,     1013.1,     142.02,     255.1,     87.9,     -177.9
29,     16.07.2014 04:51:23,     23.1,     42.21,     355,     0,     0.6,     1.5,     15.9,     85.2,     1013.1,     142.02,     255.1,     87.8,     -177.9
30,     16.07.2014 05:01:23,     29.4,     62.31,     353,     0,     0.7,     1.7,     16,     84.8,     1013,     142.02,     255.1,     87.9,     -177.9
31,     16.07.2014 05:11:16,     33.6,     82.41,     319,     0,     1.2,     2.2,     16.1,     85.3,     1013.2,     142.02,     255.2,     88,     -178,     12.582,     15.59,     70.3
32,     16.07.2014 05:21:16,     47.25,     122.61,     320,     0,     0.7,     1.5,     16.2,     85.7,     1013.1,     142.02,     255.2,     87.9,     -177.9
33,     16.07.2014 05:31:16,     129.15,     233.16,     325,     0,     0.7,     1.7,     16.3,     85.1,     1013.1,     142.02,     255.3,     87.9,     -177.9
34,     16.07.2014 05:41:16,     182.7,     325.62,     302,     0.1,     0.8,     1.7,     16.6,     85.1,     1013.1,     142.02,     255.3,     87.9,     -177.9
35,     16.07.2014 05:51:16,     172.2,     293.46,     319,     0.2,     0.8,     1.7,     16.9,     83.5,     1013.1,     142.02,     255.4,     87.9,     -177.9
36,     16.07.2014 06:01:16,     51.45,     130.65,     336,     0.1,     0.9,     1.7,     17.1,     83.8,     1013.2,     142.02,     255.4,     87.9,     -177.9
37,     16.07.2014 06:11:16,     133.35,     281.4,     324,     0.1,     1,     2,     17.1,     84.5,     1013.3,     142.02,     255.4,     87.9,     -177.9,     13.425,     20.03,     70.3
38,     16.07.2014 06:21:16,     241.5,     444.21,     335,     0.1,     0.9,     1.9,     17.2,     83.4,     1013.3,     142.02,     255.6,     87.9,     -177.9
39,     16.07.2014 06:31:16,     256.2,     478.38,     15,     0,     0.6,     1.5,     17.5,     82.5,     1013.3,     142.02,     255.5,     87.7,     -177.7
40,     16.07.2014 06:41:16,     307.65,     576.87,     83,     0,     0.3,     0.9,     18.4,     80.5,     1013.3,     142.02,     255.6,     87.8,     -177.9
41,     16.07.2014 06:51:16,     258.3,     514.56,     113,     0,     0.5,     1.6,     18.8,     78.8,     1013.3,     142.02,     255.5,     88,     -178
42,     16.07.2014 07:01:16,     326.55,     631.14,     338,     0.5,     1.3,     2.4,     18.7,     79.1,     1013.3,     142.02,     255.6,     87.9,     -177.9
43,     16.07.2014 07:11:16,     359.1,     673.35,     335,     0.1,     1.7,     4.4,     18.9,     78.6,     1013.3,     142.02,     255.6,     88,     -178,     13.264,     25.62,     69.3
44,     16.07.2014 07:21:16,     411.6,     771.84,     348,     1.6,     2.8,     4.8,     19.1,     78.3,     1013.4,     142.02,     255.9,     88,     -178
45,     16.07.2014 07:31:16,     260.4,     524.61,     342,     1.4,     3.1,     5.4,     19,     77.1,     1013.5,     142.02,     255.7,     87.9,     -177.9
46,     16.07.2014 07:41:16,     384.3,     719.58,     336,     1.5,     3,     4.6,     19,     76.8,     1013.6,     142.02,     255.7,     87.9,     -177.9
47,     16.07.2014 07:51:16,     411.6,     793.95,     329,     1,     2.7,     5.5,     19.1,     76.5,     1013.6,     142.02,     256.1,     88,     -178
48,     16.07.2014 08:01:16,     439.95,     846.21,     321,     1.5,     2.9,     4.7,     19.2,     76.6,     1013.7,     142.02,     255.9,     88,     -178
49,     16.07.2014 08:11:16,     198.45,     420.09,     317,     1.2,     2.9,     4.5,     19.3,     76.4,     1013.8,     142.02,     76.3,     88,     -2,     13.307,     27.00,     68.8
50,     16.07.2014 08:21:16,     206.85,     456.27,     334,     1.2,     2.7,     5.2,     19.2,     76.1,     1013.9,     142.02,     255.5,     87.9,     -177.9
51,     16.07.2014 08:31:16,     365.4,     799.98,     332,     0.7,     2.6,     4.2,     19.4,     76.1,     1013.9,     142.02,     255.6,     88,     -178
52,     16.07.2014 08:41:16,     491.4,     910.53,     319,     0,     1.9,     3.8,     19.8,     75.1,     1013.9,     142.02,     255.5,     87.9,     -177.9
53,     16.07.2014 08:51:16,     633.15,     1210.02,     313,     0.1,     2.4,     4.9,     20.1,     73.1,     1013.9,     142.02,     255.6,     88,     -178
54,     16.07.2014 09:01:16,     234.15,     484.41,     330,     0.4,     1.9,     4,     20.2,     70,     1013.9,     142.02,     76.2,     88,     -1.9
55,     16.07.2014 09:11:17,     261.45,     536.67,     331,     1.5,     2.9,     5.4,     20.1,     73.5,     1014,     142.02,     255.8,     87.9,     -177.9,     13.322,     27.97,     67.8
56,     16.07.2014 09:21:17,     374.85,     783.9,     339,     0.9,     2.8,     4.5,     19.8,     72.6,     1014,     142.02,     255.6,     88,     -177.9
57,     16.07.2014 09:31:17,     292.95,     615.06,     310,     0.6,     2.6,     5.2,     20.2,     71.3,     1014,     142.02,     255.6,     87.9,     -177.9
58,     16.07.2014 09:41:17,     704.55,     1372.83,     337,     1.3,     3.1,     5.1,     20.1,     70.9,     1014,     142.02,     255.7,     88,     -178
59,     16.07.2014 09:51:17,     716.1,     1411.02,     315,     1.3,     3.1,     5,     20.2,     67.6,     1014.1,     142.02,     76.2,     87.9,     -2
60,     16.07.2014 10:01:17,     281.4,     603,     329,     1.1,     2.4,     4.8,     20.5,     64.9,     1014,     142.02,     255.6,     88,     -177.9
61,     16.07.2014 10:11:16,     840,     1652.22,     320,     0.1,     2.2,     4.9,     20.8,     65.8,     1014.1,     142.02,     75.9,     87.9,     -1.9,     13.400,     27.58,     67.7
62,     16.07.2014 10:21:16,     809.55,     1597.95,     321,     0.4,     2.5,     5.1,     20.7,     65.8,     1014.1,     142.02,     76,     87.9,     -2
63,     16.07.2014 10:31:16,     252,     552.75,     318,     0.8,     2.8,     5.4,     20.9,     61.6,     1014.1,     142.02,     75.6,     87.9,     -2
64,     16.07.2014 10:41:16,     793.8,     1583.88,     322,     0.8,     2.9,     5.3,     21,     62.2,     1014.1,     142.02,     255.5,     87.9,     -177.9
65,     16.07.2014 10:51:16,     681.45,     1358.76,     321,     1,     2.2,     4,     21.2,     57.6,     1014.1,     142.02,     255.7,     87.9,     -177.9
66,     16.07.2014 11:01:16,     192.15,     399.99,     309,     1,     3.1,     6.2,     21.3,     58.9,     1014.1,     142.02,     255.6,     87.8,     -177.9
67,     16.07.2014 11:11:16,     840,     1668.3,     321,     0.9,     2.4,     4.4,     21.3,     59.3,     1014.2,     142.02,     76,     87.9,     -2,     13.067,     27.77,     67.1
68,     16.07.2014 11:21:16,     833.7,     1684.38,     301,     0.1,     2,     4.6,     21.5,     59.2,     1014.1,     142.02,     75.9,     87.9,     -2
69,     16.07.2014 11:31:16,     326.55,     699.48,     333,     0.7,     2.3,     4.6,     21.8,     55.2,     1014,     142.02,     75.8,     87.9,     -2
70,     16.07.2014 11:41:16,     813.75,     1654.23,     327,     0.1,     2.5,     5.1,     21.9,     54.6,     1014,     142.02,     76.1,     87.9,     -2
71,     16.07.2014 11:51:16,     292.95,     641.19,     284,     0.7,     2.8,     5.1,     21.9,     53.2,     1014,     142.02,     75.9,     87.8,     -2.1
72,     16.07.2014 12:01:16,     856.8,     1734.63,     298,     0.5,     2.7,     4.8,     22,     54.2,     1013.9,     142.02,     255.5,     87.8,     -177.9
73,     16.07.2014 12:11:16,     900.9,     1821.06,     336,     2.2,     3.8,     6.6,     22.3,     50.6,     1013.9,     142.02,     76,     87.9,     -2,     13.243,     27.25,     67.4
74,     16.07.2014 12:21:16,     911.4,     1813.02,     321,     1.5,     3.2,     5.3,     22.4,     49.7,     1014,     142.02,     76,     87.7,     -2.2
75,     16.07.2014 12:31:16,     302.4,     647.22,     295,     1.2,     2.6,     4.6,     22.4,     54.5,     1014,     142.02,     76.2,     87.9,     -2
76,     16.07.2014 12:41:16,     354.9,     737.67,     337,     1.1,     2.3,     3.5,     22.4,     53.3,     1014,     142.02,     76.1,     87.9,     -2
77,     16.07.2014 12:51:16,     325.5,     673.35,     341,     1.4,     2.8,     5,     22.4,     53.5,     1013.9,     142.02,     75.9,     87.8,     -2.1
78,     16.07.2014 13:01:16,     405.3,     850.23,     337,     0.7,     2.5,     4.1,     22.5,     52.6,     1013.8,     142.02,     75.9,     87.8,     -2.1
79,     16.07.2014 13:11:16,     963.9,     1927.59,     317,     0.7,     2.8,     5.6,     22.8,     53.1,     1013.8,     142.02,     75.9,     88,     -2,     13.027,     27.33,     67.6
80,     16.07.2014 13:21:16,     197.4,     404.01,     354,     1.6,     3.6,     6.4,     22.4,     54,     1013.8,     142.02,     76,     87.7,     -2.2
81,     16.07.2014 13:31:16,     933.45,     1985.88,     358,     1.8,     3.1,     5.2,     22.3,     55.1,     1013.8,     142.02,     75.6,     87.8,     -2
82,     16.07.2014 13:41:16,     256.2,     532.65,     348,     1.7,     3.4,     5.9,     22.4,     53.7,     1013.8,     142.02,     76,     87.9,     -2
83,     16.07.2014 13:51:16,     413.7,     878.37,     0,     1.6,     3.1,     5.6,     22.4,     55.5,     1013.8,     142.02,     75.7,     87.9,     -1.9
84,     16.07.2014 14:01:16,     711.9,     1646.19,     5,     1.3,     2.6,     4.4,     22.6,     54.9,     1013.8,     142.02,     75.8,     87.6,     -2.3
85,     16.07.2014 14:11:16,     675.15,     1591.92,     0,     1.1,     2.5,     4.4,     22.9,     52.4,     1013.8,     142.02,     75.6,     87.8,     -2.1,     13.110,     27.10,     67.5
86,     16.07.2014 14:21:16,     183.75,     389.94,     321,     1.1,     2.8,     4.7,     22.9,     51.6,     1013.7,     142.02,     75.7,     87.9,     -2.1
87,     16.07.2014 14:31:16,     831.6,     1485.39,     323,     0.2,     1.8,     4.6,     23,     47.2,     1013.7,     142.02,     76,     87.8,     -2.1
88,     16.07.2014 14:41:16,     207.9,     432.15,     327,     0.6,     2.3,     4.3,     23.1,     48.7,     1013.6,     142.02,     75.9,     87.9,     -2
89,     16.07.2014 14:51:16,     693,     1216.05,     332,     1,     2.7,     4.8,     22.9,     51.4,     1013.6,     142.02,     75.6,     87.9,     -2.1
90,     16.07.2014 15:01:16,     300.3,     655.26,     351,     1.1,     3.2,     5.3,     23,     49.6,     1013.7,     142.02,     75.8,     87.9,     -2
91,     16.07.2014 15:11:16,     735,     1419.06,     0,     1.7,     2.8,     4.4,     22.9,     50.9,     1013.7,     142.02,     75.7,     88.1,     -1.8,     13.110,     27.10,     67.6
92,     16.07.2014 15:21:16,     165.9,     345.72,     2,     1.7,     3.2,     5.1,     22.8,     51.6,     1013.7,     142.02,     75.8,     87.9,     -2
93,     16.07.2014 15:31:16,     270.9,     562.8,     353,     0.9,     2,     3.2,     22.7,     52.1,     1013.6,     142.02,     75.7,     87.8,     -2.1
94,     16.07.2014 15:41:16,     183.75,     385.92,     359,     0.7,     1.8,     3,     23,     50.3,     1013.6,     142.02,     75.8,     87.9,     -2
95,     16.07.2014 15:51:16,     193.2,     393.96,     345,     0.7,     1.8,     3.2,     23.1,     50.6,     1013.6,     142.02,     75.7,     87.8,     -2.1
96,     16.07.2014 16:01:16,     366.45,     799.98,     12,     1.4,     3,     5.2,     23.1,     52.2,     1013.6,     142.02,     75.6,     87.8,     -2.1
97,     16.07.2014 16:11:16,     410.55,     779.88,     352,     1.3,     2.9,     4.5,     23.3,     47.7,     1013.6,     142.02,     75.7,     87.7,     -2.2,     13.311,     26.94,     67.5
98,     16.07.2014 16:21:16,     567,     1031.13,     343,     0.5,     2.1,     3.7,     23.3,     49.8,     1013.6,     142.02,     75.9,     87.8,     -2.1
99,     16.07.2014 16:31:16,     320.25,     514.56,     356,     2,     3.3,     5.7,     23,     54.1,     1013.6,     142.02,     75.8,     87.8,     -2
100,     16.07.2014 16:41:16,     262.5,     536.67,     3,     1.8,     2.6,     4,     22.8,     52.4,     1013.7,     142.02,     75.7,     87.6,     -2.3
101,     16.07.2014 16:51:16,     481.95,     894.45,     22,     1.7,     2.3,     3.1,     22.8,     53.6,     1013.7,     142.02,     75.5,     88,     -1.8
102,     16.07.2014 17:01:16,     359.1,     651.24,     40,     1.1,     2.2,     3.4,     22.9,     49.9,     1013.7,     142.02,     75.5,     87.9,     -2
103,     16.07.2014 17:11:16,     116.55,     253.26,     61,     0,     1.2,     2.6,     22.9,     50.6,     1013.6,     142.02,     75.7,     87.9,     -2,     13.355,     27.30,     67.0
104,     16.07.2014 17:21:16,     116.55,     247.23,     31,     1.1,     2.3,     3.9,     22.7,     57.7,     1013.6,     142.02,     75.7,     87.9,     -1.9
105,     16.07.2014 17:31:16,     223.65,     460.29,     13,     0.6,     1.7,     3.2,     22.7,     55.6,     1013.6,     142.02,     75.6,     87.9,     -2
106,     16.07.2014 17:41:16,     119.7,     279.39,     28,     1.9,     3.8,     5.5,     22.4,     61.1,     1013.6,     142.02,     75.6,     88,     -1.8
107,     16.07.2014 17:51:16,     86.1,     198.99,     35,     1.1,     3.7,     6.1,     22.3,     61.9,     1013.5,     142.02,     75.9,     87.9,     -2
108,     16.07.2014 18:01:16,     186.9,     341.7,     38,     1.6,     3.6,     5.2,     22.1,     60.8,     1013.5,     142.02,     75.4,     88.2,     -1.7
109,     16.07.2014 18:11:16,     249.9,     440.19,     36,     2.3,     3.5,     4.7,     22,     63.2,     1013.5,     142.02,     75.5,     88.2,     -1.7,     13.415,     25.33,     68.1
110,     16.07.2014 18:21:16,     195.3,     345.72,     42,     1.4,     2.7,     4.2,     22.1,     59.8,     1013.4,     142.02,     75.5,     87.9,     -2
111,     16.07.2014 18:31:16,     179.55,     317.58,     43,     0.8,     2.2,     3.8,     22.2,     61.9,     1013.4,     142.02,     75.6,     87.8,     -2
112,     16.07.2014 18:41:16,     152.25,     271.35,     51,     0.6,     1.9,     2.9,     22.3,     60.3,     1013.4,     142.02,     75.4,     88,     -1.8
113,     16.07.2014 18:51:16,     135.45,     235.17,     54,     0.6,     1.8,     3.7,     22.1,     60.4,     1013.3,     142.02,     75.6,     87.9,     -2
114,     16.07.2014 19:01:16,     110.25,     178.89,     46,     0.5,     1.4,     2.5,     22,     62.6,     1013.4,     142.02,     75.6,     88.1,     -1.8
115,     16.07.2014 19:11:16,     90.3,     134.67,     53,     0.6,     1.4,     2.3,     21.9,     62.8,     1013.4,     142.02,     75.6,     87.9,     -2,     13.472,     25.51,     67.6
116,     16.07.2014 19:21:16,     71.4,     110.55,     42,     1.2,     2.1,     3.6,     21.8,     65.1,     1013.5,     142.02,     75.5,     88,     -1.8
117,     16.07.2014 19:31:16,     55.65,     86.43,     47,     0.8,     2.1,     3,     21.4,     63.7,     1013.5,     142.02,     75.4,     88.1,     -1.8
118,     16.07.2014 19:41:16,     40.95,     70.35,     61,     0,     1.1,     2.3,     21,     64.1,     1013.5,     142.02,     75.5,     88,     -1.9
119,     16.07.2014 19:51:16,     27.3,     56.28,     67,     0.3,     1.2,     2.4,     20.9,     66.1,     1013.5,     142.02,     75.5,     88,     -1.9
120,     16.07.2014 20:01:16,     15.75,     38.19,     68,     0,     1,     2.2,     20.6,     67.1,     1013.7,     142.02,     75.4,     87.9,     -2
121,     16.07.2014 20:11:16,     7.35,     24.12,     71,     0.1,     1,     2.4,     20.3,     67.2,     1013.8,     142.02,     75.5,     87.9,     -2,     12.823,     23.32,     68.9
122,     16.07.2014 20:21:16,     1.05,     14.07,     85,     0,     0.9,     1.9,     19.8,     70,     1013.9,     142.02,     75.5,     87.9,     -1.9
123,     16.07.2014 20:31:16,     -1.05,     8.04,     70,     0.1,     0.9,     2.1,     19.6,     69.6,     1014,     142.02,     75.5,     87.9,     -2
124,     16.07.2014 20:41:16,     -2.1,     2.01,     78,     0.2,     0.8,     1.6,     19.3,     71.6,     1014.1,     142.02,     75.5,     87.9,     -2
125,     16.07.2014 20:51:16,     -4.2,     0,     84,     0.1,     0.8,     1.4,     19,     71.6,     1014.1,     142.02,     255.2,     87.9,     -177.9
126,     16.07.2014 21:01:16,     -5.25,     -2.01,     84,     0.2,     0.8,     1.3,     18.9,     72.6,     1014.2,     142.02,     75.5,     87.9,     -2
127,     16.07.2014 21:11:16,     -5.25,     -2.01,     122,     0,     0.5,     1.1,     18.6,     74,     1014.2,     142.02,     255.2,     87.9,     -177.9,     12.679,     19.64,     70.1
128,     16.07.2014 21:21:16,     -4.2,     0,     137,     0.1,     0.7,     1.1,     18.3,     75.1,     1014.3,     142.02,     255.1,     87.8,     -177.8
129,     16.07.2014 21:31:16,     -5.25,     -2.01,     69,     0,     0.6,     1.1,     18,     74.8,     1014.4,     142.02,     255.1,     88,     -178
130,     16.07.2014 21:41:16,     -2.1,     -2.01,     78,     0.1,     0.5,     1,     18,     73.6,     1014.4,     142.02,     255.1,     87.9,     -178
131,     16.07.2014 21:51:16,     -2.1,     -2.01,     51,     0.1,     0.6,     1.3,     18.3,     72.8,     1014.4,     142.02,     255.1,     87.8,     -177.9
132,     16.07.2014 22:01:16,     -1.05,     -2.01,     59,     0.3,     0.7,     1.2,     18.5,     72.1,     1014.6,     142.02,     255.1,     87.9,     -177.9
133,     16.07.2014 22:11:16,     -3.15,     -4.02,     45,     0.5,     1.1,     1.7,     18.7,     72.6,     1014.6,     142.02,     255,     88,     -177.9,     12.650,     18.03,     70.4
134,     16.07.2014 22:21:16,     -2.1,     -4.02,     74,     0.1,     0.8,     1.4,     18.6,     73.4,     1014.7,     142.02,     255,     88,     -178
135,     16.07.2014 22:31:16,     -2.1,     -2.01,     86,     0.5,     1,     1.6,     18.1,     76,     1014.7,     142.02,     255,     87.9,     -177.9
136,     16.07.2014 22:41:16,     -4.2,     -2.01,     85,     0,     0.8,     1.6,     18,     76.8,     1014.7,     142.02,     255.1,     87.9,     -177.8
137,     16.07.2014 22:51:16,     -2.1,     0,     97,     0,     0.6,     1.1,     18,     76.7,     1014.8,     142.02,     255.1,     87.9,     -177.9
138,     16.07.2014 23:01:16,     -3.15,     0,     87,     0.1,     0.6,     1,     18,     75.9,     1014.8,     142.02,     255.1,     87.9,     -177.9
139,     16.07.2014 23:11:17,     -4.2,     -2.01,     101,     0.2,     0.6,     1.1,     17.9,     74.1,     1014.8,     142.02,     255.1,     88,     -178,     12.603,     18.01,     70.1
140,     16.07.2014 23:21:17,     -3.15,     -2.01,     80,     0,     0.6,     1.1,     17.9,     75,     1014.9,     142.02,     255,     87.9,     -177.9
141,     16.07.2014 23:31:17,     -3.15,     -4.02,     55,     0.3,     0.7,     1.3,     18,     78,     1014.9,     142.02,     255.1,     88,     -178
142,     16.07.2014 23:41:17,     -3.15,     -2.01,     61,     0.1,     0.9,     1.5,     18.1,     76.2,     1014.9,     142.02,     255.2,     87.9,     -177.9
143,     16.07.2014 23:51:17,     -5.25,     -2.01,     85,     0.1,     0.7,     1.4,     17.9,     76.4,     1014.8,     142.02,     255.1,     87.9,     -177.9
144,     17.07.2014 00:01:17,     -4.2,     -2.01,     93,     0,     0.5,     0.9,     17.6,     77.7,     1014.8,     142.02,     255,     87.9,     -177.9,     12.427,     17.50,     70.1