Logger: #D10248 'TSK_Meteo' - USP_EXP2 (V2.10, Jan 24 2012)
No,     Time,     #1:W/m²:0,     #2:ÂµMol:(do.),     #5:deg:2,     #6:m/sMIN:(do.),     #7:m/sMIT:(do.),     #8:m/sMAX:(do.),     #9:Â°C:(do.),     #10:%:(do.),     #11:hPa:(do.),     #12:mm:(do.),     #14:AZ:3,     #15:EL:(do.),     #16:Roll:(do.),     #HK-Bat:V,     #HK-Temp:oC,     #HK-rH:%
(GSM Transfer OK / Signal:14)
1,     30.11.2014 00:11:17,     -1.05,     0,     176,     2,     4.6,     7.4,     -2.6,     77.2,     1014.4,     330.94,     72,     87.7,     -2.2,     12.264,     -0.91,     85.1
2,     30.11.2014 00:21:17,     -2.1,     0,     175,     2,     4.6,     7.9,     -2.7,     77.7,     1014.3,     330.94,     73,     87.9,     -2
3,     30.11.2014 00:31:17,     -2.1,     0,     162,     1.5,     4.3,     7.7,     -2.7,     77.4,     1014.2,     330.94,     252.5,     88.3,     -178.3
4,     30.11.2014 00:41:17,     -1.05,     -2.01,     162,     1.1,     4.1,     6.8,     -2.6,     78.1,     1014.1,     330.94,     252.3,     87.9,     -177.9
5,     30.11.2014 00:51:17,     -2.1,     -2.01,     164,     1.3,     3.7,     7.3,     -2.6,     78.2,     1014,     330.94,     253.2,     87.8,     -177.8
6,     30.11.2014 01:01:17,     -1.05,     -2.01,     164,     0.6,     3.9,     7.7,     -2.7,     77.5,     1014,     330.94,     251.9,     87.9,     -177.9
7,     30.11.2014 01:11:17,     -2.1,     0,     161,     1.3,     3.8,     6.9,     -2.6,     78.7,     1013.9,     330.94,     252.8,     88.2,     -178.2,     12.440,     -1.53,     87.1
8,     30.11.2014 01:21:17,     -2.1,     -4.02,     169,     1.1,     4.4,     7.3,     -2.6,     76,     1013.9,     330.94,     252.5,     88,     -178
9,     30.11.2014 01:31:17,     -2.1,     -2.01,     167,     1.2,     3.4,     6.3,     -2.6,     76.9,     1013.8,     330.94,     72.9,     87.9,     -2
10,     30.11.2014 01:41:17,     -1.05,     -2.01,     168,     1,     3.4,     5.8,     -2.5,     77.6,     1013.8,     330.94,     252.8,     87.9,     -177.9
11,     30.11.2014 01:51:17,     -2.1,     -2.01,     175,     1.6,     3,     4.8,     -2.5,     76.9,     1013.9,     330.94,     252.5,     87.9,     -177.9
12,     30.11.2014 02:01:17,     -1.05,     0,     179,     0.8,     2.6,     5.1,     -2.5,     76.5,     1013.9,     330.94,     252.7,     87.8,     -177.9
13,     30.11.2014 02:11:16,     -1.05,     -2.01,     181,     1.3,     3,     4.8,     -2.5,     78.3,     1014.1,     330.94,     252.6,     87.9,     -177.9,     12.418,     -1.57,     87.2
14,     30.11.2014 02:21:16,     1.05,     4.02,     182,     2,     4.4,     6.6,     -2.7,     75.6,     1014.1,     330.94,     252.4,     87.9,     -177.9
15,     30.11.2014 02:31:16,     -2.1,     0,     169,     1.6,     3.7,     6.5,     -2.7,     75.9,     1014.1,     330.94,     251.8,     87.9,     -177.9
16,     30.11.2014 02:41:16,     -2.1,     -4.02,     168,     1.6,     3.7,     6.2,     -2.7,     75.7,     1014,     330.94,     252.3,     87.9,     -177.9
17,     30.11.2014 02:51:16,     -2.1,     -2.01,     160,     1,     2.7,     4.2,     -2.6,     76.1,     1014,     330.94,     252.7,     88,     -178
18,     30.11.2014 03:01:16,     -1.05,     0,     157,     0.9,     3.3,     5.3,     -2.7,     75.2,     1013.8,     330.94,     252.4,     87.9,     -177.9
19,     30.11.2014 03:11:16,     -2.1,     -2.01,     159,     1.1,     2.9,     5.7,     -2.6,     76.6,     1013.7,     330.94,     252.5,     87.9,     -177.9,     13.818,     -1.61,     87.3
20,     30.11.2014 03:21:16,     -1.05,     -2.01,     162,     0.7,     3.2,     5.8,     -2.7,     75.3,     1013.4,     330.94,     252,     88,     -178
21,     30.11.2014 03:31:16,     -2.1,     -2.01,     158,     0.7,     3.2,     5.7,     -2.7,     76.5,     1013.4,     330.94,     252.5,     87.8,     -177.8
22,     30.11.2014 03:41:16,     -2.1,     0,     165,     1.1,     3.5,     6,     -2.7,     76.2,     1013.3,     330.94,     251.9,     88,     -178
23,     30.11.2014 03:51:16,     -1.05,     0,     162,     0.7,     3.2,     6.1,     -2.5,     76.2,     1013.3,     330.94,     252.2,     87.8,     -177.8
24,     30.11.2014 04:01:16,     -1.05,     0,     163,     1.5,     3.7,     6.5,     -2.7,     75.7,     1013.2,     330.94,     72.8,     87.7,     -2.2
25,     30.11.2014 04:11:16,     -3.15,     -2.01,     157,     0.8,     3.4,     6.5,     -2.7,     75.6,     1013.1,     330.94,     72.3,     87.6,     -2.3,     12.683,     -1.67,     87.2
26,     30.11.2014 04:21:16,     -1.05,     0,     170,     2,     4.6,     7,     -2.6,     75.7,     1013.1,     330.94,     252.6,     87.9,     -177.9
27,     30.11.2014 04:31:16,     -2.1,     -2.01,     179,     1.9,     3.9,     7.6,     -2.6,     74.7,     1013.3,     330.94,     252.2,     87.8,     -177.8
28,     30.11.2014 04:41:16,     -3.15,     -2.01,     170,     1.5,     3.5,     5.6,     -2.6,     75.2,     1013.4,     330.94,     252.4,     88,     -178
29,     30.11.2014 04:51:16,     -2.1,     -4.02,     171,     1.5,     3.4,     6.2,     -2.6,     76.4,     1013.4,     330.94,     252.4,     87.8,     -177.8
30,     30.11.2014 05:01:16,     -1.05,     -2.01,     169,     1.6,     3.5,     6.2,     -2.6,     76.1,     1013.4,     330.94,     252.2,     87.8,     -177.8
31,     30.11.2014 05:11:16,     -1.05,     -2.01,     170,     1.5,     3.6,     6,     -2.6,     75.4,     1013.4,     330.94,     252.9,     87.9,     -177.9,     12.527,     -1.63,     87.3
32,     30.11.2014 05:21:16,     -1.05,     0,     168,     1.2,     4,     6.3,     -2.6,     74.6,     1013.3,     330.94,     251.9,     87.8,     -177.8
33,     30.11.2014 05:31:16,     -1.05,     -2.01,     167,     1.4,     3.9,     7.5,     -2.6,     75.7,     1013.2,     330.94,     252.4,     87.7,     -177.7
34,     30.11.2014 05:41:16,     -3.15,     -2.01,     162,     1.1,     4.2,     7,     -2.6,     75.7,     1013.2,     330.94,     252.1,     87.9,     -177.9
35,     30.11.2014 05:51:16,     -1.05,     2.01,     164,     2,     4,     7.2,     -2.6,     73.8,     1013.2,     330.94,     252.4,     87.6,     -177.6
36,     30.11.2014 06:01:16,     -2.1,     -2.01,     162,     1,     3.4,     6.9,     -2.6,     75.1,     1013.1,     330.94,     252.3,     87.9,     -177.9
37,     30.11.2014 06:11:17,     -1.05,     0,     159,     1.1,     2.8,     4.6,     -2.5,     76.2,     1013.1,     330.94,     252.4,     87.7,     -177.7,     12.448,     -1.59,     87.3
38,     30.11.2014 06:21:17,     -2.1,     -4.02,     159,     1.3,     3.5,     7,     -2.5,     78.4,     1013,     330.94,     252,     87.7,     -177.7
39,     30.11.2014 06:31:17,     -1.05,     -2.01,     160,     0.8,     4.1,     8.6,     -2.5,     74.7,     1013,     330.94,     252.7,     87.9,     -177.9
40,     30.11.2014 06:41:17,     -3.15,     -4.02,     160,     0.7,     3.7,     7,     -2.5,     76.6,     1013,     330.94,     253.4,     88.1,     -178.1
41,     30.11.2014 06:51:17,     -1.05,     -2.01,     157,     1.3,     4.4,     8,     -2.5,     75.5,     1012.8,     330.94,     251.6,     87.9,     -178
42,     30.11.2014 07:01:17,     -2.1,     0,     159,     0.8,     3.9,     6.8,     -2.4,     75.7,     1012.9,     330.94,     252.5,     87.8,     -177.8
43,     30.11.2014 07:11:16,     -1.05,     -2.01,     151,     1.4,     3.1,     5.4,     -2.5,     75.5,     1012.8,     330.94,     252.2,     87.9,     -177.9,     13.843,     -1.55,     87.3
44,     30.11.2014 07:21:16,     -1.05,     -2.01,     149,     2,     4,     7.2,     -2.6,     75.7,     1012.7,     330.94,     252.4,     87.9,     -177.9
45,     30.11.2014 07:31:16,     -1.05,     0,     147,     1.3,     3.9,     7.5,     -2.6,     76.8,     1012.7,     330.94,     252,     88,     -177.9
46,     30.11.2014 07:41:16,     -1.05,     -2.01,     150,     1.1,     3.7,     6.1,     -2.6,     75.4,     1012.7,     330.94,     252.5,     87.9,     -177.9
47,     30.11.2014 07:51:16,     0,     0,     157,     1.5,     4.7,     8.1,     -2.7,     75.4,     1012.6,     330.94,     252.7,     87.9,     -177.9
48,     30.11.2014 08:01:16,     0,     2.01,     159,     1.3,     4.2,     6.8,     -2.6,     75.5,     1012.6,     330.94,     252,     87.9,     -177.9
49,     30.11.2014 08:11:16,     2.1,     6.03,     163,     1.6,     3.9,     7,     -2.5,     76.5,     1012.7,     330.94,     252.1,     87.7,     -177.8,     12.599,     -1.61,     87.3
50,     30.11.2014 08:21:16,     4.2,     10.05,     170,     1,     4,     7.3,     -2.6,     76,     1012.7,     330.94,     252.7,     87.4,     -177.4
51,     30.11.2014 08:31:16,     5.25,     14.07,     175,     2.1,     4.4,     7.1,     -2.5,     75.9,     1012.6,     330.94,     72.6,     87.9,     -2.1
52,     30.11.2014 08:41:16,     7.35,     18.09,     167,     1.3,     3.9,     7.4,     -2.6,     75.9,     1012.8,     330.94,     252.8,     87.9,     -178
53,     30.11.2014 08:51:16,     11.55,     24.12,     163,     1.6,     4.3,     7.8,     -2.7,     75.8,     1012.9,     330.94,     252.4,     88.1,     -178.1
54,     30.11.2014 09:01:16,     14.7,     32.16,     166,     0.8,     4.7,     8.5,     -2.6,     75.1,     1013,     330.94,     252.5,     88,     -177.9
55,     30.11.2014 09:11:16,     16.8,     36.18,     161,     1.5,     4.2,     9.1,     -2.5,     76,     1013.1,     330.94,     251.7,     87.8,     -177.8,     12.541,     -1.55,     87.3
56,     30.11.2014 09:21:16,     26.25,     52.26,     152,     0.8,     3.9,     6.9,     -2.5,     75.5,     1013.1,     330.94,     252.5,     87.9,     -177.9
57,     30.11.2014 09:31:16,     29.4,     62.31,     158,     1.6,     3.7,     6.5,     -2.5,     75.2,     1013.2,     330.94,     251.9,     87.9,     -177.9
58,     30.11.2014 09:41:16,     32.55,     64.32,     153,     1.4,     4,     6.9,     -2.5,     75.3,     1013.3,     330.94,     252.3,     87.9,     -177.9
59,     30.11.2014 09:51:16,     36.75,     74.37,     148,     1.3,     3.8,     7.2,     -2.3,     75.7,     1013.2,     330.94,     252,     88,     -178
60,     30.11.2014 10:01:16,     35.7,     72.36,     140,     1.2,     3.7,     6.5,     -2.3,     75.7,     1013.1,     330.94,     253,     87.9,     -177.9
61,     30.11.2014 10:11:16,     39.9,     80.4,     142,     1.5,     4,     7.2,     -2.3,     74.7,     1013.2,     330.94,     71.3,     87.9,     -2.1,     12.741,     -1.23,     87.2
62,     30.11.2014 10:21:16,     45.15,     96.48,     156,     1.1,     3.5,     7.1,     -2.2,     77.3,     1013.1,     330.94,     252.6,     88,     -178
63,     30.11.2014 10:31:16,     47.25,     94.47,     149,     1.2,     3.4,     6.5,     -2.1,     75.5,     1013.1,     330.94,     252.2,     87.9,     -177.9
64,     30.11.2014 10:41:16,     48.3,     100.5,     160,     0.9,     3.5,     7.7,     -2.1,     75,     1013.1,     330.94,     252.3,     87.9,     -177.9
65,     30.11.2014 10:51:16,     54.6,     110.55,     155,     1.8,     3.9,     7,     -2.2,     75.7,     1013.1,     330.94,     252.3,     87.9,     -177.9
66,     30.11.2014 11:01:16,     59.85,     120.6,     155,     1.3,     3.5,     6,     -2.1,     76.4,     1013.1,     330.94,     252.4,     87.9,     -177.9
67,     30.11.2014 11:11:17,     63,     126.63,     157,     1.2,     4.1,     6.4,     -2.1,     75,     1013,     330.94,     252.5,     88.1,     -178.1,     13.860,     -0.73,     87.0
68,     30.11.2014 11:21:17,     61.95,     124.62,     158,     1.5,     3.8,     7.5,     -2,     75.5,     1012.8,     330.94,     253.1,     88,     -178
69,     30.11.2014 11:31:17,     64.05,     128.64,     152,     1.2,     4.1,     7.6,     -2,     73.7,     1012.7,     330.94,     72.4,     88,     -2
70,     30.11.2014 11:41:17,     63,     126.63,     157,     1.4,     4,     7.6,     -1.9,     76,     1012.6,     330.94,     252.7,     87.9,     -177.9
71,     30.11.2014 11:51:17,     60.9,     124.62,     154,     1.1,     4,     6.6,     -1.9,     75.2,     1012.5,     330.94,     251.6,     88.1,     -178.1
72,     30.11.2014 12:01:17,     71.4,     142.71,     160,     0.6,     4.3,     7,     -2,     75.2,     1012.3,     330.94,     251.6,     88.1,     -178.2
73,     30.11.2014 12:11:16,     73.5,     146.73,     163,     1,     4.8,     7.5,     -1.9,     74.8,     1012.3,     330.94,     251.4,     87.9,     -177.9,     12.613,     -0.37,     86.9
74,     30.11.2014 12:21:16,     63,     128.64,     155,     1,     4.3,     7.8,     -1.8,     73.9,     1012.3,     330.94,     251.7,     87.9,     -178
75,     30.11.2014 12:31:16,     66.15,     132.66,     147,     1.5,     4.1,     7.8,     -1.9,     74.4,     1012.3,     330.94,     72.3,     87.9,     -2
76,     30.11.2014 12:41:16,     64.05,     128.64,     150,     1.9,     4.2,     8.3,     -1.9,     73.7,     1012.1,     330.94,     252.2,     88,     -178
77,     30.11.2014 12:51:16,     68.25,     138.69,     145,     1.2,     4.1,     7.9,     -1.9,     75.2,     1011.9,     330.94,     251.8,     87.9,     -177.8
78,     30.11.2014 13:01:16,     64.05,     128.64,     149,     1.3,     4.9,     9.3,     -2,     74.4,     1011.7,     330.94,     251.8,     87.8,     -177.7
79,     30.11.2014 13:11:16,     58.8,     116.58,     152,     1.3,     3.5,     5.9,     -1.9,     75.6,     1011.7,     330.94,     252.1,     87.8,     -177.8,     12.904,     -0.22,     86.9
80,     30.11.2014 13:21:16,     51.45,     102.51,     151,     1.8,     4.3,     7.7,     -1.9,     74.7,     1011.6,     330.94,     253.3,     87.9,     -177.9
81,     30.11.2014 13:31:16,     49.35,     98.49,     154,     0.9,     3.5,     6.4,     -1.8,     74.8,     1011.5,     330.94,     252.3,     87.9,     -177.9
82,     30.11.2014 13:41:16,     44.1,     92.46,     144,     1.4,     3.9,     6.9,     -1.9,     76,     1011.4,     330.94,     252.4,     87.9,     -177.9
83,     30.11.2014 13:51:16,     46.2,     92.46,     148,     1.8,     4.8,     7.7,     -2,     74.5,     1011.2,     330.94,     72,     88.1,     -1.8
84,     30.11.2014 14:01:16,     49.35,     100.5,     152,     1.4,     4.6,     11.2,     -1.8,     76.1,     1011.2,     330.94,     252.5,     87.8,     -177.9
85,     30.11.2014 14:11:17,     44.1,     88.44,     151,     0.8,     4.6,     8.4,     -1.7,     76.1,     1011.1,     330.94,     72.4,     87.9,     -2,     12.959,     -0.27,     86.9
86,     30.11.2014 14:21:17,     43.05,     86.43,     146,     0.8,     4.4,     8.4,     -1.6,     74.5,     1010.9,     330.94,     251.9,     88,     -178.1
87,     30.11.2014 14:31:17,     38.85,     76.38,     148,     1.6,     4.7,     9.3,     -1.5,     74.9,     1010.9,     330.94,     72.3,     87.9,     -1.9
88,     30.11.2014 14:41:17,     33.6,     66.33,     147,     1.5,     4.8,     8.2,     -1.5,     74,     1011,     330.94,     252.2,     87.9,     -177.9
89,     30.11.2014 14:51:17,     24.15,     50.25,     155,     0.7,     4.1,     7.4,     -1.5,     74.4,     1011,     330.94,     252.1,     88,     -178
90,     30.11.2014 15:01:17,     21,     40.2,     150,     1.7,     4.1,     7.5,     -1.4,     73.5,     1011,     330.94,     72.7,     87.9,     -2
91,     30.11.2014 15:11:16,     15.75,     32.16,     155,     1.2,     4.1,     7.3,     -1.4,     72.7,     1011,     330.94,     252.4,     88,     -178,     12.756,     -0.19,     86.9
92,     30.11.2014 15:21:16,     9.45,     24.12,     157,     0.7,     3.4,     6.8,     -1.3,     73.4,     1011.1,     330.94,     251.4,     88.1,     -178.1
93,     30.11.2014 15:31:16,     5.25,     14.07,     144,     1.4,     3.7,     9.1,     -1.2,     74.5,     1011.2,     330.94,     252.5,     88,     -178
94,     30.11.2014 15:41:16,     4.2,     10.05,     146,     1,     3.3,     6.5,     -1.3,     74.4,     1011.2,     330.94,     252.9,     87.9,     -177.9
95,     30.11.2014 15:51:16,     1.05,     6.03,     152,     0.5,     3.5,     7.5,     -1.3,     73.2,     1011.2,     330.94,     252.6,     88,     -178
96,     30.11.2014 16:01:16,     0,     2.01,     157,     0.2,     3.1,     6.2,     -1.2,     73.8,     1011.2,     330.94,     252.3,     88,     -178
97,     30.11.2014 16:11:17,     1.05,     0,     154,     0.8,     3.4,     6.2,     -1.1,     74,     1011.2,     330.94,     252.9,     87.9,     -177.9,     13.813,     -0.14,     86.9
98,     30.11.2014 16:21:17,     -2.1,     -2.01,     152,     0.9,     3.6,     7.8,     -1.1,     73.8,     1011.2,     330.94,     253,     88,     -178
99,     30.11.2014 16:31:17,     0,     -2.01,     149,     1.2,     3.7,     7.8,     -1.2,     73.2,     1011.2,     330.94,     252.4,     88.1,     -178
100,     30.11.2014 16:41:17,     -1.05,     -2.01,     149,     1,     3.3,     6.5,     -1.2,     73.8,     1011.2,     330.94,     252.1,     88,     -178
101,     30.11.2014 16:51:17,     0,     -2.01,     152,     0.8,     4.1,     7.8,     -1.1,     73.5,     1011.3,     330.94,     252.2,     88.1,     -178.1
102,     30.11.2014 17:01:17,     -1.05,     0,     154,     1.4,     4.8,     7.6,     -1.1,     73.7,     1011.3,     330.94,     71.6,     88.1,     -1.8
103,     30.11.2014 17:11:17,     -1.05,     -4.02,     155,     0.9,     4.5,     8.1,     -1.1,     74,     1011.3,     330.94,     252.5,     88.1,     -178.1,     12.605,     -0.17,     87.0
104,     30.11.2014 17:21:17,     -2.1,     -2.01,     157,     0.9,     3.9,     6.8,     -1.1,     75.2,     1011.5,     330.94,     252.2,     88.1,     -178.1
105,     30.11.2014 17:31:17,     -2.1,     0,     155,     1.2,     3.7,     7.6,     -1,     74.2,     1011.6,     330.94,     252,     87.9,     -177.9
106,     30.11.2014 17:41:17,     -2.1,     0,     152,     0.6,     4.2,     8.5,     -1,     74,     1011.6,     330.94,     71.3,     87.9,     -2
107,     30.11.2014 17:51:17,     -1.05,     0,     153,     1.5,     4.2,     8,     -1.1,     73.7,     1011.5,     330.94,     252.3,     88,     -178
108,     30.11.2014 18:01:17,     -1.05,     -2.01,     152,     1.5,     4.1,     8.2,     -1.1,     75,     1011.6,     330.94,     73.1,     88.2,     -1.7
109,     30.11.2014 18:11:16,     -2.1,     -2.01,     152,     1.2,     4.3,     7.9,     -1.1,     73.6,     1011.7,     330.94,     251.5,     87.9,     -177.9,     12.514,     -0.13,     87.0
110,     30.11.2014 18:21:16,     -1.05,     -2.01,     148,     1.1,     4.3,     8.3,     -1.3,     73.6,     1011.8,     330.94,     252.3,     87.9,     -177.9
111,     30.11.2014 18:31:16,     -2.1,     -2.01,     147,     1.1,     4.3,     7.3,     -1.3,     74.5,     1011.8,     330.94,     252.5,     87.9,     -177.9
112,     30.11.2014 18:41:16,     -1.05,     -4.02,     143,     2,     4.5,     8.1,     -1.4,     75.5,     1011.8,     330.94,     252.1,     88,     -178
113,     30.11.2014 18:51:16,     -2.1,     -2.01,     148,     1.1,     3.9,     7.7,     -1.4,     75.9,     1011.9,     330.94,     252,     87.9,     -177.9
114,     30.11.2014 19:01:16,     -2.1,     -2.01,     149,     1.8,     4.5,     9.1,     -1.5,     77.4,     1012.1,     330.94,     252.2,     87.7,     -177.7
115,     30.11.2014 19:11:16,     -3.15,     -2.01,     144,     1.3,     4.3,     7.5,     -1.6,     76.2,     1012,     330.94,     72.9,     88,     -1.8,     12.471,     -0.35,     87.0
116,     30.11.2014 19:21:16,     -2.1,     -2.01,     144,     1.7,     3.9,     6.8,     -1.6,     78,     1012.1,     330.94,     251.3,     87.9,     -177.9
117,     30.11.2014 19:31:16,     -2.1,     -2.01,     140,     1.1,     4.4,     8.4,     -1.7,     77.8,     1012.2,     330.94,     251.9,     87.6,     -177.7
118,     30.11.2014 19:41:16,     -2.1,     -2.01,     152,     1.7,     4.3,     7.6,     -1.7,     79.4,     1012.3,     330.94,     251.8,     87.8,     -177.8
119,     30.11.2014 19:51:16,     -2.1,     -2.01,     155,     0.5,     4,     8,     -1.6,     79.9,     1012.2,     330.94,     72.6,     87.8,     -2.1
120,     30.11.2014 20:01:16,     -1.05,     -2.01,     155,     1.3,     4.3,     8.8,     -1.5,     80.4,     1012.3,     330.94,     250.5,     87.9,     -177.9
121,     30.11.2014 20:11:16,     -2.1,     -2.01,     151,     1.5,     4.6,     9,     -1.5,     78.9,     1012.3,     330.94,     251.8,     88.1,     -178.1,     12.457,     -0.75,     87.2
122,     30.11.2014 20:21:16,     -2.1,     -2.01,     156,     0.9,     3.3,     8.3,     -1.5,     80.1,     1012.4,     330.94,     252.1,     87.9,     -177.9
123,     30.11.2014 20:31:16,     -1.05,     -4.02,     150,     1.2,     4.3,     9.3,     -1.6,     79.2,     1012.4,     330.94,     71.7,     87.9,     -2.1
124,     30.11.2014 20:41:16,     -1.05,     -2.01,     153,     1,     3.9,     7.5,     -1.6,     80.1,     1012.5,     330.94,     252,     87.8,     -177.9
125,     30.11.2014 20:51:16,     -2.1,     -2.01,     152,     1.3,     4.6,     8.9,     -1.8,     79.4,     1012.5,     330.94,     252.1,     87.8,     -177.8
126,     30.11.2014 21:01:16,     -1.05,     0,     153,     1.4,     5,     8.8,     -1.9,     79.2,     1012.5,     330.94,     252,     88,     -178
127,     30.11.2014 21:11:17,     -2.1,     -2.01,     149,     2,     4.1,     8.5,     -1.9,     79.1,     1012.5,     330.94,     252.5,     87.8,     -177.9,     12.753,     -0.78,     87.1
128,     30.11.2014 21:21:17,     -2.1,     -4.02,     152,     1.7,     3.9,     6.9,     -1.9,     80.1,     1012.6,     330.94,     252,     87.7,     -177.7
129,     30.11.2014 21:31:17,     -2.1,     -2.01,     149,     0.6,     3.3,     8,     -2,     79.2,     1012.5,     330.94,     251.6,     87.9,     -177.9
130,     30.11.2014 21:41:17,     -5.25,     -2.01,     153,     0.8,     3.1,     5.9,     -2.1,     81.2,     1012.5,     330.94,     252,     87.8,     -177.8
131,     30.11.2014 21:51:17,     -5.25,     -4.02,     146,     1.1,     3.6,     6.8,     -2.3,     80.2,     1012.4,     330.94,     252.1,     88,     -178
132,     30.11.2014 22:01:17,     -4.2,     -2.01,     148,     1,     3.6,     7.2,     -2.4,     79.7,     1012.5,     330.94,     252.4,     87.9,     -177.9
133,     30.11.2014 22:11:16,     -4.2,     0,     147,     0.7,     3.3,     7.2,     -2.4,     80.6,     1012.5,     330.94,     251.4,     88,     -178,     12.507,     -1.72,     87.1
134,     30.11.2014 22:21:16,     -5.25,     0,     152,     0.9,     3.7,     8.6,     -2.5,     81.1,     1012.4,     330.94,     252.5,     87.8,     -177.8
135,     30.11.2014 22:31:16,     -4.2,     -2.01,     149,     1,     3.7,     8,     -2.6,     80.8,     1012.4,     330.94,     251.7,     87.8,     -177.8
136,     30.11.2014 22:41:16,     -5.25,     -2.01,     145,     1,     3.8,     6.8,     -2.6,     81.6,     1012.5,     330.94,     252.4,     88,     -177.9
137,     30.11.2014 22:51:16,     -5.25,     -2.01,     139,     1,     3.2,     6.1,     -2.7,     82.6,     1012.5,     330.94,     252.1,     87.8,     -177.8
138,     30.11.2014 23:01:16,     -5.25,     -4.02,     141,     1.1,     3.4,     7.6,     -2.8,     81.8,     1012.3,     330.94,     252.4,     88,     -178
139,     30.11.2014 23:11:16,     -4.2,     -2.01,     142,     1.1,     3.6,     6.7,     -2.8,     81.5,     1012.3,     330.94,     252.3,     87.9,     -177.9,     12.418,     -2.67,     87.5
140,     30.11.2014 23:21:16,     -4.2,     -2.01,     135,     0.8,     3.1,     7.6,     -2.8,     82.3,     1012.4,     330.94,     251.8,     87.9,     -177.9
141,     30.11.2014 23:31:16,     -4.2,     -2.01,     125,     0.8,     2.6,     6.5,     -2.9,     82.3,     1012.4,     330.94,     252.4,     87.9,     -177.9
142,     30.11.2014 23:41:16,     -4.2,     -2.01,     128,     0.9,     2.6,     5.3,     -3.1,     82.5,     1012.4,     330.94,     252.4,     87.9,     -177.9
143,     30.11.2014 23:51:16,     -5.25,     -2.01,     125,     0.8,     2.4,     5.1,     -3.1,     83,     1012.4,     330.94,     252.1,     88,     -178
144,     01.12.2014 00:01:16,     -4.2,     -2.01,     137,     0.9,     2.9,     6,     -3.2,     82.5,     1012.2,     330.94,     252.6,     87.8,     -177.8,     12.370,     -3.11,     87.6
(GSM ERROR Server Transfer: Error 132 / Signal:15 / 01.12.2014 00:01:16)