Logger: #D10248 'TSK_Meteo' - USP_EXP2 (V2.10, Jan 24 2012)
No,     Time,     #1:W/m²:0,     #2:ÂµMol:(do.),     #5:deg:2,     #6:m/sMIN:(do.),     #7:m/sMIT:(do.),     #8:m/sMAX:(do.),     #9:Â°C:(do.),     #10:%:(do.),     #11:hPa:(do.),     #12:mm:(do.),     #14:AZ:3,     #15:EL:(do.),     #16:Roll:(do.),     #HK-Bat:V,     #HK-Temp:oC,     #HK-rH:%
(GSM Transfer OK / Signal:17)
1,     17.10.2014 00:11:21,     -2.1,     0,     213,     0.4,     1,     1.9,     12.4,     91.1,     998.7,     309.01,     253.6,     88,     -178,     12.378,     13.28,     75.9
2,     17.10.2014 00:21:21,     -2.1,     0,     215,     0.3,     1.1,     1.8,     12.3,     91,     998.8,     309.01,     253.5,     88,     -178
3,     17.10.2014 00:31:21,     -2.1,     -2.01,     219,     0.3,     1.2,     2,     12.3,     91,     998.8,     309.01,     253.5,     88.1,     -178.1
4,     17.10.2014 00:41:21,     -3.15,     -2.01,     209,     0.4,     1.1,     2,     12.3,     90.9,     998.9,     309.01,     253.6,     88,     -178
5,     17.10.2014 00:51:21,     -2.1,     -2.01,     203,     0.5,     1,     1.6,     12.3,     91,     998.9,     309.01,     253.7,     88,     -178
6,     17.10.2014 01:01:21,     -2.1,     -2.01,     219,     0.3,     0.8,     1.4,     12.4,     91.1,     998.9,     309.01,     253.6,     88.1,     -178.1
7,     17.10.2014 01:11:21,     -2.1,     -2.01,     220,     0.3,     1,     1.6,     12.3,     91,     998.9,     309.01,     253.5,     88,     -178.1,     12.497,     12.75,     77.5
8,     17.10.2014 01:21:21,     -3.15,     -2.01,     196,     0.1,     0.7,     1.7,     12.4,     91,     998.8,     309.01,     253.6,     88,     -178
9,     17.10.2014 01:31:21,     -2.1,     -2.01,     178,     0.5,     1.1,     1.6,     12.3,     91,     998.7,     309.01,     253.6,     87.9,     -177.9
10,     17.10.2014 01:41:21,     -2.1,     0,     192,     0.7,     1.4,     1.9,     12.3,     91.1,     998.8,     309.01,     253.6,     88.1,     -178.1
11,     17.10.2014 01:51:21,     -3.15,     -4.02,     196,     0.7,     1.4,     2,     12.3,     91.2,     998.8,     309.01,     253.6,     88,     -178
12,     17.10.2014 02:01:21,     -2.1,     -2.01,     185,     0.4,     0.9,     1.5,     12.3,     91.2,     998.8,     309.01,     253.5,     88,     -178
13,     17.10.2014 02:11:16,     -2.1,     -2.01,     187,     0.5,     1.3,     2.1,     12.2,     91.2,     998.8,     309.01,     253.6,     88.1,     -178.1,     12.482,     12.73,     77.6
14,     17.10.2014 02:21:16,     -3.15,     -4.02,     229,     0.7,     1.5,     2.1,     12.3,     91.3,     998.8,     309.01,     253.6,     88.1,     -178.1
15,     17.10.2014 02:31:16,     -2.1,     0,     211,     1,     1.6,     2.4,     12.3,     91.2,     998.6,     309.01,     253.7,     88,     -178
16,     17.10.2014 02:41:16,     -3.15,     -2.01,     209,     0.6,     1.9,     3,     12.4,     91.4,     998.7,     309.01,     253.6,     88,     -178
17,     17.10.2014 02:51:16,     -2.1,     0,     206,     0.2,     1.3,     2.6,     12.3,     91.2,     998.7,     309.01,     253.5,     88,     -178
18,     17.10.2014 03:01:16,     -2.1,     -2.01,     216,     0.2,     1.1,     2.1,     12.4,     91.3,     998.6,     309.01,     253.7,     88,     -178
19,     17.10.2014 03:11:16,     -1.05,     0,     211,     0.7,     1.5,     2.6,     12.4,     91.4,     998.4,     309.01,     253.5,     88.1,     -178.1,     12.442,     12.85,     77.6
20,     17.10.2014 03:21:16,     -2.1,     0,     190,     0.9,     1.7,     2.5,     12.3,     91.3,     998.3,     309.01,     253.6,     88,     -178
21,     17.10.2014 03:31:16,     -3.15,     -4.02,     203,     0.4,     1.4,     2.5,     12.3,     91.5,     998.3,     309.01,     253.6,     88.1,     -178.1
22,     17.10.2014 03:41:16,     -3.15,     0,     194,     0.6,     1.4,     2.2,     12.3,     91.5,     998.3,     309.01,     253.6,     88.1,     -178.1
23,     17.10.2014 03:51:16,     -1.05,     -2.01,     199,     0.5,     1.1,     1.7,     12.3,     91.5,     998.3,     309.01,     253.7,     88.1,     -178.1
24,     17.10.2014 04:01:16,     -2.1,     -2.01,     202,     0.3,     1.5,     2.3,     12.4,     91.5,     998.3,     309.01,     253.6,     88,     -178
25,     17.10.2014 04:11:16,     -2.1,     -2.01,     207,     0.4,     1.2,     1.8,     12.4,     91.5,     998.4,     309.01,     253.6,     88,     -178,     12.427,     12.88,     77.6
26,     17.10.2014 04:21:16,     -1.05,     -2.01,     219,     0.5,     1.3,     1.9,     12.4,     91.5,     998.4,     309.01,     253.8,     88.1,     -178.1
27,     17.10.2014 04:31:16,     0,     2.01,     226,     0.5,     1.5,     2.6,     12.4,     91.6,     998.5,     309.01,     253.8,     88,     -178
28,     17.10.2014 04:41:16,     -1.05,     -2.01,     236,     0.4,     1.5,     2.3,     12.4,     91.5,     998.5,     309.01,     253.8,     88.1,     -178
29,     17.10.2014 04:51:16,     -1.05,     -2.01,     237,     0.7,     1.7,     2.9,     12.4,     91.7,     998.7,     309.01,     253.8,     88,     -178
30,     17.10.2014 05:01:16,     -2.1,     -2.01,     247,     0.8,     1.6,     2.4,     12.4,     91.6,     998.7,     309.01,     253.8,     88,     -178
31,     17.10.2014 05:11:22,     -1.05,     -2.01,     261,     0.2,     1.7,     3,     12.5,     91.7,     998.7,     309.01,     253.6,     88.2,     -178.2,     12.404,     12.99,     77.6
32,     17.10.2014 05:21:22,     -1.05,     -2.01,     287,     0.2,     1.3,     2.3,     12.6,     91.6,     998.6,     309.01,     253.7,     88.1,     -178.1
33,     17.10.2014 05:31:22,     -2.1,     -2.01,     299,     0.8,     1.5,     2.4,     12.6,     91.5,     998.7,     309.01,     253.7,     88,     -178
34,     17.10.2014 05:41:22,     -1.05,     -2.01,     294,     0.6,     1.4,     2.1,     12.6,     91.3,     998.7,     309.01,     253.7,     88,     -178
35,     17.10.2014 05:51:22,     -2.1,     0,     310,     0.1,     1,     1.9,     12.6,     91.2,     998.7,     309.01,     253.6,     88,     -178
36,     17.10.2014 06:01:22,     -1.05,     0,     309,     0.6,     1.4,     2.2,     12.6,     91.1,     998.8,     309.01,     253.7,     88.1,     -178.1
37,     17.10.2014 06:11:22,     0,     -2.01,     316,     0,     0.9,     2.1,     12.6,     91,     998.8,     309.01,     253.6,     88,     -178,     12.387,     13.11,     77.5
38,     17.10.2014 06:21:22,     -2.1,     -2.01,     310,     0.1,     1,     2.2,     12.6,     90.7,     998.9,     309.01,     253.6,     87.9,     -178
39,     17.10.2014 06:31:22,     -2.1,     0,     314,     0.1,     1,     1.9,     12.6,     90.3,     999.1,     309.01,     253.7,     88,     -178
40,     17.10.2014 06:41:22,     -1.05,     2.01,     305,     0.1,     1,     2.2,     12.6,     89.9,     999.2,     309.01,     253.6,     88.1,     -178.1
41,     17.10.2014 06:51:22,     2.1,     6.03,     326,     0.1,     1,     2,     12.6,     89.1,     999.5,     309.01,     253.6,     88,     -178
42,     17.10.2014 07:01:22,     0,     4.02,     309,     0.2,     1.4,     2.8,     12.7,     88.2,     999.7,     309.01,     253.6,     88,     -178
43,     17.10.2014 07:11:16,     2.1,     8.04,     288,     0.4,     1.8,     2.8,     12.8,     88,     999.8,     309.01,     253.7,     88,     -178,     12.361,     13.09,     77.6
44,     17.10.2014 07:21:16,     4.2,     12.06,     291,     0.6,     1.8,     2.7,     12.8,     87.4,     1000,     309.01,     253.6,     88.1,     -178.1
45,     17.10.2014 07:31:16,     10.5,     24.12,     283,     0.7,     1.9,     2.8,     12.9,     87.7,     1000.1,     309.01,     253.7,     88,     -178
46,     17.10.2014 07:41:16,     12.6,     28.14,     277,     0.8,     2,     3.2,     13,     87.6,     1000.2,     309.01,     253.8,     88.1,     -178.1
47,     17.10.2014 07:51:16,     13.65,     32.16,     286,     0.4,     2.1,     4,     12.9,     87.2,     1000.4,     309.01,     253.7,     88,     -178
48,     17.10.2014 08:01:16,     23.1,     54.27,     278,     1.1,     2.3,     3.8,     13,     87.9,     1000.6,     309.01,     253.9,     88.1,     -178.1
49,     17.10.2014 08:11:22,     53.55,     110.55,     281,     1.3,     2.5,     4.1,     12.9,     88.2,     1000.8,     309.01,     254.1,     88,     -178,     12.539,     13.42,     77.5
50,     17.10.2014 08:21:22,     73.5,     152.76,     281,     1,     2.2,     3.2,     13,     88.2,     1000.8,     309.01,     253.8,     87.9,     -177.9
51,     17.10.2014 08:31:22,     69.3,     146.73,     286,     0.7,     2.1,     4.3,     13.1,     88.2,     1000.9,     309.01,     254.1,     88,     -178
52,     17.10.2014 08:41:22,     46.2,     102.51,     284,     0.7,     2.4,     3.9,     13.1,     87.9,     1001,     309.01,     253.8,     87.9,     -177.9
53,     17.10.2014 08:51:22,     64.05,     140.7,     292,     1,     2.4,     3.7,     13.2,     87.5,     1001.2,     309.01,     253.8,     88,     -178
54,     17.10.2014 09:01:22,     60.9,     128.64,     288,     0.7,     2.2,     3.4,     13.2,     87.1,     1001.3,     309.01,     253.8,     88,     -178
55,     17.10.2014 09:11:21,     96.6,     201,     288,     1.2,     2.8,     5,     13.2,     85.3,     1001.4,     309.01,     254.1,     88,     -178,     13.107,     14.31,     77.2
56,     17.10.2014 09:21:21,     124.95,     267.33,     293,     0.9,     3,     5,     13.3,     83.3,     1001.5,     309.01,     74.1,     88.1,     -1.8
57,     17.10.2014 09:31:21,     70.35,     152.76,     302,     1.3,     3.1,     4.7,     13.4,     82.7,     1001.6,     309.01,     254,     88.1,     -178.1
58,     17.10.2014 09:41:21,     75.6,     166.83,     296,     1.6,     2.9,     4.7,     13.4,     83.3,     1001.7,     309.01,     254.2,     88,     -178
59,     17.10.2014 09:51:21,     84,     182.91,     301,     1.3,     2.7,     5.1,     13.5,     83.1,     1001.9,     309.01,     253.8,     88.1,     -178.1
60,     17.10.2014 10:01:21,     89.25,     190.95,     295,     0.6,     2.7,     4.3,     13.5,     82.3,     1002,     309.01,     253.8,     88,     -178
61,     17.10.2014 10:11:16,     134.4,     287.43,     293,     1.4,     3,     4.8,     13.6,     81.3,     1002.1,     309.01,     254,     88,     -178,     13.273,     15.05,     77.0
62,     17.10.2014 10:21:16,     97.65,     209.04,     297,     1.8,     3.5,     5.2,     13.6,     80.6,     1002.2,     309.01,     254.5,     88,     -178
63,     17.10.2014 10:31:16,     131.25,     279.39,     295,     1.6,     3.1,     5.8,     13.6,     79.7,     1002.3,     309.01,     254.4,     88.1,     -178.1
64,     17.10.2014 10:41:16,     114.45,     247.23,     304,     0.8,     2.9,     7.3,     13.6,     80.2,     1002.4,     309.01,     254.2,     88,     -178.2
65,     17.10.2014 10:51:16,     61.95,     136.68,     302,     1.5,     3.2,     5.7,     13.6,     81.6,     1002.5,     309.01,     254,     88.1,     -178.1
66,     17.10.2014 11:01:16,     68.25,     150.75,     300,     1.2,     3.3,     5.9,     13.5,     82.9,     1002.6,     309.01,     254,     88.1,     -178.1
67,     17.10.2014 11:11:16,     155.4,     329.64,     297,     1,     2.5,     4.6,     13.5,     82.9,     1002.6,     309.01,     254.1,     88.1,     -178.1,     13.529,     15.44,     76.8
68,     17.10.2014 11:21:16,     152.25,     323.61,     299,     1,     2.2,     3.7,     13.7,     83,     1002.7,     309.01,     253.8,     88.1,     -178.1
69,     17.10.2014 11:31:16,     92.4,     205.02,     297,     1,     1.9,     3.6,     13.8,     82.7,     1002.8,     309.01,     253.9,     88,     -178
70,     17.10.2014 11:41:16,     70.35,     156.78,     288,     1.2,     2.5,     4.8,     13.9,     82.7,     1002.9,     309.01,     254.4,     88.2,     -178.2
71,     17.10.2014 11:51:16,     59.85,     136.68,     293,     1.1,     3.3,     5.7,     13.9,     83.4,     1003,     309.01,     254.1,     87.9,     -177.9
72,     17.10.2014 12:01:16,     122.85,     269.34,     302,     1.2,     3.1,     5.4,     13.9,     84.2,     1003.1,     309.01,     253.9,     88,     -178
73,     17.10.2014 12:11:17,     138.6,     293.46,     304,     0.6,     2.6,     5.8,     14,     83.5,     1003.2,     309.01,     254.1,     88.1,     -178.1,     13.402,     15.74,     76.8
74,     17.10.2014 12:21:17,     121.8,     267.33,     310,     0.3,     2.5,     4.1,     14.1,     82.4,     1003.3,     309.01,     254.1,     88,     -178
75,     17.10.2014 12:31:17,     89.25,     194.97,     301,     1.1,     3.4,     9,     14.2,     79.7,     1003.4,     309.01,     256.6,     88.2,     -178.3
76,     17.10.2014 12:41:17,     63,     140.7,     332,     1.3,     3.5,     8.9,     14.3,     78.7,     1003.5,     309.01,     253.4,     88.1,     -178.1
77,     17.10.2014 12:51:17,     281.4,     568.83,     304,     0.7,     3,     6,     14.3,     77.1,     1003.6,     309.01,     254.1,     88,     -178
78,     17.10.2014 13:01:17,     235.2,     482.4,     336,     1.1,     2.6,     5.6,     14.7,     76.2,     1003.7,     309.01,     253.2,     88.1,     -178
79,     17.10.2014 13:11:16,     144.9,     307.53,     329,     0.7,     3.4,     6.7,     14.9,     73.9,     1003.8,     309.01,     255.2,     88.1,     -178.1,     14.309,     16.44,     76.6
80,     17.10.2014 13:21:16,     73.5,     154.77,     308,     1.5,     3.6,     7.8,     14.8,     75.4,     1003.9,     309.01,     254.6,     88,     -178
81,     17.10.2014 13:31:16,     221.55,     446.22,     294,     2,     4.4,     6.7,     14.5,     76.6,     1003.9,     309.01,     254.4,     88,     -178
82,     17.10.2014 13:41:16,     266.7,     540.69,     308,     1.5,     3.6,     6.6,     14.6,     73.5,     1004,     309.01,     254.5,     88.1,     -178
83,     17.10.2014 13:51:16,     127.05,     267.33,     315,     0.3,     3.2,     6.9,     14.7,     71.1,     1004.1,     309.01,     253.9,     88,     -178
84,     17.10.2014 14:01:16,     73.5,     156.78,     336,     0.9,     3,     6.6,     14.6,     72.3,     1004.2,     309.01,     254.6,     88.1,     -178
85,     17.10.2014 14:11:16,     99.75,     211.05,     329,     0.4,     2.8,     6.4,     14.6,     74.4,     1004.3,     309.01,     253.8,     88,     -178.1,     13.565,     16.79,     76.5
86,     17.10.2014 14:21:16,     93.45,     194.97,     315,     0.8,     2,     3.7,     14.5,     73.9,     1004.4,     309.01,     253.7,     88,     -178
87,     17.10.2014 14:31:16,     96.6,     203.01,     316,     1.2,     2.9,     5.3,     14.5,     73.4,     1004.5,     309.01,     254.1,     88.1,     -178.1
88,     17.10.2014 14:41:16,     80.85,     168.84,     304,     1,     2.8,     6.1,     14.5,     73.4,     1004.5,     309.01,     254.7,     88.1,     -178.1
89,     17.10.2014 14:51:16,     56.7,     118.59,     308,     0.8,     2.7,     5.4,     14.4,     74.8,     1004.7,     309.01,     253.8,     87.9,     -178
90,     17.10.2014 15:01:16,     81.9,     174.87,     302,     1.2,     2.6,     4.5,     14.4,     75.3,     1004.7,     309.01,     254.2,     88,     -178.1
91,     17.10.2014 15:11:22,     58.8,     124.62,     305,     1.2,     2,     3.6,     14.3,     76.3,     1004.8,     309.01,     253.8,     88,     -177.9,     13.591,     16.17,     76.8
92,     17.10.2014 15:21:22,     64.05,     138.69,     293,     0.9,     2.5,     4.2,     14.3,     77.3,     1004.9,     309.01,     253.8,     88,     -178
93,     17.10.2014 15:31:22,     55.65,     118.59,     295,     1.2,     2.3,     3.6,     14.3,     78.1,     1005.1,     309.01,     254.1,     88.1,     -178.1
94,     17.10.2014 15:41:22,     51.45,     110.55,     278,     0.3,     1.7,     2.7,     14.3,     78.4,     1005.1,     309.01,     253.9,     88,     -178
95,     17.10.2014 15:51:22,     37.8,     80.4,     275,     0.9,     1.8,     2.7,     14.4,     79.3,     1005.1,     309.01,     254,     88,     -178
96,     17.10.2014 16:01:22,     32.55,     70.35,     261,     1.3,     2.2,     3.5,     14.4,     78.7,     1005.2,     309.01,     253.9,     87.9,     -177.9
97,     17.10.2014 16:11:16,     29.4,     66.33,     263,     0.9,     2.1,     3.5,     14.4,     79.2,     1005.3,     309.01,     254,     88,     -178,     13.555,     15.52,     77.0
98,     17.10.2014 16:21:16,     21,     46.23,     257,     0.7,     1.6,     2.6,     14.4,     78.8,     1005.5,     309.01,     253.8,     88.1,     -178
99,     17.10.2014 16:31:16,     9.45,     22.11,     245,     0.9,     1.5,     2.2,     14.4,     79.2,     1005.5,     309.01,     253.8,     88,     -178
100,     17.10.2014 16:41:16,     4.2,     12.06,     244,     0.8,     1.7,     3,     14.4,     79.6,     1005.6,     309.01,     254,     88.1,     -178
101,     17.10.2014 16:51:16,     6.3,     14.07,     239,     0.6,     1.8,     2.6,     14.4,     80.4,     1005.6,     309.01,     253.9,     88.1,     -178.1
102,     17.10.2014 17:01:16,     3.15,     8.04,     237,     1.1,     2,     2.7,     14.3,     80.8,     1005.7,     309.01,     253.9,     88.1,     -178.1
103,     17.10.2014 17:11:16,     -3.15,     2.01,     237,     1.1,     1.9,     2.8,     14.2,     81.6,     1005.8,     309.08,     253.7,     88,     -178,     12.707,     14.97,     77.2
104,     17.10.2014 17:21:16,     -4.2,     0,     239,     1.1,     1.9,     3,     14.1,     83.1,     1005.8,     309.08,     253.8,     88.1,     -178.1
105,     17.10.2014 17:31:16,     -5.25,     -2.01,     229,     1.2,     1.9,     2.7,     13.9,     84.4,     1005.9,     309.08,     253.8,     88,     -178
106,     17.10.2014 17:41:16,     -3.15,     0,     246,     0.9,     1.9,     3.4,     14,     84.8,     1006.1,     309.08,     253.8,     88,     -178
107,     17.10.2014 17:51:16,     -4.2,     -2.01,     262,     0.7,     1.8,     2.8,     14.1,     84.7,     1006.2,     309.08,     253.8,     88.1,     -178
108,     17.10.2014 18:01:16,     -2.1,     0,     272,     0.8,     1.9,     3.1,     14.1,     84.5,     1006.3,     309.08,     253.6,     88,     -178
109,     17.10.2014 18:11:16,     -3.15,     -2.01,     286,     0.8,     1.8,     3.7,     14.1,     83.9,     1006.5,     309.08,     253.7,     88.1,     -178.1,     12.650,     14.25,     77.5
110,     17.10.2014 18:21:16,     -3.15,     0,     291,     1.1,     2.4,     4.1,     14.2,     83.5,     1006.6,     309.08,     254,     88.1,     -178.1
111,     17.10.2014 18:31:16,     -3.15,     -2.01,     288,     0.9,     2.6,     4.1,     14.2,     83,     1006.7,     309.08,     254.3,     87.9,     -178
112,     17.10.2014 18:41:16,     -4.2,     -2.01,     281,     1.1,     2.2,     4,     14.2,     83.1,     1006.8,     309.08,     254,     88,     -178
113,     17.10.2014 18:51:16,     -4.2,     2.01,     284,     0.2,     2.4,     3.9,     14.3,     83.2,     1006.9,     309.08,     253.6,     88,     -178
114,     17.10.2014 19:01:16,     -4.2,     0,     295,     0.1,     2.2,     4,     14.2,     83.3,     1007.1,     309.08,     253.8,     88.1,     -178.1
115,     17.10.2014 19:11:17,     -4.2,     0,     296,     1.4,     2.8,     4.5,     14.2,     83.2,     1007.1,     309.08,     253.7,     88.2,     -178.3,     12.637,     14.07,     77.7
116,     17.10.2014 19:21:17,     -3.15,     -2.01,     289,     1,     3.1,     5.1,     14.3,     83.4,     1007.3,     309.08,     254.3,     88,     -178
117,     17.10.2014 19:31:17,     -3.15,     -4.02,     292,     2.1,     3.5,     5.6,     14.3,     83.3,     1007.4,     309.08,     254.8,     88.1,     -178.1
118,     17.10.2014 19:41:17,     -3.15,     -2.01,     291,     1.1,     3.5,     5.6,     14.3,     83.4,     1007.6,     309.08,     254.2,     88,     -178
119,     17.10.2014 19:51:17,     -3.15,     0,     298,     1.9,     3.3,     5.9,     14.2,     83.8,     1007.7,     309.08,     74.7,     88.1,     -1.8
120,     17.10.2014 20:01:17,     -2.1,     -2.01,     300,     1.4,     3.5,     5.7,     14.2,     83.4,     1007.9,     309.08,     253.8,     88,     -178
121,     17.10.2014 20:11:22,     -5.25,     -2.01,     310,     0.5,     2.7,     5.5,     14.1,     84,     1008,     309.08,     253.7,     87.9,     -177.9,     12.611,     14.13,     77.5
122,     17.10.2014 20:21:22,     -4.2,     -2.01,     302,     1.4,     3.4,     7.1,     14.1,     83.8,     1008,     309.08,     253.8,     87.9,     -178
123,     17.10.2014 20:31:22,     -5.25,     -2.01,     300,     0.9,     3.3,     5.2,     13.9,     84.3,     1008.1,     309.08,     253.8,     88,     -178
124,     17.10.2014 20:41:22,     -5.25,     -2.01,     304,     0.3,     2.4,     5.2,     13.7,     84.9,     1008.2,     309.08,     254.1,     88,     -178
125,     17.10.2014 20:51:22,     -4.2,     -2.01,     307,     0.3,     2.3,     5.7,     13.6,     85.6,     1008.4,     309.08,     254,     88.1,     -178.1
126,     17.10.2014 21:01:22,     -5.25,     -2.01,     301,     1.2,     2.7,     4.5,     13.4,     86.2,     1008.4,     309.08,     253.7,     88.1,     -178.1
127,     17.10.2014 21:11:16,     -4.2,     -2.01,     298,     1.4,     2.9,     5.1,     13.4,     86.7,     1008.6,     309.08,     253.9,     88.1,     -178.1,     12.577,     13.29,     77.8
128,     17.10.2014 21:21:16,     -5.25,     -4.02,     291,     0.2,     2.6,     4,     13.2,     87.2,     1008.6,     309.08,     253.7,     88,     -178
129,     17.10.2014 21:31:16,     -4.2,     0,     292,     0.9,     2.2,     3.8,     13.1,     87.4,     1008.8,     309.08,     253.7,     87.9,     -177.9
130,     17.10.2014 21:41:16,     -4.2,     -2.01,     310,     0.1,     1.6,     3.2,     13,     87.8,     1008.8,     309.08,     253.7,     88.1,     -178.1
131,     17.10.2014 21:51:16,     -5.25,     -2.01,     319,     0,     0.9,     1.9,     12.8,     88.4,     1008.8,     309.08,     253.6,     88,     -178
132,     17.10.2014 22:01:16,     -4.2,     0,     320,     0,     0.8,     1.9,     12.7,     88.6,     1008.9,     309.08,     253.6,     88,     -178
133,     17.10.2014 22:11:16,     -4.2,     -2.01,     328,     0.1,     0.9,     1.7,     12.5,     89.1,     1008.9,     309.08,     253.5,     88,     -178,     12.558,     12.33,     78.0
134,     17.10.2014 22:21:16,     -5.25,     -2.01,     323,     0,     0.8,     2.1,     12.4,     89.4,     1009,     309.08,     253.6,     88.1,     -178.1
135,     17.10.2014 22:31:16,     -5.25,     -4.02,     311,     0.1,     0.9,     2.2,     12.2,     89.5,     1009.2,     309.08,     253.7,     88,     -178
136,     17.10.2014 22:41:16,     -3.15,     -2.01,     305,     0,     1,     2.2,     12.2,     90,     1009.3,     309.08,     253.5,     88,     -178
137,     17.10.2014 22:51:16,     -5.25,     -4.02,     308,     0,     0.8,     2.6,     12,     90.2,     1009.5,     309.08,     253.7,     88,     -178
138,     17.10.2014 23:01:16,     -3.15,     -2.01,     299,     0.1,     1.3,     3.1,     12,     90.6,     1009.7,     309.08,     253.6,     88,     -178
139,     17.10.2014 23:11:22,     -3.15,     0,     296,     0.2,     1.8,     3.7,     12.1,     90.7,     1009.8,     309.08,     253.6,     88,     -178,     12.550,     11.53,     78.3
140,     17.10.2014 23:21:22,     -3.15,     -2.01,     302,     0.2,     1.4,     2.9,     12.1,     90.8,     1009.8,     309.08,     253.6,     88,     -178
141,     17.10.2014 23:31:22,     -4.2,     -2.01,     318,     0,     0.9,     2.8,     12,     90.8,     1010.1,     309.08,     253.5,     88,     -178.1
142,     17.10.2014 23:41:22,     -3.15,     0,     335,     0,     0.7,     1.8,     11.9,     90.9,     1010.2,     309.08,     253.6,     88,     -178
143,     17.10.2014 23:51:22,     -1.05,     -2.01,     301,     0,     0.8,     1.9,     12,     91.2,     1010.4,     309.08,     253.3,     88,     -178
144,     18.10.2014 00:01:22,     -2.1,     -2.01,     294,     0.1,     1.1,     2.1,     12,     91.1,     1010.5,     309.08,     253.5,     88.1,     -178.1,     12.395,     11.47,     78.3