Logger: #D10248 'TSK_Meteo' - USP_EXP2 (V2.10, Jan 24 2012)
No,     Time,     #1:W/m²:0,     #2:ÂµMol:(do.),     #5:deg:2,     #6:m/sMIN:(do.),     #7:m/sMIT:(do.),     #8:m/sMAX:(do.),     #9:Â°C:(do.),     #10:%:(do.),     #11:hPa:(do.),     #12:mm:(do.),     #14:AZ:3,     #15:EL:(do.),     #16:Roll:(do.),     #HK-Bat:V,     #HK-Temp:oC,     #HK-rH:%
(GSM Transfer OK / Signal:14)
1,     30.08.2014 00:11:16,     -3.15,     -2.01,     180,     0.1,     0.7,     2.3,     12.3,     93,     1007.2,     225.78,     255.2,     87.8,     -177.9,     12.493,     12.67,     68.5
2,     30.08.2014 00:21:16,     -3.15,     -4.02,     214,     0.1,     0.5,     0.9,     12.5,     93.1,     1007.3,     225.78,     255.2,     87.9,     -177.9
3,     30.08.2014 00:31:16,     0,     -2.01,     302,     0.2,     0.8,     1.5,     12.8,     93.2,     1007.4,     225.78,     255.3,     87.8,     -177.8
4,     30.08.2014 00:41:16,     -2.1,     -2.01,     288,     0,     0.7,     2.3,     12.8,     93,     1007.5,     225.78,     255.3,     88,     -178
5,     30.08.2014 00:51:16,     -3.15,     -4.02,     290,     0,     0.7,     1.7,     12.8,     92.8,     1007.5,     225.78,     255.4,     87.9,     -177.9
6,     30.08.2014 01:01:16,     -2.1,     -2.01,     237,     0,     0.6,     1.6,     12.8,     92.7,     1007.3,     225.78,     255.3,     87.9,     -177.9
7,     30.08.2014 01:11:22,     0,     0,     171,     0.1,     0.8,     1.6,     13,     92.9,     1007.3,     225.78,     255.3,     87.9,     -177.9,     12.514,     12.95,     69.4
8,     30.08.2014 01:21:22,     -3.15,     -2.01,     199,     0.6,     1.1,     1.6,     13.2,     92.9,     1007.2,     225.78,     255.3,     87.9,     -177.9
9,     30.08.2014 01:31:22,     -1.05,     -4.02,     160,     0,     0.9,     1.6,     13.2,     92.8,     1007.2,     225.78,     255.3,     87.8,     -177.9
10,     30.08.2014 01:41:22,     -2.1,     -2.01,     174,     0.1,     0.6,     1,     13.3,     92.7,     1007.3,     225.78,     255.4,     87.9,     -177.9
11,     30.08.2014 01:51:22,     -2.1,     -2.01,     147,     0.1,     0.7,     1.4,     13.3,     92.6,     1007.2,     225.85,     255.4,     87.9,     -177.9
12,     30.08.2014 02:01:22,     -1.05,     0,     158,     0.4,     1.2,     2.2,     13.2,     92.1,     1007,     225.85,     255.3,     88,     -178
13,     30.08.2014 02:11:21,     -3.15,     -2.01,     179,     0.2,     0.9,     1.6,     13.2,     92.3,     1007.1,     225.85,     255.4,     87.9,     -177.9,     12.471,     13.57,     69.2
14,     30.08.2014 02:21:21,     -2.1,     0,     204,     0.8,     1.6,     2.2,     13,     91.9,     1007.1,     225.85,     255.3,     87.9,     -177.9
15,     30.08.2014 02:31:21,     -4.2,     -2.01,     197,     0.2,     1.3,     2.2,     12.9,     91.9,     1007.2,     225.85,     255.4,     87.8,     -177.9
16,     30.08.2014 02:41:21,     -2.1,     -2.01,     190,     1,     1.7,     2.2,     13,     91.9,     1007.2,     225.85,     255.4,     88,     -178
17,     30.08.2014 02:51:21,     -4.2,     -2.01,     197,     0.7,     1.2,     1.8,     12.9,     91.8,     1007.2,     225.85,     255.5,     87.9,     -178
18,     30.08.2014 03:01:21,     -4.2,     -2.01,     207,     0.6,     1.2,     1.7,     12.8,     91.7,     1007.2,     225.85,     255.4,     87.8,     -177.9
19,     30.08.2014 03:11:22,     -4.2,     -4.02,     194,     0.7,     1.5,     2,     12.7,     91.7,     1007.3,     225.85,     255.4,     87.9,     -178,     12.438,     13.18,     69.4
20,     30.08.2014 03:21:22,     -3.15,     0,     194,     0.6,     1.3,     1.9,     12.7,     91.9,     1007.2,     225.85,     255.3,     87.8,     -177.9
21,     30.08.2014 03:31:22,     -3.15,     -2.01,     187,     0.3,     1,     1.7,     12.7,     92,     1007.2,     225.85,     255.3,     87.9,     -177.9
22,     30.08.2014 03:41:22,     -3.15,     -2.01,     176,     0.3,     1,     1.5,     12.8,     92.1,     1007.2,     225.85,     255.3,     87.9,     -177.9
23,     30.08.2014 03:51:22,     -1.05,     -2.01,     147,     0.2,     0.9,     1.5,     12.9,     92.2,     1007.1,     225.85,     255.2,     87.9,     -177.9
24,     30.08.2014 04:01:22,     -4.2,     -2.01,     198,     0.1,     1.1,     1.8,     12.8,     92,     1007.1,     225.85,     255.3,     87.9,     -177.9
25,     30.08.2014 04:11:16,     -4.2,     -4.02,     194,     1,     1.5,     1.9,     12.6,     92,     1007,     225.85,     255.4,     88,     -177.9,     12.412,     12.86,     69.5
26,     30.08.2014 04:21:16,     -4.2,     0,     192,     0.6,     1,     1.4,     12.6,     92.2,     1007,     225.85,     255.4,     87.7,     -177.7
27,     30.08.2014 04:31:16,     -3.15,     0,     213,     0.5,     1.1,     1.7,     12.6,     92.2,     1007.1,     225.85,     255.3,     87.9,     -177.9
28,     30.08.2014 04:41:16,     -4.2,     0,     186,     1,     1.5,     2,     12.2,     91.7,     1007.1,     225.85,     255.3,     87.9,     -177.8
29,     30.08.2014 04:51:16,     -4.2,     -2.01,     179,     0.7,     1.2,     1.8,     12.1,     92,     1007.2,     225.85,     255.3,     87.8,     -177.8
30,     30.08.2014 05:01:16,     -2.1,     0,     176,     0.7,     1,     1.5,     12,     92.2,     1007.2,     225.85,     255.2,     88,     -178
31,     30.08.2014 05:11:16,     0,     4.02,     187,     0.6,     1,     1.4,     12,     92.3,     1007.2,     225.85,     255.1,     87.8,     -177.8,     12.365,     12.31,     69.7
32,     30.08.2014 05:21:16,     1.05,     12.06,     182,     0.7,     1.1,     1.5,     11.9,     92.1,     1007.2,     225.85,     255.2,     87.9,     -177.9
33,     30.08.2014 05:31:16,     6.3,     20.1,     201,     0.6,     1.2,     1.8,     11.8,     92.2,     1007.2,     225.85,     255.3,     87.8,     -177.9
34,     30.08.2014 05:41:16,     12.6,     32.16,     197,     0.6,     1.2,     1.7,     11.8,     92.3,     1007.2,     225.85,     255.3,     87.8,     -177.8
35,     30.08.2014 05:51:16,     21,     46.23,     184,     0.8,     1.4,     1.8,     11.7,     92.2,     1007.2,     225.85,     255.3,     87.9,     -177.9
36,     30.08.2014 06:01:16,     40.95,     86.43,     190,     0.5,     1.1,     1.7,     11.8,     92.4,     1007.2,     225.85,     255.3,     87.8,     -177.9
37,     30.08.2014 06:11:16,     67.2,     150.75,     0,     0,     0,     0,     11.9,     92.5,     1007.3,     225.86,     255.5,     87.9,     -177.9,     12.783,     12.15,     69.8
38,     30.08.2014 06:21:16,     135.45,     253.26,     0,     0,     0,     0,     12,     92.4,     1007.3,     225.86,     255.5,     87.9,     -177.9
39,     30.08.2014 06:31:16,     111.3,     237.18,     0,     0,     0,     0,     12.3,     92.5,     1007.3,     225.86,     255.5,     88,     -177.9
40,     30.08.2014 06:41:16,     116.55,     237.18,     185,     0.8,     2,     3.6,     12.5,     92.4,     1007.3,     225.86,     255.3,     87.9,     -177.9
41,     30.08.2014 06:51:16,     84,     178.89,     190,     1,     1.8,     3.3,     12.7,     92.2,     1007.4,     225.86,     255.4,     87.9,     -177.9
42,     30.08.2014 07:01:16,     85.05,     180.9,     177,     1.2,     1.8,     2.8,     12.9,     92,     1007.4,     225.86,     255.4,     87.9,     -177.9
43,     30.08.2014 07:11:22,     133.35,     277.38,     182,     1.2,     1.9,     2.7,     13,     91.6,     1007.4,     225.86,     255.6,     87.9,     -178,     13.510,     14.09,     69.3
44,     30.08.2014 07:21:22,     155.4,     309.54,     178,     1.3,     2.5,     4.2,     13.3,     91.5,     1007.4,     225.86,     255.6,     88,     -178
45,     30.08.2014 07:31:22,     105,     217.08,     174,     0.4,     3,     4.5,     13.7,     91.4,     1007.5,     225.86,     255.4,     87.9,     -178
46,     30.08.2014 07:41:22,     71.4,     156.78,     212,     0.4,     1.4,     2.4,     13.9,     90.5,     1007.5,     225.86,     255.5,     87.9,     -177.9
47,     30.08.2014 07:51:22,     68.25,     148.74,     213,     0.6,     1.5,     2.4,     14.1,     89.2,     1007.5,     225.86,     255.4,     88,     -178
48,     30.08.2014 08:01:22,     65.1,     140.7,     189,     0.8,     1.5,     2.6,     14.3,     88.8,     1007.4,     225.86,     255.4,     87.9,     -177.9
49,     30.08.2014 08:11:16,     88.2,     190.95,     187,     0.7,     1.5,     2.4,     14.3,     88.3,     1007.5,     225.86,     255.5,     87.9,     -177.9,     13.657,     15.57,     68.8
50,     30.08.2014 08:21:16,     164.85,     347.73,     181,     0.7,     1.2,     2,     14.4,     88.4,     1007.5,     225.86,     255.5,     87.9,     -177.9
51,     30.08.2014 08:31:16,     234.15,     488.43,     189,     0.4,     1.4,     2.4,     14.4,     86.9,     1007.5,     225.86,     255.5,     88,     -178
52,     30.08.2014 08:41:16,     233.1,     486.42,     209,     0.7,     1.6,     2.6,     14.6,     86.6,     1007.6,     225.86,     255.6,     87.9,     -177.9
53,     30.08.2014 08:51:16,     233.1,     488.43,     244,     0.6,     1.7,     2.7,     15,     85.8,     1007.6,     225.86,     255.6,     87.9,     -177.9
54,     30.08.2014 09:01:16,     212.1,     450.24,     246,     0.4,     2,     4,     15.2,     85.4,     1007.7,     225.86,     255.7,     88,     -178
55,     30.08.2014 09:11:22,     247.8,     526.62,     244,     0.8,     2.1,     4.2,     15.5,     84.4,     1007.7,     225.86,     255.7,     87.9,     -177.9,     13.576,     17.46,     68.3
56,     30.08.2014 09:21:22,     231,     492.45,     239,     0.5,     2,     3.6,     15.6,     83.5,     1007.6,     225.86,     255.8,     87.7,     -177.8
57,     30.08.2014 09:31:22,     206.85,     438.18,     229,     1.2,     2.3,     4,     15.7,     84,     1007.5,     225.86,     255.7,     88,     -178
58,     30.08.2014 09:41:22,     259.35,     542.7,     218,     1,     2.2,     3.5,     15.9,     83.4,     1007.5,     225.86,     255.8,     87.9,     -177.9
59,     30.08.2014 09:51:22,     288.75,     617.07,     224,     0.9,     2.5,     3.8,     16,     83,     1007.6,     225.86,     255.9,     88,     -178
60,     30.08.2014 10:01:22,     228.9,     494.46,     240,     1.2,     2.7,     4.2,     16.1,     82.5,     1007.6,     225.86,     255.9,     88,     -178
61,     30.08.2014 10:11:16,     202.65,     444.21,     219,     1.1,     2.3,     4,     16.3,     82.3,     1007.6,     225.86,     255.4,     88,     -178,     13.417,     18.98,     68.0
62,     30.08.2014 10:21:16,     279.3,     607.02,     220,     0.7,     1.8,     3.2,     16.4,     82.2,     1007.7,     225.86,     255.6,     87.9,     -177.9
63,     30.08.2014 10:31:16,     536.55,     1131.63,     242,     0.7,     1.7,     3.4,     16.8,     80.8,     1007.7,     225.86,     255.7,     87.9,     -177.9
64,     30.08.2014 10:41:16,     513.45,     1077.36,     267,     0.8,     2.8,     5,     17.2,     77.7,     1007.7,     225.86,     256.2,     88,     -177.9
65,     30.08.2014 10:51:16,     543.9,     1115.55,     261,     2,     4.1,     6.6,     17.5,     72.2,     1007.7,     225.86,     256.3,     88,     -178.1
66,     30.08.2014 11:01:16,     475.65,     970.83,     255,     1.9,     3.9,     5.7,     17.6,     70.2,     1007.7,     225.86,     256.2,     87.9,     -177.8
67,     30.08.2014 11:11:27,     483,     960.78,     269,     1.3,     3.6,     5.8,     17.9,     67.9,     1007.6,     225.86,     256.3,     87.9,     -177.9,     13.245,     21.70,     67.1
68,     30.08.2014 11:21:27,     639.45,     1248.21,     268,     1.8,     3.8,     6.2,     18.1,     68.8,     1007.6,     225.86,     256,     88,     -178
69,     30.08.2014 11:31:27,     444.15,     914.55,     256,     1.9,     3.3,     4.8,     18.3,     69.1,     1007.6,     225.86,     256.2,     87.8,     -177.9
70,     30.08.2014 11:41:27,     306.6,     623.1,     266,     0.4,     2.9,     4.9,     18.3,     68.7,     1007.5,     225.86,     255.9,     87.9,     -177.9
71,     30.08.2014 11:51:27,     318.15,     651.24,     267,     0.9,     2.1,     3.5,     18.4,     68.7,     1007.4,     225.86,     255.8,     87.9,     -177.9
72,     30.08.2014 12:01:27,     679.35,     1370.82,     260,     0.4,     2.5,     5.4,     18.7,     67.5,     1007.3,     225.86,     256.3,     87.9,     -177.9
73,     30.08.2014 12:11:22,     406.35,     828.12,     269,     1.2,     3.8,     6.2,     19,     63.7,     1007.3,     225.86,     255.9,     87.9,     -177.9,     13.139,     23.30,     66.7
74,     30.08.2014 12:21:22,     506.1,     1033.14,     259,     1.2,     4.8,     7,     19.1,     60.5,     1007.3,     225.86,     256.1,     88,     -178.1
75,     30.08.2014 12:31:22,     425.25,     874.35,     261,     2.8,     5.1,     8.6,     19,     61.8,     1007.3,     225.86,     256.3,     88.1,     -178.1
76,     30.08.2014 12:41:22,     329.7,     679.38,     262,     2.1,     4,     6.5,     19.1,     63.2,     1007.2,     225.86,     76.6,     88,     -2
77,     30.08.2014 12:51:22,     708.75,     1358.76,     254,     2,     4,     6.4,     19.1,     64.3,     1007.3,     225.86,     256,     87.9,     -177.9
78,     30.08.2014 13:01:22,     273,     552.75,     259,     1.9,     3.8,     6.8,     19.2,     62.9,     1007.3,     225.86,     256.1,     88,     -178
79,     30.08.2014 13:11:17,     350.7,     725.61,     247,     2.2,     3.9,     6.5,     19.1,     64.6,     1007.2,     225.86,     256.1,     87.9,     -177.9,     13.302,     23.52,     66.8
80,     30.08.2014 13:21:17,     202.65,     430.14,     254,     1.6,     3.3,     5.6,     19.1,     64.7,     1007.2,     225.86,     256,     87.9,     -177.9
81,     30.08.2014 13:31:17,     103.95,     221.1,     245,     0.7,     3.1,     6.3,     19.1,     65.8,     1007.2,     225.86,     256.1,     88,     -178
82,     30.08.2014 13:41:17,     95.55,     219.09,     257,     1.5,     3.2,     5.8,     18.9,     64.4,     1007.2,     225.86,     256,     87.8,     -177.8
83,     30.08.2014 13:51:17,     33.6,     82.41,     254,     1.8,     3.5,     6.2,     18.8,     66.1,     1007.2,     225.86,     256.3,     88,     -178.1
84,     30.08.2014 14:01:17,     76.65,     176.88,     254,     2.4,     5.5,     9.7,     18.3,     68.3,     1007.3,     225.86,     256.8,     87.6,     -177.7
85,     30.08.2014 14:11:16,     108.15,     247.23,     263,     2.7,     6.1,     9,     17.6,     72.2,     1007.4,     225.86,     77.9,     87.8,     -2.1,     13.468,     21.52,     67.7
86,     30.08.2014 14:21:16,     149.1,     327.63,     267,     2.5,     4.8,     8.3,     17.4,     74.4,     1007.4,     225.86,     256.2,     88,     -177.9
87,     30.08.2014 14:31:16,     121.8,     269.34,     272,     2,     4.6,     7.6,     17.4,     75.3,     1007.4,     225.86,     255.8,     88,     -178
88,     30.08.2014 14:41:16,     98.7,     213.06,     268,     1.1,     4.5,     7.6,     17.4,     73.8,     1007.4,     225.86,     256,     87.6,     -177.6
89,     30.08.2014 14:51:16,     74.55,     174.87,     267,     1.8,     4.1,     6.7,     17.3,     73.1,     1007.4,     225.86,     256.2,     88.1,     -178
90,     30.08.2014 15:01:16,     95.55,     215.07,     267,     1.5,     3.7,     6.1,     17.1,     74.5,     1007.3,     225.86,     256,     87.9,     -177.9
91,     30.08.2014 15:11:16,     95.55,     211.05,     267,     0.8,     3,     4.8,     17.2,     75.6,     1007.3,     225.86,     255.8,     87.9,     -177.9,     13.525,     19.61,     68.3
92,     30.08.2014 15:21:16,     73.5,     162.81,     258,     1.9,     3.6,     6.4,     17.2,     75.9,     1007.3,     225.86,     256.3,     88,     -178
93,     30.08.2014 15:31:16,     85.05,     190.95,     257,     1,     3.4,     6,     17.3,     76.2,     1007.3,     225.86,     255.5,     87.9,     -177.9
94,     30.08.2014 15:41:16,     98.7,     215.07,     257,     1.5,     3.2,     5.1,     17.3,     76.8,     1007.2,     225.86,     255.8,     87.9,     -177.9
95,     30.08.2014 15:51:16,     93.45,     205.02,     268,     1.8,     3.2,     4.8,     17.4,     76.4,     1007.3,     225.86,     256.9,     87.8,     -177.8
96,     30.08.2014 16:01:16,     66.15,     140.7,     271,     0.7,     3,     7.6,     17.4,     75.5,     1007.3,     225.86,     256.1,     88,     -178
97,     30.08.2014 16:11:22,     105,     237.18,     276,     2.1,     4.7,     7.5,     17.2,     77.4,     1007.2,     225.88,     255.9,     87.9,     -177.9,     13.523,     18.99,     68.4
98,     30.08.2014 16:21:22,     113.4,     249.24,     269,     1.6,     3.7,     6.2,     16.9,     79.5,     1007.2,     225.9,     256.4,     88,     -177.9
99,     30.08.2014 16:31:22,     143.85,     309.54,     277,     1.2,     3.1,     6,     16.8,     80.4,     1007.2,     225.9,     255.8,     87.9,     -177.9
100,     30.08.2014 16:41:22,     164.85,     341.7,     263,     1,     3,     5.4,     16.8,     80.5,     1007.1,     225.9,     256.2,     88,     -178
101,     30.08.2014 16:51:22,     154.35,     315.57,     253,     0.5,     2.9,     5.2,     16.8,     82,     1007.1,     225.9,     255.6,     87.9,     -177.9
102,     30.08.2014 17:01:22,     152.25,     301.5,     251,     1.7,     3.1,     4.6,     16.9,     80.9,     1007,     225.9,     255.9,     88.1,     -178.1
103,     30.08.2014 17:11:16,     231,     424.11,     251,     0.8,     2.2,     3.8,     17.1,     81.4,     1006.9,     225.9,     255.6,     87.9,     -177.9,     13.495,     18.75,     68.5
104,     30.08.2014 17:21:16,     54.6,     120.6,     252,     1.2,     2.7,     5.3,     17.2,     80.1,     1006.9,     225.9,     256.7,     88,     -178
105,     30.08.2014 17:31:16,     28.35,     68.34,     256,     1.7,     3.4,     5.5,     17.3,     80.6,     1007,     225.9,     256,     88,     -178
106,     30.08.2014 17:41:16,     22.05,     48.24,     258,     1.5,     3.2,     5.1,     17,     80.6,     1007,     225.9,     255.5,     88,     -178
107,     30.08.2014 17:51:16,     32.55,     72.36,     248,     1.3,     3,     5.5,     16.9,     81.5,     1007,     225.9,     255.8,     88,     -178
108,     30.08.2014 18:01:16,     47.25,     100.5,     244,     1.6,     2.6,     4.6,     16.8,     82,     1006.8,     225.9,     255.8,     87.9,     -177.9
109,     30.08.2014 18:11:22,     34.65,     76.38,     233,     1.7,     2.9,     4.4,     16.8,     82.9,     1006.7,     225.9,     255.8,     87.9,     -178,     13.557,     18.13,     68.6
110,     30.08.2014 18:21:22,     14.7,     36.18,     230,     1.1,     2.4,     3.8,     16.8,     83.3,     1006.6,     225.9,     255.9,     88,     -178
111,     30.08.2014 18:31:22,     9.45,     24.12,     228,     1.4,     2.3,     4,     16.7,     83.6,     1006.6,     225.9,     255.5,     87.9,     -177.9
112,     30.08.2014 18:41:22,     3.15,     10.05,     228,     0.6,     1.8,     2.7,     16.7,     83.9,     1006.6,     225.9,     255.5,     87.9,     -177.9
113,     30.08.2014 18:51:22,     1.05,     8.04,     226,     0.9,     1.6,     2.4,     16.6,     84.4,     1006.6,     225.9,     255.5,     88,     -178
114,     30.08.2014 19:01:22,     -1.05,     4.02,     229,     1,     1.6,     2.5,     16.5,     84.9,     1006.6,     225.9,     255.5,     87.9,     -177.9
115,     30.08.2014 19:11:21,     -2.1,     0,     212,     0.7,     1.5,     2.6,     16.4,     85.4,     1006.6,     225.9,     255.5,     88,     -178,     12.700,     17.05,     68.9
116,     30.08.2014 19:21:21,     -2.1,     -2.01,     207,     0.2,     1.3,     2.1,     16.4,     86,     1006.5,     225.9,     255.4,     87.9,     -177.9
117,     30.08.2014 19:31:21,     -3.15,     -2.01,     201,     0.6,     1.4,     2.3,     16.3,     86.3,     1006.5,     225.91,     255.5,     87.9,     -177.9
118,     30.08.2014 19:41:21,     -2.1,     0,     202,     0.8,     1.8,     3.4,     16.3,     86.8,     1006.6,     225.91,     255.5,     87.9,     -177.9
119,     30.08.2014 19:51:21,     -3.15,     0,     219,     0.8,     1.6,     3,     16.2,     87.2,     1006.6,     225.91,     255.6,     87.9,     -177.9
120,     30.08.2014 20:01:21,     -3.15,     -4.02,     245,     0.6,     1.8,     2.9,     16.3,     87.1,     1006.7,     225.91,     255.7,     88,     -178
121,     30.08.2014 20:11:22,     -5.25,     -2.01,     224,     0.3,     1.8,     3.5,     16.3,     86.4,     1006.8,     225.91,     255.5,     88,     -178,     12.654,     16.51,     69.1
122,     30.08.2014 20:21:22,     -5.25,     -2.01,     207,     0.8,     2.1,     3.6,     16.3,     86,     1006.8,     225.91,     255.4,     88.1,     -178.1
123,     30.08.2014 20:31:22,     -4.2,     -2.01,     221,     0.9,     2.3,     3.7,     16.3,     87,     1006.8,     225.91,     255.6,     87.9,     -178
124,     30.08.2014 20:41:22,     -4.2,     0,     229,     1.2,     2.2,     3.4,     16.2,     87.2,     1006.8,     225.92,     255.5,     87.8,     -177.9
125,     30.08.2014 20:51:22,     -4.2,     -2.01,     229,     1.4,     2.4,     4.6,     16.2,     87.6,     1006.8,     225.97,     255.8,     88,     -178
126,     30.08.2014 21:01:22,     -4.2,     -2.01,     217,     1.4,     2.4,     3.7,     16.1,     87.7,     1006.7,     225.97,     255.4,     88,     -178
127,     30.08.2014 21:11:17,     -3.15,     -2.01,     206,     0.8,     2.1,     3.3,     16.1,     88,     1006.7,     225.97,     255.5,     88,     -178,     12.630,     16.33,     69.1
128,     30.08.2014 21:21:17,     -5.25,     -4.02,     209,     1.1,     1.8,     2.6,     16,     88.2,     1006.7,     225.97,     255.6,     87.9,     -178
129,     30.08.2014 21:31:17,     -3.15,     -2.01,     212,     1.1,     2,     3,     16,     88.5,     1006.6,     225.97,     255.5,     87.9,     -177.9
130,     30.08.2014 21:41:17,     -4.2,     -4.02,     209,     0.7,     1.8,     2.6,     15.9,     88.6,     1006.7,     225.97,     255.4,     87.8,     -177.9
131,     30.08.2014 21:51:17,     -3.15,     0,     210,     1,     1.8,     2.9,     15.8,     88.9,     1006.7,     225.97,     255.5,     87.9,     -177.9
132,     30.08.2014 22:01:17,     -3.15,     0,     209,     1.1,     2.1,     3.2,     15.8,     89.2,     1006.7,     225.97,     255.4,     88,     -178
133,     30.08.2014 22:11:16,     -3.15,     -2.01,     223,     0.9,     1.9,     2.9,     15.8,     89.2,     1006.7,     225.97,     255.6,     88,     -178,     12.594,     16.03,     69.1
134,     30.08.2014 22:21:16,     -4.2,     0,     223,     0.9,     1.8,     3,     15.8,     89.4,     1006.6,     225.97,     255.5,     87.9,     -177.9
135,     30.08.2014 22:31:16,     -3.15,     -2.01,     223,     0.7,     1.6,     2.9,     15.8,     89.5,     1006.6,     225.97,     255.4,     87.9,     -177.9
136,     30.08.2014 22:41:16,     -2.1,     -2.01,     226,     0.9,     1.7,     2.6,     15.8,     89.6,     1006.6,     225.97,     255.5,     87.9,     -177.9
137,     30.08.2014 22:51:16,     -1.05,     -2.01,     223,     0.9,     1.8,     2.7,     15.7,     89.8,     1006.5,     225.97,     255.6,     88,     -178
138,     30.08.2014 23:01:16,     -3.15,     -2.01,     219,     1.1,     2,     3.6,     15.7,     89.9,     1006.4,     225.98,     255.4,     87.9,     -177.9
139,     30.08.2014 23:11:21,     -3.15,     -2.01,     217,     1.1,     2.2,     3.1,     15.7,     89.9,     1006.4,     225.98,     255.5,     87.9,     -177.9,     12.584,     15.96,     69.1
140,     30.08.2014 23:21:21,     -2.1,     -2.01,     228,     0.9,     2,     3.2,     15.7,     89.8,     1006.4,     225.98,     255.5,     87.9,     -178.1
141,     30.08.2014 23:31:21,     -3.15,     -4.02,     224,     1,     2.1,     3.4,     15.7,     89.9,     1006.4,     225.98,     255.6,     88,     -178
142,     30.08.2014 23:41:21,     -2.1,     -2.01,     224,     1.2,     2.4,     3.9,     15.7,     89.9,     1006.3,     225.98,     255.7,     87.9,     -177.9
143,     30.08.2014 23:51:21,     -3.15,     -2.01,     223,     1.2,     2,     2.8,     15.7,     89.8,     1006.3,     225.98,     255.7,     87.9,     -177.9
144,     31.08.2014 00:01:16,     -2.1,     -2.01,     228,     1.3,     2.1,     3.1,     15.7,     90.1,     1006.3,     225.98,     255.5,     87.8,     -177.8,     12.486,     15.97,     69.1