Logger: #D10248 'TSK_Meteo' - USP_EXP2 (V2.10, Jan 24 2012)
No,     Time,     #1:W/m²:0,     #2:ÂµMol:(do.),     #5:deg:2,     #6:m/sMIN:(do.),     #7:m/sMIT:(do.),     #8:m/sMAX:(do.),     #9:Â°C:(do.),     #10:%:(do.),     #11:hPa:(do.),     #12:mm:(do.),     #14:AZ:3,     #15:EL:(do.),     #16:Roll:(do.),     #HK-Bat:V,     #HK-Temp:oC,     #HK-rH:%
(GSM Transfer OK / Signal:16)
1,     21.01.2015 00:11:16,     -3.15,     -2.01,     354,     0.4,     0.9,     1.5,     0,     91.3,     1005.1,     423.29,     73.1,     87.9,     -2,     12.355,     1.46,     89.6
2,     21.01.2015 00:21:16,     -2.1,     -6.03,     352,     0.2,     0.8,     1.6,     0,     91.3,     1005,     423.29,     73.1,     88,     -1.9
3,     21.01.2015 00:31:16,     -3.15,     -2.01,     12,     0.4,     1,     1.5,     0,     91.4,     1004.9,     423.29,     73.1,     87.9,     -2
4,     21.01.2015 00:41:16,     -3.15,     -4.02,     11,     0.3,     1,     1.7,     0.1,     91.4,     1005,     423.29,     73,     88,     -1.9
5,     21.01.2015 00:51:16,     -2.1,     -2.01,     352,     0.4,     1.1,     1.8,     0.1,     91.4,     1005.2,     423.29,     73.1,     88,     -1.9
6,     21.01.2015 01:01:16,     -2.1,     -2.01,     331,     0.3,     1,     1.6,     0,     91.2,     1005.3,     423.29,     73.1,     88,     -1.9
7,     21.01.2015 01:11:16,     -1.05,     -2.01,     339,     0.3,     0.9,     1.6,     0,     91.2,     1005.3,     423.29,     73.1,     88,     -2,     12.401,     0.83,     91.6
8,     21.01.2015 01:21:16,     -3.15,     -2.01,     334,     0.4,     1.2,     2.3,     0,     91.5,     1005.4,     423.29,     73.1,     88,     -1.9
9,     21.01.2015 01:31:16,     -2.1,     -2.01,     347,     0.3,     1.6,     2.8,     0,     91.5,     1005.3,     423.29,     73.1,     87.9,     -2
10,     21.01.2015 01:41:16,     -1.05,     -2.01,     350,     0.8,     1.5,     2.5,     0,     91.3,     1005.3,     423.29,     252.5,     88,     -177.9
11,     21.01.2015 01:51:16,     -1.05,     0,     10,     0.3,     1.2,     2.9,     0,     91.3,     1005.3,     423.29,     73.2,     88,     -1.9
12,     21.01.2015 02:01:16,     -1.05,     -2.01,     344,     0.3,     1,     1.6,     0,     91.2,     1005.3,     423.29,     73.2,     87.9,     -2
13,     21.01.2015 02:11:17,     -1.05,     0,     10,     0.1,     0.9,     1.5,     0,     91.3,     1005.2,     423.29,     73.1,     87.9,     -2,     12.399,     0.77,     91.7
14,     21.01.2015 02:21:17,     -1.05,     -2.01,     355,     0.4,     1,     1.9,     0.1,     91.4,     1005.2,     423.29,     73,     88,     -1.9
15,     21.01.2015 02:31:17,     -1.05,     -2.01,     4,     0.1,     1.2,     2.1,     0.1,     91.3,     1005.1,     423.29,     72.9,     87.9,     -2
16,     21.01.2015 02:41:17,     -1.05,     -2.01,     1,     0.4,     1.5,     2.8,     0.2,     91.4,     1005.2,     423.29,     73,     88,     -1.9
17,     21.01.2015 02:51:17,     -2.1,     -2.01,     356,     0.8,     1.7,     2.9,     0.2,     91.3,     1005.3,     423.29,     73.2,     88,     -1.9
18,     21.01.2015 03:01:17,     -1.05,     0,     352,     0.7,     1.5,     2.7,     0.2,     91.3,     1005.3,     423.29,     73.2,     87.9,     -1.9
19,     21.01.2015 03:11:17,     -1.05,     0,     353,     0.5,     1.2,     1.9,     0.2,     91.2,     1005.4,     423.29,     73.1,     87.9,     -2,     12.404,     0.93,     91.7
20,     21.01.2015 03:21:17,     -2.1,     -2.01,     350,     0.6,     1.4,     2.9,     0.2,     91.1,     1005.4,     423.29,     73.2,     88,     -1.9
21,     21.01.2015 03:31:17,     -2.1,     -2.01,     348,     0.9,     1.7,     2.8,     0.2,     91.1,     1005.4,     423.29,     73,     88,     -1.9
22,     21.01.2015 03:41:17,     -1.05,     0,     359,     0.8,     1.6,     2.4,     0.2,     91.1,     1005.3,     423.29,     73.1,     88,     -1.9
23,     21.01.2015 03:51:17,     -1.05,     -2.01,     7,     0.6,     2.1,     3.5,     0.2,     90.9,     1005.4,     423.29,     73.2,     88,     -1.9
24,     21.01.2015 04:01:17,     -3.15,     -2.01,     6,     1.5,     2.4,     3.4,     0.1,     90.6,     1005.4,     423.29,     73.2,     88,     -1.9
25,     21.01.2015 04:11:16,     -3.15,     -2.01,     7,     0.8,     1.9,     3.4,     0.1,     90.4,     1005.3,     423.29,     253.1,     88,     -178,     13.820,     0.99,     91.7
26,     21.01.2015 04:21:16,     -2.1,     0,     21,     0.7,     1.9,     3,     0.1,     90,     1005.4,     423.29,     73.1,     87.9,     -2
27,     21.01.2015 04:31:16,     -3.15,     -2.01,     23,     0.8,     1.6,     2.6,     0.1,     89.7,     1005.3,     423.29,     73.1,     88,     -1.9
28,     21.01.2015 04:41:16,     -2.1,     0,     21,     0.2,     1.4,     2.8,     0.1,     89.7,     1005.4,     423.29,     73.1,     87.9,     -2
29,     21.01.2015 04:51:16,     -2.1,     -2.01,     18,     0.7,     1.5,     3.3,     0.1,     89.8,     1005.4,     423.29,     73.2,     88,     -1.9
30,     21.01.2015 05:01:16,     -2.1,     -2.01,     346,     0.5,     1.4,     2.7,     0,     89.6,     1005.5,     423.29,     73.1,     87.9,     -2
31,     21.01.2015 05:11:16,     -2.1,     0,     20,     0,     1,     2.7,     0,     89.5,     1005.5,     423.29,     73.1,     88,     -1.9,     12.724,     0.94,     91.7
32,     21.01.2015 05:21:16,     -1.05,     0,     30,     0,     0.9,     2.2,     -0.1,     89.2,     1005.6,     423.29,     73.2,     88,     -1.9
33,     21.01.2015 05:31:16,     -2.1,     0,     315,     0.1,     1.2,     2.1,     -0.1,     89.3,     1005.6,     423.29,     73.2,     87.9,     -2
34,     21.01.2015 05:41:16,     -2.1,     -2.01,     338,     0.5,     1.5,     3.1,     -0.3,     89.1,     1005.8,     423.29,     73.2,     88,     -1.9
35,     21.01.2015 05:51:16,     -1.05,     0,     359,     0.8,     1.8,     3.1,     -0.4,     89.3,     1005.8,     423.29,     72.9,     88,     -1.9
36,     21.01.2015 06:01:16,     -2.1,     -2.01,     11,     1,     2.1,     3.2,     -0.5,     89.8,     1006,     423.29,     73.2,     88,     -1.9
37,     21.01.2015 06:11:16,     -1.05,     -2.01,     341,     0.8,     1.8,     3.5,     -0.7,     89.7,     1006,     423.29,     73.2,     88,     -1.9,     12.539,     0.64,     91.7
38,     21.01.2015 06:21:16,     -1.05,     -2.01,     348,     1,     2.4,     4.3,     -0.9,     90.1,     1006.1,     423.29,     72.8,     88.1,     -1.9
39,     21.01.2015 06:31:16,     -2.1,     0,     7,     1,     2.7,     5.3,     -1.2,     90.4,     1006.2,     423.29,     252.9,     88,     -177.9
40,     21.01.2015 06:41:16,     -1.05,     0,     23,     1.2,     2.7,     4.9,     -1.1,     90.7,     1006.3,     423.29,     72.9,     87.9,     -2
41,     21.01.2015 06:51:16,     -1.05,     -2.01,     35,     1.4,     3.4,     4.9,     -1.3,     90.7,     1006.4,     423.29,     72.8,     88.2,     -1.7
42,     21.01.2015 07:01:16,     -2.1,     -2.01,     43,     2,     3.7,     5,     -1.5,     90.8,     1006.5,     423.29,     72.7,     88,     -1.9
43,     21.01.2015 07:11:17,     -1.05,     -2.01,     24,     1.1,     2.9,     4.3,     -1.4,     91.2,     1006.7,     423.29,     73,     87.7,     -2.2,     12.438,     0.11,     91.7
44,     21.01.2015 07:21:17,     -1.05,     -2.01,     342,     0.8,     1.9,     3.9,     -1.6,     91.2,     1006.7,     423.29,     73.4,     88,     -1.9
45,     21.01.2015 07:31:17,     -3.15,     -4.02,     324,     0.8,     2.1,     3.6,     -1.7,     91.2,     1006.8,     423.29,     73.4,     87.9,     -1.9
46,     21.01.2015 07:41:17,     -1.05,     -2.01,     314,     0.7,     2.1,     3.4,     -1.8,     91.3,     1007,     423.29,     73.2,     88,     -1.9
47,     21.01.2015 07:51:17,     -1.05,     0,     325,     1.1,     2.5,     3.8,     -1.9,     91.4,     1007.1,     423.29,     73.2,     87.9,     -2
48,     21.01.2015 08:01:17,     0,     0,     330,     0.8,     2.2,     4,     -2,     91.4,     1007.2,     423.29,     73.3,     87.9,     -2
49,     21.01.2015 08:11:16,     0,     0,     336,     1,     2.4,     3.9,     -2.1,     91.6,     1007.3,     423.29,     73.1,     87.9,     -2,     13.811,     -0.41,     91.9
50,     21.01.2015 08:21:16,     1.05,     0,     331,     0.9,     2.1,     3.7,     -2.1,     91.7,     1007.4,     423.29,     73.2,     87.9,     -2
51,     21.01.2015 08:31:16,     2.1,     2.01,     333,     0.9,     2.4,     4.4,     -2.3,     91.6,     1007.5,     423.29,     73.3,     87.9,     -2
52,     21.01.2015 08:41:16,     3.15,     4.02,     355,     0.3,     1.8,     4.1,     -2.2,     91.8,     1007.6,     423.29,     252.8,     87.9,     -177.9
53,     21.01.2015 08:51:16,     3.15,     2.01,     318,     0.6,     1.8,     3.2,     -2.2,     91.8,     1007.7,     423.29,     73.1,     87.9,     -1.9
54,     21.01.2015 09:01:16,     5.25,     8.04,     321,     0.7,     1.9,     3.7,     -2.1,     92,     1007.8,     423.29,     72.9,     87.9,     -2
55,     21.01.2015 09:11:16,     6.3,     6.03,     26,     0.9,     1.8,     3.7,     -2.1,     92,     1007.8,     423.29,     253,     88,     -177.9,     12.764,     -0.79,     92.1
56,     21.01.2015 09:21:16,     12.6,     14.07,     32,     0.8,     2.2,     4.6,     -2.4,     91.6,     1007.9,     423.29,     73,     87.8,     -2.1
57,     21.01.2015 09:31:16,     17.85,     20.1,     9,     0.8,     2,     3.7,     -2.3,     91.7,     1008,     423.29,     72.9,     88,     -1.9
58,     21.01.2015 09:41:16,     17.85,     20.1,     348,     0.6,     2.2,     4.1,     -2.3,     91.8,     1008.1,     423.29,     73.4,     88,     -1.9
59,     21.01.2015 09:51:16,     22.05,     24.12,     12,     0.5,     1.9,     3.7,     -2.2,     91.7,     1008.2,     423.29,     253,     87.9,     -177.9
60,     21.01.2015 10:01:16,     19.95,     22.11,     44,     0.9,     2.5,     4.9,     -2.3,     91.7,     1008.3,     423.29,     72.8,     87.8,     -2.1
61,     21.01.2015 10:11:16,     18.9,     20.1,     9,     0.9,     2,     4.1,     -2.2,     91.8,     1008.4,     423.29,     253.1,     87.9,     -177.9,     12.599,     -0.79,     92.1
62,     21.01.2015 10:21:16,     30.45,     34.17,     353,     0.8,     2,     4.3,     -2.3,     91.6,     1008.3,     423.29,     73,     88,     -1.9
63,     21.01.2015 10:31:16,     35.7,     36.18,     24,     0.7,     1.9,     3.3,     -2.3,     91.7,     1008.4,     423.29,     73.4,     87.9,     -2
64,     21.01.2015 10:41:16,     43.05,     44.22,     17,     0.6,     2,     3.8,     -2.3,     91.6,     1008.4,     423.29,     73,     88,     -1.9
65,     21.01.2015 10:51:16,     48.3,     50.25,     31,     0.7,     2.1,     4.1,     -2.3,     91.5,     1008.5,     423.29,     252.9,     87.9,     -177.9
66,     21.01.2015 11:01:16,     48.3,     50.25,     322,     0.4,     1.3,     2.7,     -2.2,     91.5,     1008.6,     423.29,     73.1,     88,     -1.9
67,     21.01.2015 11:11:17,     44.1,     48.24,     297,     0.5,     2.1,     3.2,     -2.1,     91.5,     1008.6,     423.29,     73.1,     88,     -1.9,     12.681,     -0.41,     92.2
68,     21.01.2015 11:21:17,     54.6,     58.29,     273,     0.4,     1.8,     3.3,     -2.1,     91.3,     1008.7,     423.29,     73.2,     88,     -2
69,     21.01.2015 11:31:17,     51.45,     54.27,     207,     0.6,     1.9,     3.2,     -2,     91.2,     1008.7,     423.29,     73.4,     87.9,     -2
70,     21.01.2015 11:41:17,     57.75,     62.31,     206,     1.1,     2.3,     3.5,     -2,     91.1,     1008.8,     423.29,     73.5,     87.9,     -2
71,     21.01.2015 11:51:17,     57.75,     62.31,     208,     0.7,     1.8,     2.6,     -2,     91,     1008.8,     423.29,     73.3,     87.9,     -2
72,     21.01.2015 12:01:17,     56.7,     60.3,     215,     0.5,     1.5,     2.4,     -2,     90.8,     1008.8,     423.29,     73,     88,     -1.9
73,     21.01.2015 12:11:16,     54.6,     58.29,     225,     0.4,     1.4,     3.1,     -1.9,     90.7,     1008.9,     423.29,     73.3,     88,     -1.9,     13.820,     0.19,     91.9
74,     21.01.2015 12:21:16,     49.35,     52.26,     242,     0.1,     1.2,     3,     -1.7,     90.6,     1008.9,     423.29,     73.5,     88,     -1.9
75,     21.01.2015 12:31:16,     48.3,     50.25,     208,     0.4,     1.6,     2.6,     -1.8,     90.2,     1008.9,     423.29,     73.1,     87.9,     -2
76,     21.01.2015 12:41:16,     50.4,     52.26,     229,     0.8,     1.8,     3,     -1.7,     90.1,     1008.9,     423.29,     73.5,     88,     -1.9
77,     21.01.2015 12:51:16,     51.45,     52.26,     251,     0.4,     2,     3.6,     -1.8,     89.8,     1009,     423.29,     73.3,     87.9,     -2
78,     21.01.2015 13:01:16,     56.7,     60.3,     240,     0.3,     1.6,     3.4,     -1.7,     90.1,     1009,     423.29,     73.5,     88,     -2
79,     21.01.2015 13:11:16,     54.6,     58.29,     277,     0.4,     1.7,     3,     -1.7,     90,     1008.8,     423.29,     73.5,     88,     -1.9,     12.709,     0.57,     91.8
80,     21.01.2015 13:21:16,     49.35,     52.26,     252,     0.2,     1.2,     2.4,     -1.6,     90.1,     1008.8,     423.29,     73.3,     88,     -1.9
81,     21.01.2015 13:31:16,     61.95,     64.32,     292,     0.2,     2,     3.2,     -1.7,     89.7,     1008.9,     423.29,     73.2,     88,     -1.9
82,     21.01.2015 13:41:16,     59.85,     60.3,     274,     0.3,     1.6,     2.6,     -1.6,     89.7,     1008.9,     423.29,     73.5,     88,     -1.9
83,     21.01.2015 13:51:16,     58.8,     60.3,     254,     0.1,     1.3,     2.4,     -1.6,     89.9,     1008.8,     423.29,     73.3,     88,     -1.9
84,     21.01.2015 14:01:16,     60.9,     62.31,     310,     0.2,     1.6,     2.8,     -1.5,     89.7,     1008.7,     423.29,     73.3,     87.9,     -2
85,     21.01.2015 14:11:17,     48.3,     48.24,     312,     0.2,     1.5,     2.8,     -1.5,     89.3,     1008.8,     423.29,     73.3,     88,     -1.9,     12.783,     0.83,     91.7
86,     21.01.2015 14:21:17,     46.2,     48.24,     339,     0,     0.9,     2.5,     -1.5,     89.1,     1008.7,     423.29,     73.2,     87.9,     -2
87,     21.01.2015 14:31:17,     43.05,     44.22,     48,     0.7,     1.6,     2.8,     -1.6,     89.2,     1008.7,     423.29,     73.1,     87.9,     -2
88,     21.01.2015 14:41:17,     38.85,     40.2,     44,     0,     0.7,     1.9,     -1.4,     89.3,     1008.7,     423.29,     73.1,     88,     -1.9
89,     21.01.2015 14:51:17,     33.6,     36.18,     7,     0.1,     1.1,     2.8,     -1.3,     89.1,     1008.8,     423.29,     73,     87.9,     -2
90,     21.01.2015 15:01:17,     25.2,     26.13,     35,     0,     0.9,     2.2,     -1.3,     89.2,     1008.9,     423.29,     73.1,     87.9,     -2
91,     21.01.2015 15:11:16,     22.05,     22.11,     303,     0,     0.8,     1.6,     -1.4,     89,     1008.9,     423.29,     73.1,     87.9,     -2,     12.637,     0.75,     91.6
92,     21.01.2015 15:21:16,     19.95,     20.1,     328,     0.1,     0.9,     2,     -1.4,     89.1,     1008.9,     423.29,     73.2,     87.8,     -2.1
93,     21.01.2015 15:31:16,     14.7,     14.07,     37,     0.1,     0.7,     1.6,     -1.4,     89.1,     1008.9,     423.29,     73.3,     87.9,     -2
94,     21.01.2015 15:41:16,     11.55,     12.06,     69,     0,     0.7,     2.3,     -1.4,     89,     1008.9,     423.29,     72.9,     87.9,     -2
95,     21.01.2015 15:51:16,     11.55,     12.06,     97,     0,     0.9,     2.3,     -1.5,     89,     1008.9,     423.29,     73.2,     87.9,     -2
96,     21.01.2015 16:01:16,     6.3,     8.04,     129,     0,     0.5,     1.7,     -1.4,     89.1,     1008.9,     423.29,     73.2,     88,     -1.9
97,     21.01.2015 16:11:17,     5.25,     8.04,     157,     0,     1.2,     2.5,     -1.6,     88.8,     1008.9,     423.29,     73,     88,     -1.9,     12.488,     0.37,     91.7
98,     21.01.2015 16:21:17,     3.15,     4.02,     119,     0,     0.8,     2.1,     -1.6,     88.8,     1009,     423.29,     73.1,     88,     -1.9
99,     21.01.2015 16:31:17,     1.05,     0,     26,     0,     0.6,     1.8,     -1.6,     89,     1009.1,     423.29,     73.2,     87.9,     -2
100,     21.01.2015 16:41:17,     -1.05,     -2.01,     42,     0,     0.8,     2.1,     -1.5,     89.2,     1009.2,     423.29,     73.2,     87.9,     -2
101,     21.01.2015 16:51:17,     -1.05,     0,     238,     0.2,     1.4,     2.7,     -1.5,     89.3,     1009.3,     423.29,     73.4,     87.9,     -2
102,     21.01.2015 17:01:17,     -1.05,     0,     188,     0.7,     1.7,     2.7,     -1.6,     89.5,     1009.3,     423.29,     73,     87.9,     -2
103,     21.01.2015 17:11:16,     -1.05,     -2.01,     190,     0.9,     2.1,     3.9,     -1.7,     89.4,     1009.5,     423.29,     73.5,     88,     -1.9,     12.431,     -0.19,     91.9
104,     21.01.2015 17:21:16,     -2.1,     -2.01,     217,     0.6,     2.1,     4,     -1.8,     89.8,     1009.6,     423.29,     73.2,     88,     -2
105,     21.01.2015 17:31:16,     -2.1,     -2.01,     268,     0.4,     1.8,     3.8,     -1.9,     89.7,     1009.6,     423.29,     73.1,     88,     -1.9
106,     21.01.2015 17:41:16,     -2.1,     -4.02,     313,     0.4,     1.8,     3.5,     -1.9,     89.9,     1009.7,     423.29,     73.2,     87.9,     -1.9
107,     21.01.2015 17:51:16,     0,     -2.01,     297,     0.1,     1.1,     3,     -1.9,     90,     1009.7,     423.29,     73.2,     88,     -1.9
108,     21.01.2015 18:01:16,     -1.05,     0,     318,     0.2,     1,     3.3,     -1.9,     90.2,     1009.7,     423.29,     73.2,     88,     -1.9
109,     21.01.2015 18:11:16,     -2.1,     -2.01,     308,     0.1,     1.1,     2.6,     -2,     90.2,     1009.7,     423.29,     73.1,     88,     -2,     12.794,     -0.61,     92.0
110,     21.01.2015 18:21:16,     -1.05,     -2.01,     325,     0.1,     1,     2.7,     -2,     90.2,     1009.9,     423.29,     73.1,     88,     -1.9
111,     21.01.2015 18:31:16,     -1.05,     0,     221,     0.1,     1,     2.3,     -2,     90.3,     1010.1,     423.29,     253,     87.9,     -177.9
112,     21.01.2015 18:41:16,     -1.05,     -2.01,     163,     0.5,     1.4,     2.8,     -2.1,     90.6,     1010.1,     423.29,     252.9,     87.9,     -177.9
113,     21.01.2015 18:51:16,     -1.05,     0,     181,     0.4,     1.7,     4.3,     -2.2,     90.7,     1010.4,     423.29,     73.2,     87.9,     -2
114,     21.01.2015 19:01:16,     1.05,     2.01,     233,     0.3,     1.4,     2.8,     -2.1,     91.1,     1010.5,     423.29,     72.8,     87.9,     -2
115,     21.01.2015 19:11:16,     -1.05,     -4.02,     158,     0.3,     1.6,     3.3,     -2.4,     90.9,     1010.5,     423.29,     252.9,     87.8,     -177.8,     12.533,     -0.95,     92.1
116,     21.01.2015 19:21:16,     -1.05,     -2.01,     187,     0.1,     1.5,     2.9,     -2.4,     91.2,     1010.6,     423.29,     73,     87.9,     -1.9
117,     21.01.2015 19:31:16,     0,     -2.01,     165,     1,     2,     3.4,     -2.5,     91.3,     1010.6,     423.29,     73.2,     87.9,     -2
118,     21.01.2015 19:41:16,     -1.05,     0,     210,     0.3,     1.4,     2.8,     -2.6,     91.4,     1010.6,     423.29,     73.1,     88,     -1.9
119,     21.01.2015 19:51:16,     -1.05,     -2.01,     177,     0.5,     1.5,     2.6,     -2.5,     91.6,     1010.6,     423.29,     73.1,     87.9,     -2
120,     21.01.2015 20:01:16,     -1.05,     -2.01,     228,     0.4,     1.6,     3.2,     -2.5,     91.6,     1010.6,     423.29,     73.2,     87.9,     -2
121,     21.01.2015 20:11:16,     -2.1,     -4.02,     245,     0.1,     1.3,     2.7,     -2.5,     91.7,     1010.7,     423.29,     253.1,     87.9,     -177.9,     12.427,     -1.25,     92.1
122,     21.01.2015 20:21:16,     -1.05,     0,     165,     0.2,     1.2,     2.8,     -2.4,     91.7,     1010.8,     423.29,     73.2,     88,     -1.9
123,     21.01.2015 20:31:16,     -1.05,     -4.02,     172,     0.1,     1.1,     2.3,     -2.4,     91.7,     1010.9,     423.29,     73.1,     88,     -1.9
124,     21.01.2015 20:41:16,     1.05,     2.01,     207,     0.1,     1,     2.3,     -2.3,     91.8,     1010.8,     423.29,     253,     88,     -178
125,     21.01.2015 20:51:16,     -1.05,     -2.01,     179,     0.1,     1.4,     3.2,     -2.3,     91.7,     1010.8,     423.29,     253,     88,     -177.9
126,     21.01.2015 21:01:16,     -1.05,     0,     185,     0.4,     1.6,     3.2,     -2.3,     91.7,     1010.8,     423.29,     73,     87.9,     -2
127,     21.01.2015 21:11:17,     -1.05,     -2.01,     141,     0.2,     1,     1.9,     -2.4,     91.6,     1010.9,     423.29,     72.8,     87.9,     -2,     12.410,     -1.29,     92.2
128,     21.01.2015 21:21:17,     -1.05,     -2.01,     172,     0.2,     1.3,     2.2,     -2.4,     91.8,     1010.9,     423.29,     253.1,     87.9,     -177.9
129,     21.01.2015 21:31:17,     -2.1,     -2.01,     231,     0,     1.1,     2.6,     -2.4,     91.6,     1010.9,     423.29,     73.2,     87.9,     -2
130,     21.01.2015 21:41:17,     -1.05,     -2.01,     198,     0.1,     1.3,     2.8,     -2.6,     91.5,     1010.9,     423.29,     72.9,     88,     -2
131,     21.01.2015 21:51:17,     -1.05,     0,     186,     0,     0.9,     2.1,     -2.6,     91.6,     1011,     423.29,     73,     88,     -1.9
132,     21.01.2015 22:01:17,     -1.05,     -2.01,     198,     0.1,     0.8,     2.1,     -2.5,     91.7,     1011,     423.29,     252.9,     87.9,     -177.9
133,     21.01.2015 22:11:17,     -2.1,     -2.01,     126,     0,     1,     2.1,     -2.6,     91.6,     1011,     423.29,     73,     88,     -1.9,     13.835,     -1.39,     92.2
134,     21.01.2015 22:21:17,     -1.05,     -2.01,     199,     0,     0.9,     2,     -2.5,     91.7,     1011.1,     423.29,     253,     88,     -178
135,     21.01.2015 22:31:17,     -1.05,     -2.01,     267,     0,     0.8,     3.2,     -2.5,     91.7,     1011,     423.29,     73,     88,     -1.9
136,     21.01.2015 22:41:17,     -1.05,     -2.01,     330,     0,     0.7,     1.6,     -2.5,     91.6,     1011,     423.29,     73,     88,     -2
137,     21.01.2015 22:51:17,     -2.1,     -2.01,     48,     0.1,     0.9,     1.9,     -2.5,     91.7,     1011,     423.29,     73.1,     87.9,     -2
138,     21.01.2015 23:01:17,     -1.05,     2.01,     93,     0,     1.3,     2.3,     -2.8,     91.4,     1010.9,     423.29,     72.9,     88,     -1.9
139,     21.01.2015 23:11:16,     -2.1,     -2.01,     109,     0,     1.2,     2.4,     -3,     91.3,     1011,     423.29,     252.9,     88,     -177.9,     12.514,     -1.51,     92.2
140,     21.01.2015 23:21:16,     -2.1,     -2.01,     134,     0.1,     0.9,     2,     -3.1,     91.3,     1010.9,     423.29,     73,     87.9,     -2
141,     21.01.2015 23:31:16,     0,     2.01,     139,     0.1,     1.3,     3,     -3,     91.3,     1010.9,     423.29,     73,     87.9,     -2
142,     21.01.2015 23:41:16,     0,     0,     117,     0.4,     1.2,     2.6,     -3.1,     91.2,     1011,     423.29,     252.9,     87.8,     -177.8
143,     21.01.2015 23:51:16,     -1.05,     -2.01,     123,     0.3,     1.8,     3.9,     -3.3,     90.9,     1011.1,     423.29,     72.8,     88,     -1.9
144,     22.01.2015 00:01:17,     -1.05,     -2.01,     136,     0.6,     2.3,     4.1,     -3.6,     90.7,     1011.1,     423.29,     72.7,     88,     -1.9,     12.098,     -1.82,     92.2