Logger: #D10248 'TSK_Meteo' - USP_EXP2 (V2.10, Jan 24 2012)
No,     Time,     #1:W/m²:0,     #2:ÂµMol:(do.),     #5:deg:2,     #6:m/sMIN:(do.),     #7:m/sMIT:(do.),     #8:m/sMAX:(do.),     #9:Â°C:(do.),     #10:%:(do.),     #11:hPa:(do.),     #12:mm:(do.),     #14:AZ:3,     #15:EL:(do.),     #16:Roll:(do.),     #HK-Bat:V,     #HK-Temp:oC,     #HK-rH:%
(GSM Transfer OK / Signal:17)
1,     12.10.2014 00:11:21,     -2.1,     -4.02,     305,     0.7,     1.5,     2.2,     13.6,     89.7,     1004.8,     305.87,     253.6,     88.1,     -178,     12.467,     14.46,     74.4
2,     12.10.2014 00:21:21,     -2.1,     -2.01,     297,     0.7,     1.8,     2.9,     13.6,     89.6,     1004.9,     305.87,     253.5,     88.1,     -178.1
3,     12.10.2014 00:31:21,     -2.1,     -2.01,     286,     0.4,     1.8,     2.9,     13.7,     89.5,     1004.9,     305.87,     253.6,     88,     -178
4,     12.10.2014 00:41:21,     -3.15,     -2.01,     291,     0.6,     2.1,     4,     13.7,     89.1,     1004.8,     305.87,     253.7,     88.1,     -178.1
5,     12.10.2014 00:51:21,     -3.15,     0,     268,     0.8,     2,     4,     13.7,     89.2,     1004.7,     305.87,     253.6,     88,     -178
6,     12.10.2014 01:01:21,     -3.15,     -4.02,     258,     1.2,     2.3,     3.7,     13.6,     88.9,     1004.6,     305.87,     253.5,     88,     -178
7,     12.10.2014 01:11:16,     -2.1,     0,     292,     1.1,     2.8,     4.7,     13.6,     88.7,     1004.6,     305.87,     254.1,     88,     -178,     12.497,     14.15,     75.9
8,     12.10.2014 01:21:16,     -2.1,     0,     277,     1.5,     2.6,     3.8,     13.6,     88.2,     1004.6,     305.87,     253.6,     88,     -178
9,     12.10.2014 01:31:16,     -3.15,     -2.01,     271,     0.2,     1.4,     2.9,     13.7,     88,     1004.7,     305.87,     253.5,     88.1,     -178.1
10,     12.10.2014 01:41:16,     -4.2,     -2.01,     237,     0.1,     0.9,     2.1,     13.7,     87.8,     1004.5,     305.87,     253.5,     87.9,     -177.9
11,     12.10.2014 01:51:16,     -5.25,     -2.01,     206,     0.9,     1.4,     2.2,     13.6,     88.2,     1004.6,     305.87,     253.7,     88,     -178
12,     12.10.2014 02:01:16,     -4.2,     -2.01,     225,     0.9,     1.4,     2.3,     13.5,     88.8,     1004.5,     305.87,     253.6,     88.1,     -178.1
13,     12.10.2014 02:11:22,     -4.2,     0,     203,     0.5,     1.3,     2.1,     13.3,     89.1,     1004.4,     305.87,     253.5,     88,     -178,     12.463,     13.74,     76.0
14,     12.10.2014 02:21:22,     -4.2,     0,     183,     1.1,     1.7,     2.4,     13.1,     90.1,     1004.3,     305.87,     253.6,     88.1,     -178
15,     12.10.2014 02:31:22,     -1.05,     2.01,     227,     0.4,     1.5,     2.4,     13,     90.3,     1004.5,     305.87,     253.7,     88,     -178
16,     12.10.2014 02:41:22,     -3.15,     -2.01,     230,     0.5,     1.4,     2.2,     13,     90.4,     1004.4,     305.87,     253.6,     88.1,     -178.1
17,     12.10.2014 02:51:22,     -4.2,     -2.01,     208,     0.5,     1.2,     2,     12.9,     90.6,     1004.5,     305.87,     253.6,     88.1,     -178.1
18,     12.10.2014 03:01:22,     -2.1,     0,     197,     0.8,     1.5,     2.3,     12.8,     90.8,     1004.5,     305.87,     253.6,     88,     -178
19,     12.10.2014 03:11:22,     -2.1,     -4.02,     217,     0.4,     1.1,     1.6,     12.8,     91,     1004.6,     305.87,     253.8,     88,     -178,     12.446,     13.01,     76.3
20,     12.10.2014 03:21:22,     -1.05,     0,     234,     0.6,     1.3,     2.1,     12.8,     91.1,     1004.6,     305.87,     253.7,     88,     -178
21,     12.10.2014 03:31:22,     -2.1,     -2.01,     223,     0.9,     1.6,     2.7,     12.9,     91.3,     1004.6,     305.87,     253.6,     88.1,     -178.1
22,     12.10.2014 03:41:22,     -2.1,     -2.01,     238,     0.3,     2,     3.8,     13,     91.5,     1004.5,     305.87,     254,     88,     -178
23,     12.10.2014 03:51:22,     -1.05,     -2.01,     250,     0.8,     2.1,     3.8,     13.2,     91.5,     1004.6,     305.87,     254.4,     88,     -178
24,     12.10.2014 04:01:22,     -3.15,     -2.01,     260,     1.4,     2.9,     4.9,     13.4,     91.3,     1004.8,     305.87,     253.9,     88,     -178
25,     12.10.2014 04:11:21,     -2.1,     0,     286,     0.9,     3.2,     5.1,     13.6,     90.7,     1004.7,     305.87,     253.9,     88.1,     -178.1,     12.425,     13.43,     76.2
26,     12.10.2014 04:21:21,     -2.1,     -2.01,     295,     1.2,     3.3,     6.3,     13.7,     89.7,     1004.8,     305.87,     253.8,     88,     -178
27,     12.10.2014 04:31:21,     -1.05,     -2.01,     296,     1.2,     3.4,     5.4,     13.8,     89.1,     1004.8,     305.87,     253.7,     88,     -178
28,     12.10.2014 04:41:21,     -3.15,     0,     291,     1.8,     3.6,     5.7,     13.8,     88.5,     1005,     305.87,     254.1,     88,     -178
29,     12.10.2014 04:51:21,     -2.1,     0,     298,     1.3,     3.3,     6.8,     13.9,     87.5,     1004.8,     305.87,     253.9,     88.1,     -178.1
30,     12.10.2014 05:01:21,     -3.15,     -2.01,     298,     1.3,     3,     5.2,     13.9,     87.3,     1004.8,     305.87,     254.3,     88.1,     -178
31,     12.10.2014 05:11:22,     -2.1,     -2.01,     290,     1.9,     3.6,     6,     13.8,     87.1,     1004.9,     305.87,     254,     88.2,     -178.1,     12.389,     13.90,     76.0
32,     12.10.2014 05:21:22,     -2.1,     -2.01,     292,     2,     3.9,     7.1,     13.8,     86.4,     1004.9,     305.87,     74.3,     88.1,     -1.8
33,     12.10.2014 05:31:22,     -2.1,     -2.01,     302,     0.8,     4.1,     7.5,     13.8,     84,     1004.9,     305.87,     254.2,     88,     -178
34,     12.10.2014 05:41:22,     -1.05,     0,     298,     1.1,     3.4,     6.7,     13.8,     84.2,     1004.9,     305.87,     254.2,     88,     -178.1
35,     12.10.2014 05:51:22,     -4.2,     -4.02,     298,     2,     4,     7,     13.6,     83.2,     1005,     305.87,     254,     88.1,     -178.1
36,     12.10.2014 06:01:22,     -1.05,     0,     305,     0.9,     3.2,     6.9,     13.6,     83.4,     1005.1,     305.87,     253.9,     88,     -178
37,     12.10.2014 06:11:22,     -3.15,     -2.01,     297,     1.2,     3.3,     6.8,     13.5,     83.4,     1005.2,     305.87,     254.9,     88,     -178,     12.391,     13.98,     76.0
38,     12.10.2014 06:21:22,     -1.05,     0,     285,     1.4,     3.4,     6.2,     13.6,     84.2,     1005.4,     305.87,     254.1,     87.9,     -177.9
39,     12.10.2014 06:31:22,     -1.05,     -2.01,     298,     1.9,     3.8,     6.7,     13.5,     83.3,     1005.7,     305.87,     253.8,     88.1,     -178.1
40,     12.10.2014 06:41:22,     1.05,     6.03,     298,     1.6,     3.4,     5.5,     13.5,     84,     1005.7,     305.87,     253.8,     88,     -178
41,     12.10.2014 06:51:22,     8.4,     18.09,     298,     1,     3.2,     5.1,     13.4,     84.1,     1005.7,     305.87,     254.3,     88.1,     -178.1
42,     12.10.2014 07:01:22,     11.55,     24.12,     302,     1.9,     3.4,     5.8,     13.4,     83.8,     1005.8,     305.87,     253.9,     88.1,     -178.1
43,     12.10.2014 07:11:22,     23.1,     52.26,     300,     1.2,     2.8,     4.4,     13.3,     84.5,     1005.9,     305.87,     254,     88,     -178,     12.414,     13.97,     76.1
44,     12.10.2014 07:21:22,     42,     92.46,     296,     1.6,     3.4,     5.4,     13.2,     84.9,     1006,     305.87,     253.9,     88.1,     -178.1
45,     12.10.2014 07:31:22,     59.85,     128.64,     301,     1.4,     3.1,     6.1,     13,     84.9,     1006.1,     305.87,     253.9,     88,     -178
46,     12.10.2014 07:41:22,     53.55,     114.57,     297,     1.5,     3.3,     6.2,     13,     85,     1006.2,     305.87,     74,     88.1,     -1.8
47,     12.10.2014 07:51:22,     55.65,     118.59,     297,     2.1,     4.2,     6.8,     12.9,     84.6,     1006.3,     305.87,     253.9,     88.2,     -178.2
48,     12.10.2014 08:01:22,     49.35,     102.51,     295,     2,     3.8,     5.9,     12.8,     84.1,     1006.4,     305.87,     254.6,     88,     -178
49,     12.10.2014 08:11:16,     51.45,     108.54,     283,     0.7,     2.8,     4.9,     12.9,     84,     1006.7,     305.87,     254,     88.1,     -178.1,     12.902,     13.76,     76.2
50,     12.10.2014 08:21:16,     86.1,     174.87,     292,     1,     3.5,     5.7,     12.9,     82.3,     1006.8,     305.87,     255,     88.1,     -178.1
51,     12.10.2014 08:31:16,     81.9,     164.82,     291,     2.4,     4.4,     6.7,     12.9,     80.2,     1006.8,     305.87,     254,     88.1,     -178.2
52,     12.10.2014 08:41:16,     111.3,     225.12,     299,     2.1,     4.4,     7.6,     12.8,     79.3,     1006.9,     305.87,     254.5,     88,     -178
53,     12.10.2014 08:51:16,     94.5,     194.97,     292,     2.7,     4.8,     8,     12.8,     78.9,     1007,     305.87,     74.5,     88,     -1.9
54,     12.10.2014 09:01:16,     59.85,     124.62,     296,     1.8,     4.4,     7.7,     12.7,     79.5,     1007.1,     305.87,     254.2,     88.1,     -178.1
55,     12.10.2014 09:11:16,     80.85,     168.84,     300,     1.5,     3.6,     6.3,     12.7,     79.6,     1007,     305.87,     253.9,     88,     -178,     13.099,     14.32,     75.9
56,     12.10.2014 09:21:16,     73.5,     154.77,     307,     0.8,     3.7,     6.8,     12.6,     79.9,     1007.2,     305.87,     254.4,     88.1,     -178.2
57,     12.10.2014 09:31:16,     77.7,     164.82,     298,     1.6,     4.2,     7.4,     12.6,     78.9,     1007.5,     305.87,     253.9,     88.2,     -178.2
58,     12.10.2014 09:41:16,     81.9,     168.84,     301,     1.1,     3.7,     6.3,     12.7,     79.7,     1007.6,     305.87,     254.1,     88.1,     -178.1
59,     12.10.2014 09:51:16,     66.15,     138.69,     297,     1.7,     3.4,     5.4,     12.7,     80.1,     1007.7,     305.87,     254.2,     87.9,     -178
60,     12.10.2014 10:01:16,     80.85,     168.84,     300,     1.1,     4,     7.5,     12.7,     79.6,     1007.8,     305.87,     254.5,     88.1,     -178.1
61,     12.10.2014 10:11:22,     131.25,     267.33,     301,     1.8,     3.7,     6.3,     12.6,     78.4,     1007.8,     305.87,     254.1,     88,     -178,     13.237,     14.32,     75.9
62,     12.10.2014 10:21:22,     150.15,     305.52,     300,     0.9,     3.7,     7.3,     12.6,     79,     1007.9,     305.87,     253.9,     88,     -178
63,     12.10.2014 10:31:22,     141.75,     293.46,     295,     1.8,     3.6,     6.2,     12.6,     79.3,     1007.8,     305.87,     74.7,     88,     -1.8
64,     12.10.2014 10:41:22,     195.3,     399.99,     299,     0.5,     2.7,     5.1,     12.8,     78.6,     1007.8,     305.87,     254.7,     88,     -178
65,     12.10.2014 10:51:22,     166.95,     333.66,     299,     1.3,     3.4,     5.8,     12.9,     76.5,     1007.9,     305.87,     254.6,     87.9,     -177.9
66,     12.10.2014 11:01:22,     168,     345.72,     297,     0.9,     3.1,     5.7,     13,     76.3,     1007.9,     305.87,     253.9,     88,     -178
67,     12.10.2014 11:11:16,     212.1,     428.13,     305,     1.1,     3.3,     6.9,     13,     74.2,     1007.9,     305.87,     253.9,     88.1,     -178.1,     13.506,     15.09,     75.7
68,     12.10.2014 11:21:16,     166.95,     341.7,     307,     0.3,     2.7,     5.3,     13.2,     75,     1008,     305.87,     253.8,     87.9,     -177.9
69,     12.10.2014 11:31:16,     222.6,     448.23,     287,     0.9,     3.3,     6.4,     13.2,     74.4,     1008,     305.87,     254.2,     88.1,     -178.1
70,     12.10.2014 11:41:16,     235.2,     476.37,     297,     0.6,     3,     6.3,     13.3,     73.8,     1008,     305.87,     254,     88.1,     -178.1
71,     12.10.2014 11:51:16,     238.35,     476.37,     302,     1.9,     3.6,     6.1,     13.3,     72.5,     1008,     305.87,     254.3,     88,     -178.1
72,     12.10.2014 12:01:16,     331.8,     657.27,     301,     0.6,     3.6,     5.5,     13.5,     72.3,     1008,     305.87,     74.3,     88.1,     -1.8
73,     12.10.2014 12:11:16,     390.6,     783.9,     293,     0.2,     3.6,     6.5,     13.8,     72.1,     1007.9,     305.87,     74.3,     88.1,     -1.8,     13.417,     16.50,     75.2
74,     12.10.2014 12:21:16,     267.75,     500.49,     299,     1.6,     3.4,     6.4,     13.7,     73.1,     1007.8,     305.87,     253.9,     88,     -178
75,     12.10.2014 12:31:16,     213.15,     424.11,     296,     1.3,     3.1,     6.3,     13.9,     69.1,     1007.8,     305.87,     254.2,     88,     -178
76,     12.10.2014 12:41:16,     180.6,     367.83,     318,     1.1,     2.9,     6.3,     13.8,     71,     1007.8,     305.87,     253.8,     87.9,     -177.9
77,     12.10.2014 12:51:16,     551.25,     1021.08,     304,     0.9,     3.5,     5.7,     13.9,     69.3,     1007.8,     305.87,     254.3,     87.9,     -177.9
78,     12.10.2014 13:01:16,     223.65,     448.23,     290,     1.6,     3.9,     5.6,     14,     69.2,     1007.8,     305.87,     254,     88.1,     -178.1
79,     12.10.2014 13:11:16,     485.1,     890.43,     326,     0.7,     3,     5.5,     14.1,     70.2,     1007.8,     305.87,     73.6,     88,     -1.9,     13.199,     17.54,     74.8
80,     12.10.2014 13:21:16,     208.95,     424.11,     329,     1.5,     3,     5.6,     14.3,     67.3,     1007.7,     305.87,     74.5,     88.1,     -1.8
81,     12.10.2014 13:31:16,     402.15,     757.77,     328,     1,     3,     4.9,     14.2,     66.6,     1007.8,     305.87,     74.3,     88.1,     -1.8
82,     12.10.2014 13:41:16,     225.75,     530.64,     310,     1.1,     3.2,     5.3,     14.2,     65.7,     1007.7,     305.87,     254,     88,     -178
83,     12.10.2014 13:51:16,     131.25,     283.41,     310,     1.2,     3.3,     6,     14.2,     67.1,     1007.7,     305.87,     254,     87.8,     -177.8
84,     12.10.2014 14:01:16,     339.15,     629.13,     335,     0.1,     1.7,     3.8,     14.3,     67,     1007.6,     305.87,     253.9,     88.1,     -178.1
85,     12.10.2014 14:11:17,     142.8,     293.46,     328,     0.4,     2.2,     5.9,     14.5,     66.2,     1007.6,     305.87,     254.1,     87.9,     -178,     13.470,     17.49,     74.9
86,     12.10.2014 14:21:17,     180.6,     371.85,     303,     1.5,     3.1,     5.6,     14.4,     65.1,     1007.7,     305.87,     254.2,     88,     -177.9
87,     12.10.2014 14:31:17,     186.9,     359.79,     298,     1.6,     3.3,     5.2,     14.7,     64.7,     1007.7,     305.87,     253.8,     87.9,     -177.9
88,     12.10.2014 14:41:17,     276.15,     508.53,     302,     1,     3.3,     5.2,     14.7,     65,     1007.7,     305.87,     74.3,     88,     -1.9
89,     12.10.2014 14:51:17,     277.2,     510.54,     289,     1.2,     2.5,     4.4,     14.9,     63.8,     1007.7,     305.87,     254.1,     88,     -178
90,     12.10.2014 15:01:17,     258.3,     476.37,     277,     0.9,     3,     5,     14.8,     65.3,     1007.6,     305.87,     253.9,     88,     -178
91,     12.10.2014 15:11:17,     135.45,     355.77,     297,     1.4,     2.5,     3.9,     14.8,     65.1,     1007.7,     305.87,     74.1,     88,     -1.9,     13.396,     17.75,     74.7
92,     12.10.2014 15:21:17,     179.55,     341.7,     298,     1,     2.2,     3.8,     14.8,     64.1,     1007.6,     305.87,     74,     88,     -1.9
93,     12.10.2014 15:31:17,     191.1,     355.77,     306,     0.1,     1.2,     2.5,     15,     64.3,     1007.7,     305.87,     253.7,     88.1,     -178
94,     12.10.2014 15:41:17,     130.2,     255.27,     343,     0,     0.8,     1.8,     15.1,     65.8,     1007.5,     305.87,     73.9,     88,     -1.9
95,     12.10.2014 15:51:17,     57.75,     130.65,     320,     0.3,     1.1,     2.1,     15,     65.2,     1007.5,     305.87,     253.7,     88,     -178
96,     12.10.2014 16:01:17,     60.9,     130.65,     262,     0,     0.5,     1,     15,     66,     1007.6,     305.87,     253.7,     88.1,     -178
97,     12.10.2014 16:11:17,     58.8,     120.6,     320,     0.2,     1,     2.1,     14.7,     65.7,     1007.6,     305.87,     73.9,     88,     -2,     13.567,     17.45,     74.6
98,     12.10.2014 16:21:17,     55.65,     112.56,     294,     0.4,     0.8,     1.1,     14.6,     66.7,     1007.5,     305.87,     253.7,     88,     -178
99,     12.10.2014 16:31:17,     43.05,     90.45,     288,     0,     0.5,     1,     14.5,     71.2,     1007.5,     305.87,     253.6,     88,     -178
100,     12.10.2014 16:41:17,     42,     80.4,     200,     0.5,     0.8,     1.1,     14,     75.7,     1007.6,     305.87,     73.9,     88,     -2
101,     12.10.2014 16:51:17,     30.45,     60.3,     172,     0.3,     0.7,     1.2,     13.7,     76.6,     1007.5,     305.87,     253.6,     88.1,     -178.1
102,     12.10.2014 17:01:17,     15.75,     38.19,     143,     0.2,     0.6,     1.1,     13.5,     77.4,     1007.5,     305.87,     253.6,     88.1,     -178.1
103,     12.10.2014 17:11:16,     3.15,     16.08,     165,     0.4,     0.8,     1.2,     13.1,     79.5,     1007.5,     305.87,     253.5,     87.9,     -177.9,     12.789,     14.82,     75.7
104,     12.10.2014 17:21:16,     -3.15,     6.03,     106,     0.5,     1,     1.3,     12.7,     81.1,     1007.5,     305.87,     253.5,     88,     -178
105,     12.10.2014 17:31:16,     -4.2,     0,     132,     0.6,     0.9,     1.4,     12.4,     81.6,     1007.5,     305.87,     253.6,     88,     -178
106,     12.10.2014 17:41:16,     -6.3,     -2.01,     116,     0.3,     0.7,     1,     12.1,     84.7,     1007.4,     305.87,     253.5,     88,     -178
107,     12.10.2014 17:51:16,     -5.25,     -2.01,     99,     0.1,     0.4,     0.8,     12,     85.9,     1007.4,     305.87,     253.5,     88,     -178
108,     12.10.2014 18:01:16,     -5.25,     -4.02,     140,     0,     0.5,     0.8,     11.8,     85.4,     1007.7,     305.87,     253.5,     88,     -178
109,     12.10.2014 18:11:22,     -5.25,     -2.01,     143,     0.2,     0.7,     1.2,     11.6,     85.9,     1007.8,     305.87,     253.4,     88,     -178,     12.666,     11.92,     76.8
110,     12.10.2014 18:21:22,     -5.25,     0,     110,     0.4,     0.8,     1.5,     11.4,     87.2,     1007.3,     305.87,     253.5,     88,     -178
111,     12.10.2014 18:31:22,     -4.2,     -2.01,     111,     0.3,     1,     1.9,     11.3,     86.1,     1007.2,     305.87,     253.2,     88,     -178
112,     12.10.2014 18:41:22,     -2.1,     0,     154,     0,     0.4,     0.9,     11.3,     87.4,     1007.5,     305.87,     253.4,     88,     -178
113,     12.10.2014 18:51:22,     -3.15,     -6.03,     197,     0,     0.8,     1.4,     11.5,     87.3,     1007.3,     305.87,     253.5,     88,     -178
114,     12.10.2014 19:01:22,     -3.15,     0,     252,     0.1,     0.7,     1.3,     11.6,     86.5,     1007.5,     305.87,     253.5,     88,     -178
115,     12.10.2014 19:11:23,     -4.2,     -2.01,     246,     0.3,     1,     1.6,     11.6,     86.4,     1007.5,     305.87,     253.5,     88,     -178,     12.635,     10.77,     77.2
116,     12.10.2014 19:21:23,     -3.15,     -6.03,     179,     0.4,     1,     1.5,     11.3,     86.8,     1007.5,     305.87,     253.5,     88,     -178
117,     12.10.2014 19:31:23,     -4.2,     0,     129,     0.1,     0.8,     1.3,     11.1,     87.4,     1007.4,     305.87,     253.4,     88,     -178
118,     12.10.2014 19:41:23,     -5.25,     -2.01,     108,     0.1,     0.6,     1,     10.9,     87.9,     1007.3,     305.87,     253.5,     88,     -178
119,     12.10.2014 19:51:23,     -4.2,     -2.01,     119,     0,     0.2,     0.5,     10.7,     88.6,     1007.4,     305.87,     253.4,     88,     -178
120,     12.10.2014 20:01:23,     -4.2,     -2.01,     187,     0,     0.6,     1.2,     11,     89.8,     1007.4,     305.87,     253.4,     88,     -178
121,     12.10.2014 20:11:21,     -4.2,     -2.01,     201,     0.3,     0.7,     1.1,     10.7,     89.2,     1007.3,     305.87,     253.5,     88,     -178,     12.601,     10.21,     77.3
122,     12.10.2014 20:21:21,     -3.15,     -2.01,     181,     0,     0.3,     0.9,     10.8,     89.4,     1007.3,     305.87,     253.4,     88.1,     -178.1
123,     12.10.2014 20:31:21,     -2.1,     0,     207,     0,     0.7,     1.1,     10.9,     89.4,     1007.3,     305.87,     253.5,     88,     -178
124,     12.10.2014 20:41:21,     -3.15,     -2.01,     227,     0.5,     1.2,     1.7,     10.9,     88.3,     1007.4,     305.87,     253.6,     88.1,     -178.1
125,     12.10.2014 20:51:21,     -5.25,     -4.02,     225,     0.8,     1.5,     2.1,     10.7,     87.7,     1007.3,     305.87,     253.6,     87.9,     -177.9
126,     12.10.2014 21:01:21,     -4.2,     0,     220,     0.4,     1.2,     1.9,     10.8,     87.8,     1007.5,     305.87,     253.5,     88,     -178
127,     12.10.2014 21:11:23,     -4.2,     -2.01,     206,     0.4,     1,     1.6,     10.6,     87.8,     1007.4,     305.87,     253.5,     88.1,     -178.1,     12.586,     10.18,     77.2
128,     12.10.2014 21:21:23,     -3.15,     0,     180,     0,     0.5,     1.1,     10.7,     88.4,     1007.4,     305.87,     253.4,     88,     -178.1
129,     12.10.2014 21:31:23,     -3.15,     -2.01,     138,     0,     0.5,     1.1,     10.9,     88.4,     1007.3,     305.87,     253.3,     88,     -178
130,     12.10.2014 21:41:23,     -3.15,     -2.01,     148,     0,     0.7,     1.5,     10.9,     87.6,     1007.4,     305.87,     253.5,     88,     -178
131,     12.10.2014 21:51:23,     -3.15,     -4.02,     210,     0.5,     1,     1.5,     10.9,     87.6,     1007.3,     305.87,     253.5,     88.1,     -178.1
132,     12.10.2014 22:01:23,     -3.15,     0,     208,     0.3,     1,     1.9,     10.9,     87.6,     1007.3,     305.87,     253.4,     88,     -178
133,     12.10.2014 22:11:17,     -4.2,     -2.01,     177,     0.5,     1.3,     2,     10.8,     87,     1007.3,     305.87,     253.6,     88,     -178,     12.571,     10.33,     77.2
134,     12.10.2014 22:21:17,     -2.1,     -2.01,     182,     0.6,     1.3,     2.3,     10.9,     86.9,     1007.3,     305.87,     253.4,     88,     -178
135,     12.10.2014 22:31:17,     -4.2,     -2.01,     196,     0.7,     1.2,     1.7,     10.9,     87,     1007.2,     305.87,     253.5,     88,     -178
136,     12.10.2014 22:41:17,     -3.15,     -2.01,     184,     0.4,     1.1,     1.8,     10.9,     87,     1007.1,     305.87,     253.5,     88.1,     -178.1
137,     12.10.2014 22:51:17,     -4.2,     -2.01,     177,     0.3,     1.3,     2,     10.9,     86.8,     1007.2,     305.87,     253.5,     88,     -178
138,     12.10.2014 23:01:17,     -3.15,     -4.02,     191,     0.4,     1,     1.9,     10.9,     86.9,     1007.2,     305.87,     253.4,     88,     -178
139,     12.10.2014 23:11:21,     -3.15,     2.01,     162,     0.2,     1,     2.1,     10.9,     87.1,     1007.1,     305.87,     253.4,     87.9,     -177.9,     12.535,     10.40,     77.1
140,     12.10.2014 23:21:21,     -3.15,     -2.01,     173,     0.2,     1.3,     2.5,     10.9,     86.7,     1006.9,     305.87,     253.3,     88,     -178
141,     12.10.2014 23:31:21,     -3.15,     -2.01,     182,     0.8,     1.6,     2.3,     11,     86.9,     1006.9,     305.87,     253.3,     88,     -178
142,     12.10.2014 23:41:21,     -3.15,     -2.01,     157,     0,     1,     2.2,     11,     87.2,     1006.7,     305.87,     253.5,     88.1,     -178.1
143,     12.10.2014 23:51:21,     -6.3,     -2.01,     105,     0,     0.6,     1.4,     10.8,     87.2,     1006.8,     305.87,     253.4,     88.1,     -178.1
144,     13.10.2014 00:01:16,     -4.2,     0,     84,     0,     0.6,     1.2,     10.7,     87.4,     1006.7,     305.87,     253.3,     87.8,     -177.9,     12.440,     10.27,     77.1