Logger: #D10248 'TSK_Meteo' - USP_EXP2 (V2.10, Jan 24 2012)
No,     Time,     #1:W/m²:0,     #2:ÂµMol:(do.),     #5:deg:2,     #6:m/sMIN:(do.),     #7:m/sMIT:(do.),     #8:m/sMAX:(do.),     #9:Â°C:(do.),     #10:%:(do.),     #11:hPa:(do.),     #12:mm:(do.),     #14:AZ:3,     #15:EL:(do.),     #16:Roll:(do.),     #HK-Bat:V,     #HK-Temp:oC,     #HK-rH:%
(GSM Transfer OK / Signal:16)
1,     30.07.2014 00:11:30,     -1.05,     0,     295,     0.4,     2.6,     4.3,     20.2,     89.8,     999.4,     154.37,     (NO REPLY),     (NO REPLY),     (NO REPLY),     12.510,     21.17,     65.6
2,     30.07.2014 00:21:30,     -2.1,     -2.01,     350,     0.1,     1.7,     3.3,     20.2,     90.1,     999.3,     154.37,     255.1,     87.9,     -177.9
3,     30.07.2014 00:31:30,     0,     0,     39,     1.8,     2.6,     4,     20.3,     89.7,     999.1,     154.37,     255.1,     88,     -178
4,     30.07.2014 00:41:30,     0,     -2.01,     25,     2.5,     3.4,     4.3,     20.3,     89,     999,     154.37,     255.3,     88.1,     -178.1
5,     30.07.2014 00:51:30,     -1.05,     -2.01,     36,     2.2,     3.7,     4.9,     20.3,     90.5,     999,     154.37,     255.1,     88,     -178.1
6,     30.07.2014 01:01:30,     -1.05,     -2.01,     33,     2,     3.2,     4.2,     20.2,     90.1,     999,     154.37,     255.3,     87.6,     -177.6
7,     30.07.2014 01:11:27,     -2.1,     -2.01,     35,     1.7,     3.2,     4.4,     20.4,     90.6,     998.8,     154.37,     255.5,     88,     -178.1,     12.541,     20.77,     66.7
8,     30.07.2014 01:21:27,     -1.05,     -4.02,     52,     1.3,     2.8,     4.5,     20.2,     89.7,     998.8,     154.37,     255.2,     87.6,     -177.6
9,     30.07.2014 01:31:27,     -1.05,     -4.02,     49,     1.7,     2.8,     4.3,     20.3,     89.2,     998.8,     154.37,     255.1,     87.9,     -177.9
10,     30.07.2014 01:41:27,     -1.05,     -2.01,     53,     0.8,     2.2,     3.8,     20.2,     89.7,     998.8,     154.37,     255.3,     87.8,     -177.8
11,     30.07.2014 01:51:27,     -1.05,     -2.01,     37,     0.1,     1.3,     2.6,     20.2,     89.7,     998.9,     154.37,     255.3,     87.9,     -177.9
12,     30.07.2014 02:01:27,     -1.05,     0,     293,     0.2,     2.6,     4.2,     20.3,     90.3,     999.1,     154.37,     255.9,     87.9,     -177.9
13,     30.07.2014 02:11:31,     0,     -2.01,     285,     2.1,     3.5,     4.9,     20.2,     89.8,     999.2,     154.37,     (NO REPLY),     (NO REPLY),     (NO REPLY),     12.510,     20.83,     66.7
14,     30.07.2014 02:21:31,     -1.05,     -2.01,     333,     1,     2.6,     4.4,     20.1,     90.2,     999.1,     154.37,     255.2,     87.9,     -177.9
15,     30.07.2014 02:31:31,     -1.05,     -2.01,     344,     1.1,     2.7,     4.8,     20,     90.7,     999.1,     154.37,     255.5,     87.9,     -178.1
16,     30.07.2014 02:41:31,     -1.05,     -2.01,     5,     2.1,     3,     4.3,     20,     90.2,     999,     154.37,     255.3,     88.2,     -178.2
17,     30.07.2014 02:51:31,     0,     -2.01,     23,     2,     3,     4.5,     20.2,     89.8,     998.9,     154.37,     255.4,     87.8,     -177.8
18,     30.07.2014 03:01:31,     0,     0,     22,     2.2,     3.2,     4.5,     20.3,     89.2,     998.7,     154.37,     255.4,     87.9,     -177.9
19,     30.07.2014 03:11:17,     1.05,     -2.01,     23,     2,     3.2,     4.3,     20.4,     87.2,     998.6,     154.37,     255.1,     88.1,     -178.1,     12.471,     20.82,     66.8
20,     30.07.2014 03:21:17,     1.05,     0,     31,     1.7,     3.7,     4.9,     20.4,     86.2,     998.5,     154.37,     (NO REPLY),     (NO REPLY),     (NO REPLY)
21,     30.07.2014 03:31:17,     0,     -2.01,     63,     0.4,     2.5,     4.3,     20.1,     86.7,     998.5,     154.37,     255.3,     88.2,     -178.1
22,     30.07.2014 03:41:17,     -1.05,     -2.01,     54,     0.4,     1.8,     3.4,     20,     88,     998.5,     154.37,     255.3,     87.9,     -177.9
23,     30.07.2014 03:51:17,     1.05,     0,     49,     1.8,     3,     4.8,     20,     88.1,     998.4,     154.37,     255.1,     87.9,     -178
24,     30.07.2014 04:01:17,     -1.05,     -2.01,     48,     1.4,     2.7,     4.4,     19.9,     88.9,     998.4,     154.37,     255.2,     87.8,     -177.7
25,     30.07.2014 04:11:21,     0,     0,     50,     0.8,     2,     3.1,     19.8,     89.4,     998.6,     154.37,     255.3,     88,     -178,     12.442,     20.61,     66.8
26,     30.07.2014 04:21:21,     0,     0,     31,     0.6,     2.4,     3.3,     19.7,     88.6,     998.6,     154.37,     255.2,     87.6,     -177.7
27,     30.07.2014 04:31:21,     3.15,     4.02,     40,     1.3,     2.3,     3.3,     19.8,     88.9,     998.6,     154.37,     (NO REPLY),     (NO REPLY),     (NO REPLY)
28,     30.07.2014 04:41:21,     7.35,     12.06,     45,     1.5,     2.9,     4.1,     19.8,     90.2,     998.6,     154.37,     255.4,     88.1,     -178.2
29,     30.07.2014 04:51:21,     21,     32.16,     49,     1.6,     2.6,     3.9,     19.7,     90.5,     998.7,     154.37,     255.2,     88,     -178.1
30,     30.07.2014 05:01:21,     18.9,     36.18,     48,     1.2,     2.3,     3.5,     19.8,     90.8,     998.8,     154.37,     (NO REPLY),     (NO REPLY),     (NO REPLY)
31,     30.07.2014 05:11:16,     28.35,     48.24,     45,     0.7,     2,     3.2,     19.8,     90.5,     998.8,     154.37,     255.2,     87.9,     -177.9,     12.531,     20.49,     66.9
32,     30.07.2014 05:21:16,     33.6,     62.31,     47,     1.2,     2.6,     4,     20,     90.7,     998.8,     154.37,     255.3,     87.9,     -177.9
33,     30.07.2014 05:31:16,     55.65,     108.54,     49,     1.2,     2.2,     3.5,     20.1,     90.7,     998.8,     154.37,     255.2,     88,     -178
34,     30.07.2014 05:41:16,     96.6,     182.91,     43,     1.4,     2.6,     4.2,     20.3,     91.1,     998.7,     154.37,     255.3,     87.9,     -178
35,     30.07.2014 05:51:16,     94.5,     186.93,     40,     1.8,     2.8,     4.1,     20.3,     90.2,     998.7,     154.37,     255.2,     87.9,     -177.9
36,     30.07.2014 06:01:16,     100.8,     180.9,     43,     1.2,     2.3,     3.9,     20.3,     90,     998.8,     154.37,     255.4,     88.1,     -178.1
37,     30.07.2014 06:11:16,     162.75,     275.37,     36,     1.4,     2.7,     4.1,     20.4,     90.2,     998.8,     154.37,     255.4,     87.8,     -177.8,     13.256,     21.59,     66.7
38,     30.07.2014 06:21:16,     89.25,     180.9,     43,     1,     2.2,     3.5,     20.5,     90.3,     998.8,     154.37,     255.4,     88.1,     -178.1
39,     30.07.2014 06:31:16,     84,     180.9,     46,     0.9,     2.2,     3.7,     20.6,     90.2,     998.7,     154.37,     255.3,     87.9,     -177.9
40,     30.07.2014 06:41:16,     63,     138.69,     48,     1.2,     2.2,     4,     20.6,     90.3,     998.7,     154.37,     255.4,     87.9,     -177.9
41,     30.07.2014 06:51:16,     48.3,     108.54,     47,     0.5,     2.4,     4.9,     20.7,     90.1,     998.7,     154.37,     255.4,     87.9,     -177.9
42,     30.07.2014 07:01:16,     63,     140.7,     46,     0.3,     2,     3.5,     20.8,     90.1,     998.7,     154.37,     255.5,     88.1,     -178.2
43,     30.07.2014 07:11:16,     33.6,     76.38,     42,     1.1,     2.8,     5.1,     20.9,     88.8,     998.7,     154.37,     255.2,     88,     -178,     13.018,     22.19,     66.4
44,     30.07.2014 07:21:16,     19.95,     44.22,     49,     1.3,     2.8,     5.1,     20.9,     89,     998.7,     154.37,     255.1,     88.3,     -178.4
45,     30.07.2014 07:31:16,     32.55,     72.36,     62,     0.4,     2.2,     4.7,     20.9,     89.7,     998.7,     154.39,     255.5,     87.7,     -177.7
46,     30.07.2014 07:41:16,     9.45,     26.13,     51,     0.2,     2,     3.7,     20.9,     90,     998.8,     154.41,     255.4,     87.7,     -177.7
47,     30.07.2014 07:51:16,     21,     54.27,     57,     0.6,     2.6,     5.7,     20.6,     88.9,     998.8,     154.46,     255.2,     88,     -178
48,     30.07.2014 08:01:16,     108.15,     237.18,     47,     0.3,     2.5,     6.4,     20.3,     88.6,     998.8,     154.46,     255.3,     87.2,     -177.2
49,     30.07.2014 08:11:16,     82.95,     182.91,     44,     0.5,     2.8,     6.4,     20.3,     88.6,     999,     154.46,     255.5,     88,     -178,     13.124,     21.65,     66.7
50,     30.07.2014 08:21:16,     46.2,     108.54,     45,     1.6,     3.6,     6.1,     20.2,     87.3,     998.9,     154.46,     254.8,     87.5,     -177.6
51,     30.07.2014 08:31:16,     106.05,     245.22,     45,     1.3,     3.9,     6.4,     20.2,     87.2,     998.9,     154.46,     75.3,     88.2,     -1.7
52,     30.07.2014 08:41:16,     135.45,     305.52,     42,     2.2,     4.7,     6.8,     20.3,     86.4,     999,     154.46,     75.8,     86.8,     -3.1
53,     30.07.2014 08:51:16,     69.3,     164.82,     47,     1.5,     3.7,     6.4,     20.2,     86.8,     999.2,     154.46,     255.2,     87.4,     -177.4
54,     30.07.2014 09:01:16,     28.35,     68.34,     46,     1.7,     4.3,     6.9,     20.1,     86.3,     999.2,     154.46,     255.3,     87.5,     -177.6
55,     30.07.2014 09:11:16,     115.5,     275.37,     48,     1.9,     4,     6.8,     19.9,     86.6,     999.3,     154.46,     255.5,     87.7,     -177.8,     14.091,     21.57,     66.6
56,     30.07.2014 09:21:16,     136.5,     327.63,     46,     3,     5,     8.4,     19.9,     86,     999.3,     154.46,     254.9,     87.6,     -177.7
57,     30.07.2014 09:31:16,     36.75,     94.47,     44,     2.3,     4.7,     7.7,     19.9,     86.9,     999.5,     154.46,     255.1,     88.1,     -178.1
58,     30.07.2014 09:41:16,     36.75,     98.49,     28,     3.1,     4.5,     6.8,     19.7,     87.5,     999.5,     156.82,     75.7,     88,     -1.9
59,     30.07.2014 09:51:16,     35.7,     96.48,     41,     0.7,     3.2,     5.1,     19.6,     88.2,     999.6,     163.65,     255.2,     88,     -178
60,     30.07.2014 10:01:16,     39.9,     106.53,     51,     2,     3.4,     5.9,     19.2,     90.8,     999.5,     176.24,     255.4,     88,     -178
61,     30.07.2014 10:11:17,     40.95,     106.53,     47,     1.9,     4,     6.3,     19,     90.5,     999.7,     176.93,     255.4,     88,     -178,     13.160,     20.74,     66.8
62,     30.07.2014 10:21:17,     67.2,     166.83,     49,     2.4,     4.4,     7.1,     19.2,     89.8,     999.7,     178.33,     255.3,     88,     -178
63,     30.07.2014 10:31:17,     123.9,     295.47,     32,     2.8,     4.9,     7.1,     19.3,     89.9,     999.6,     180.56,     255.5,     88,     -178.1
64,     30.07.2014 10:41:17,     178.5,     406.02,     21,     3.8,     4.9,     6.5,     19.3,     89.9,     999.5,     180.59,     255.5,     87.7,     -177.8
65,     30.07.2014 10:51:17,     216.3,     496.47,     23,     2.9,     4.7,     6.5,     19.4,     89.9,     999.6,     180.59,     255.6,     87.9,     -178.1
66,     30.07.2014 11:01:17,     142.8,     321.6,     16,     3.1,     4.5,     7,     19.5,     87.9,     999.7,     180.59,     255.6,     87.6,     -177.6
67,     30.07.2014 11:11:16,     162.75,     379.89,     15,     3.4,     5.3,     7.3,     19.5,     87.6,     999.7,     180.59,     255.5,     87.5,     -177.5,     13.461,     20.54,     67.0
68,     30.07.2014 11:21:16,     214.2,     500.49,     6,     3.2,     5.3,     7.5,     19.5,     88,     999.6,     180.59,     255,     89,     -179.6
69,     30.07.2014 11:31:16,     49.35,     112.56,     8,     2.4,     4.7,     7.1,     19.5,     88.8,     999.7,     180.59,     256.1,     88.9,     -178.9
70,     30.07.2014 11:41:16,     58.8,     136.68,     5,     2.3,     4.3,     6.5,     19.4,     88.8,     999.8,     180.59,     255.5,     88.5,     -178.5
71,     30.07.2014 11:51:16,     36.75,     88.44,     11,     3,     4.8,     7.1,     19.4,     88.4,     1000,     180.59,     255.8,     87.8,     -177.7
72,     30.07.2014 12:01:16,     67.2,     170.85,     1,     3,     4.9,     7,     19.4,     89.4,     999.8,     180.59,     255.9,     88.9,     -179
73,     30.07.2014 12:11:23,     46.2,     116.58,     8,     2.8,     4.8,     7.1,     19.6,     89.7,     999.9,     180.61,     76.3,     86,     -3.9,     12.811,     20.83,     66.8
74,     30.07.2014 12:21:23,     26.25,     68.34,     2,     2.2,     4,     6.4,     19.5,     89.6,     1000.2,     180.88,     255.7,     88.1,     -178.1
75,     30.07.2014 12:31:23,     70.35,     180.9,     3,     2.2,     4.5,     7.3,     19.4,     89.2,     1000,     181.01,     255.9,     88,     -178
76,     30.07.2014 12:41:23,     48.3,     124.62,     10,     3,     5.1,     7.1,     19.4,     88.4,     1000.1,     181.03,     255.7,     89,     -178.9
77,     30.07.2014 12:51:23,     66.15,     162.81,     358,     2.5,     4.1,     5.9,     19,     88.3,     999.9,     181.08,     255.8,     87.6,     -177.7
78,     30.07.2014 13:01:23,     88.2,     211.05,     9,     3.2,     4.8,     7.8,     18.8,     88.5,     1000,     181.15,     255.8,     88.7,     -179
79,     30.07.2014 13:11:16,     114.45,     275.37,     22,     3.4,     5.4,     8.1,     18.9,     87.9,     1000.1,     181.2,     255.7,     88.2,     -178.3,     13.436,     20.32,     67.1
80,     30.07.2014 13:21:16,     71.4,     166.83,     11,     2.5,     4.1,     6.2,     18.9,     88,     1000.4,     181.2,     255.4,     87.7,     -177.7
81,     30.07.2014 13:31:16,     71.4,     166.83,     8,     2.5,     4.1,     6.3,     19,     88.2,     1000.5,     181.2,     255.6,     87.8,     -177.8
82,     30.07.2014 13:41:16,     96.6,     227.13,     4,     1.9,     3.7,     5.9,     19,     88.2,     1000.6,     181.2,     255.6,     87.6,     -177.7
83,     30.07.2014 13:51:16,     116.55,     275.37,     3,     2.8,     4.8,     6.8,     19,     87.5,     1000.6,     181.2,     255.6,     88.2,     -178.2
84,     30.07.2014 14:01:16,     151.2,     357.78,     10,     3.1,     5.3,     8.1,     19.2,     87.6,     1000.8,     181.2,     255.4,     87.3,     -177.3
85,     30.07.2014 14:11:16,     112.35,     263.31,     19,     3.9,     5.4,     7.4,     19.3,     85.8,     1000.9,     181.2,     255.6,     88,     -178,     13.498,     20.47,     67.0
86,     30.07.2014 14:21:16,     92.4,     219.09,     14,     3.3,     4.8,     6.7,     19.3,     86.3,     1001,     181.2,     255.7,     88,     -178
87,     30.07.2014 14:31:16,     133.35,     309.54,     15,     3.2,     5.7,     9,     19.3,     84.7,     1000.9,     181.24,     255.9,     89.3,     -179.5
88,     30.07.2014 14:41:16,     173.25,     395.97,     16,     4.7,     6.9,     9.6,     19.4,     83.8,     1000.8,     181.26,     255.6,     87.4,     -177.5
89,     30.07.2014 14:51:16,     185.85,     422.1,     18,     4.5,     6.5,     9.1,     19.4,     83.9,     1000.8,     181.26,     256,     86.3,     -176.4
90,     30.07.2014 15:01:16,     137.55,     307.53,     12,     3.2,     5.2,     7.2,     19.4,     84.6,     1000.8,     181.26,     255.1,     87,     -177
91,     30.07.2014 15:11:23,     120.75,     275.37,     8,     2.9,     4.6,     6.9,     19.5,     85.2,     1000.8,     181.26,     255.5,     87.7,     -177.8,     13.453,     20.77,     66.9
92,     30.07.2014 15:21:23,     99.75,     227.13,     4,     2.5,     4.5,     7.3,     19.7,     84.7,     1000.8,     181.36,     76,     87.9,     -2
93,     30.07.2014 15:31:23,     90.3,     205.02,     3,     2.2,     3.9,     6.2,     19.6,     85.5,     1000.8,     181.86,     255.6,     88.1,     -178.1
94,     30.07.2014 15:41:23,     101.85,     229.14,     13,     3,     4.4,     6.2,     19.7,     85.3,     1000.9,     182.46,     255.3,     88.3,     -178.3
95,     30.07.2014 15:51:23,     115.5,     263.31,     19,     1.8,     3.9,     7.1,     19.9,     84.2,     1001,     182.49,     255.3,     88,     -178.1
96,     30.07.2014 16:01:23,     141.75,     323.61,     17,     1.9,     3.5,     6.1,     20,     82.2,     1001.1,     182.53,     255.7,     87.8,     -177.8
97,     30.07.2014 16:11:17,     160.65,     365.82,     4,     2,     3.2,     4.9,     20,     83,     1001.1,     182.55,     255.5,     88.2,     -178.2,     13.428,     20.69,     67.1
98,     30.07.2014 16:21:17,     147,     327.63,     1,     1.2,     2.7,     4.3,     20.2,     83.8,     1001.1,     182.55,     255.6,     88,     -178
99,     30.07.2014 16:31:17,     127.05,     285.42,     14,     2.3,     3.9,     6.4,     20.3,     83.1,     1001.1,     182.55,     255.5,     88,     -178
100,     30.07.2014 16:41:17,     101.85,     231.15,     13,     2.7,     4.3,     6.4,     20.4,     81.4,     1001.1,     182.55,     255.9,     87.9,     -177.9
101,     30.07.2014 16:51:17,     101.85,     227.13,     11,     2.1,     3.6,     5.2,     20.4,     83.5,     1001,     182.55,     255.7,     87.9,     -177.9
102,     30.07.2014 17:01:17,     101.85,     225.12,     359,     1.3,     2.6,     4.6,     20.3,     85.7,     1001,     182.55,     255.6,     87.9,     -177.9
103,     30.07.2014 17:11:16,     87.15,     192.96,     359,     1.5,     2.4,     3.3,     20.2,     87,     1001.1,     182.55,     255.7,     87.8,     -177.8,     13.491,     21.31,     66.8
104,     30.07.2014 17:21:16,     55.65,     124.62,     355,     1.4,     2.5,     4.1,     20.2,     87.7,     1001.1,     182.55,     255.6,     87.9,     -178
105,     30.07.2014 17:31:16,     60.9,     140.7,     357,     1.6,     2.4,     3.5,     20.1,     88.1,     1001.1,     182.55,     (NO REPLY),     (NO REPLY),     (NO REPLY)
106,     30.07.2014 17:41:16,     48.3,     112.56,     356,     1.3,     2.6,     3.7,     20.1,     88.5,     1001.2,     182.55,     255.8,     87.9,     -177.9
107,     30.07.2014 17:51:16,     52.5,     120.6,     0,     1.8,     2.8,     4.2,     20.1,     88,     1001.2,     182.55,     255.7,     87.7,     -177.7
108,     30.07.2014 18:01:16,     49.35,     110.55,     0,     2,     3.1,     4.9,     20.1,     87.6,     1001.3,     182.55,     255.6,     87.7,     -177.7
109,     30.07.2014 18:11:31,     50.4,     118.59,     1,     1.8,     2.7,     4.1,     20.1,     88.2,     1001.4,     182.55,     (NO REPLY),     (NO REPLY),     (NO REPLY),     13.483,     21.29,     66.8
110,     30.07.2014 18:21:31,     1.05,     6.03,     3,     1.9,     3,     4.9,     20.2,     88.6,     1001.5,     182.88,     255.3,     88.1,     -178.1
111,     30.07.2014 18:31:31,     3.15,     12.06,     23,     2.7,     4.6,     7.2,     20.1,     87.4,     1001.6,     183.06,     255.4,     87.9,     -177.9
112,     30.07.2014 18:41:31,     10.5,     28.14,     39,     1.9,     4.2,     6.7,     19.5,     86.8,     1001.6,     183.34,     255.3,     88.1,     -178.1
113,     30.07.2014 18:51:31,     12.6,     30.15,     53,     1.6,     2.8,     4.6,     19.2,     87,     1001.7,     183.35,     (NO REPLY),     (NO REPLY),     (NO REPLY)
114,     30.07.2014 19:01:31,     11.55,     30.15,     46,     1.5,     2.5,     3.8,     19.1,     86.7,     1001.7,     183.35,     (NO REPLY),     (NO REPLY),     (NO REPLY)
115,     30.07.2014 19:11:16,     14.7,     34.17,     38,     1,     2.3,     3.7,     19.1,     86.9,     1001.8,     183.35,     255.5,     88,     -178,     12.743,     20.21,     67.2
116,     30.07.2014 19:21:16,     11.55,     24.12,     51,     0.7,     1.9,     3.1,     19,     86.8,     1001.8,     183.35,     255.4,     87.9,     -177.9
117,     30.07.2014 19:31:16,     6.3,     14.07,     50,     0.2,     1.3,     2.4,     19,     88.2,     1001.9,     183.35,     255.5,     88,     -178
118,     30.07.2014 19:41:16,     4.2,     10.05,     49,     0,     0.9,     2,     19,     87.4,     1002.1,     183.35,     255.6,     88,     -178
119,     30.07.2014 19:51:16,     2.1,     8.04,     347,     0.1,     1.1,     2,     19.1,     87.9,     1002.2,     183.35,     255.5,     87.8,     -177.9
120,     30.07.2014 20:01:16,     0,     2.01,     327,     0.7,     1.2,     1.7,     19,     87.6,     1002.3,     183.35,     (NO REPLY),     (NO REPLY),     (NO REPLY)
121,     30.07.2014 20:11:16,     -2.1,     -2.01,     318,     0.6,     1.1,     1.8,     19.1,     88.6,     1002.3,     183.35,     255.5,     87.9,     -177.9,     12.620,     19.69,     67.4
122,     30.07.2014 20:21:16,     -2.1,     -2.01,     309,     0.7,     1.3,     1.9,     19.1,     89.4,     1002.5,     183.35,     255.5,     87.9,     -177.9
123,     30.07.2014 20:31:16,     -2.1,     0,     303,     0.2,     1,     1.9,     19.2,     89.5,     1002.4,     183.35,     (NO REPLY),     (NO REPLY),     (NO REPLY)
124,     30.07.2014 20:41:16,     -2.1,     -2.01,     315,     0.3,     0.9,     1.6,     19.2,     89.8,     1002.5,     183.35,     255.5,     87.9,     -177.9
125,     30.07.2014 20:51:16,     -2.1,     -2.01,     326,     0.6,     1.1,     1.7,     19.2,     90.1,     1002.5,     183.35,     255.6,     87.8,     -177.9
126,     30.07.2014 21:01:16,     -1.05,     -2.01,     331,     0.2,     1,     1.9,     19.3,     89.9,     1002.5,     183.35,     255.6,     87.9,     -178
127,     30.07.2014 21:11:31,     -1.05,     -2.01,     337,     0.6,     1.3,     2.5,     19.1,     87.9,     1002.5,     183.35,     (NO REPLY),     (NO REPLY),     (NO REPLY),     12.601,     19.52,     67.4
128,     30.07.2014 21:21:31,     -2.1,     -2.01,     341,     0.7,     1.4,     2.2,     19.2,     87.2,     1002.6,     183.35,     255.6,     88,     -178
129,     30.07.2014 21:31:31,     -2.1,     -2.01,     340,     0.4,     1.6,     2.8,     19.1,     85.5,     1002.7,     183.35,     255.6,     87.9,     -177.9
130,     30.07.2014 21:41:31,     -4.2,     -2.01,     349,     0.7,     1.5,     2.5,     18.9,     84.1,     1002.6,     183.35,     255.4,     87.9,     -177.9
131,     30.07.2014 21:51:31,     -5.25,     -4.02,     342,     0.5,     1.5,     2.4,     18.6,     85.4,     1002.8,     183.35,     255.6,     88,     -178
132,     30.07.2014 22:01:31,     -4.2,     -2.01,     343,     1,     1.9,     3.1,     18.4,     83.7,     1002.7,     183.35,     255.7,     87.8,     -177.8
133,     30.07.2014 22:11:16,     -3.15,     -2.01,     337,     0.5,     1.7,     2.7,     18.2,     83.2,     1002.8,     183.35,     255.5,     87.9,     -177.9,     12.588,     18.81,     67.6
134,     30.07.2014 22:21:16,     -4.2,     -2.01,     332,     0.2,     1.8,     3,     18,     83.1,     1003,     183.35,     255.4,     87.9,     -177.9
135,     30.07.2014 22:31:16,     -4.2,     0,     326,     0.3,     1.4,     2.7,     18,     83.8,     1003,     183.35,     255.4,     88,     -178
136,     30.07.2014 22:41:16,     -5.25,     -4.02,     339,     0.4,     1.4,     2.5,     17.9,     83.8,     1003.1,     183.35,     255.6,     87.8,     -177.9
137,     30.07.2014 22:51:16,     -4.2,     -2.01,     342,     0.1,     1.5,     2.7,     17.6,     83.1,     1003.1,     183.35,     255.5,     88,     -178
138,     30.07.2014 23:01:16,     -5.25,     -4.02,     345,     0.1,     1.1,     2,     17.6,     85.3,     1003.2,     183.35,     255.4,     87.9,     -177.9
139,     30.07.2014 23:11:16,     -4.2,     -2.01,     319,     0.5,     1.4,     2.4,     17.5,     84.7,     1003.4,     183.35,     255.5,     87.9,     -177.9,     12.565,     17.53,     68.0
140,     30.07.2014 23:21:16,     -3.15,     -2.01,     314,     0.2,     1.5,     3.4,     17.5,     84.6,     1003.5,     183.35,     255.5,     87.9,     -177.9
141,     30.07.2014 23:31:16,     -3.15,     -4.02,     334,     0.9,     2,     3.2,     17.4,     84.4,     1003.4,     183.35,     255.5,     88,     -178
142,     30.07.2014 23:41:16,     -4.2,     0,     338,     1,     2,     3.8,     17.5,     84.6,     1003.4,     183.35,     255.4,     87.9,     -177.9
143,     30.07.2014 23:51:16,     -4.2,     -2.01,     339,     0.9,     1.6,     2.9,     17.5,     84,     1003.5,     183.35,     255.4,     87.8,     -177.9
144,     31.07.2014 00:01:16,     -5.25,     -2.01,     340,     0.8,     1.6,     2.5,     17.4,     85.7,     1003.5,     183.35,     255.6,     88,     -178,     12.459,     17.07,     68.1