Logger: #D10248 'TSK_Meteo' - USP_EXP2 (V2.10, Jan 24 2012)
No,     Time,     #1:W/m²:0,     #2:ÂµMol:(do.),     #5:deg:2,     #6:m/sMIN:(do.),     #7:m/sMIT:(do.),     #8:m/sMAX:(do.),     #9:Â°C:(do.),     #10:%:(do.),     #11:hPa:(do.),     #12:mm:(do.),     #14:AZ:3,     #15:EL:(do.),     #16:Roll:(do.),     #HK-Bat:V,     #HK-Temp:oC,     #HK-rH:%
(GSM Transfer OK / Signal:15)
1,     29.11.2014 00:11:18,     -2.1,     -2.01,     140,     1.1,     4.1,     7.4,     -0.5,     77.3,     1015.8,     330.94,     252.3,     87.7,     -177.8,     12.274,     1.06,     84.8
2,     29.11.2014 00:21:18,     -2.1,     -2.01,     138,     1.8,     4.2,     7.2,     -0.6,     77.1,     1015.8,     330.94,     72.2,     88,     -1.9
3,     29.11.2014 00:31:18,     -2.1,     -2.01,     144,     1.6,     4.3,     7.8,     -0.6,     76.8,     1015.8,     330.94,     252.3,     87.9,     -177.9
4,     29.11.2014 00:41:18,     -2.1,     0,     146,     1.3,     3.8,     7.8,     -0.6,     76.9,     1015.8,     330.94,     252.6,     87.8,     -177.8
5,     29.11.2014 00:51:18,     -1.05,     0,     144,     1.3,     4,     7.6,     -0.5,     77.1,     1015.8,     330.94,     252.1,     88,     -178
6,     29.11.2014 01:01:18,     -2.1,     -2.01,     150,     1.3,     4.2,     7.9,     -0.7,     77.3,     1015.9,     330.94,     72.4,     88,     -2
7,     29.11.2014 01:11:16,     -1.05,     -2.01,     148,     0.8,     3.7,     6.6,     -0.6,     76.7,     1015.9,     330.94,     252.4,     87.8,     -177.8,     12.457,     0.41,     86.7
8,     29.11.2014 01:21:16,     -1.05,     -2.01,     147,     1.1,     3.9,     7.5,     -0.7,     76.3,     1015.9,     330.94,     252.9,     87.8,     -177.8
9,     29.11.2014 01:31:16,     -1.05,     0,     149,     1.5,     4,     7.5,     -0.8,     76.5,     1015.9,     330.94,     251.8,     87.9,     -177.9
10,     29.11.2014 01:41:16,     -2.1,     0,     145,     1.2,     4.3,     7.6,     -0.8,     77.3,     1015.9,     330.94,     252.8,     88,     -178
11,     29.11.2014 01:51:16,     -2.1,     0,     151,     1.1,     3.9,     8,     -0.7,     77.7,     1016,     330.94,     252.5,     87.9,     -177.9
12,     29.11.2014 02:01:16,     -1.05,     0,     145,     0.6,     3.7,     7.6,     -0.8,     78.7,     1015.9,     330.94,     252.8,     87.8,     -177.9
13,     29.11.2014 02:11:16,     -1.05,     0,     145,     1.3,     3.9,     6.9,     -0.8,     77,     1015.9,     330.94,     252.2,     87.8,     -177.8,     13.813,     0.23,     86.9
14,     29.11.2014 02:21:16,     -2.1,     -2.01,     145,     1.6,     4,     7.4,     -0.7,     77.6,     1015.9,     330.94,     251.2,     88.1,     -178.1
15,     29.11.2014 02:31:16,     -2.1,     -2.01,     148,     1.1,     3.8,     7.3,     -0.8,     78.4,     1015.8,     330.94,     252.2,     88,     -178
16,     29.11.2014 02:41:16,     -1.05,     -2.01,     148,     0.9,     3.7,     7.4,     -0.8,     77.7,     1015.7,     330.94,     252.2,     87.9,     -177.9
17,     29.11.2014 02:51:16,     -1.05,     -2.01,     148,     0.8,     3.8,     6.9,     -0.8,     78.4,     1015.6,     330.94,     253.2,     88,     -178
18,     29.11.2014 03:01:16,     0,     0,     143,     1.1,     3.1,     5.7,     -0.8,     79.2,     1015.7,     330.94,     251.9,     88,     -178
19,     29.11.2014 03:11:16,     -1.05,     0,     139,     0.8,     3.8,     7.2,     -0.8,     78.2,     1015.7,     330.94,     252.6,     87.9,     -177.9,     12.650,     0.15,     86.9
20,     29.11.2014 03:21:16,     -1.05,     0,     144,     0.7,     3.6,     6.5,     -0.8,     77.9,     1015.7,     330.94,     251.9,     87.9,     -177.9
21,     29.11.2014 03:31:16,     -2.1,     -2.01,     141,     1.1,     3.8,     6.6,     -0.8,     80.1,     1015.8,     330.94,     251.5,     87.8,     -177.9
22,     29.11.2014 03:41:16,     -2.1,     -2.01,     140,     1.4,     3.7,     6.9,     -0.8,     78.3,     1015.6,     330.94,     252.4,     88,     -178
23,     29.11.2014 03:51:16,     0,     2.01,     140,     1,     3.3,     6.1,     -0.8,     79.6,     1015.6,     330.94,     252.2,     87.9,     -177.9
24,     29.11.2014 04:01:16,     -2.1,     0,     137,     1.3,     3.3,     5.7,     -0.8,     79.7,     1015.6,     330.94,     252.6,     87.9,     -177.8
25,     29.11.2014 04:11:16,     -2.1,     -2.01,     140,     1,     3.6,     6.9,     -0.8,     79.1,     1015.4,     330.94,     252.6,     87.9,     -178,     12.512,     0.07,     86.9
26,     29.11.2014 04:21:16,     -1.05,     -2.01,     138,     0.7,     4,     7.1,     -0.9,     79.5,     1015.3,     330.94,     252.2,     87.9,     -177.9
27,     29.11.2014 04:31:16,     -1.05,     0,     148,     1.2,     3.8,     7.3,     -0.8,     80.1,     1015.4,     330.94,     253,     87.8,     -177.8
28,     29.11.2014 04:41:16,     -2.1,     -2.01,     142,     0.3,     3.3,     5.5,     -0.9,     80.3,     1015.4,     330.94,     252.5,     87.9,     -177.9
29,     29.11.2014 04:51:16,     -2.1,     0,     140,     0.3,     3.6,     6.8,     -0.9,     80.2,     1015.3,     330.94,     252.3,     88,     -178
30,     29.11.2014 05:01:16,     -2.1,     -2.01,     139,     0.7,     3.2,     6.8,     -0.9,     79.7,     1015.3,     330.94,     252.1,     88,     -178
31,     29.11.2014 05:11:16,     -2.1,     -2.01,     140,     0.8,     3.2,     6.1,     -0.9,     80.3,     1015.4,     330.94,     252.6,     88,     -178,     12.461,     -0.11,     86.9
32,     29.11.2014 05:21:16,     -1.05,     -2.01,     143,     0.8,     3.5,     6.9,     -0.9,     81,     1015.5,     330.94,     252.1,     88.1,     -178.1
33,     29.11.2014 05:31:16,     -1.05,     0,     144,     1.1,     3.3,     6.3,     -0.9,     80.4,     1015.6,     330.94,     252.9,     88.1,     -178
34,     29.11.2014 05:41:16,     -1.05,     -2.01,     155,     0.8,     2.9,     6.2,     -0.8,     81.2,     1015.7,     330.94,     252.5,     87.9,     -177.9
35,     29.11.2014 05:51:16,     -1.05,     -2.01,     154,     0.6,     3.1,     6.7,     -0.6,     81.5,     1015.7,     330.94,     252.3,     88,     -177.9
36,     29.11.2014 06:01:16,     -2.1,     -4.02,     158,     1.8,     3.9,     6.2,     -0.7,     81.3,     1015.7,     330.94,     252.3,     88.1,     -178.1
37,     29.11.2014 06:11:17,     -1.05,     -2.01,     158,     1.2,     4.2,     7.6,     -0.7,     80.7,     1015.6,     330.94,     252.5,     88.1,     -178.2,     12.438,     0.03,     86.9
38,     29.11.2014 06:21:17,     -1.05,     -2.01,     161,     1.9,     3.9,     6.8,     -0.7,     79.9,     1015.6,     330.94,     252.2,     88.1,     -178.1
39,     29.11.2014 06:31:17,     -2.1,     -2.01,     156,     1.2,     4.2,     7.9,     -0.7,     81,     1015.7,     330.94,     251.9,     87.8,     -177.8
40,     29.11.2014 06:41:17,     -1.05,     -2.01,     152,     1.8,     4.4,     7.1,     -0.7,     80.8,     1015.8,     330.94,     251.7,     87.7,     -177.8
41,     29.11.2014 06:51:17,     0,     0,     154,     0.8,     4,     7.1,     -0.7,     80.7,     1015.9,     330.94,     252.7,     87.8,     -177.8
42,     29.11.2014 07:01:17,     -2.1,     -2.01,     158,     1.1,     4,     6.9,     -0.7,     80,     1015.8,     330.94,     251.8,     88,     -178
43,     29.11.2014 07:11:16,     -1.05,     -2.01,     153,     1.5,     4.5,     7.9,     -0.7,     80.5,     1015.9,     330.94,     252.8,     87.7,     -177.7,     13.826,     0.17,     86.9
44,     29.11.2014 07:21:16,     -1.05,     0,     148,     0.8,     4.1,     6.9,     -0.7,     80.9,     1015.8,     330.94,     251.9,     88,     -178
45,     29.11.2014 07:31:16,     0,     2.01,     157,     0.5,     3.4,     9.7,     -0.7,     80.5,     1015.9,     330.94,     252.5,     87.9,     -177.9
46,     29.11.2014 07:41:16,     -2.1,     -2.01,     152,     1.3,     3.7,     7,     -0.6,     81.5,     1015.9,     330.94,     252.6,     87.9,     -178
47,     29.11.2014 07:51:16,     -1.05,     0,     156,     1,     4.3,     7.8,     -0.6,     81.2,     1015.7,     330.94,     251.8,     87.8,     -177.8
48,     29.11.2014 08:01:16,     -1.05,     2.01,     161,     1.5,     4.1,     7.7,     -0.6,     79.9,     1016,     330.94,     72.3,     87.8,     -2.2
49,     29.11.2014 08:11:16,     1.05,     4.02,     155,     0.4,     3.7,     7.2,     -0.6,     79.4,     1015.9,     330.94,     252.8,     88,     -178,     12.620,     0.27,     86.9
50,     29.11.2014 08:21:16,     3.15,     8.04,     152,     1.1,     3.8,     6.2,     -0.6,     79.1,     1015.9,     330.94,     252.2,     87.9,     -177.9
51,     29.11.2014 08:31:16,     4.2,     12.06,     154,     0.5,     3.3,     6.1,     -0.5,     80.2,     1015.9,     330.94,     252.4,     87.9,     -178
52,     29.11.2014 08:41:16,     8.4,     20.1,     153,     0.6,     3.5,     6.9,     -0.5,     78.8,     1016,     330.94,     252.7,     87.9,     -177.9
53,     29.11.2014 08:51:16,     11.55,     26.13,     154,     0.4,     3.3,     5.8,     -0.4,     78,     1016,     330.94,     252.3,     87.9,     -178
54,     29.11.2014 09:01:16,     14.7,     32.16,     156,     1.1,     4.3,     8.9,     -0.6,     76.8,     1016.1,     330.94,     253,     87.9,     -177.8
55,     29.11.2014 09:11:17,     16.8,     38.19,     157,     0.6,     4.2,     7.1,     -0.6,     77.5,     1016,     330.94,     72.7,     88.1,     -1.8,     12.584,     0.41,     86.8
56,     29.11.2014 09:21:17,     31.5,     62.31,     157,     0.7,     4.3,     9.2,     -0.6,     76.5,     1015.9,     330.94,     252.9,     87.9,     -177.9
57,     29.11.2014 09:31:17,     34.65,     70.35,     158,     0.8,     3.3,     6,     -0.5,     77.4,     1015.9,     330.94,     253,     87.8,     -177.8
58,     29.11.2014 09:41:17,     39.9,     78.39,     158,     0.4,     3.9,     7.4,     -0.6,     75.7,     1015.9,     330.94,     252.6,     87.9,     -177.9
59,     29.11.2014 09:51:17,     54.6,     108.54,     156,     0.9,     4.1,     8.8,     -0.7,     76.3,     1015.9,     330.94,     252.9,     87.8,     -177.8
60,     29.11.2014 10:01:17,     94.5,     178.89,     162,     1.2,     4.4,     9.2,     -0.7,     77.2,     1015.9,     330.94,     251.2,     88,     -178
61,     29.11.2014 10:11:16,     64.05,     122.61,     156,     1.6,     3.6,     7.2,     -0.6,     76.1,     1016,     330.94,     253.1,     87.9,     -178,     13.879,     0.63,     86.8
62,     29.11.2014 10:21:16,     66.15,     130.65,     150,     1.4,     4.3,     7.4,     -0.7,     77.6,     1015.9,     330.94,     252.5,     88,     -178.1
63,     29.11.2014 10:31:16,     88.2,     172.86,     156,     1.2,     4.2,     7.4,     -0.8,     76.5,     1016,     330.94,     252.9,     87.9,     -177.9
64,     29.11.2014 10:41:16,     95.55,     188.94,     151,     0.7,     3.8,     6.3,     -0.8,     76.5,     1015.9,     330.94,     72.3,     87.8,     -2
65,     29.11.2014 10:51:16,     91.35,     182.91,     159,     1.2,     4,     7,     -0.9,     76.7,     1015.9,     330.94,     72.6,     88,     -1.9
66,     29.11.2014 11:01:16,     94.5,     188.94,     162,     1.3,     3.6,     6,     -0.8,     76.5,     1015.8,     330.94,     252.4,     88.2,     -178.2
67,     29.11.2014 11:11:16,     96.6,     198.99,     156,     1.2,     3.7,     6.3,     -0.9,     77.4,     1015.7,     330.94,     252.5,     87.9,     -177.9,     13.864,     0.69,     86.7
68,     29.11.2014 11:21:16,     78.75,     166.83,     166,     0.9,     3.9,     7.2,     -0.9,     76.3,     1015.7,     330.94,     252.4,     88,     -178
69,     29.11.2014 11:31:16,     123.9,     259.29,     163,     0.9,     4,     6.7,     -0.8,     76.3,     1015.7,     330.94,     252.8,     88,     -177.9
70,     29.11.2014 11:41:16,     116.55,     237.18,     170,     1.1,     3.7,     6.2,     -0.8,     76.3,     1015.7,     330.94,     252.7,     87.8,     -177.8
71,     29.11.2014 11:51:16,     88.2,     188.94,     164,     1.1,     3.5,     6.2,     -0.7,     76.1,     1015.5,     330.94,     252.3,     87.8,     -177.8
72,     29.11.2014 12:01:16,     117.6,     231.15,     167,     1.9,     3.8,     6.3,     -0.8,     74.6,     1015.7,     330.94,     252.7,     87.8,     -177.8
73,     29.11.2014 12:11:16,     109.2,     219.09,     168,     1.6,     3.9,     7,     -1,     76.4,     1015.6,     330.94,     252.4,     87.9,     -177.9,     12.997,     0.55,     86.7
74,     29.11.2014 12:21:16,     95.55,     190.95,     156,     1.1,     3.5,     6.9,     -0.9,     76.8,     1015.6,     330.94,     253,     88,     -178
75,     29.11.2014 12:31:16,     98.7,     190.95,     154,     1.1,     3.2,     5.7,     -0.8,     76.5,     1015.4,     330.94,     252.2,     88,     -178
76,     29.11.2014 12:41:16,     93.45,     182.91,     156,     1.3,     3.8,     6.2,     -0.9,     76.2,     1015.4,     330.94,     252.9,     87.8,     -177.8
77,     29.11.2014 12:51:16,     89.25,     172.86,     153,     0.9,     3.4,     7,     -0.8,     76.4,     1015.3,     330.94,     253,     87.9,     -177.9
78,     29.11.2014 13:01:16,     82.95,     162.81,     155,     1.1,     3.3,     6.6,     -0.7,     76.7,     1015.2,     330.94,     252.5,     87.9,     -177.9
79,     29.11.2014 13:11:17,     64.05,     130.65,     147,     1,     3.4,     6.8,     -0.7,     76.9,     1015.4,     330.94,     252.7,     88,     -178,     13.196,     0.82,     86.7
80,     29.11.2014 13:21:17,     55.65,     112.56,     146,     0.9,     3.4,     6.1,     -0.6,     75.8,     1015.4,     330.94,     252.6,     87.9,     -177.9
81,     29.11.2014 13:31:17,     44.1,     90.45,     154,     1.2,     3.6,     6.1,     -0.5,     75.9,     1015.5,     330.94,     252.9,     87.9,     -178
82,     29.11.2014 13:41:17,     42,     86.43,     159,     1.2,     3.2,     6,     -0.6,     76.6,     1015.5,     330.94,     252.8,     88,     -178
83,     29.11.2014 13:51:17,     40.95,     84.42,     163,     0.9,     2.7,     5.1,     -0.6,     76.1,     1015.5,     330.94,     252.3,     87.9,     -177.9
84,     29.11.2014 14:01:17,     45.15,     90.45,     158,     0.6,     2.8,     5.1,     -0.6,     77.9,     1015.6,     330.94,     253.1,     87.9,     -177.9
85,     29.11.2014 14:11:16,     40.95,     80.4,     144,     1.3,     3.1,     5.1,     -0.8,     76.9,     1015.6,     330.94,     252.4,     87.9,     -177.9,     12.989,     0.88,     86.6
86,     29.11.2014 14:21:16,     39.9,     80.4,     146,     1.4,     3.5,     6.1,     -1,     76.2,     1015.4,     330.94,     252.5,     88,     -178
87,     29.11.2014 14:31:16,     30.45,     64.32,     146,     1.3,     3.1,     5.1,     -0.9,     76,     1015.3,     330.94,     252.8,     87.9,     -177.9
88,     29.11.2014 14:41:16,     32.55,     62.31,     154,     1.1,     3.1,     6.1,     -1,     77.3,     1015.3,     330.94,     252.3,     87.9,     -177.8
89,     29.11.2014 14:51:16,     23.1,     48.24,     144,     0.8,     3.3,     6.5,     -1.2,     77.8,     1015.2,     330.94,     252.5,     87.9,     -177.9
90,     29.11.2014 15:01:16,     14.7,     34.17,     140,     1,     3.3,     5.7,     -1.3,     76.6,     1015.2,     330.94,     72.3,     87.8,     -2.1
91,     29.11.2014 15:11:17,     10.5,     24.12,     142,     0.6,     3.3,     5.6,     -1.3,     77.2,     1015.2,     330.94,     252.3,     87.8,     -177.9,     12.777,     0.45,     86.7
92,     29.11.2014 15:21:17,     10.5,     22.11,     159,     1.5,     3.5,     6,     -1.2,     77.2,     1015.1,     330.94,     252.6,     88,     -178
93,     29.11.2014 15:31:17,     4.2,     12.06,     170,     1.9,     3.8,     7.1,     -1.2,     77.6,     1015.1,     330.94,     252.7,     87.7,     -177.7
94,     29.11.2014 15:41:17,     3.15,     10.05,     158,     1.3,     4,     6.1,     -1.4,     77.8,     1015.1,     330.94,     252.9,     87.8,     -177.8
95,     29.11.2014 15:51:17,     1.05,     2.01,     158,     0.9,     3.6,     6.6,     -1.4,     76.3,     1015,     330.94,     252.8,     87.9,     -177.9
96,     29.11.2014 16:01:17,     0,     2.01,     160,     0.9,     3.2,     6.1,     -1.3,     77.1,     1015.2,     330.94,     252.1,     88.1,     -178.1
97,     29.11.2014 16:11:16,     0,     2.01,     169,     1.3,     3.3,     5.5,     -1.3,     77.7,     1015.3,     330.94,     252.6,     87.9,     -177.9,     12.645,     -0.11,     86.9
98,     29.11.2014 16:21:16,     0,     -2.01,     181,     1.5,     4,     6.6,     -1.4,     75.5,     1015.1,     330.94,     253.2,     87.9,     -177.9
99,     29.11.2014 16:31:16,     -1.05,     -2.01,     167,     1.1,     3.4,     6.4,     -1.3,     77.2,     1015.1,     330.94,     252.8,     88,     -178
100,     29.11.2014 16:41:16,     -2.1,     -2.01,     160,     1.3,     3.8,     7.3,     -1.4,     76.3,     1014.9,     330.94,     252.7,     87.9,     -178
101,     29.11.2014 16:51:16,     -2.1,     -2.01,     158,     1.5,     3.4,     5.7,     -1.4,     76.8,     1015,     330.94,     252.9,     87.9,     -177.9
102,     29.11.2014 17:01:16,     -1.05,     -2.01,     149,     1.4,     3,     5,     -1.4,     78.5,     1014.9,     330.94,     252.6,     87.9,     -177.9
103,     29.11.2014 17:11:16,     -1.05,     -2.01,     159,     0.9,     3.1,     5.5,     -1.5,     77.4,     1015,     330.94,     252.5,     87.9,     -177.9,     12.592,     -0.38,     87.0
104,     29.11.2014 17:21:16,     -1.05,     -2.01,     159,     1.1,     3.6,     6,     -1.5,     76.8,     1014.9,     330.94,     252.1,     87.9,     -177.9
105,     29.11.2014 17:31:16,     -2.1,     -2.01,     162,     0.8,     3.4,     7,     -1.4,     77.1,     1014.9,     330.94,     251.5,     87.9,     -177.9
106,     29.11.2014 17:41:16,     -1.05,     0,     161,     1.7,     4.2,     7.4,     -1.8,     75,     1015,     330.94,     252.6,     88,     -178
107,     29.11.2014 17:51:16,     -1.05,     0,     167,     0.7,     4,     7.9,     -1.8,     76.3,     1015,     330.94,     251.7,     87.5,     -177.5
108,     29.11.2014 18:01:16,     -3.15,     -4.02,     160,     1.9,     3.9,     6.6,     -1.8,     77.2,     1015,     330.94,     252.7,     87.9,     -178
109,     29.11.2014 18:11:17,     -1.05,     -2.01,     164,     0.8,     3.8,     8.2,     -1.7,     76.7,     1014.9,     330.94,     252,     88.3,     -178.3,     12.552,     -0.63,     87.1
110,     29.11.2014 18:21:17,     -2.1,     -2.01,     170,     1.3,     4.4,     8.2,     -1.9,     75.8,     1015.1,     330.94,     252.6,     87.9,     -177.9
111,     29.11.2014 18:31:17,     -1.05,     0,     171,     0.8,     3.3,     5.2,     -1.8,     76.4,     1015.1,     330.94,     252.1,     88.1,     -178.1
112,     29.11.2014 18:41:17,     -2.1,     0,     167,     2,     4.1,     6.5,     -2,     76.9,     1015.1,     330.94,     252.4,     87.9,     -177.9
113,     29.11.2014 18:51:17,     -2.1,     0,     171,     1.4,     4.2,     7.6,     -2,     76.6,     1015.2,     330.94,     252.2,     88,     -178
114,     29.11.2014 19:01:17,     -2.1,     0,     165,     0.5,     3.8,     7.5,     -2,     77.5,     1015.3,     330.94,     252.2,     87.9,     -177.9
115,     29.11.2014 19:11:16,     -2.1,     -2.01,     161,     0.9,     3.8,     6.1,     -2.1,     77.5,     1015.3,     330.94,     252.2,     88,     -178.1,     12.770,     -0.84,     87.1
116,     29.11.2014 19:21:16,     -2.1,     -4.02,     159,     1,     3.6,     6.5,     -2,     77.1,     1015.4,     330.94,     252.2,     87.7,     -177.7
117,     29.11.2014 19:31:16,     -1.05,     0,     164,     1,     3.5,     6.4,     -2.1,     77.8,     1015.3,     330.94,     252.8,     88.1,     -178
118,     29.11.2014 19:41:16,     -1.05,     -2.01,     162,     1.8,     4.2,     7.6,     -2.2,     77.8,     1015.3,     330.94,     252.9,     87.8,     -177.8
119,     29.11.2014 19:51:16,     -2.1,     -2.01,     162,     1.8,     4.3,     8,     -2.2,     77.6,     1015.3,     330.94,     252.3,     88,     -178
120,     29.11.2014 20:01:16,     -1.05,     -2.01,     155,     1.5,     3.9,     7,     -2.2,     76.7,     1015.3,     330.94,     252,     88,     -177.9
121,     29.11.2014 20:11:17,     -2.1,     -2.01,     160,     1.2,     3.9,     7.4,     -2.2,     76.6,     1015.2,     330.94,     252.3,     87.9,     -177.9,     12.563,     -1.08,     87.1
122,     29.11.2014 20:21:17,     -2.1,     0,     160,     1.2,     3.6,     6,     -2.1,     78.1,     1015.3,     330.94,     252,     88.1,     -178.1
123,     29.11.2014 20:31:17,     -5.25,     -6.03,     158,     0.4,     3.2,     5.8,     -2.2,     77.4,     1015.3,     330.94,     252,     87.8,     -177.9
124,     29.11.2014 20:41:17,     -2.1,     -2.01,     161,     1.3,     3.3,     5.9,     -2.2,     77.2,     1015.3,     330.94,     252.5,     87.9,     -177.9
125,     29.11.2014 20:51:17,     0,     2.01,     171,     1.1,     3.7,     6.5,     -2.2,     77.3,     1015.4,     330.94,     252.7,     87.7,     -177.8
126,     29.11.2014 21:01:17,     -1.05,     0,     165,     1,     3.4,     5.7,     -2.3,     76.7,     1015.4,     330.94,     252,     87.9,     -177.9
127,     29.11.2014 21:11:16,     -1.05,     0,     160,     1.1,     3.5,     6.5,     -2.2,     78.2,     1015.3,     330.94,     252.5,     87.9,     -177.9,     12.527,     -1.20,     87.2
128,     29.11.2014 21:21:16,     -1.05,     -2.01,     164,     1.4,     3.5,     5.7,     -2.3,     76.9,     1015.3,     330.94,     252.6,     87.9,     -177.9
129,     29.11.2014 21:31:16,     -2.1,     -2.01,     160,     1,     3.3,     5.6,     -2.3,     77.5,     1015.2,     330.94,     251.9,     88,     -178
130,     29.11.2014 21:41:16,     -2.1,     -2.01,     164,     1,     3.4,     6.8,     -2.2,     79.9,     1015.2,     330.94,     252.2,     87.9,     -177.9
131,     29.11.2014 21:51:16,     -2.1,     -2.01,     170,     1.6,     4.7,     8.3,     -2.3,     77.5,     1015,     330.94,     253.3,     87.5,     -177.6
132,     29.11.2014 22:01:16,     -2.1,     -4.02,     164,     1.7,     4.4,     8.3,     -2.4,     77.3,     1015,     330.94,     252.1,     87.9,     -177.9
133,     29.11.2014 22:11:16,     -1.05,     -2.01,     164,     1.8,     4.1,     7.7,     -2.4,     77.3,     1015,     330.94,     252.6,     88,     -178.1,     12.514,     -1.29,     87.2
134,     29.11.2014 22:21:16,     -1.05,     0,     172,     1.2,     4.1,     7.2,     -2.4,     77.7,     1014.9,     330.94,     252.3,     88,     -178
135,     29.11.2014 22:31:16,     -2.1,     0,     170,     1.2,     3.8,     6.9,     -2.3,     78,     1015,     330.94,     252.5,     87.9,     -177.9
136,     29.11.2014 22:41:16,     -1.05,     0,     160,     0.9,     3.4,     6.6,     -2.4,     77.5,     1014.9,     330.94,     252.4,     87.9,     -177.9
137,     29.11.2014 22:51:16,     -2.1,     -2.01,     157,     1.1,     3.1,     6,     -2.4,     76.9,     1014.9,     330.94,     251.9,     88,     -178
138,     29.11.2014 23:01:16,     -2.1,     -2.01,     158,     1.4,     3.7,     6.1,     -2.5,     79,     1014.9,     330.94,     251.6,     88,     -178
139,     29.11.2014 23:11:17,     -1.05,     -2.01,     154,     1.5,     3.8,     7,     -2.5,     77.9,     1014.8,     330.94,     251.6,     87.8,     -177.8,     13.813,     -1.37,     87.2
140,     29.11.2014 23:21:17,     -2.1,     -2.01,     157,     1.5,     3.6,     6.1,     -2.5,     78.2,     1014.7,     330.94,     251.6,     87.9,     -177.9
141,     29.11.2014 23:31:17,     -2.1,     -2.01,     160,     1.4,     3.8,     7.3,     -2.5,     79.5,     1014.6,     330.94,     251,     88.1,     -178.1
142,     29.11.2014 23:41:17,     -2.1,     0,     165,     1.4,     4.4,     7.3,     -2.5,     78,     1014.6,     330.94,     252.2,     87.9,     -177.9
143,     29.11.2014 23:51:17,     -1.05,     -2.01,     172,     2.7,     4.8,     8.3,     -2.5,     77.6,     1014.4,     330.94,     72.4,     87.5,     -2.5
144,     30.11.2014 00:01:17,     -1.05,     0,     176,     2.4,     5.1,     8.3,     -2.6,     77.6,     1014.5,     330.94,     253.7,     87.9,     -177.9,     12.397,     -1.45,     87.2