Logger: #D10248 'TSK_Meteo' - USP_EXP2 (V2.10, Jan 24 2012)
No,     Time,     #1:W/m²:0,     #2:ÂµMol:(do.),     #5:deg:2,     #6:m/sMIN:(do.),     #7:m/sMIT:(do.),     #8:m/sMAX:(do.),     #9:Â°C:(do.),     #10:%:(do.),     #11:hPa:(do.),     #12:mm:(do.),     #14:AZ:3,     #15:EL:(do.),     #16:Roll:(do.),     #HK-Bat:V,     #HK-Temp:oC,     #HK-rH:%
(GSM Transfer OK / Signal:16)
1,     19.10.2014 00:11:21,     -4.2,     -2.01,     225,     1.8,     3.6,     6.4,     14.3,     83.5,     1011.2,     309.09,     253.9,     88.1,     -178.1,     12.476,     14.71,     76.2
2,     19.10.2014 00:21:21,     -3.15,     -2.01,     228,     1.9,     3.7,     5.6,     14.3,     83.8,     1011.2,     309.09,     254.7,     88,     -178
3,     19.10.2014 00:31:21,     -4.2,     0,     230,     1.6,     3.3,     4.9,     14.2,     84,     1011.2,     309.09,     254,     88,     -178
4,     19.10.2014 00:41:21,     -3.15,     -2.01,     230,     1.6,     3.5,     5.7,     14.1,     84.1,     1011.2,     309.09,     254.1,     88,     -178
5,     19.10.2014 00:51:21,     -5.25,     -2.01,     227,     1.8,     3.5,     5.2,     14,     84.4,     1011.1,     309.09,     254.2,     88.1,     -178.1
6,     19.10.2014 01:01:21,     -4.2,     0,     230,     1.4,     3.5,     5.4,     14,     84.5,     1011,     309.09,     254.8,     88,     -178
7,     19.10.2014 01:11:17,     -4.2,     -2.01,     229,     1.5,     3.3,     5.3,     13.9,     84.7,     1011.1,     309.09,     253.9,     87.9,     -177.9,     12.512,     13.81,     77.8
8,     19.10.2014 01:21:17,     -4.2,     0,     227,     1.9,     3.1,     5.4,     13.8,     85,     1011,     309.09,     254,     88,     -178
9,     19.10.2014 01:31:17,     -4.2,     -2.01,     221,     1.8,     3.1,     4.6,     13.7,     85.3,     1010.8,     309.09,     254.5,     88,     -178
10,     19.10.2014 01:41:17,     -4.2,     -2.01,     221,     1.6,     3.2,     5.1,     13.6,     85.7,     1010.8,     309.09,     254,     88.1,     -178.1
11,     19.10.2014 01:51:17,     -4.2,     -4.02,     229,     1.6,     2.7,     4.7,     13.5,     85.8,     1010.8,     309.09,     253.9,     88,     -178
12,     19.10.2014 02:01:17,     -4.2,     -2.01,     228,     1.7,     2.9,     4.3,     13.5,     85.9,     1010.7,     309.09,     254,     88.1,     -178.1
13,     19.10.2014 02:11:22,     -3.15,     -2.01,     226,     1.3,     2.5,     4,     13.4,     86,     1010.5,     309.09,     253.9,     88,     -178,     12.493,     13.31,     77.9
14,     19.10.2014 02:21:22,     -3.15,     -2.01,     217,     1.3,     2.5,     4.2,     13.3,     86.2,     1010.4,     309.09,     253.3,     88,     -178
15,     19.10.2014 02:31:22,     -4.2,     -2.01,     217,     0.9,     2,     3.8,     13.2,     86.7,     1010.5,     309.09,     254.2,     88.1,     -178.1
16,     19.10.2014 02:41:22,     -3.15,     -2.01,     210,     1,     2.4,     4,     13,     87.1,     1010.2,     309.09,     253.8,     88,     -178
17,     19.10.2014 02:51:22,     -3.15,     -4.02,     211,     1.1,     2.6,     4.4,     13,     87.5,     1010,     309.09,     253.7,     88.1,     -178.1
18,     19.10.2014 03:01:22,     -4.2,     -4.02,     224,     1.3,     2.8,     4.8,     12.9,     87.5,     1009.9,     309.09,     253.6,     87.9,     -177.9
19,     19.10.2014 03:11:16,     -5.25,     -2.01,     228,     1.4,     2.6,     4.9,     12.8,     87.8,     1010,     309.09,     254.3,     88.1,     -178.1,     12.450,     12.83,     78.1
20,     19.10.2014 03:21:16,     -4.2,     -4.02,     213,     1.8,     2.8,     4.2,     12.8,     87.6,     1009.8,     309.09,     253.9,     88,     -178
21,     19.10.2014 03:31:16,     -3.15,     -2.01,     214,     1.4,     2.7,     3.8,     12.7,     87.8,     1009.8,     309.09,     253.8,     88,     -178
22,     19.10.2014 03:41:16,     -3.15,     -2.01,     218,     1.3,     2.8,     4.8,     12.7,     87.8,     1009.7,     309.09,     253.7,     88,     -178
23,     19.10.2014 03:51:16,     -5.25,     -2.01,     222,     0.5,     2,     3.9,     12.6,     87.9,     1009.7,     309.09,     253.7,     88,     -178
24,     19.10.2014 04:01:16,     -4.2,     -2.01,     214,     0.8,     2,     3.7,     12.5,     88.2,     1009.6,     309.09,     253.7,     87.9,     -177.9
25,     19.10.2014 04:11:16,     -3.15,     0,     209,     0.9,     2.4,     4.4,     12.4,     88.5,     1009.5,     309.09,     253.8,     88,     -178,     12.421,     12.44,     78.2
26,     19.10.2014 04:21:16,     -3.15,     -2.01,     225,     0.8,     2.4,     4.1,     12.5,     88.4,     1009.6,     309.09,     254,     88,     -178
27,     19.10.2014 04:31:16,     -4.2,     -2.01,     222,     1,     2.1,     3.6,     12.5,     88.3,     1009.4,     309.09,     253.7,     87.9,     -177.9
28,     19.10.2014 04:41:16,     -3.15,     0,     224,     0.2,     1.4,     2.7,     12.4,     88.2,     1009.4,     309.09,     253.6,     88.1,     -178.1
29,     19.10.2014 04:51:16,     -4.2,     -2.01,     236,     0.7,     1.9,     3.1,     12.5,     88.5,     1009.4,     309.09,     253.8,     88.1,     -178.1
30,     19.10.2014 05:01:16,     -4.2,     -2.01,     216,     1.3,     2.1,     3.2,     12.4,     88.1,     1009.2,     309.09,     253.5,     88.1,     -178.1
31,     19.10.2014 05:11:17,     -4.2,     -2.01,     210,     1.5,     2.6,     4.3,     12.3,     88.3,     1009,     309.09,     254.2,     88.1,     -178.1,     12.412,     12.15,     78.3
32,     19.10.2014 05:21:17,     -3.15,     0,     218,     1.8,     3.1,     4.8,     12.2,     88.5,     1008.8,     309.09,     253.9,     87.8,     -177.9
33,     19.10.2014 05:31:17,     -4.2,     -4.02,     224,     1.2,     2.7,     4.2,     12.3,     88.4,     1009,     309.09,     253.8,     88,     -178
34,     19.10.2014 05:41:17,     -4.2,     -2.01,     243,     0.2,     1.6,     2.9,     12.3,     88.3,     1009.1,     309.09,     253.8,     88.1,     -178.1
35,     19.10.2014 05:51:17,     -3.15,     -2.01,     228,     0.6,     2.2,     3.6,     12.3,     88.1,     1008.9,     309.09,     253.8,     88,     -178
36,     19.10.2014 06:01:17,     -4.2,     -2.01,     225,     1,     2.2,     3.5,     12.2,     88.4,     1008.8,     309.09,     253.8,     88.1,     -178.1
37,     19.10.2014 06:11:22,     -3.15,     -2.01,     229,     1.3,     2.3,     3.8,     12.2,     88.4,     1008.6,     309.09,     253.9,     88.1,     -178.1,     12.370,     11.97,     78.3
38,     19.10.2014 06:21:22,     -4.2,     -2.01,     227,     1.1,     2.2,     3.6,     12.1,     88.7,     1008.5,     309.09,     253.7,     88,     -178
39,     19.10.2014 06:31:22,     -2.1,     2.01,     220,     1.1,     2.1,     3.3,     12,     88.6,     1008.4,     309.09,     253.6,     88,     -178
40,     19.10.2014 06:41:22,     0,     6.03,     212,     0.6,     2,     3.3,     11.9,     89,     1008.4,     309.09,     253.6,     88,     -178
41,     19.10.2014 06:51:22,     3.15,     16.08,     218,     0.5,     2.3,     3.6,     11.9,     89,     1008.3,     309.09,     253.7,     88.1,     -178.1
42,     19.10.2014 07:01:22,     9.45,     30.15,     218,     0.5,     1.8,     3,     11.9,     89.2,     1008.3,     309.09,     253.8,     88,     -178
43,     19.10.2014 07:11:22,     15.75,     42.21,     203,     1.3,     2.2,     3,     11.9,     89.2,     1008.2,     309.09,     253.7,     88.1,     -178.1,     12.480,     11.77,     78.4
44,     19.10.2014 07:21:22,     23.1,     64.32,     211,     1.5,     2.6,     3.6,     11.8,     89.2,     1008.1,     309.09,     254,     88,     -178
45,     19.10.2014 07:31:22,     58.8,     116.58,     211,     1.6,     2.6,     3.7,     12,     89.3,     1008.1,     309.09,     253.8,     88.1,     -178.1
46,     19.10.2014 07:41:22,     84,     154.77,     215,     1.4,     2.7,     3.9,     12.1,     88.3,     1008.1,     309.09,     254.3,     88.1,     -178.1
47,     19.10.2014 07:51:22,     99.75,     186.93,     218,     1.5,     2.8,     4.3,     12.2,     87.9,     1008.1,     309.09,     254,     88,     -178
48,     19.10.2014 08:01:22,     119.7,     235.17,     215,     1.9,     3,     4.4,     12.4,     87.6,     1008,     309.09,     254,     88,     -178
49,     19.10.2014 08:11:21,     141.75,     277.38,     220,     1,     2.9,     4.3,     12.5,     87.1,     1008,     309.09,     254.5,     88.1,     -178.1,     14.352,     14.25,     79.4
50,     19.10.2014 08:21:21,     159.6,     309.54,     223,     1.4,     2.5,     4,     12.8,     86.6,     1008,     309.09,     254.3,     88,     -178
51,     19.10.2014 08:31:21,     178.5,     349.74,     225,     1.2,     2.6,     3.9,     13,     85.5,     1008,     309.09,     254.1,     88.1,     -178.1
52,     19.10.2014 08:41:21,     200.55,     387.93,     218,     1.6,     3,     4.7,     13.2,     84.9,     1007.6,     309.09,     254.7,     88,     -178
53,     19.10.2014 08:51:21,     220.5,     428.13,     224,     1.7,     3,     4.7,     13.6,     83.7,     1007.5,     309.09,     254.3,     88,     -178
54,     19.10.2014 09:01:21,     238.35,     462.3,     226,     1.4,     3.3,     5.1,     13.8,     82.8,     1007.3,     309.09,     254.6,     88.1,     -178.1
55,     19.10.2014 09:11:16,     255.15,     498.48,     218,     1.9,     3.5,     5.3,     13.9,     83.1,     1007.2,     309.09,     255.5,     88,     -178,     13.491,     17.57,     78.0
56,     19.10.2014 09:21:16,     269.85,     526.62,     227,     1.4,     3.1,     5,     14.2,     82.4,     1007.2,     309.09,     254.9,     88,     -178
57,     19.10.2014 09:31:16,     286.65,     560.79,     222,     1.8,     3.3,     4.8,     14.6,     81.5,     1006.9,     309.09,     254.4,     88,     -178
58,     19.10.2014 09:41:16,     300.3,     586.92,     227,     1.8,     3.2,     4.9,     15,     80.5,     1006.8,     309.09,     254.6,     88,     -178
59,     19.10.2014 09:51:16,     315,     617.07,     226,     1.9,     3.4,     5.7,     15.3,     79.1,     1006.8,     309.09,     254.1,     88,     -178
60,     19.10.2014 10:01:16,     325.5,     637.17,     226,     0.8,     3.2,     5.6,     15.7,     78.1,     1006.8,     309.09,     74.7,     88,     -1.9
61,     19.10.2014 10:11:17,     339.15,     663.3,     228,     1.2,     2.7,     4.9,     16.1,     77.6,     1006.7,     309.09,     254.4,     88,     -178,     13.118,     19.11,     76.4
62,     19.10.2014 10:21:17,     349.65,     687.42,     225,     1.5,     2.9,     4.4,     16.6,     76.1,     1006.5,     309.09,     254.7,     88,     -178.1
63,     19.10.2014 10:31:17,     361.2,     707.52,     222,     1.1,     2.7,     4.7,     17,     75.7,     1006.4,     309.09,     254.1,     87.9,     -177.9
64,     19.10.2014 10:41:17,     369.6,     725.61,     256,     0.6,     2.7,     7.7,     17.6,     72.5,     1006.3,     309.09,     75.8,     87.8,     -2.1
65,     19.10.2014 10:51:17,     378,     741.69,     261,     1.1,     4.8,     8,     17.7,     72,     1006.2,     309.09,     75,     87.9,     -1.9
66,     19.10.2014 11:01:17,     387.45,     755.76,     262,     1.8,     5.1,     8.9,     17.8,     71.8,     1005.9,     309.09,     77.2,     88.2,     -1.6
67,     19.10.2014 11:11:17,     394.8,     771.84,     258,     1.6,     4.9,     10.2,     18.1,     72.1,     1005.7,     309.09,     254.1,     88,     -178,     13.122,     20.73,     75.6
68,     19.10.2014 11:21:17,     400.05,     779.88,     261,     1.4,     4.7,     9.2,     18.3,     71.4,     1005.6,     309.09,     76,     87.9,     -2
69,     19.10.2014 11:31:17,     401.1,     787.92,     268,     1.8,     5.1,     9.2,     18.5,     71.4,     1005.7,     309.09,     75.1,     88.2,     -1.7
70,     19.10.2014 11:41:17,     405.3,     793.95,     266,     1.2,     4.7,     7.8,     18.6,     71.2,     1005.4,     309.09,     74.8,     87.9,     -1.9
71,     19.10.2014 11:51:17,     402.15,     789.93,     264,     2.2,     4.9,     10.9,     18.8,     71,     1005.4,     309.09,     76.5,     88.2,     -1.7
72,     19.10.2014 12:01:17,     402.15,     783.9,     267,     2.8,     5.9,     9.5,     18.8,     70.6,     1005.3,     309.09,     76.2,     87.7,     -2.1
73,     19.10.2014 12:11:17,     400.05,     781.89,     268,     2.1,     5.5,     9.1,     18.8,     70.7,     1005.3,     309.09,     255.5,     87.9,     -177.9,     13.057,     21.83,     75.2
74,     19.10.2014 12:21:17,     396.9,     775.86,     260,     2.5,     5.8,     9.6,     18.9,     71.1,     1005,     309.09,     75.1,     88,     -1.8
75,     19.10.2014 12:31:17,     393.75,     773.85,     257,     2.1,     5.9,     8.7,     19,     71.1,     1004.8,     309.09,     75.6,     88,     -1.8
76,     19.10.2014 12:41:17,     387.45,     759.78,     254,     1.6,     5.6,     10.7,     19.3,     70.2,     1004.7,     309.09,     254.3,     88.1,     -178
77,     19.10.2014 12:51:17,     378,     741.69,     265,     1.9,     4.7,     7.8,     19.4,     70.6,     1004.7,     309.09,     74.6,     87.9,     -1.9
78,     19.10.2014 13:01:17,     371.7,     725.61,     253,     2.1,     4.5,     9.9,     19.7,     69.6,     1004.3,     309.09,     77.1,     87.9,     -2
79,     19.10.2014 13:11:16,     362.25,     713.55,     258,     2.5,     5.6,     9.3,     19.9,     69.1,     1004.4,     309.09,     76.8,     87.6,     -2.2,     13.319,     22.51,     75.1
80,     19.10.2014 13:21:16,     352.8,     691.44,     258,     3,     6.6,     10.8,     19.9,     69.1,     1004.2,     309.09,     75.5,     88.5,     -1.4
81,     19.10.2014 13:31:16,     343.35,     669.33,     252,     3.3,     6,     9.2,     20,     68.9,     1004,     309.09,     77.1,     87.8,     -2
82,     19.10.2014 13:41:16,     328.65,     641.19,     253,     2.3,     5,     8.1,     20.2,     68.5,     1004,     309.09,     256.9,     88.1,     -178.1
83,     19.10.2014 13:51:16,     319.2,     625.11,     253,     3.2,     6.1,     10.2,     20.2,     68.2,     1003.8,     309.09,     75.9,     87.8,     -2
84,     19.10.2014 14:01:16,     303.45,     594.96,     259,     3.4,     6.2,     10.8,     20.3,     67.8,     1003.6,     309.09,     76.2,     87.7,     -2.1
85,     19.10.2014 14:11:16,     287.7,     562.8,     252,     3.5,     6,     8.8,     20.4,     67.2,     1003.5,     309.09,     255.2,     88,     -178,     13.122,     22.95,     75.0
86,     19.10.2014 14:21:16,     269.85,     524.61,     262,     2,     5.4,     9.3,     20.5,     67.5,     1003.4,     309.09,     75,     88,     -1.8
87,     19.10.2014 14:31:16,     258.3,     500.49,     255,     2.8,     4.8,     7.7,     20.6,     67.5,     1003.2,     309.09,     75.2,     88,     -1.8
88,     19.10.2014 14:41:16,     203.7,     410.04,     249,     3.2,     5.4,     8.4,     20.7,     66.3,     1003,     309.09,     76.7,     88.1,     -1.8
89,     19.10.2014 14:51:16,     105,     217.08,     254,     2.2,     4.7,     9.1,     20.8,     66.5,     1003,     309.09,     75.2,     87.8,     -2
90,     19.10.2014 15:01:16,     226.8,     436.17,     252,     1.8,     5.1,     9.1,     20.8,     66.3,     1002.7,     309.09,     75.7,     87.8,     -2
91,     19.10.2014 15:11:17,     193.2,     367.83,     253,     3.3,     5.6,     9.7,     20.9,     65.6,     1002.6,     309.09,     75.5,     87.9,     -2,     13.315,     23.09,     75.1
92,     19.10.2014 15:21:17,     168,     321.6,     253,     2.8,     5.6,     8.8,     20.9,     65.5,     1002.4,     309.09,     254.8,     88.1,     -178.2
93,     19.10.2014 15:31:17,     113.4,     225.12,     256,     2.5,     5.4,     10.4,     20.8,     65.9,     1002.4,     309.09,     76.2,     87.9,     -1.9
94,     19.10.2014 15:41:17,     172.2,     323.61,     257,     2.3,     4.9,     8.9,     20.8,     65.3,     1002.4,     309.09,     75.1,     88.2,     -1.7
95,     19.10.2014 15:51:17,     127.05,     231.15,     256,     1.8,     5,     8.9,     20.8,     65.7,     1002.2,     309.09,     254.9,     88.1,     -178.1
96,     19.10.2014 16:01:17,     87.15,     158.79,     250,     2.7,     5,     7.6,     20.8,     65.6,     1002.1,     309.09,     75.9,     87.8,     -2
97,     19.10.2014 16:11:17,     69.3,     120.6,     253,     2.7,     5.1,     8.5,     20.7,     65.8,     1002.1,     309.09,     75.3,     88.1,     -1.8,     13.406,     22.67,     75.3
98,     19.10.2014 16:21:17,     58.8,     100.5,     259,     2.8,     5,     8.1,     20.5,     66.2,     1002.2,     309.09,     74.8,     88,     -1.7
99,     19.10.2014 16:31:17,     34.65,     64.32,     257,     2.5,     4.3,     7.8,     20.4,     66.9,     1002,     309.09,     74.3,     87.9,     -2
100,     19.10.2014 16:41:17,     19.95,     42.21,     253,     2.5,     4.3,     7,     20.2,     67.5,     1001.8,     309.09,     74.8,     88.1,     -1.8
101,     19.10.2014 16:51:17,     8.4,     26.13,     252,     1.9,     3.9,     6,     20,     68.1,     1001.6,     309.09,     254.4,     88.1,     -178.1
102,     19.10.2014 17:01:17,     1.05,     12.06,     244,     2.4,     3.5,     5.1,     19.8,     69.3,     1001.6,     309.09,     74.5,     88,     -1.9
103,     19.10.2014 17:11:17,     -2.1,     4.02,     246,     1.8,     3.9,     7.1,     19.7,     69.6,     1001.4,     309.09,     74.4,     88.1,     -1.8,     12.730,     20.89,     76.1
104,     19.10.2014 17:21:17,     -4.2,     0,     246,     1.9,     3.5,     5.7,     19.5,     70.3,     1001.3,     309.09,     74.6,     88.1,     -1.8
105,     19.10.2014 17:31:17,     -3.15,     -2.01,     244,     1.9,     3.7,     5.9,     19.4,     70.4,     1001.3,     309.09,     75.4,     88.1,     -1.8
106,     19.10.2014 17:41:17,     -6.3,     -2.01,     253,     2,     4,     6.2,     19.5,     70.4,     1001.3,     309.09,     254.9,     88,     -178
107,     19.10.2014 17:51:17,     -4.2,     -2.01,     250,     1.8,     4.3,     6.6,     19.4,     70.5,     1001.2,     309.09,     253.6,     88,     -178
108,     19.10.2014 18:01:17,     -3.15,     -2.01,     248,     1.9,     5,     9.4,     19.5,     70.2,     1001,     309.09,     74.7,     88,     -1.8
109,     19.10.2014 18:11:16,     -3.15,     -2.01,     252,     2.6,     5.4,     9.1,     19.6,     69.9,     1000.8,     309.09,     75.5,     88.1,     -1.8,     12.675,     19.35,     76.8
110,     19.10.2014 18:21:16,     -3.15,     0,     250,     3.2,     5.7,     9,     19.6,     69.8,     1000.7,     309.09,     76.1,     88,     -1.8
111,     19.10.2014 18:31:16,     -4.2,     0,     257,     1.7,     5.6,     8.8,     19.6,     70,     1001.1,     309.09,     256,     87.9,     -177.9
112,     19.10.2014 18:41:16,     -8.4,     -2.01,     272,     2.6,     5.8,     9.4,     19.5,     71.3,     1001.3,     309.12,     254.2,     88,     -178
113,     19.10.2014 18:51:16,     -5.25,     -2.01,     290,     3.1,     5.5,     9.7,     18.6,     77.5,     1001.7,     309.9,     74.8,     88.1,     -1.8
114,     19.10.2014 19:01:16,     -2.1,     -4.02,     295,     2.3,     4.3,     7.3,     17.7,     83.6,     1001.8,     310.15,     254,     88.1,     -178.1
115,     19.10.2014 19:11:16,     -3.15,     -4.02,     293,     1.8,     3.8,     6.5,     17.3,     86.3,     1001.7,     310.25,     74.4,     87.9,     -2,     12.652,     18.50,     77.0
116,     19.10.2014 19:21:16,     0,     -2.01,     292,     0.7,     3.5,     5.7,     17.2,     87.4,     1001.6,     310.25,     254,     88.1,     -178
117,     19.10.2014 19:31:16,     -1.05,     -2.01,     288,     1.4,     3,     4.6,     17,     88.3,     1001.8,     310.25,     74.9,     88,     -1.9
118,     19.10.2014 19:41:16,     -1.05,     -2.01,     273,     1.1,     2.8,     4.7,     16.9,     89,     1001.8,     310.27,     254.3,     88.1,     -178.1
119,     19.10.2014 19:51:16,     -2.1,     -2.01,     264,     1.6,     3.2,     5.3,     16.8,     89.3,     1001.7,     310.28,     254,     88,     -178
120,     19.10.2014 20:01:16,     -2.1,     -2.01,     273,     1.7,     3.7,     6.9,     16.7,     89,     1001.9,     310.28,     254.3,     88.1,     -178.1
121,     19.10.2014 20:11:16,     -2.1,     -2.01,     279,     1.3,     3.5,     5.3,     16.6,     88.1,     1001.7,     310.28,     74.4,     88.1,     -1.8,     12.618,     17.14,     77.5
122,     19.10.2014 20:21:16,     -2.1,     -4.02,     286,     1.5,     3.7,     6.6,     16.5,     86.8,     1001.8,     310.28,     254.4,     88,     -178
123,     19.10.2014 20:31:16,     -2.1,     -2.01,     292,     1.9,     4.1,     6.7,     16.5,     85.2,     1001.8,     310.28,     253.8,     88,     -178
124,     19.10.2014 20:41:16,     -1.05,     -2.01,     292,     2.4,     4.1,     7.1,     16.4,     84.3,     1001.9,     310.28,     74.2,     88.1,     -1.8
125,     19.10.2014 20:51:16,     0,     -2.01,     302,     1.5,     3.8,     6.5,     16.4,     83.6,     1001.9,     310.28,     74.2,     88.1,     -1.8
126,     19.10.2014 21:01:16,     -2.1,     -4.02,     300,     1.7,     3.9,     6.1,     16.3,     83.7,     1001.9,     310.28,     254.1,     88,     -178
127,     19.10.2014 21:11:16,     -1.05,     -2.01,     292,     2.1,     4.1,     6.9,     16.1,     83.8,     1002.1,     310.28,     254.3,     88.1,     -178.1,     12.605,     16.41,     77.7
128,     19.10.2014 21:21:16,     -1.05,     -2.01,     293,     1.7,     3.5,     6.4,     16,     83.9,     1002.2,     310.28,     254.2,     88.1,     -178.1
129,     19.10.2014 21:31:16,     -1.05,     -2.01,     292,     1.4,     3.4,     5.8,     15.9,     83.9,     1002.2,     310.28,     253.8,     88.1,     -178.1
130,     19.10.2014 21:41:16,     -2.1,     -2.01,     288,     0.6,     3.2,     5.4,     15.8,     84.2,     1002.5,     310.28,     253.9,     88.1,     -178.1
131,     19.10.2014 21:51:16,     -2.1,     -2.01,     295,     2.1,     4.1,     6.4,     15.8,     83.7,     1002.5,     310.28,     74.1,     87.9,     -2
132,     19.10.2014 22:01:16,     -5.25,     -6.03,     288,     1.8,     3.6,     6.4,     15.7,     83.1,     1002.3,     310.28,     255.6,     88,     -178
133,     19.10.2014 22:11:16,     -2.1,     -2.01,     293,     1.8,     3.6,     6.1,     15.6,     82.9,     1002.3,     310.28,     74.4,     88.1,     -1.8,     12.569,     15.81,     77.8
134,     19.10.2014 22:21:16,     -2.1,     -2.01,     288,     2.1,     4.1,     6.9,     15.5,     82.9,     1002.3,     310.28,     74.2,     88.1,     -1.8
135,     19.10.2014 22:31:16,     -3.15,     -2.01,     300,     1.9,     4,     6.5,     15.4,     83,     1002.2,     310.28,     74.3,     88,     -2
136,     19.10.2014 22:41:16,     -3.15,     0,     297,     1,     4,     7.1,     15.4,     83,     1002.4,     310.28,     254.2,     88.2,     -178.2
137,     19.10.2014 22:51:16,     -5.25,     -2.01,     290,     0.9,     4.3,     7.7,     15.3,     83.3,     1002.4,     310.28,     254.1,     87.9,     -177.9
138,     19.10.2014 23:01:16,     -5.25,     -4.02,     299,     1.7,     3.9,     6.4,     15.2,     83.5,     1002.3,     310.28,     254.7,     88.1,     -178.1
139,     19.10.2014 23:11:16,     -4.2,     -2.01,     299,     0.8,     3.7,     7.8,     15.1,     83.7,     1002.4,     310.28,     254.2,     88.2,     -178.2,     12.565,     15.13,     78.0
140,     19.10.2014 23:21:16,     -3.15,     0,     296,     1.8,     3.7,     5.8,     15,     83.7,     1002.3,     310.28,     253.9,     88.1,     -178.1
141,     19.10.2014 23:31:16,     -4.2,     -2.01,     299,     1.9,     3.5,     6.8,     14.9,     83.2,     1002.5,     310.28,     254.6,     88,     -178.1
142,     19.10.2014 23:41:16,     -4.2,     -2.01,     297,     2,     3.6,     5.3,     14.9,     83.3,     1002.5,     310.28,     73.9,     88,     -1.9
143,     19.10.2014 23:51:16,     -5.25,     -2.01,     296,     1.9,     3.2,     5.1,     14.8,     83.6,     1002.5,     310.28,     254,     88.1,     -178.1
144,     20.10.2014 00:01:16,     -4.2,     0,     299,     0.8,     3,     4.6,     14.7,     84.1,     1002.6,     310.28,     253.8,     88,     -178,     12.406,     14.53,     78.2