Logger: #D10248 'TSK_Meteo' - USP_EXP2 (V2.10, Jan 24 2012)
No,     Time,     #1:W/m²:0,     #2:ÂµMol:(do.),     #5:deg:2,     #6:m/sMIN:(do.),     #7:m/sMIT:(do.),     #8:m/sMAX:(do.),     #9:Â°C:(do.),     #10:%:(do.),     #11:hPa:(do.),     #12:mm:(do.),     #14:AZ:3,     #15:EL:(do.),     #16:Roll:(do.),     #HK-Bat:V,     #HK-Temp:oC,     #HK-rH:%
(GSM Transfer OK / Signal:16)
1,     30.12.2014 00:11:17,     -1.05,     0,     233,     0.6,     2,     3.1,     -1.5,     90,     1023.1,     381.24,     253.2,     87.7,     -177.8,     13.828,     0.01,     87.5
2,     30.12.2014 00:21:17,     -1.05,     0,     238,     0.8,     1.9,     3.2,     -1.5,     89.8,     1022.9,     381.24,     253.2,     87.7,     -177.8
3,     30.12.2014 00:31:17,     -1.05,     -2.01,     236,     0.5,     2.1,     3.8,     -1.3,     90,     1023,     381.24,     253.4,     87.9,     -177.9
4,     30.12.2014 00:41:17,     -1.05,     0,     244,     0.6,     2.4,     3.9,     -1.3,     89.6,     1022.8,     381.24,     253.5,     87.8,     -177.8
5,     30.12.2014 00:51:17,     -2.1,     0,     233,     0.6,     2.5,     4.3,     -1.2,     89.5,     1022.8,     381.24,     73.5,     87.7,     -2.2
6,     30.12.2014 01:01:17,     -2.1,     0,     232,     0.8,     2.1,     3.2,     -1.3,     89.2,     1022.7,     381.24,     253.2,     87.9,     -177.9
7,     30.12.2014 01:11:16,     -3.15,     -4.02,     245,     0.7,     2.5,     4.6,     -1.2,     89.1,     1022.4,     381.24,     253.3,     87.8,     -177.8,     12.683,     -0.41,     89.8
8,     30.12.2014 01:21:16,     -2.1,     -2.01,     245,     0.4,     2.8,     4.8,     -1.1,     89.1,     1022.4,     381.24,     253.2,     87.9,     -177.9
9,     30.12.2014 01:31:16,     -2.1,     -6.03,     252,     1,     2.8,     4.4,     -1.1,     89.2,     1022.3,     381.24,     253.6,     87.9,     -177.9
10,     30.12.2014 01:41:16,     -1.05,     -2.01,     244,     1.3,     2.8,     4.6,     -1.1,     89.1,     1022.2,     381.24,     73.3,     87.8,     -2.1
11,     30.12.2014 01:51:16,     -1.05,     0,     241,     1.3,     2.7,     4.6,     -1.1,     88.9,     1022.1,     381.24,     254,     87.9,     -177.9
12,     30.12.2014 02:01:16,     -1.05,     -2.01,     236,     0.8,     2.8,     5.1,     -1,     88.8,     1022,     381.24,     73.6,     87.7,     -2.1
13,     30.12.2014 02:11:16,     -1.05,     -2.01,     236,     0.9,     3.1,     5.5,     -1,     88.9,     1022,     381.24,     73.9,     87.7,     -2.2,     12.584,     -0.29,     89.9
14,     30.12.2014 02:21:16,     -1.05,     -2.01,     243,     0.7,     2.7,     4.3,     -0.9,     89.1,     1021.9,     381.24,     253.4,     87.8,     -177.8
15,     30.12.2014 02:31:16,     -2.1,     -2.01,     242,     0.7,     2.4,     4.1,     -0.9,     89,     1021.8,     381.24,     253.5,     87.8,     -177.8
16,     30.12.2014 02:41:16,     -2.1,     -2.01,     237,     1,     2.6,     4,     -1,     88.5,     1021.8,     381.24,     253.4,     87.8,     -177.8
17,     30.12.2014 02:51:16,     -1.05,     -2.01,     247,     0.6,     2.6,     4.5,     -0.9,     88.4,     1021.6,     381.24,     254.1,     87.8,     -177.8
18,     30.12.2014 03:01:16,     -2.1,     -2.01,     238,     1,     2.4,     4.7,     -0.8,     88.8,     1021.5,     381.24,     253.2,     87.9,     -177.9
19,     30.12.2014 03:11:16,     -2.1,     -4.02,     239,     0.8,     2.4,     3.6,     -0.9,     88.9,     1021.5,     381.24,     253.3,     87.8,     -177.7,     12.753,     -0.09,     89.9
20,     30.12.2014 03:21:16,     -2.1,     0,     238,     0.6,     2.2,     3.7,     -0.9,     89.3,     1021.4,     381.24,     253.2,     87.8,     -177.8
21,     30.12.2014 03:31:16,     -1.05,     -2.01,     228,     0.6,     2.2,     3.4,     -0.9,     89.6,     1021.4,     381.24,     253.4,     87.9,     -177.9
22,     30.12.2014 03:41:16,     -1.05,     0,     225,     1,     2.3,     3.8,     -0.8,     89.9,     1021.4,     381.24,     253.3,     87.9,     -177.8
23,     30.12.2014 03:51:16,     -1.05,     -2.01,     222,     1.4,     2.6,     3.9,     -0.8,     90,     1021.3,     381.24,     253.1,     87.8,     -177.8
24,     30.12.2014 04:01:16,     -2.1,     0,     224,     1.1,     2.7,     4,     -0.8,     90.2,     1021.4,     381.24,     253.3,     87.8,     -177.8
25,     30.12.2014 04:11:16,     -1.05,     0,     227,     0.7,     2.6,     4.1,     -0.8,     90.3,     1021.4,     381.24,     254.1,     87.7,     -177.7,     12.630,     0.03,     89.8
26,     30.12.2014 04:21:16,     -1.05,     -2.01,     226,     0.4,     2.4,     3.9,     -0.7,     90,     1021.4,     381.24,     253.5,     87.9,     -177.8
27,     30.12.2014 04:31:16,     -1.05,     -4.02,     219,     1,     2.3,     3.6,     -0.7,     90,     1021.3,     381.24,     253.2,     87.8,     -177.9
28,     30.12.2014 04:41:16,     -2.1,     -2.01,     217,     0.9,     2.2,     3.8,     -0.7,     90,     1021.4,     381.24,     253.4,     87.8,     -177.8
29,     30.12.2014 04:51:16,     -2.1,     -2.01,     221,     0.9,     2.4,     3.6,     -0.6,     90.4,     1021.4,     381.24,     253.3,     87.8,     -177.9
30,     30.12.2014 05:01:16,     -1.05,     -2.01,     222,     1.3,     2.4,     3.6,     -0.7,     90.3,     1021.4,     381.24,     253.7,     87.8,     -177.8
31,     30.12.2014 05:11:16,     -2.1,     -2.01,     215,     0.6,     2.5,     3.9,     -0.7,     90.3,     1021.3,     381.24,     253.7,     87.8,     -177.8,     12.567,     0.16,     89.9
32,     30.12.2014 05:21:16,     -1.05,     -2.01,     222,     0.5,     2.3,     4,     -0.7,     90.5,     1021.2,     381.24,     73.3,     87.9,     -2
33,     30.12.2014 05:31:16,     -2.1,     -2.01,     228,     0.8,     2.2,     3.6,     -0.7,     90.4,     1021,     381.24,     73.3,     87.8,     -2.1
34,     30.12.2014 05:41:16,     -1.05,     -2.01,     226,     0.7,     2.8,     4.7,     -0.7,     90.2,     1020.9,     381.24,     253.7,     87.8,     -177.8
35,     30.12.2014 05:51:16,     -1.05,     -2.01,     214,     0.9,     2.8,     4.5,     -0.7,     90.3,     1021,     381.24,     253.4,     87.7,     -177.8
36,     30.12.2014 06:01:16,     -1.05,     -2.01,     198,     1.1,     2.7,     4.5,     -0.7,     90.3,     1020.9,     381.24,     73.4,     87.8,     -2.1
37,     30.12.2014 06:11:17,     -1.05,     0,     193,     1.3,     2.7,     4.3,     -0.7,     90.4,     1020.9,     381.24,     253.3,     87.8,     -177.8,     13.790,     0.27,     89.8
38,     30.12.2014 06:21:17,     -2.1,     -2.01,     197,     0.8,     2.5,     3.8,     -0.7,     90.3,     1020.9,     381.24,     73.6,     87.8,     -2
39,     30.12.2014 06:31:17,     -2.1,     0,     193,     1.1,     2.8,     4.5,     -0.6,     90.6,     1020.9,     381.24,     253.3,     87.9,     -177.8
40,     30.12.2014 06:41:17,     -1.05,     0,     185,     2.1,     3.2,     4.6,     -0.7,     90.7,     1020.9,     381.24,     253.2,     87.8,     -177.8
41,     30.12.2014 06:51:17,     -1.05,     0,     187,     1.9,     3.4,     5.3,     -0.7,     90.9,     1020.8,     381.24,     253.2,     87.7,     -177.8
42,     30.12.2014 07:01:17,     0,     -2.01,     191,     1.6,     3.1,     4.9,     -0.7,     91,     1020.7,     381.24,     253.5,     87.8,     -177.8
43,     30.12.2014 07:11:16,     -2.1,     -4.02,     193,     1.7,     3,     5.3,     -0.6,     91.2,     1020.8,     381.24,     253.8,     87.8,     -177.8,     12.650,     0.29,     89.8
44,     30.12.2014 07:21:16,     -1.05,     -2.01,     193,     1.6,     2.9,     4.5,     -0.7,     91.2,     1020.9,     381.24,     73.4,     87.8,     -2.1
45,     30.12.2014 07:31:16,     -1.05,     -2.01,     194,     1.3,     2.5,     3.7,     -0.6,     91.3,     1020.9,     381.24,     253.2,     87.9,     -177.9
46,     30.12.2014 07:41:16,     -1.05,     -2.01,     197,     1.3,     2.3,     3.3,     -0.6,     91.3,     1020.9,     381.24,     253.2,     87.8,     -177.8
47,     30.12.2014 07:51:16,     -1.05,     0,     207,     1.1,     2.4,     5,     -0.7,     91.3,     1020.8,     381.24,     253.1,     87.8,     -177.8
48,     30.12.2014 08:01:16,     0,     0,     211,     1.1,     2.2,     3.7,     -0.6,     91.4,     1020.8,     381.24,     253.1,     87.7,     -177.8
49,     30.12.2014 08:11:16,     0,     -2.01,     213,     1.1,     2.2,     3.5,     -0.6,     91.4,     1020.9,     381.24,     253.3,     87.9,     -177.9,     12.577,     0.31,     89.8
50,     30.12.2014 08:21:16,     0,     0,     211,     0.9,     2.2,     3.8,     -0.5,     91.5,     1020.8,     381.24,     253.6,     87.7,     -177.8
51,     30.12.2014 08:31:16,     0,     0,     211,     1,     2.1,     3.6,     -0.5,     91.5,     1020.8,     381.24,     253.3,     87.8,     -177.8
52,     30.12.2014 08:41:16,     2.1,     4.02,     224,     0.7,     1.8,     3,     -0.5,     91.6,     1020.7,     381.24,     253.1,     87.9,     -177.9
53,     30.12.2014 08:51:16,     3.15,     4.02,     223,     0.7,     2.1,     3.8,     -0.5,     91.6,     1020.8,     381.24,     253.5,     87.8,     -177.8
54,     30.12.2014 09:01:16,     5.25,     10.05,     226,     0.8,     1.9,     3,     -0.4,     91.7,     1020.8,     381.24,     253.3,     87.8,     -177.8
55,     30.12.2014 09:11:16,     7.35,     12.06,     231,     0.4,     1.9,     2.9,     -0.4,     91.7,     1020.8,     381.24,     73.4,     87.8,     -2.1,     12.548,     0.45,     89.9
56,     30.12.2014 09:21:16,     9.45,     16.08,     234,     0.8,     2.2,     3.7,     -0.3,     91.8,     1020.9,     381.24,     73.2,     87.8,     -2
57,     30.12.2014 09:31:16,     12.6,     20.1,     229,     1,     2.2,     3.4,     -0.3,     91.7,     1020.8,     381.24,     253,     87.8,     -177.8
58,     30.12.2014 09:41:16,     9.45,     18.09,     228,     0.5,     2,     3.2,     -0.2,     91.8,     1020.9,     381.24,     253.2,     87.9,     -177.8
59,     30.12.2014 09:51:16,     14.7,     24.12,     240,     0.6,     2,     3.3,     -0.1,     91.8,     1020.9,     381.24,     253.2,     87.7,     -177.7
60,     30.12.2014 10:01:16,     18.9,     30.15,     230,     0.9,     2,     2.8,     -0.2,     91.7,     1020.9,     381.24,     73.3,     87.8,     -2.1
61,     30.12.2014 10:11:16,     22.05,     36.18,     232,     0.9,     1.9,     2.8,     0,     91.7,     1020.8,     381.24,     73.5,     87.8,     -2.1,     13.828,     0.79,     89.8
62,     30.12.2014 10:21:16,     26.25,     44.22,     235,     0.6,     1.8,     2.6,     0,     91.6,     1020.8,     381.24,     73.5,     87.8,     -2.1
63,     30.12.2014 10:31:16,     28.35,     48.24,     237,     0.3,     1.9,     3.1,     0.1,     91.6,     1020.7,     381.24,     253.6,     87.8,     -177.8
64,     30.12.2014 10:41:16,     33.6,     58.29,     240,     0.3,     2.1,     3.6,     0.1,     91.6,     1020.8,     381.24,     253.4,     87.9,     -177.8
65,     30.12.2014 10:51:16,     38.85,     66.33,     238,     0.7,     2.1,     3.6,     0.2,     91.5,     1020.7,     381.24,     73.5,     87.7,     -2.2
66,     30.12.2014 11:01:16,     38.85,     68.34,     242,     0.5,     2,     3.4,     0.3,     91.5,     1020.7,     381.24,     253.3,     87.8,     -177.8
67,     30.12.2014 11:11:16,     42,     80.4,     253,     0.5,     2,     5.3,     0.3,     91.5,     1020.7,     381.24,     73.5,     87.9,     -2,     12.688,     1.17,     89.8
68,     30.12.2014 11:21:16,     36.75,     78.39,     0,     0,     0,     0,     0.4,     91.5,     1020.7,     381.24,     253.4,     87.8,     -177.8
69,     30.12.2014 11:31:16,     36.75,     82.41,     185,     2,     2.5,     3.5,     0.4,     91.5,     1020.6,     381.24,     73.5,     87.9,     -2
70,     30.12.2014 11:41:16,     44.1,     108.54,     187,     1.6,     2.5,     3.4,     0.5,     91.5,     1020.5,     381.24,     73.4,     87.7,     -2.2
71,     30.12.2014 11:51:16,     38.85,     100.5,     219,     0.3,     1.9,     3,     0.6,     91.5,     1020.5,     381.24,     73.3,     87.9,     -2
72,     30.12.2014 12:01:16,     42,     106.53,     257,     0.5,     1.6,     2.9,     0.7,     91.5,     1020.5,     381.24,     73.3,     87.9,     -2
73,     30.12.2014 12:11:16,     48.3,     122.61,     235,     0.3,     1.4,     2.2,     0.8,     91.6,     1020.5,     381.24,     253.2,     87.8,     -177.8,     12.613,     1.59,     89.9
74,     30.12.2014 12:21:16,     31.5,     86.43,     228,     0.2,     1.3,     2,     0.8,     91.5,     1020.3,     381.24,     73.4,     87.8,     -2.1
75,     30.12.2014 12:31:16,     47.25,     116.58,     237,     0.6,     1.5,     2.4,     0.8,     91.6,     1020.4,     381.24,     73.3,     87.9,     -2
76,     30.12.2014 12:41:16,     22.05,     60.3,     209,     0.7,     1.5,     2.8,     0.8,     91.5,     1020.4,     381.24,     73.2,     87.9,     -2
77,     30.12.2014 12:51:16,     47.25,     116.58,     211,     0.8,     1.5,     2,     0.8,     91.6,     1020.3,     381.24,     73.3,     87.8,     -2.1
78,     30.12.2014 13:01:16,     55.65,     132.66,     221,     0.8,     1.4,     2.5,     0.9,     91.6,     1020.2,     381.24,     73.3,     87.8,     -2.1
79,     30.12.2014 13:11:17,     40.95,     100.5,     229,     0.7,     1.6,     2.4,     0.9,     91.6,     1020.2,     381.24,     253.2,     87.9,     -177.8,     12.565,     1.93,     89.9
80,     30.12.2014 13:21:17,     53.55,     124.62,     235,     0.3,     1.1,     1.9,     1,     91.7,     1020.3,     381.24,     73,     87.8,     -2.1
81,     30.12.2014 13:31:17,     53.55,     124.62,     216,     0.1,     1,     1.9,     1.1,     91.6,     1020.3,     381.24,     73.2,     87.9,     -2
82,     30.12.2014 13:41:17,     46.2,     108.54,     210,     0.4,     1.2,     2.1,     1.2,     91.7,     1020.2,     381.24,     73.2,     87.8,     -2.1
83,     30.12.2014 13:51:17,     34.65,     84.42,     212,     0.4,     1.2,     1.7,     1.3,     91.7,     1020.3,     381.24,     73.2,     87.8,     -2.1
84,     30.12.2014 14:01:17,     52.5,     124.62,     199,     0.3,     0.9,     1.6,     1.4,     91.7,     1020.3,     381.24,     73.1,     87.8,     -2.1
85,     30.12.2014 14:11:16,     58.8,     130.65,     234,     0.1,     0.9,     1.9,     1.5,     91.7,     1020.3,     381.25,     73.2,     87.9,     -2,     12.560,     2.33,     89.8
86,     30.12.2014 14:21:16,     91.35,     190.95,     237,     0,     0.9,     1.8,     1.6,     91.7,     1020.3,     381.25,     73.2,     87.7,     -2.2
87,     30.12.2014 14:31:16,     81.9,     166.83,     276,     0.5,     1.5,     2.7,     1.7,     91.6,     1020.2,     381.25,     73.3,     87.8,     -2.1
88,     30.12.2014 14:41:16,     79.8,     162.81,     282,     0.6,     1.5,     2.5,     1.7,     91.5,     1020.3,     381.25,     73.3,     87.8,     -2.1
89,     30.12.2014 14:51:16,     53.55,     108.54,     295,     0.5,     1.7,     3.1,     1.6,     91.3,     1020.3,     381.25,     73.4,     87.7,     -2.1
90,     30.12.2014 15:01:16,     36.75,     76.38,     324,     0.1,     1.2,     2.8,     1.5,     91.3,     1020.5,     381.25,     253,     87.8,     -177.8
91,     30.12.2014 15:11:16,     22.05,     50.25,     329,     0.1,     1,     2.4,     1.5,     91.5,     1020.4,     381.25,     73.2,     87.8,     -2.1,     12.556,     2.73,     89.3
92,     30.12.2014 15:21:16,     17.85,     42.21,     327,     0.4,     1.4,     2.4,     1.6,     91.7,     1020.2,     381.25,     73.4,     87.8,     -2.1
93,     30.12.2014 15:31:16,     12.6,     32.16,     324,     0.9,     1.9,     3,     1.6,     91.6,     1020.1,     381.25,     73.4,     87.8,     -2.1
94,     30.12.2014 15:41:16,     9.45,     26.13,     323,     0.8,     1.8,     3.1,     1.6,     91.6,     1020,     381.25,     73.3,     87.9,     -2
95,     30.12.2014 15:51:16,     5.25,     14.07,     319,     0.2,     1.5,     2.8,     1.5,     91.6,     1019.9,     381.25,     73.1,     87.8,     -2.1
96,     30.12.2014 16:01:16,     3.15,     6.03,     342,     0.1,     0.9,     2,     1.5,     91.6,     1020.2,     381.25,     73.2,     87.8,     -2.1
97,     30.12.2014 16:11:16,     0,     2.01,     319,     0.5,     1.2,     2.1,     1.6,     91.7,     1020.2,     381.25,     73.3,     87.9,     -2,     12.527,     2.01,     89.5
98,     30.12.2014 16:21:16,     -2.1,     -2.01,     306,     0.8,     1.6,     2.5,     1.6,     91.6,     1020.2,     381.25,     73.1,     87.8,     -2.1
99,     30.12.2014 16:31:16,     -1.05,     -2.01,     290,     1.1,     2.2,     3.3,     2,     91.9,     1020.2,     381.25,     253.2,     87.8,     -177.8
100,     30.12.2014 16:41:16,     -1.05,     0,     295,     1.5,     2.5,     4,     2,     91.5,     1020.1,     381.25,     73.2,     87.9,     -2
101,     30.12.2014 16:51:16,     -2.1,     -2.01,     320,     0.7,     1.9,     3.7,     1.8,     90.9,     1020.1,     381.25,     73.2,     87.8,     -2.1
102,     30.12.2014 17:01:16,     -2.1,     -2.01,     322,     0.8,     1.8,     2.8,     1.7,     90.8,     1020.2,     381.25,     73.3,     87.8,     -2.1
103,     30.12.2014 17:11:17,     -1.05,     -2.01,     315,     0.8,     1.6,     2.8,     1.8,     91.1,     1020.2,     381.25,     73.4,     87.7,     -2.1,     12.503,     2.17,     89.5
104,     30.12.2014 17:21:17,     -1.05,     0,     308,     0.7,     2,     4.1,     2,     91.1,     1020.1,     381.25,     253.2,     87.8,     -177.9
105,     30.12.2014 17:31:17,     -2.1,     -4.02,     329,     0.7,     1.5,     2.8,     1.8,     90.7,     1020,     381.25,     253,     87.6,     -177.7
106,     30.12.2014 17:41:17,     -1.05,     0,     322,     0.6,     1.4,     2.5,     1.8,     90.8,     1020,     381.25,     73.2,     87.8,     -2.1
107,     30.12.2014 17:51:17,     -1.05,     0,     307,     1,     2,     4,     1.9,     91,     1020,     381.25,     73.3,     87.9,     -2.1
108,     30.12.2014 18:01:17,     -1.05,     -2.01,     316,     0.4,     1.5,     3.6,     1.8,     90.9,     1020.1,     381.25,     253.1,     87.8,     -177.8
109,     30.12.2014 18:11:16,     -1.05,     0,     317,     0.1,     1.2,     2.5,     1.9,     91,     1020.1,     381.25,     253.3,     87.7,     -177.8,     12.819,     2.31,     89.4
110,     30.12.2014 18:21:16,     -2.1,     -2.01,     305,     0.8,     2,     3.3,     1.9,     90.8,     1020.2,     381.25,     73.1,     87.8,     -2.1
111,     30.12.2014 18:31:16,     -2.1,     -2.01,     320,     0.2,     1.1,     1.8,     1.8,     90.6,     1020.2,     381.25,     253.1,     87.8,     -177.8
112,     30.12.2014 18:41:16,     -2.1,     -4.02,     310,     0.1,     1.4,     2.8,     1.9,     90.8,     1020.3,     381.25,     73.3,     87.7,     -2.2
113,     30.12.2014 18:51:16,     -2.1,     -2.01,     305,     0.5,     1.6,     3,     2,     90.8,     1020.3,     381.25,     73.2,     87.7,     -2.2
114,     30.12.2014 19:01:16,     -3.15,     0,     323,     0.3,     1.3,     2.3,     1.9,     90.6,     1020.3,     381.25,     253.2,     87.8,     -177.7
115,     30.12.2014 19:11:16,     -2.1,     -2.01,     308,     0.3,     1.6,     3.1,     2,     90.8,     1020.4,     381.25,     73.1,     87.9,     -2,     12.652,     2.39,     89.4
116,     30.12.2014 19:21:16,     -1.05,     0,     311,     0.3,     1.7,     3,     2.1,     90.6,     1020.5,     381.25,     73.3,     87.8,     -2
117,     30.12.2014 19:31:16,     -3.15,     -2.01,     313,     0.2,     1.3,     2.8,     2.1,     90.2,     1020.4,     381.25,     73.2,     87.9,     -2
118,     30.12.2014 19:41:16,     -1.05,     -2.01,     304,     0.7,     1.9,     3.1,     2.2,     90.1,     1020.3,     381.25,     73,     87.8,     -2.1
119,     30.12.2014 19:51:16,     -2.1,     -2.01,     304,     0.7,     1.9,     3.5,     2.1,     89.9,     1020.1,     381.25,     73.1,     87.8,     -2.1
120,     30.12.2014 20:01:16,     -2.1,     0,     308,     0.4,     2,     4,     2.2,     89.3,     1020.2,     381.25,     73.1,     87.8,     -2.1
121,     30.12.2014 20:11:17,     -2.1,     -2.01,     300,     0.9,     1.9,     3,     2.2,     89.3,     1020.2,     381.25,     73.4,     87.8,     -2.1,     12.567,     2.55,     89.4
122,     30.12.2014 20:21:17,     -1.05,     -2.01,     282,     1.2,     2,     3,     2.3,     89.3,     1020.2,     381.25,     73.4,     87.9,     -2.1
123,     30.12.2014 20:31:17,     -2.1,     -2.01,     281,     1.2,     2,     2.9,     2.3,     89.2,     1020.3,     381.25,     73.3,     87.8,     -2.1
124,     30.12.2014 20:41:17,     -2.1,     -2.01,     287,     1.1,     2.2,     3.3,     2.3,     89.1,     1020.5,     381.25,     73.2,     87.9,     -2
125,     30.12.2014 20:51:17,     -2.1,     -2.01,     286,     1.2,     2.1,     3.3,     2.3,     89.1,     1020.5,     381.25,     73.3,     87.9,     -2.1
126,     30.12.2014 21:01:17,     -1.05,     0,     281,     1.2,     1.9,     2.8,     2.4,     89,     1020.4,     381.25,     73.6,     87.9,     -2.1
127,     30.12.2014 21:11:16,     -1.05,     0,     277,     1.2,     2,     3,     2.4,     89,     1020.4,     381.25,     73.4,     87.9,     -2,     12.527,     2.69,     89.4
128,     30.12.2014 21:21:16,     -2.1,     -2.01,     283,     0.5,     1.8,     3.2,     2.4,     88.5,     1020.4,     381.25,     73.3,     87.9,     -2
129,     30.12.2014 21:31:16,     -3.15,     -4.02,     285,     0.4,     2,     3.1,     2.4,     88,     1020.2,     381.25,     73.2,     87.9,     -2
130,     30.12.2014 21:41:16,     -1.05,     0,     295,     0.3,     1.7,     3.4,     2.4,     87.8,     1020.5,     381.25,     73,     87.8,     -2.1
131,     30.12.2014 21:51:16,     -2.1,     -2.01,     296,     0,     0.9,     1.8,     2.4,     87.5,     1020.4,     381.25,     73.3,     87.8,     -2.1
132,     30.12.2014 22:01:16,     -2.1,     -4.02,     270,     1.1,     1.9,     2.9,     2.5,     87.5,     1020.4,     381.25,     73.4,     87.8,     -2.1
133,     30.12.2014 22:11:16,     -2.1,     -4.02,     278,     1.1,     2,     3.1,     2.5,     86.9,     1020.4,     381.25,     73.2,     87.9,     -2,     12.522,     2.74,     89.5
134,     30.12.2014 22:21:16,     -4.2,     -6.03,     287,     1.2,     2,     3.4,     2.4,     86.6,     1020.4,     381.25,     73.2,     87.9,     -2
135,     30.12.2014 22:31:16,     -1.05,     2.01,     290,     0.2,     1.8,     3.2,     2.5,     86.9,     1020.4,     381.25,     253.2,     87.8,     -177.8
136,     30.12.2014 22:41:16,     -1.05,     -2.01,     287,     0.8,     1.6,     2.3,     2.5,     86.8,     1020.4,     381.25,     73.2,     87.9,     -2
137,     30.12.2014 22:51:16,     -2.1,     0,     283,     1.1,     2.1,     3.2,     2.4,     86.9,     1020.4,     381.25,     73.5,     87.8,     -2.1
138,     30.12.2014 23:01:16,     -1.05,     0,     281,     1.5,     2.3,     3.4,     2.4,     87.2,     1020.2,     381.25,     73.6,     88,     -1.9
139,     30.12.2014 23:11:16,     -1.05,     -2.01,     293,     0.7,     2.3,     3.5,     2.4,     87.2,     1020.1,     381.25,     73.3,     87.8,     -2.1,     12.497,     2.79,     89.5
140,     30.12.2014 23:21:16,     -2.1,     -4.02,     301,     1,     2.2,     3.6,     2.3,     87.4,     1020.1,     381.25,     73.1,     87.9,     -2
141,     30.12.2014 23:31:16,     -1.05,     0,     301,     0.5,     2.5,     4,     2.3,     88.1,     1019.9,     381.25,     73.3,     87.9,     -2
142,     30.12.2014 23:41:16,     -2.1,     -2.01,     308,     1.1,     2.7,     4.5,     2.3,     88,     1019.9,     381.25,     73.5,     87.8,     -2.1
143,     30.12.2014 23:51:16,     -1.05,     -2.01,     306,     0.8,     2.3,     3.6,     2.3,     88.4,     1019.8,     381.25,     73.1,     87.8,     -2
144,     31.12.2014 00:01:16,     -2.1,     -2.01,     316,     0.8,     1.8,     3.3,     2.2,     88.7,     1019.9,     381.25,     73.2,     87.9,     -2,     12.488,     2.73,     89.5