Logger: #D10248 'TSK_Meteo' - USP_EXP2 (V2.10, Jan 24 2012)
No,     Time,     #1:W/m²:0,     #2:ÂµMol:(do.),     #5:deg:2,     #6:m/sMIN:(do.),     #7:m/sMIT:(do.),     #8:m/sMAX:(do.),     #9:Â°C:(do.),     #10:%:(do.),     #11:hPa:(do.),     #12:mm:(do.),     #14:AZ:3,     #15:EL:(do.),     #16:Roll:(do.),     #HK-Bat:V,     #HK-Temp:oC,     #HK-rH:%
(GSM Transfer OK / Signal:15)
1,     31.12.2014 00:11:16,     -1.05,     -2.01,     313,     1,     2.2,     4.1,     2.3,     89.1,     1020,     381.25,     73.3,     87.8,     -2.1,     12.482,     3.35,     87.4
2,     31.12.2014 00:21:16,     0,     -2.01,     302,     1.1,     2.6,     4,     2.4,     89.4,     1019.7,     381.25,     73.7,     87.9,     -2
3,     31.12.2014 00:31:16,     -1.05,     0,     295,     2.2,     3.2,     4.8,     2.4,     89.7,     1019.8,     381.25,     73.5,     87.9,     -2
4,     31.12.2014 00:41:16,     -2.1,     -2.01,     297,     1.5,     2.6,     4.1,     2.4,     89.9,     1020,     381.25,     73.2,     87.9,     -2
5,     31.12.2014 00:51:16,     -1.05,     0,     294,     1.1,     2.8,     4.6,     2.5,     90,     1019.6,     381.25,     73.5,     87.9,     -2
6,     31.12.2014 01:01:16,     -2.1,     -2.01,     300,     1.4,     3.3,     5.3,     2.3,     90,     1019.4,     381.25,     73.7,     87.8,     -2.1
7,     31.12.2014 01:11:16,     -5.25,     -8.04,     307,     0.1,     2.6,     4.6,     2.2,     90.4,     1019.6,     381.25,     73.4,     87.8,     -2.1,     12.497,     3.05,     89.2
8,     31.12.2014 01:21:16,     -1.05,     -4.02,     299,     1.9,     3.4,     5.3,     2.3,     90.6,     1019.7,     381.25,     73.6,     87.9,     -2
9,     31.12.2014 01:31:16,     -1.05,     0,     305,     1.7,     3.2,     5.4,     2.3,     90.6,     1019.7,     381.25,     73.3,     88,     -1.9
10,     31.12.2014 01:41:16,     0,     2.01,     302,     1.2,     2.9,     5.2,     2.3,     90.7,     1019.7,     381.25,     73.2,     87.9,     -2.1
11,     31.12.2014 01:51:16,     -1.05,     -2.01,     295,     1.9,     3.4,     4.9,     2.4,     90.8,     1019.8,     381.25,     253.2,     87.8,     -177.8
12,     31.12.2014 02:01:16,     -1.05,     -2.01,     301,     1.8,     3.1,     4.9,     2.4,     90.8,     1019.7,     381.25,     74.2,     87.9,     -2.1
13,     31.12.2014 02:11:16,     0,     0,     297,     2.2,     3.4,     5,     2.4,     90.7,     1019.8,     381.25,     73.8,     87.9,     -1.9,     12.484,     3.05,     89.3
14,     31.12.2014 02:21:16,     -1.05,     0,     289,     2.2,     3.5,     5.3,     2.4,     90.6,     1019.7,     381.25,     73.5,     87.9,     -1.9
15,     31.12.2014 02:31:16,     -2.1,     -4.02,     291,     2.1,     3.7,     6.5,     2.5,     90.5,     1019.7,     381.25,     253.6,     88,     -178
16,     31.12.2014 02:41:16,     -1.05,     0,     294,     2.4,     3.8,     5.6,     2.5,     90.3,     1019.7,     381.25,     74,     87.9,     -2
17,     31.12.2014 02:51:16,     -1.05,     0,     293,     3,     4.2,     5.7,     2.4,     90.2,     1019.6,     381.25,     254.1,     87.9,     -177.9
18,     31.12.2014 03:01:16,     -1.05,     -2.01,     294,     2.4,     4,     6.7,     2.4,     90.4,     1019.5,     381.25,     73.4,     87.9,     -2
19,     31.12.2014 03:11:16,     -1.05,     -2.01,     287,     1.7,     3.9,     5.4,     2.5,     90.4,     1019.4,     381.25,     253.7,     87.9,     -177.9,     12.448,     3.11,     89.3
20,     31.12.2014 03:21:16,     -2.1,     -4.02,     293,     1.3,     3.5,     6.1,     2.6,     90.3,     1019.6,     381.25,     73.5,     88,     -1.9
21,     31.12.2014 03:31:16,     0,     -2.01,     289,     2,     3.8,     5.5,     2.6,     90.2,     1019.6,     381.25,     73.5,     87.7,     -2.1
22,     31.12.2014 03:41:16,     -1.05,     -2.01,     290,     2,     3.9,     6.2,     2.6,     90.1,     1019.5,     381.25,     74.2,     88,     -2
23,     31.12.2014 03:51:16,     -2.1,     -2.01,     285,     2.4,     4,     5.6,     2.6,     90.4,     1019.4,     381.25,     74.4,     88,     -1.9
24,     31.12.2014 04:01:16,     -1.05,     -2.01,     285,     1.9,     3.7,     5.6,     2.6,     90.5,     1019.4,     381.25,     254,     88,     -178
25,     31.12.2014 04:11:16,     -1.05,     -2.01,     289,     0.9,     3.6,     5.9,     2.8,     90.6,     1019.3,     381.25,     253.9,     87.8,     -177.8,     12.859,     3.27,     89.3
26,     31.12.2014 04:21:16,     -1.05,     0,     292,     2.1,     3.9,     5.5,     2.8,     90.4,     1019.4,     381.25,     74.1,     88,     -1.9
27,     31.12.2014 04:31:16,     -2.1,     0,     0,     0,     0,     0,     2.7,     90.3,     1019.4,     381.25,     253.1,     88,     -178
28,     31.12.2014 04:41:16,     -1.05,     -2.01,     294,     2.3,     4.2,     7.9,     2.8,     90.4,     1019.3,     381.25,     253.4,     87.7,     -177.7
29,     31.12.2014 04:51:16,     -2.1,     -4.02,     294,     1.9,     3.9,     6.7,     2.9,     90.6,     1019.3,     381.25,     74.6,     88,     -1.9
30,     31.12.2014 05:01:16,     -1.05,     -4.02,     297,     2.2,     4,     6.5,     2.9,     90.5,     1019.2,     381.25,     253.7,     87.8,     -177.8
31,     31.12.2014 05:11:16,     -2.1,     -4.02,     294,     2.6,     4.2,     6.2,     3,     90.6,     1019.3,     381.25,     74.1,     88,     -1.9,     12.671,     3.45,     89.3
32,     31.12.2014 05:21:16,     -3.15,     -4.02,     292,     2.6,     4.1,     6.4,     3,     90.7,     1019.3,     381.25,     253.9,     87.9,     -177.9
33,     31.12.2014 05:31:16,     -1.05,     -2.01,     293,     2.1,     4.6,     8,     3,     90.5,     1019.3,     381.25,     254,     87.9,     -177.9
34,     31.12.2014 05:41:16,     -1.05,     -2.01,     293,     1.1,     4.7,     7.3,     3,     90.7,     1019.2,     381.25,     74.3,     88,     -1.9
35,     31.12.2014 05:51:16,     -1.05,     -2.01,     0,     0,     0,     0,     3,     90.9,     1019.1,     381.25,     253.4,     87.9,     -178
36,     31.12.2014 06:01:16,     -1.05,     0,     0,     0,     0,     0,     3,     90.9,     1019,     381.25,     73.8,     88,     -1.9
37,     31.12.2014 06:11:17,     -2.1,     -2.01,     0,     0,     0,     0,     3.1,     91,     1019,     381.25,     74,     88,     -1.9,     12.588,     3.58,     89.2
38,     31.12.2014 06:21:17,     -1.05,     0,     0,     0,     0,     0,     3.1,     91,     1019.1,     381.25,     74.5,     87.9,     -2
39,     31.12.2014 06:31:17,     -2.1,     -2.01,     0,     0,     0,     0,     3.2,     91.1,     1019.1,     381.25,     73.7,     88,     -1.9
40,     31.12.2014 06:41:17,     -1.05,     -2.01,     0,     0,     0,     0,     3.1,     90.8,     1019.2,     381.25,     74.6,     88,     -2
41,     31.12.2014 06:51:17,     0,     0,     0,     0,     0,     0,     3,     90.8,     1019.2,     381.25,     73.7,     87.9,     -2
42,     31.12.2014 07:01:17,     -1.05,     -2.01,     0,     0,     0,     0,     3,     91.1,     1019.3,     381.25,     74.1,     87.8,     -2.1
43,     31.12.2014 07:11:16,     -2.1,     -2.01,     0,     0,     0,     0,     3.1,     91.2,     1019.3,     381.25,     253.1,     88,     -178,     12.550,     3.73,     89.2
44,     31.12.2014 07:21:16,     -3.15,     -4.02,     300,     1.3,     3.4,     7,     3.1,     91.3,     1019.3,     381.25,     253.4,     88,     -177.9
45,     31.12.2014 07:31:16,     -1.05,     0,     303,     1.6,     3.1,     5.4,     3,     91.4,     1019.4,     381.25,     253.3,     88,     -178
46,     31.12.2014 07:41:16,     -1.05,     -2.01,     302,     1.7,     3.4,     5.6,     3.1,     91.5,     1019.4,     381.25,     253.6,     87.9,     -177.9
47,     31.12.2014 07:51:16,     -1.05,     -2.01,     304,     1.2,     3.3,     5.3,     3.1,     91.4,     1019.4,     381.25,     73.5,     87.9,     -2
48,     31.12.2014 08:01:16,     -2.1,     -2.01,     304,     1.2,     2.8,     5.3,     3.1,     91.6,     1019.4,     381.25,     253.5,     88,     -178
49,     31.12.2014 08:11:16,     -1.05,     0,     302,     1.4,     3,     4.7,     3.1,     91.6,     1019.4,     381.25,     73.5,     88,     -1.9,     12.505,     3.76,     89.2
50,     31.12.2014 08:21:16,     1.05,     4.02,     303,     1.2,     3,     5.8,     3.2,     91.7,     1019.5,     381.25,     73.5,     88,     -1.9
51,     31.12.2014 08:31:16,     2.1,     8.04,     302,     1.7,     3,     4.9,     3.3,     91.7,     1019.5,     381.25,     253.5,     87.8,     -177.8
52,     31.12.2014 08:41:16,     4.2,     8.04,     301,     1.3,     3,     4.8,     3.3,     91.8,     1019.5,     381.25,     253.4,     87.8,     -177.9
53,     31.12.2014 08:51:16,     7.35,     16.08,     303,     0.8,     2.8,     4.5,     3.4,     91.7,     1019.7,     381.25,     253.1,     87.9,     -177.9
54,     31.12.2014 09:01:16,     6.3,     18.09,     305,     1.2,     2.8,     4.4,     3.4,     91.7,     1019.6,     381.25,     253.2,     88,     -178
55,     31.12.2014 09:11:16,     9.45,     22.11,     299,     1.5,     3.2,     4.8,     3.5,     91.8,     1019.7,     381.25,     253.9,     87.9,     -177.9,     12.529,     3.99,     89.1
56,     31.12.2014 09:21:16,     10.5,     28.14,     304,     1.5,     2.8,     4.1,     3.6,     91.8,     1019.8,     381.25,     73.8,     87.9,     -2
57,     31.12.2014 09:31:16,     22.05,     48.24,     303,     1.1,     2.8,     4.7,     3.5,     91.7,     1019.8,     381.25,     73.4,     88,     -2
58,     31.12.2014 09:41:16,     28.35,     62.31,     304,     1.4,     2.7,     4.9,     3.4,     91.7,     1019.7,     381.25,     253.5,     88,     -177.9
59,     31.12.2014 09:51:16,     32.55,     74.37,     303,     1.3,     2.9,     4.9,     3.6,     91.9,     1019.7,     381.25,     74.1,     87.9,     -2
60,     31.12.2014 10:01:16,     40.95,     90.45,     307,     0.6,     2.3,     4.1,     3.6,     91.8,     1019.7,     381.25,     253.4,     88,     -178
61,     31.12.2014 10:11:17,     34.65,     78.39,     308,     0.8,     2,     3.6,     3.6,     91.8,     1019.8,     381.25,     73.5,     88,     -2,     12.999,     4.45,     89.1
62,     31.12.2014 10:21:17,     38.85,     92.46,     309,     0.7,     2.2,     4,     3.8,     91.9,     1019.9,     381.25,     253.3,     87.9,     -178
63,     31.12.2014 10:31:17,     74.55,     162.81,     317,     0.9,     2.2,     4,     3.8,     91.8,     1020,     381.25,     253.4,     88,     -178
64,     31.12.2014 10:41:17,     52.5,     120.6,     317,     0.3,     2,     3.9,     3.8,     91.8,     1019.9,     381.25,     253.4,     88,     -178.1
65,     31.12.2014 10:51:17,     44.1,     100.5,     314,     1,     2,     4.4,     3.9,     91.8,     1020,     381.25,     253.6,     88,     -177.9
66,     31.12.2014 11:01:17,     58.8,     130.65,     309,     0.9,     2.3,     4.1,     4,     91.9,     1020,     381.25,     253.4,     87.9,     -177.9
67,     31.12.2014 11:11:16,     51.45,     118.59,     317,     1.4,     2.4,     4.8,     3.9,     91.8,     1020,     381.25,     73.8,     87.9,     -2,     13.835,     5.06,     88.8
68,     31.12.2014 11:21:16,     71.4,     158.79,     317,     1.2,     2.6,     5.5,     4,     91.9,     1020,     381.25,     73.8,     87.9,     -2
69,     31.12.2014 11:31:16,     70.35,     158.79,     0,     0,     0,     0,     4.3,     92.1,     1020,     381.25,     74,     87.9,     -2.1
70,     31.12.2014 11:41:16,     61.95,     136.68,     0,     0,     0,     0,     4.3,     92,     1019.9,     381.25,     73.6,     88,     -1.9
71,     31.12.2014 11:51:16,     36.75,     82.41,     0,     0,     0,     0,     4.3,     92,     1019.9,     381.25,     253.5,     87.9,     -178
72,     31.12.2014 12:01:16,     52.5,     120.6,     309,     2.8,     4.5,     6,     4.3,     91.9,     1019.8,     381.25,     253.5,     88,     -178
73,     31.12.2014 12:11:16,     44.1,     96.48,     303,     2.8,     4.4,     6.6,     4.4,     92,     1019.8,     381.25,     73.3,     88.1,     -1.9,     13.748,     5.55,     88.8
74,     31.12.2014 12:21:16,     51.45,     116.58,     302,     2.9,     4.5,     6.4,     4.4,     92,     1019.8,     381.25,     73.5,     88,     -2
75,     31.12.2014 12:31:16,     44.1,     100.5,     299,     3,     4.4,     6.1,     4.4,     92,     1019.9,     381.25,     253.3,     87.9,     -177.9
76,     31.12.2014 12:41:16,     42,     94.47,     301,     2.6,     4.5,     6.1,     4.4,     92,     1019.9,     381.25,     253.4,     87.9,     -177.9
77,     31.12.2014 12:51:16,     37.8,     86.43,     298,     2.9,     4.8,     7.3,     4.6,     92.1,     1019.9,     381.25,     73.2,     87.9,     -2
78,     31.12.2014 13:01:16,     39.9,     90.45,     297,     3,     4.5,     6.2,     4.5,     92,     1019.9,     381.25,     253.6,     87.9,     -177.9
79,     31.12.2014 13:11:16,     40.95,     94.47,     0,     0,     0,     0,     4.5,     92,     1020,     381.25,     73.6,     87.9,     -2,     13.718,     5.73,     88.7
80,     31.12.2014 13:21:16,     32.55,     74.37,     0,     0,     0,     0,     4.6,     92.1,     1020,     381.25,     73.5,     88,     -1.9
81,     31.12.2014 13:31:16,     38.85,     88.44,     0,     0,     0,     0,     4.6,     92.1,     1020.1,     381.25,     253.3,     88,     -177.9
82,     31.12.2014 13:41:16,     31.5,     72.36,     0,     0,     0,     0,     4.4,     91.9,     1020.1,     381.25,     73.4,     88,     -1.9
83,     31.12.2014 13:51:16,     37.8,     86.43,     0,     0,     0,     0,     4.6,     92.2,     1020.1,     381.25,     73.5,     88,     -1.9
84,     31.12.2014 14:01:16,     43.05,     94.47,     0,     0,     0,     0,     4.7,     92.2,     1020.2,     381.25,     253.4,     87.9,     -177.9
85,     31.12.2014 14:11:16,     33.6,     74.37,     0,     0,     0,     0,     4.9,     92.3,     1020.3,     381.25,     253.4,     88,     -178,     13.743,     5.95,     88.7
86,     31.12.2014 14:21:16,     28.35,     64.32,     282,     1.5,     2.9,     5.5,     5.1,     92.4,     1020.3,     381.25,     253.5,     88,     -178
87,     31.12.2014 14:31:16,     19.95,     46.23,     286,     1.5,     2.4,     3.8,     5.1,     92.4,     1020.4,     381.25,     73.8,     88,     -1.9
88,     31.12.2014 14:41:16,     22.05,     48.24,     285,     1.3,     2,     2.7,     5.1,     92.4,     1020.5,     381.25,     253.4,     87.9,     -178
89,     31.12.2014 14:51:16,     15.75,     36.18,     286,     1.2,     2,     2.7,     5.1,     92.4,     1020.6,     381.25,     253.5,     88,     -178
90,     31.12.2014 15:01:16,     11.55,     26.13,     284,     1.3,     1.9,     2.7,     5.1,     92.3,     1020.7,     381.25,     253.4,     87.9,     -177.8
91,     31.12.2014 15:11:16,     8.4,     20.1,     279,     0.9,     1.8,     2.5,     5,     92.3,     1020.8,     381.25,     73.6,     88,     -1.9,     12.904,     6.00,     88.5
92,     31.12.2014 15:21:16,     8.4,     20.1,     278,     0.8,     1.3,     2.1,     4.9,     92.3,     1020.8,     381.25,     73.6,     88,     -1.9
93,     31.12.2014 15:31:16,     5.25,     12.06,     307,     0.5,     1.1,     1.9,     4.7,     92.1,     1020.8,     381.25,     73.5,     87.9,     -1.9
94,     31.12.2014 15:41:16,     2.1,     8.04,     358,     0.1,     0.6,     1.6,     4.2,     91.8,     1020.9,     381.25,     73.3,     87.9,     -2
95,     31.12.2014 15:51:16,     1.05,     2.01,     347,     0.3,     0.7,     2.1,     4.3,     92.2,     1021,     381.25,     73.6,     87.9,     -1.9
96,     31.12.2014 16:01:16,     0,     2.01,     352,     0.4,     1.1,     2.4,     4.7,     92.5,     1021.1,     381.25,     253.3,     88,     -177.9
97,     31.12.2014 16:11:16,     0,     2.01,     3,     0.7,     1.2,     1.8,     4.8,     92.6,     1021.1,     381.25,     73.4,     88,     -1.9,     12.762,     5.59,     88.8
98,     31.12.2014 16:21:16,     -2.1,     -4.02,     351,     0.6,     1.2,     1.8,     4.7,     92.5,     1021.1,     381.25,     253.3,     87.9,     -177.9
99,     31.12.2014 16:31:16,     -1.05,     -2.01,     345,     0.3,     0.7,     1.3,     4.6,     92.4,     1021.1,     381.25,     253.3,     88,     -178
100,     31.12.2014 16:41:16,     0,     0,     6,     0.1,     0.6,     1.2,     4.6,     92.4,     1021.2,     381.25,     253.2,     88,     -178
101,     31.12.2014 16:51:16,     -2.1,     -2.01,     1,     0.4,     0.8,     1.1,     4.6,     92.5,     1021.2,     381.25,     73.4,     88,     -2
102,     31.12.2014 17:01:16,     -1.05,     -2.01,     352,     0,     0.6,     1,     4.8,     92.6,     1021.2,     381.25,     253.2,     88,     -178
103,     31.12.2014 17:11:16,     0,     0,     338,     0.1,     0.6,     1.5,     5,     92.7,     1021.3,     381.25,     73.4,     88,     -2,     12.698,     5.38,     88.9
104,     31.12.2014 17:21:16,     -1.05,     0,     342,     0,     0.6,     1.6,     5.1,     92.7,     1021.4,     381.25,     253.2,     87.9,     -177.9
105,     31.12.2014 17:31:16,     0,     0,     328,     0,     0.7,     2,     5.3,     92.8,     1021.5,     381.25,     73.2,     88,     -1.9
106,     31.12.2014 17:41:16,     -2.1,     -2.01,     326,     0.3,     1.1,     2.6,     5.2,     92.6,     1021.5,     381.25,     73.4,     87.9,     -1.9
107,     31.12.2014 17:51:16,     -1.05,     -2.01,     319,     0.3,     1.1,     2.7,     5.2,     92.6,     1021.6,     381.25,     253.3,     88,     -178
108,     31.12.2014 18:01:16,     -1.05,     -2.01,     317,     0.2,     1.1,     2.2,     5.2,     92.6,     1021.7,     381.25,     73.4,     87.9,     -2
109,     31.12.2014 18:11:16,     -1.05,     -2.01,     320,     0.2,     1,     2.3,     5.3,     92.6,     1021.8,     381.25,     253.3,     88,     -177.9,     12.647,     5.62,     88.8
110,     31.12.2014 18:21:16,     0,     0,     307,     0.6,     1.4,     3,     5.2,     92.5,     1021.9,     381.25,     253.4,     87.9,     -178
111,     31.12.2014 18:31:16,     -2.1,     -2.01,     309,     0.2,     1.6,     2.7,     5.1,     92.4,     1021.9,     381.25,     253.5,     88,     -177.9
112,     31.12.2014 18:41:16,     -1.05,     0,     298,     1,     2.1,     3.4,     5.2,     92.4,     1022,     381.25,     73.5,     87.9,     -1.9
113,     31.12.2014 18:51:16,     -2.1,     0,     303,     0.4,     2,     3.5,     5,     92.2,     1022,     381.25,     73.5,     88,     -1.9
114,     31.12.2014 19:01:16,     -1.05,     0,     310,     0.4,     1.6,     2.7,     5,     92.2,     1022.1,     381.25,     73.5,     88,     -1.9
115,     31.12.2014 19:11:16,     -1.05,     0,     314,     0.2,     1.4,     2.6,     4.9,     92.2,     1022.1,     381.25,     253.2,     88,     -178,     12.626,     5.64,     88.8
116,     31.12.2014 19:21:16,     -3.15,     -4.02,     317,     0.5,     1.4,     2.8,     5,     92.2,     1022.1,     381.25,     253.6,     88,     -178
117,     31.12.2014 19:31:16,     -2.1,     -2.01,     316,     0.2,     1.1,     2.2,     5,     92.2,     1022.2,     381.25,     253.3,     87.8,     -177.8
118,     31.12.2014 19:41:16,     -3.15,     0,     308,     0.1,     1.3,     3,     5.1,     92.3,     1022.2,     381.25,     253.3,     87.9,     -178
119,     31.12.2014 19:51:16,     -4.2,     -2.01,     300,     0.2,     1.4,     2.8,     5,     92.1,     1022.2,     381.25,     253.2,     87.9,     -177.9
120,     31.12.2014 20:01:16,     -5.25,     0,     311,     0.1,     1.1,     2.5,     4.8,     92,     1022.2,     381.25,     73.4,     87.9,     -1.9
121,     31.12.2014 20:11:17,     -3.15,     -2.01,     323,     0,     0.9,     2.3,     4.7,     92.1,     1022.2,     381.25,     253.4,     88,     -178,     12.605,     4.83,     88.9
122,     31.12.2014 20:21:17,     -4.2,     -2.01,     331,     0.1,     0.8,     1.9,     4.6,     92,     1022.1,     381.25,     253.3,     87.9,     -177.9
123,     31.12.2014 20:31:17,     -4.2,     0,     319,     0.1,     1.1,     2.5,     4.6,     92.1,     1022.1,     381.25,     253.1,     87.9,     -177.9
124,     31.12.2014 20:41:17,     -4.2,     -2.01,     311,     0.4,     1.6,     3,     4.7,     92,     1022,     381.25,     253.4,     87.9,     -177.9
125,     31.12.2014 20:51:17,     -3.15,     -4.02,     330,     0.3,     1.7,     4.6,     4.5,     91.8,     1022.1,     381.25,     73.5,     87.9,     -2
126,     31.12.2014 21:01:17,     -2.1,     -2.01,     332,     0.8,     3.4,     6.5,     4.9,     91.8,     1022.2,     381.25,     252.5,     88,     -178
127,     31.12.2014 21:11:17,     0,     -2.01,     337,     1.2,     3,     5.4,     4.9,     90.8,     1022.3,     381.25,     73.6,     88.1,     -1.8,     12.580,     4.53,     89.2
128,     31.12.2014 21:21:17,     -2.1,     -2.01,     334,     1.4,     3.4,     5.6,     4.9,     89.8,     1022.3,     381.25,     73,     87.9,     -2
129,     31.12.2014 21:31:17,     -3.15,     -2.01,     340,     1.4,     2.9,     5.6,     4.7,     88.7,     1022.3,     381.25,     252.9,     88.1,     -178.1
130,     31.12.2014 21:41:17,     -4.2,     0,     337,     1,     2.8,     5.4,     4.6,     88.1,     1022.4,     381.25,     253.5,     87.9,     -177.9
131,     31.12.2014 21:51:17,     -4.2,     -2.01,     329,     0.2,     1.6,     3.6,     4.5,     88.4,     1022.5,     381.25,     253.3,     87.9,     -177.9
132,     31.12.2014 22:01:17,     -2.1,     -2.01,     315,     0.3,     1.6,     3.8,     4.3,     88.6,     1022.4,     381.25,     73.3,     88,     -1.9
133,     31.12.2014 22:11:16,     -2.1,     0,     323,     0.3,     1.9,     3.4,     4.3,     88.3,     1022.5,     381.25,     253.2,     88,     -178,     12.567,     4.47,     89.1
134,     31.12.2014 22:21:16,     -2.1,     -2.01,     324,     0.7,     2.1,     5,     4.3,     88,     1022.5,     381.25,     253.1,     87.9,     -177.9
135,     31.12.2014 22:31:16,     -3.15,     -2.01,     318,     0.2,     2.1,     4.1,     4.3,     87.9,     1022.5,     381.25,     253.2,     88,     -178
136,     31.12.2014 22:41:16,     -3.15,     -4.02,     311,     0.2,     1.9,     4.3,     4.3,     88.2,     1022.5,     381.25,     253.5,     87.9,     -177.9
137,     31.12.2014 22:51:16,     -3.15,     -2.01,     321,     0.2,     2.1,     4.1,     4.2,     87.7,     1022.6,     381.25,     253.4,     88,     -178
138,     31.12.2014 23:01:16,     -4.2,     -2.01,     323,     0.1,     1.3,     2.9,     4.1,     88.2,     1022.6,     381.25,     253.3,     87.9,     -177.9
139,     31.12.2014 23:11:16,     -2.1,     -2.01,     323,     0.3,     1.6,     3,     4.1,     88.4,     1022.6,     381.25,     73.4,     88.1,     -1.9,     12.537,     4.11,     89.1
140,     31.12.2014 23:21:16,     -2.1,     -4.02,     330,     0.4,     1.6,     3.3,     4.1,     ,     ,     ,     253.4,     88,     -178
141,     31.12.2014 23:31:16,     -1.05,     -2.01,     308,     0.3,     1.8,     4,     4.1,     87.8,     1022.5,     381.25,     253.1,     88,     -177.9
142,     31.12.2014 23:41:16,     -2.1,     -2.01,     303,     0.1,     2,     3.7,     4.1,     88.1,     1022.6,     381.25,     253.2,     88,     -178
143,     01.01.2015 00:01:16,     -2.1,     0,     309,     0.2,     1.9,     4.2,     4,     88.2,     1022.8,     381.25,     253.4,     87.9,     -177.9,     12.529,     4.06,     89.3