Logger: #D10248 'TSK_Meteo' - USP_EXP2 (V2.10, Jan 24 2012)
No,     Time,     #1:W/m²:0,     #2:ÂµMol:(do.),     #5:deg:2,     #6:m/sMIN:(do.),     #7:m/sMIT:(do.),     #8:m/sMAX:(do.),     #9:Â°C:(do.),     #10:%:(do.),     #11:hPa:(do.),     #12:mm:(do.),     #14:AZ:3,     #15:EL:(do.),     #16:Roll:(do.),     #HK-Bat:V,     #HK-Temp:oC,     #HK-rH:%
(GSM Transfer OK / Signal:16)
1,     24.07.2014 00:11:17,     -5.25,     0,     70,     0.2,     1.7,     3.6,     17.5,     81.5,     1011.3,     142.06,     255.2,     88,     -177.9,     12.518,     17.63,     67.0
2,     24.07.2014 00:21:17,     -4.2,     -2.01,     55,     0.1,     1.7,     3.3,     17.5,     80.7,     1011.4,     142.06,     254.8,     88,     -178
3,     24.07.2014 00:31:17,     -5.25,     -2.01,     66,     0.4,     1.8,     3.5,     17.5,     79.4,     1011.4,     142.06,     255.2,     87.9,     -177.9
4,     24.07.2014 00:41:17,     -5.25,     -2.01,     65,     0.6,     2,     3.8,     17.5,     79.6,     1011.4,     142.06,     255,     87.7,     -177.7
5,     24.07.2014 00:51:17,     -5.25,     -2.01,     65,     0.4,     1.7,     3.1,     17.5,     79.8,     1011.3,     142.06,     255,     87.9,     -178
6,     24.07.2014 01:01:17,     -4.2,     0,     79,     0.4,     1.7,     3,     17.4,     79.5,     1011.3,     142.06,     254.9,     87.8,     -177.8
7,     24.07.2014 01:11:16,     -5.25,     -2.01,     66,     0.4,     2.1,     4.5,     17.4,     79.8,     1011.2,     142.06,     255.1,     88,     -178,     12.535,     16.79,     68.2
8,     24.07.2014 01:21:16,     -4.2,     0,     91,     0.4,     1.9,     3.8,     17.2,     79.9,     1011.2,     142.06,     255,     87.8,     -177.8
9,     24.07.2014 01:31:16,     -4.2,     -2.01,     90,     0.1,     1.4,     3,     17,     81.3,     1011.2,     142.06,     255.1,     87.8,     -177.7
10,     24.07.2014 01:41:16,     -4.2,     -2.01,     75,     0.3,     1.4,     3.2,     17.1,     81.7,     1011.1,     142.06,     254.7,     88.1,     -178.1
11,     24.07.2014 01:51:16,     -4.2,     0,     91,     0.1,     1.3,     2.6,     16.9,     82.3,     1011,     142.06,     255,     87.9,     -177.9
12,     24.07.2014 02:01:16,     -4.2,     0,     70,     0.2,     1.7,     3.3,     16.9,     82,     1011,     142.06,     254.9,     87.9,     -177.9
13,     24.07.2014 02:11:16,     -5.25,     -2.01,     86,     0.2,     1.7,     3.8,     16.7,     83,     1011.1,     142.06,     255,     87.9,     -177.9,     12.491,     16.37,     68.3
14,     24.07.2014 02:21:16,     -5.25,     -2.01,     118,     0.1,     1.5,     2.9,     16.4,     83.8,     1011.2,     142.06,     255.1,     87.9,     -178
15,     24.07.2014 02:31:16,     -3.15,     -4.02,     60,     0.2,     1.7,     3.4,     16.6,     84.7,     1011,     142.06,     255.1,     87.8,     -177.9
16,     24.07.2014 02:41:16,     -5.25,     -2.01,     65,     0.2,     1.9,     3.2,     16.8,     84.4,     1011.1,     142.06,     255.1,     87.9,     -177.8
17,     24.07.2014 02:51:16,     -5.25,     -2.01,     59,     0.6,     1.9,     3.8,     16.6,     85.6,     1011.1,     142.06,     255,     88.1,     -178.1
18,     24.07.2014 03:01:16,     -5.25,     -2.01,     74,     0.4,     1.7,     3,     16.5,     85,     1011.1,     142.06,     254.7,     87.9,     -177.9
19,     24.07.2014 03:11:16,     -4.2,     -2.01,     64,     0.2,     1.8,     3.1,     16.5,     85.7,     1011,     142.06,     255,     87.8,     -177.8,     12.465,     16.10,     68.3
20,     24.07.2014 03:21:16,     -4.2,     0,     81,     0.1,     1.4,     3,     16.5,     85.4,     1011.1,     142.06,     254.9,     87.9,     -177.9
21,     24.07.2014 03:31:16,     -5.25,     -2.01,     80,     0.1,     1.5,     2.7,     16.5,     85.8,     1011.1,     142.06,     255.1,     87.9,     -178
22,     24.07.2014 03:41:16,     -5.25,     -4.02,     83,     0.3,     1.4,     2.9,     16.4,     86.6,     1011.1,     142.06,     255,     88,     -178
23,     24.07.2014 03:51:16,     -4.2,     2.01,     74,     0.1,     1.1,     2.4,     16.5,     87.2,     1010.9,     142.06,     255,     87.9,     -177.9
24,     24.07.2014 04:01:16,     -2.1,     0,     94,     0.1,     0.9,     1.8,     16.6,     87.2,     1010.9,     142.06,     255.1,     87.9,     -177.9
25,     24.07.2014 04:11:16,     0,     6.03,     80,     0,     0.7,     1.9,     16.7,     88.3,     1011,     142.06,     255,     87.9,     -177.9,     12.438,     15.87,     68.4
26,     24.07.2014 04:21:16,     5.25,     14.07,     55,     0.4,     1.4,     2.4,     16.6,     87.9,     1010.9,     142.06,     255,     87.8,     -177.9
27,     24.07.2014 04:31:16,     14.7,     30.15,     37,     0.2,     1.6,     2.7,     16.2,     88,     1010.9,     142.06,     255,     88,     -178
28,     24.07.2014 04:41:16,     26.25,     50.25,     49,     0.1,     1.3,     2.5,     16.3,     88.5,     1010.9,     142.06,     254.9,     87.9,     -177.9
29,     24.07.2014 04:51:16,     32.55,     68.34,     56,     0,     1,     2.4,     16.4,     88.9,     1010.8,     142.06,     255.1,     87.9,     -177.9
30,     24.07.2014 05:01:16,     37.8,     82.41,     65,     0.1,     1,     2.4,     16.6,     88.4,     1010.9,     142.06,     255.1,     87.9,     -178
31,     24.07.2014 05:11:22,     56.7,     114.57,     103,     0,     0.7,     2,     16.7,     88.8,     1011,     142.06,     255,     87.9,     -177.9,     12.713,     16.43,     68.3
32,     24.07.2014 05:21:22,     75.6,     142.71,     113,     0,     0.9,     2,     16.7,     87.8,     1010.9,     142.06,     255.1,     87.9,     -178
33,     24.07.2014 05:31:22,     115.5,     192.96,     55,     0.1,     1.7,     3.5,     17,     89.4,     1010.7,     142.06,     255.2,     87.9,     -178
34,     24.07.2014 05:41:22,     117.6,     203.01,     38,     0.7,     2.4,     4.2,     17,     87.9,     1010.7,     142.06,     255.3,     88,     -178
35,     24.07.2014 05:51:22,     145.95,     261.3,     44,     0.9,     2.3,     4,     17.3,     87.4,     1010.7,     142.06,     255.4,     88,     -178
36,     24.07.2014 06:01:22,     76.65,     168.84,     53,     0.7,     2.1,     3.8,     17.3,     87.1,     1010.8,     142.06,     255.3,     88,     -178.1
37,     24.07.2014 06:11:21,     79.8,     174.87,     65,     0.4,     1.6,     3.4,     17.2,     87.3,     1010.9,     142.06,     255.3,     87.9,     -177.9,     13.180,     19.29,     67.9
38,     24.07.2014 06:21:21,     75.6,     154.77,     72,     0.3,     1.5,     2.6,     17.2,     87.6,     1010.9,     142.06,     255.2,     88,     -178
39,     24.07.2014 06:31:21,     88.2,     176.88,     53,     0.8,     1.8,     2.9,     17.4,     88.2,     1011,     142.06,     255.2,     88,     -178
40,     24.07.2014 06:41:21,     127.05,     245.22,     73,     0,     1,     2,     17.7,     87.3,     1011,     142.06,     255.3,     87.9,     -177.9
41,     24.07.2014 06:51:21,     84,     174.87,     79,     0.3,     1.3,     2.6,     18.1,     87,     1011.2,     142.06,     255.2,     88,     -178
42,     24.07.2014 07:01:21,     66.15,     138.69,     81,     0,     1.2,     2.5,     18.3,     86.4,     1011.1,     142.06,     255.2,     88,     -178
43,     24.07.2014 07:11:16,     100.8,     213.06,     56,     0.5,     1.4,     2.4,     18.5,     86.1,     1011,     142.06,     255.3,     87.9,     -177.9,     13.398,     19.56,     67.4
44,     24.07.2014 07:21:16,     145.95,     299.49,     45,     1.4,     2.5,     4,     18.7,     85.4,     1011,     142.06,     255.3,     87.9,     -177.9
45,     24.07.2014 07:31:16,     244.65,     500.49,     56,     0.1,     2,     4.1,     18.8,     85.6,     1011,     142.06,     255.4,     87.9,     -177.9
46,     24.07.2014 07:41:16,     269.85,     548.73,     61,     0.1,     1.9,     4.4,     19,     85,     1010.9,     142.06,     (NO REPLY),     (NO REPLY),     (NO REPLY)
47,     24.07.2014 07:51:16,     288.75,     576.87,     70,     0,     1.9,     4.1,     19.2,     84.7,     1010.9,     142.06,     255.2,     88,     -178
48,     24.07.2014 08:01:16,     406.35,     804,     69,     0.1,     2.2,     4.9,     19.5,     82.9,     1010.8,     142.06,     (NO REPLY),     (NO REPLY),     (NO REPLY)
49,     24.07.2014 08:11:17,     408.45,     822.09,     68,     0.6,     2,     5.5,     20,     82,     1010.8,     142.06,     255.3,     88,     -178,     13.394,     22.39,     67.0
50,     24.07.2014 08:21:17,     460.95,     896.46,     64,     0,     2.2,     5.1,     20.4,     78.3,     1010.8,     142.06,     255.3,     87.9,     -177.9
51,     24.07.2014 08:31:17,     225.75,     464.31,     74,     0.1,     2.1,     4.1,     20.7,     75.9,     1010.8,     142.06,     255.4,     87.9,     -177.9
52,     24.07.2014 08:41:17,     393.75,     795.96,     80,     0.2,     2.5,     5.5,     20.5,     77.8,     1010.9,     142.06,     255.4,     88.1,     -178.1
53,     24.07.2014 08:51:17,     523.95,     1051.23,     46,     0.5,     2.5,     5.5,     20.6,     79.1,     1010.9,     142.06,     255.5,     88,     -178
54,     24.07.2014 09:01:17,     565.95,     1117.56,     54,     0.2,     2.2,     5.8,     21.1,     76.9,     1010.8,     142.06,     255,     88,     -178
55,     24.07.2014 09:11:17,     502.95,     988.92,     52,     0.5,     3.2,     7.1,     21.5,     72.9,     1010.7,     142.06,     255.4,     87.7,     -177.7,     13.228,     25.49,     65.9
56,     24.07.2014 09:21:17,     570.15,     1129.62,     53,     0.2,     3,     6.1,     21.8,     71.9,     1010.8,     142.06,     255,     87.5,     -177.5
57,     24.07.2014 09:31:17,     494.55,     988.92,     61,     0.1,     2.4,     6.2,     22.4,     70.1,     1010.7,     142.06,     255.5,     87.7,     -177.7
58,     24.07.2014 09:41:17,     479.85,     968.82,     53,     0.1,     2.8,     7.6,     22.5,     68.8,     1010.7,     142.06,     255.6,     88.3,     -178.4
59,     24.07.2014 09:51:17,     525,     1057.26,     64,     0.5,     3,     7,     22.7,     65.4,     1010.7,     142.06,     75.7,     88.2,     -1.7
60,     24.07.2014 10:01:17,     537.6,     1083.39,     61,     0.1,     2.9,     7.2,     23,     62.3,     1010.7,     142.06,     255.5,     87.6,     -177.6
61,     24.07.2014 10:11:23,     682.5,     1366.8,     77,     0,     2.2,     6.1,     23.3,     60.5,     1010.6,     142.06,     255.2,     88.2,     -178.2,     13.269,     27.77,     65.1
62,     24.07.2014 10:21:23,     586.95,     1175.85,     77,     0.3,     3,     6.7,     23.5,     60.2,     1010.5,     142.06,     255.4,     87.9,     -177.8
63,     24.07.2014 10:31:23,     616.35,     1258.26,     58,     0.2,     2.7,     5.8,     23.4,     63.7,     1010.5,     142.06,     254.9,     88,     -178
64,     24.07.2014 10:41:23,     796.95,     1593.93,     84,     0.2,     2.8,     5.9,     24,     56.9,     1010.5,     142.06,     75.8,     87.4,     -2.5
65,     24.07.2014 10:51:23,     674.1,     1376.85,     86,     0.7,     3.7,     8.6,     24.3,     53.1,     1010.4,     142.06,     76.2,     87.6,     -2.3
66,     24.07.2014 11:01:23,     655.2,     1320.57,     76,     0.4,     3.8,     8.2,     24.5,     50,     1010.4,     142.06,     75.9,     87.9,     -2.1
67,     24.07.2014 11:11:17,     685.65,     1392.93,     93,     0.1,     2.5,     5.8,     24.6,     48.6,     1010.4,     142.06,     75.9,     87.9,     -2.1,     12.915,     29.29,     64.6
68,     24.07.2014 11:21:17,     632.1,     1276.35,     91,     0.2,     2.9,     7.2,     24.7,     48.2,     1010.3,     142.06,     75.2,     87.8,     -2.1
69,     24.07.2014 11:31:17,     659.4,     1342.68,     103,     0.4,     3.3,     8.3,     24.7,     46.6,     1010.4,     142.06,     75.2,     87.9,     -2
70,     24.07.2014 11:41:17,     625.8,     1256.25,     88,     0.3,     4.1,     8.7,     25,     45.3,     1010.5,     142.06,     73.9,     87.5,     -2.4
71,     24.07.2014 11:51:17,     505.05,     1025.1,     97,     0.2,     3.7,     7.7,     24.8,     46.9,     1010.4,     142.06,     75.7,     87.9,     -2
72,     24.07.2014 12:01:17,     555.45,     1133.64,     93,     0.5,     3.7,     7.6,     24.7,     46,     1010.4,     142.06,     75.4,     88,     -1.8
73,     24.07.2014 12:11:16,     468.3,     900.48,     99,     0.3,     3.4,     8.2,     24.9,     45.1,     1010.4,     142.06,     254.8,     88,     -178,     13.228,     29.30,     64.8
74,     24.07.2014 12:21:16,     568.05,     1153.74,     99,     0.2,     3.5,     7.2,     25,     44.9,     1010.3,     142.06,     75,     88,     -1.8
75,     24.07.2014 12:31:16,     516.6,     1057.26,     122,     0.2,     3.3,     7.6,     25,     42.8,     1010.3,     142.06,     75.7,     88,     -1.9
76,     24.07.2014 12:41:16,     415.8,     862.29,     96,     0.5,     3.1,     6.1,     25,     43.3,     1010.3,     142.06,     74.8,     87.7,     -2.2
77,     24.07.2014 12:51:16,     373.8,     779.88,     85,     0.4,     3.1,     7.8,     24.9,     42.6,     1010.3,     142.06,     75.7,     87.9,     -2
78,     24.07.2014 13:01:16,     351.75,     737.67,     103,     0.1,     2.8,     7.1,     24.8,     43.4,     1010.4,     142.06,     255,     87.9,     -177.9
79,     24.07.2014 13:11:16,     304.5,     645.21,     98,     0.3,     2.8,     5.5,     24.7,     42.2,     1010.3,     142.06,     75.3,     87.8,     -2.1,     13.264,     28.89,     65.0
80,     24.07.2014 13:21:16,     319.2,     675.36,     89,     0.1,     3.5,     7.3,     24.5,     42.1,     1010.3,     142.06,     75.2,     87.9,     -2
81,     24.07.2014 13:31:16,     325.5,     685.41,     98,     0.1,     2.8,     6.6,     24.5,     43.6,     1010.2,     142.06,     75.8,     87.8,     -2.1
82,     24.07.2014 13:41:16,     372.75,     775.86,     112,     0.2,     2.7,     7.2,     24.5,     43.8,     1010.1,     142.06,     75.5,     88,     -1.9
83,     24.07.2014 13:51:16,     502.95,     1031.13,     113,     0.4,     3.3,     8.3,     24.5,     41.6,     1010.1,     142.06,     75.5,     88,     -1.9
84,     24.07.2014 14:01:16,     544.95,     1099.47,     99,     0.3,     3.1,     6.9,     24.8,     42.2,     1010.1,     142.06,     75.8,     87.8,     -2.1
85,     24.07.2014 14:11:17,     489.3,     994.95,     91,     0.3,     3.3,     6.3,     24.8,     41.9,     1010,     142.06,     255,     88.2,     -178.2,     13.269,     28.30,     65.3
86,     24.07.2014 14:21:17,     544.95,     1099.47,     92,     0.3,     2.9,     7.3,     24.9,     41.9,     1009.9,     142.06,     75.4,     87.6,     -2.2
87,     24.07.2014 14:31:17,     499.8,     1002.99,     85,     0.4,     3.2,     7.9,     24.8,     41.1,     1009.9,     142.06,     76.1,     87.9,     -2
88,     24.07.2014 14:41:17,     458.85,     924.6,     111,     0.3,     2.8,     6.1,     24.8,     40.1,     1009.9,     142.06,     75.2,     88,     -1.9
89,     24.07.2014 14:51:17,     493.5,     992.94,     92,     0.2,     2.6,     6.3,     25,     42.4,     1009.8,     142.06,     75,     87.8,     -2
90,     24.07.2014 15:01:17,     438.9,     880.38,     81,     0.2,     3.1,     6.2,     24.8,     41.3,     1009.7,     142.06,     75.5,     88.2,     -1.7
91,     24.07.2014 15:11:16,     407.4,     826.11,     86,     0.2,     3.1,     8,     24.8,     41,     1009.5,     142.06,     75.6,     88,     -1.9,     13.192,     28.77,     65.0
92,     24.07.2014 15:21:16,     355.95,     721.59,     72,     0.6,     3.1,     6.7,     24.6,     40.1,     1009.5,     142.06,     75.1,     87.9,     -2
93,     24.07.2014 15:31:16,     315,     651.24,     76,     0.5,     2.9,     6.1,     24.6,     43.9,     1009.5,     142.06,     75,     87.6,     -2.3
94,     24.07.2014 15:41:16,     301.35,     623.1,     58,     0.4,     3.8,     7.8,     24.2,     44.7,     1009.6,     142.06,     75.5,     88.1,     -1.8
95,     24.07.2014 15:51:16,     283.5,     588.93,     61,     0.1,     3,     6.7,     24.2,     45.3,     1009.7,     142.06,     75.6,     88.1,     -1.8
96,     24.07.2014 16:01:16,     304.5,     619.08,     80,     0.3,     2.8,     7.4,     24.3,     40.3,     1009.7,     142.06,     75.7,     88.2,     -1.7
97,     24.07.2014 16:11:16,     281.4,     578.88,     84,     0.2,     3,     6.4,     24.2,     40.8,     1009.7,     142.06,     75.5,     88,     -1.9,     13.317,     27.70,     65.4
98,     24.07.2014 16:21:16,     234.15,     484.41,     93,     0.3,     2.7,     5.8,     24.2,     42.6,     1009.6,     142.06,     75.4,     87.9,     -2.1
99,     24.07.2014 16:31:16,     204.75,     426.12,     89,     0.2,     3.1,     6.3,     24,     43.1,     1009.6,     142.06,     75.6,     87.8,     -2.1
100,     24.07.2014 16:41:16,     179.55,     379.89,     104,     0.2,     2.9,     6.5,     23.9,     44.1,     1009.7,     142.06,     75.4,     88.1,     -1.8
101,     24.07.2014 16:51:16,     166.95,     353.76,     121,     0.1,     3,     6.4,     23.7,     43.1,     1009.8,     142.06,     75.4,     88,     -1.8
102,     24.07.2014 17:01:16,     164.85,     349.74,     115,     0.2,     2.3,     7.5,     23.6,     43.9,     1009.9,     142.06,     75.6,     87.9,     -2
103,     24.07.2014 17:11:16,     135.45,     281.4,     97,     0.1,     2.1,     5.3,     23.5,     45.6,     1009.8,     142.06,     75.4,     88,     -1.9,     13.421,     26.35,     65.9
104,     24.07.2014 17:21:16,     95.55,     203.01,     115,     0.1,     1.4,     3.2,     23.4,     43.9,     1009.8,     142.06,     255.1,     88,     -178
105,     24.07.2014 17:31:16,     103.95,     225.12,     111,     0.4,     2.1,     5.3,     23.3,     43,     1009.8,     142.06,     254.5,     88,     -178
106,     24.07.2014 17:41:16,     118.65,     255.27,     127,     0.2,     1.5,     3.4,     23.2,     45,     1009.8,     142.06,     75.4,     87.8,     -2.1
107,     24.07.2014 17:51:16,     119.7,     259.29,     149,     0.1,     1.6,     6.1,     23.1,     46.2,     1009.8,     142.06,     76,     87.9,     -2
108,     24.07.2014 18:01:16,     99.75,     209.04,     203,     1.9,     4.8,     7.4,     20.8,     69.5,     1009.9,     142.06,     75.7,     87.9,     -2
109,     24.07.2014 18:11:16,     103.95,     221.1,     210,     2,     4,     6.7,     20.2,     72.9,     1009.9,     142.06,     75.7,     88,     -1.9,     13.432,     24.60,     66.3
110,     24.07.2014 18:21:16,     101.85,     213.06,     209,     1.6,     3.2,     5.2,     20.1,     74,     1009.8,     142.06,     75.5,     87.9,     -2
111,     24.07.2014 18:31:16,     66.15,     140.7,     205,     1.5,     3.9,     5.8,     19.9,     73.3,     1009.9,     142.06,     255.3,     88,     -178
112,     24.07.2014 18:41:16,     54.6,     118.59,     207,     1.4,     2.9,     4.6,     20,     74.6,     1009.9,     142.06,     75.6,     88,     -2
113,     24.07.2014 18:51:16,     51.45,     110.55,     213,     0.7,     2.1,     3.8,     20,     75.2,     1009.9,     142.06,     255.2,     88,     -178
114,     24.07.2014 19:01:16,     36.75,     80.4,     211,     0.9,     2,     3,     20,     74.1,     1009.9,     142.06,     255.3,     87.9,     -177.9
115,     24.07.2014 19:11:17,     31.5,     70.35,     215,     0.7,     1.6,     2.4,     20,     74.6,     1009.8,     142.06,     255.1,     88,     -178,     13.436,     21.96,     67.1
116,     24.07.2014 19:21:17,     24.15,     52.26,     206,     0.4,     1.4,     2.1,     20,     74,     1009.9,     142.06,     255.1,     88,     -178
117,     24.07.2014 19:31:17,     14.7,     34.17,     225,     0.5,     1.1,     1.7,     20,     72.6,     1009.8,     142.06,     255.2,     88,     -178
118,     24.07.2014 19:41:17,     6.3,     16.08,     257,     0,     0.6,     1.5,     20.1,     72.6,     1009.9,     142.06,     255.1,     87.9,     -177.9
119,     24.07.2014 19:51:17,     0,     4.02,     303,     0,     0.8,     1.7,     20.1,     72.8,     1009.9,     142.06,     255.1,     87.9,     -177.9
120,     24.07.2014 20:01:17,     1.05,     6.03,     0,     0.8,     1.5,     2.3,     20,     72.8,     1010,     142.06,     255.1,     88,     -178
121,     24.07.2014 20:11:16,     -1.05,     2.01,     7,     0.5,     1.4,     2.6,     20,     74.2,     1010,     142.06,     255.1,     88,     -178,     12.698,     20.73,     67.3
122,     24.07.2014 20:21:16,     -1.05,     0,     5,     1.2,     1.7,     2.4,     20,     73.2,     1010.1,     142.06,     255.2,     87.8,     -177.9
123,     24.07.2014 20:31:16,     -2.1,     -2.01,     38,     0.3,     1.5,     2.3,     20.1,     76,     1010.1,     142.06,     255.1,     87.8,     -177.9
124,     24.07.2014 20:41:16,     -2.1,     0,     44,     0.7,     1.8,     2.5,     19.9,     74.9,     1010.1,     142.06,     255,     87.9,     -177.9
125,     24.07.2014 20:51:16,     -2.1,     -2.01,     30,     1,     2.2,     3.3,     20,     76.9,     1010,     142.06,     255.3,     87.8,     -177.8
126,     24.07.2014 21:01:16,     -3.15,     -2.01,     20,     1.5,     2.5,     3.4,     19.9,     75.6,     1010,     142.06,     255.1,     87.9,     -177.9
127,     24.07.2014 21:11:16,     -4.2,     -2.01,     25,     1.6,     2.6,     3.5,     19.8,     73.8,     1010,     142.06,     255.1,     88,     -178,     12.656,     20.21,     67.4
128,     24.07.2014 21:21:16,     -6.3,     -4.02,     8,     1.2,     2.1,     3.1,     19.8,     76.9,     1010,     142.08,     255.2,     87.9,     -177.9
129,     24.07.2014 21:31:16,     -5.25,     -2.01,     16,     1.4,     2.4,     3.6,     19.9,     75.3,     1010,     142.08,     255.2,     87.9,     -177.9
130,     24.07.2014 21:41:16,     -2.1,     0,     18,     1.1,     2.5,     3.3,     19.9,     76.4,     1010,     142.08,     255.1,     87.9,     -177.9
131,     24.07.2014 21:51:16,     -2.1,     0,     49,     0.7,     1.7,     3,     19.7,     74.6,     1010,     142.08,     255.1,     87.9,     -177.9
132,     24.07.2014 22:01:16,     -6.3,     0,     52,     0.2,     1.2,     2.1,     19.5,     77,     1010.3,     142.1,     255.1,     87.9,     -177.9
133,     24.07.2014 22:11:16,     -6.3,     0,     21,     1.2,     2.1,     2.9,     19.5,     77.5,     1010.2,     142.12,     255.1,     88,     -178,     12.637,     19.59,     67.5
134,     24.07.2014 22:21:16,     -5.25,     -2.01,     36,     0.9,     2.2,     2.9,     19.5,     79.5,     1010.2,     142.12,     255,     88,     -178
135,     24.07.2014 22:31:16,     -7.35,     0,     43,     0.5,     1.5,     2.3,     19.3,     78.4,     1010.2,     142.15,     255.1,     88,     -178
136,     24.07.2014 22:41:16,     -7.35,     -2.01,     36,     0.9,     1.6,     2.4,     19.3,     78.7,     1010.3,     142.16,     255.1,     87.9,     -178
137,     24.07.2014 22:51:16,     -6.3,     0,     34,     0.9,     1.8,     2.5,     19.2,     78.8,     1010.2,     142.17,     255.1,     88,     -178
138,     24.07.2014 23:01:16,     -7.35,     -2.01,     29,     1.6,     2.2,     2.8,     19.1,     79.3,     1010.2,     142.19,     255,     87.9,     -177.9
139,     24.07.2014 23:11:17,     -7.35,     -2.01,     41,     1,     2.2,     3.2,     18.9,     80.6,     1010.2,     142.23,     255,     88,     -178,     12.605,     19.01,     67.6
140,     24.07.2014 23:21:17,     -6.3,     -2.01,     42,     0.8,     1.9,     3.2,     18.8,     80.6,     1010.1,     142.4,     255.1,     87.9,     -177.9
141,     24.07.2014 23:31:17,     -5.25,     0,     46,     1.1,     2.2,     3.2,     18.7,     81.7,     1010,     142.43,     255.1,     87.8,     -177.8
142,     24.07.2014 23:41:17,     -6.3,     -2.01,     52,     1.3,     2.3,     3.1,     18.7,     81.2,     1010,     142.44,     254.9,     87.9,     -177.9
143,     24.07.2014 23:51:17,     -7.35,     -2.01,     46,     0.9,     2.2,     3.3,     18.6,     82,     1009.9,     142.45,     254.8,     87.9,     -178
144,     25.07.2014 00:01:17,     -6.3,     -2.01,     45,     1.5,     2.9,     4.7,     18.6,     82.8,     1009.8,     142.45,     254.9,     87.7,     -177.8,     12.491,     18.51,     67.6