Logger: #D10248 'TSK_Meteo' - USP_EXP2 (V2.10, Jan 24 2012)
No,     Time,     #1:W/m²:0,     #2:ÂµMol:(do.),     #5:deg:2,     #6:m/sMIN:(do.),     #7:m/sMIT:(do.),     #8:m/sMAX:(do.),     #9:Â°C:(do.),     #10:%:(do.),     #11:hPa:(do.),     #12:mm:(do.),     #14:AZ:3,     #15:EL:(do.),     #16:Roll:(do.),     #HK-Bat:V,     #HK-Temp:oC,     #HK-rH:%
(GSM Transfer OK / Signal:17)
1,     20.09.2014 00:11:22,     -3.15,     -2.01,     107,     0.2,     0.8,     1.2,     14.2,     91.6,     1006.4,     276.78,     253.3,     88,     -178,     12.423,     14.60,     71.0
2,     20.09.2014 00:21:22,     -3.15,     -2.01,     152,     0.1,     0.7,     1.1,     14.2,     91.7,     1006.4,     276.78,     253.4,     87.9,     -177.9
3,     20.09.2014 00:31:22,     -4.2,     -4.02,     133,     0,     0.6,     0.9,     14.3,     92,     1006.4,     276.78,     253.3,     88,     -178
4,     20.09.2014 00:41:22,     -2.1,     2.01,     150,     0,     0.4,     1.1,     14.4,     92,     1006.4,     276.78,     253.4,     87.9,     -177.9
5,     20.09.2014 00:51:22,     -4.2,     -2.01,     161,     0.4,     0.8,     1.3,     14.3,     91.8,     1006.3,     276.78,     253.4,     87.9,     -177.9
6,     20.09.2014 01:01:22,     -3.15,     -2.01,     109,     0.5,     0.9,     1.3,     13.7,     91.4,     1006.3,     276.78,     253.5,     88,     -178
7,     20.09.2014 01:11:16,     -3.15,     0,     85,     0.4,     0.8,     1.3,     13.8,     92,     1006.2,     276.78,     253.3,     87.9,     -177.9,     12.507,     13.79,     72.4
8,     20.09.2014 01:21:16,     -4.2,     0,     159,     0.1,     0.5,     0.8,     14,     92.4,     1006.2,     276.78,     253.4,     88,     -178
9,     20.09.2014 01:31:16,     -4.2,     2.01,     120,     0.1,     0.7,     1.3,     13.7,     91.8,     1006.2,     276.78,     253.5,     87.9,     -177.9
10,     20.09.2014 01:41:16,     -3.15,     0,     182,     0.1,     0.5,     0.9,     13.8,     92.2,     1006.3,     276.78,     253.5,     88,     -178
11,     20.09.2014 01:51:16,     -3.15,     0,     193,     0.1,     0.6,     1,     14,     92.4,     1006.3,     276.78,     253.4,     87.9,     -177.9
12,     20.09.2014 02:01:16,     -4.2,     0,     141,     0.3,     0.7,     1.2,     13.7,     91.6,     1006.4,     276.78,     253.5,     87.9,     -177.9
13,     20.09.2014 02:11:23,     -4.2,     0,     113,     0.4,     0.8,     1.4,     13.6,     92,     1006.3,     276.78,     253.4,     88.1,     -178.1,     12.486,     13.41,     72.5
14,     20.09.2014 02:21:23,     -5.25,     -2.01,     131,     0.2,     0.9,     1.5,     13.2,     91.8,     1006.3,     276.78,     253.4,     87.9,     -177.9
15,     20.09.2014 02:31:23,     -3.15,     -2.01,     135,     0,     0.4,     0.8,     13.4,     92.6,     1006.3,     276.78,     253.5,     88,     -178
16,     20.09.2014 02:41:23,     -3.15,     0,     172,     0.4,     0.8,     1.3,     13.5,     92.5,     1006.2,     276.78,     253.5,     88,     -178
17,     20.09.2014 02:51:23,     -4.2,     -2.01,     202,     0.1,     0.5,     0.9,     13.6,     92.6,     1006.2,     276.78,     253.5,     87.9,     -177.9
18,     20.09.2014 03:01:23,     -4.2,     0,     189,     0.3,     0.9,     1.9,     13.6,     92.3,     1006.2,     276.78,     253.5,     88,     -178
19,     20.09.2014 03:11:23,     -5.25,     -4.02,     144,     0.4,     0.8,     1.4,     12.8,     91.2,     1006.2,     276.78,     253.5,     88,     -178,     12.474,     13.15,     72.5
20,     20.09.2014 03:21:23,     -4.2,     -2.01,     178,     0.4,     0.9,     1.3,     13.2,     92.6,     1006.1,     276.78,     253.4,     87.9,     -177.9
21,     20.09.2014 03:31:23,     -4.2,     0,     167,     0.3,     0.7,     1.2,     13.4,     92.6,     1006.1,     276.78,     253.5,     87.9,     -177.9
22,     20.09.2014 03:41:23,     -4.2,     -2.01,     165,     0.3,     0.8,     1.3,     13,     91.8,     1006.1,     276.78,     253.5,     88,     -178
23,     20.09.2014 03:51:23,     -4.2,     -2.01,     197,     0.1,     0.5,     0.8,     13.1,     92.3,     1006.1,     276.78,     253.5,     88,     -178
24,     20.09.2014 04:01:23,     -4.2,     -2.01,     186,     0.3,     0.8,     1.3,     12.9,     92,     1006.1,     276.78,     253.5,     88,     -178
25,     20.09.2014 04:11:16,     -3.15,     -4.02,     194,     0.1,     0.7,     1.1,     13.2,     92.5,     1006.1,     276.78,     253.4,     88,     -178,     12.435,     12.88,     72.6
26,     20.09.2014 04:21:16,     -4.2,     0,     277,     0,     0.3,     0.8,     13.3,     92.5,     1006,     276.78,     253.4,     87.9,     -178
27,     20.09.2014 04:31:16,     -3.15,     -2.01,     131,     0,     0.6,     1.1,     12.9,     91.7,     1006,     276.78,     253.5,     87.9,     -177.9
28,     20.09.2014 04:41:16,     -4.2,     -2.01,     140,     0.2,     0.7,     1.1,     12.7,     92.2,     1005.9,     276.78,     253.5,     88,     -178
29,     20.09.2014 04:51:16,     -4.2,     -2.01,     135,     0.2,     0.7,     1.1,     12.5,     92.2,     1005.9,     276.78,     253.5,     87.9,     -177.9
30,     20.09.2014 05:01:16,     -4.2,     -2.01,     128,     0.2,     0.6,     1.1,     12.6,     92.5,     1005.9,     276.78,     253.4,     87.9,     -177.9
31,     20.09.2014 05:11:21,     -4.2,     -2.01,     128,     0.2,     0.7,     1.3,     12.6,     92.6,     1005.9,     276.78,     253.4,     87.9,     -178,     12.429,     12.49,     72.6
32,     20.09.2014 05:21:21,     -5.25,     -2.01,     168,     0.1,     0.6,     1,     12.5,     92.5,     1006,     276.78,     253.5,     87.9,     -177.9
33,     20.09.2014 05:31:21,     -3.15,     -2.01,     181,     0.1,     0.6,     1.6,     12.7,     92.7,     1006,     276.78,     253.4,     88,     -178
34,     20.09.2014 05:41:21,     -1.05,     2.01,     137,     0,     0.5,     1.6,     12.9,     92.9,     1006,     276.78,     253.3,     88,     -178.1
35,     20.09.2014 05:51:21,     -1.05,     6.03,     164,     0.2,     0.8,     1.4,     12.9,     92.8,     1006.1,     276.78,     253.5,     88,     -178
36,     20.09.2014 06:01:21,     3.15,     16.08,     181,     0.5,     1,     1.4,     12.2,     92,     1006.1,     276.78,     253.4,     88,     -178
37,     20.09.2014 06:11:16,     8.4,     28.14,     181,     0.4,     0.9,     1.3,     12.3,     92.7,     1006.2,     276.78,     253.5,     88,     -178,     12.446,     12.31,     72.7
38,     20.09.2014 06:21:16,     17.85,     46.23,     179,     0.4,     0.9,     1.4,     12.5,     92.7,     1006.3,     276.78,     253.5,     88,     -178
39,     20.09.2014 06:31:16,     30.45,     66.33,     152,     0.6,     1,     1.9,     12.2,     92.5,     1006.3,     276.78,     253.4,     88,     -178
40,     20.09.2014 06:41:16,     43.05,     92.46,     104,     0.2,     0.8,     1.7,     12,     92.3,     1006.3,     276.78,     253.5,     88,     -178
41,     20.09.2014 06:51:16,     48.3,     116.58,     100,     0.3,     0.8,     1.6,     12.1,     92.6,     1006.2,     276.78,     253.5,     88,     -178
42,     20.09.2014 07:01:16,     68.25,     148.74,     95,     0.2,     0.8,     1.3,     12.2,     92.6,     1006.1,     276.78,     253.5,     88,     -178
43,     20.09.2014 07:11:22,     121.8,     221.1,     77,     0,     0.6,     1.2,     12.6,     93,     1006,     276.78,     253.6,     87.8,     -177.9,     13.313,     13.04,     72.7
44,     20.09.2014 07:21:22,     129.15,     253.26,     25,     0,     0.6,     1,     13.1,     93,     1006.1,     276.78,     253.7,     88,     -178
45,     20.09.2014 07:31:22,     130.2,     273.36,     357,     0.1,     0.6,     1.2,     13.3,     92.9,     1006.1,     276.78,     253.7,     87.9,     -177.9
46,     20.09.2014 07:41:22,     200.55,     365.82,     86,     0.1,     0.8,     1.4,     13.9,     93,     1006,     276.78,     253.8,     87.9,     -177.9
47,     20.09.2014 07:51:22,     223.65,     420.09,     72,     0,     0.6,     1.2,     14.1,     92.4,     1006,     276.78,     253.7,     87.9,     -178
48,     20.09.2014 08:01:22,     239.4,     466.32,     48,     0.1,     0.6,     1.4,     14.5,     91.9,     1006.1,     276.78,     253.8,     87.9,     -177.9
49,     20.09.2014 08:11:30,     256.2,     518.58,     160,     0,     0.4,     1.1,     15.5,     91,     1006.3,     276.78,     (NO REPLY),     (NO REPLY),     (NO REPLY),     13.375,     17.33,     72.1
50,     20.09.2014 08:21:30,     271.95,     562.8,     258,     0,     0.5,     1.2,     15.6,     89.7,     1006.3,     276.78,     253.9,     87.9,     -178
51,     20.09.2014 08:31:30,     304.5,     639.18,     268,     0,     0.3,     1.1,     16.4,     86.8,     1006.4,     276.78,     253.9,     88,     -178.1
52,     20.09.2014 08:41:30,     198.45,     470.34,     317,     0,     0.4,     1.1,     16.2,     86.1,     1006.4,     276.78,     253.8,     87.9,     -177.9
53,     20.09.2014 08:51:30,     355.95,     743.7,     337,     0,     0.4,     0.8,     16.4,     84.1,     1006.4,     276.78,     254,     88,     -178
54,     20.09.2014 09:01:30,     375.9,     765.81,     329,     0,     0.4,     0.8,     17,     82.7,     1006.4,     276.78,     253.8,     88,     -178
55,     20.09.2014 09:11:21,     399,     801.99,     329,     0,     0.4,     0.9,     17.6,     79.5,     1006.4,     276.78,     253.9,     87.9,     -178,     13.023,     23.67,     70.2
56,     20.09.2014 09:21:21,     399,     791.94,     47,     0,     0.7,     1.7,     17.7,     74.4,     1006.3,     276.78,     253.7,     88,     -178
57,     20.09.2014 09:31:21,     429.45,     836.16,     131,     0,     1.2,     2.5,     18.6,     71.9,     1006.2,     276.78,     253.8,     87.9,     -177.9
58,     20.09.2014 09:41:21,     439.95,     856.26,     69,     0.1,     1.2,     2.4,     18.3,     75.5,     1006.1,     276.78,     253.8,     87.9,     -178
59,     20.09.2014 09:51:21,     465.15,     902.49,     49,     0.2,     1.6,     2.9,     18.1,     76.5,     1006.2,     276.78,     253.5,     87.9,     -177.9
60,     20.09.2014 10:01:21,     476.7,     934.65,     24,     1,     1.7,     2.5,     18.1,     79.4,     1006.2,     276.78,     254,     87.9,     -177.9
61,     20.09.2014 10:11:16,     481.95,     942.69,     30,     1.4,     2.1,     2.8,     18.2,     77.5,     1006.1,     276.78,     253.7,     88,     -178,     13.273,     25.32,     68.8
62,     20.09.2014 10:21:16,     510.3,     994.95,     19,     1,     1.9,     2.7,     18.5,     76.9,     1006.1,     276.78,     253.8,     87.9,     -177.9
63,     20.09.2014 10:31:16,     531.3,     1041.18,     24,     0.4,     1.3,     2,     18.7,     76.4,     1006.1,     276.78,     253.8,     87.9,     -177.9
64,     20.09.2014 10:41:16,     548.1,     1057.26,     41,     0.1,     1.1,     2.5,     19,     70.8,     1006.1,     276.78,     253.9,     87.9,     -177.9
65,     20.09.2014 10:51:16,     557.55,     1093.44,     341,     0,     0.9,     2.9,     19.8,     62.1,     1006.2,     276.78,     253.8,     87.9,     -177.9
66,     20.09.2014 11:01:16,     546,     1073.34,     209,     0,     1.5,     3.5,     20.2,     62,     1006.1,     276.78,     254,     87.9,     -177.9
67,     20.09.2014 11:11:16,     562.8,     1107.51,     245,     0.1,     1.1,     2.3,     20.4,     59.5,     1006.1,     276.78,     74.3,     87.8,     -2.1,     13.319,     26.20,     68.4
68,     20.09.2014 11:21:16,     538.65,     1085.4,     205,     0.1,     1,     2.4,     20.5,     58.5,     1006,     276.78,     74.2,     87.9,     -2
69,     20.09.2014 11:31:16,     686.7,     1330.62,     190,     0,     0.4,     1.6,     21.2,     55,     1006,     276.78,     74.1,     87.9,     -2
70,     20.09.2014 11:41:16,     646.8,     1270.32,     59,     0.1,     0.7,     2,     20.7,     56.6,     1005.8,     276.78,     74.1,     88,     -1.9
71,     20.09.2014 11:51:16,     639.45,     1250.22,     71,     0.2,     1.7,     3.3,     20.5,     59.6,     1005.8,     276.78,     73.8,     87.8,     -2.1
72,     20.09.2014 12:01:16,     381.15,     787.92,     28,     0.5,     1.8,     3.3,     20.4,     59,     1005.8,     276.78,     74,     87.8,     -2.1
73,     20.09.2014 12:11:16,     320.25,     615.06,     18,     1,     1.9,     2.9,     20.6,     59,     1005.8,     276.78,     74.1,     87.9,     -2,     12.927,     28.29,     67.7
74,     20.09.2014 12:21:16,     527.1,     1051.23,     25,     1,     2,     3.9,     20.7,     58.6,     1005.8,     276.78,     73.6,     87.9,     -2.1
75,     20.09.2014 12:31:16,     550.2,     1073.34,     50,     0.2,     1.3,     3,     20.9,     58.5,     1005.8,     276.78,     74.1,     87.8,     -2.1
76,     20.09.2014 12:41:16,     528.15,     1017.06,     33,     0.3,     1.9,     3.7,     20.9,     59.6,     1005.8,     276.78,     73.6,     87.8,     -2.1
77,     20.09.2014 12:51:16,     390.6,     848.22,     29,     0,     1.9,     4,     20.9,     60.8,     1005.7,     276.78,     73.8,     87.8,     -2
78,     20.09.2014 13:01:16,     462,     938.67,     46,     0,     2.1,     4.4,     21,     56.8,     1005.6,     276.78,     74.1,     87.9,     -2
79,     20.09.2014 13:11:16,     177.45,     381.9,     33,     0.9,     1.9,     3.1,     21.1,     58.8,     1005.6,     276.78,     74.1,     87.9,     -2,     13.190,     27.38,     68.2
80,     20.09.2014 13:21:16,     451.5,     886.41,     33,     1.3,     1.9,     3,     21.1,     61.3,     1005.5,     276.78,     73.9,     87.8,     -2
81,     20.09.2014 13:31:16,     416.85,     842.19,     44,     0.5,     2.2,     3.9,     21,     61.9,     1005.4,     276.78,     73.9,     87.8,     -2.1
82,     20.09.2014 13:41:16,     554.4,     1095.45,     39,     1.5,     2.4,     3.5,     21.1,     60.3,     1005.4,     276.78,     74,     87.8,     -2.1
83,     20.09.2014 13:51:16,     580.65,     1131.63,     34,     1.3,     2.5,     3.9,     21,     59.5,     1005.3,     276.78,     73.8,     88,     -1.8
84,     20.09.2014 14:01:16,     418.95,     848.22,     25,     1.1,     2.5,     4.2,     21,     60.8,     1005.2,     276.78,     73.8,     87.9,     -2
85,     20.09.2014 14:11:16,     391.65,     761.79,     34,     0.9,     2.9,     4.4,     21.1,     62.2,     1005.2,     276.78,     73.6,     87.8,     -2,     13.099,     26.39,     68.7
86,     20.09.2014 14:21:16,     157.5,     367.83,     25,     1.3,     2.5,     4,     21.2,     58.3,     1005.2,     276.78,     74,     88,     -1.9
87,     20.09.2014 14:31:16,     479.85,     924.6,     17,     0.9,     1.8,     3.2,     21.3,     60.5,     1005.1,     276.78,     73.8,     87.9,     -2
88,     20.09.2014 14:41:16,     395.85,     763.8,     19,     1.2,     2.3,     3.1,     21.3,     57.6,     1005.1,     276.78,     74,     87.9,     -2
89,     20.09.2014 14:51:16,     317.1,     615.06,     8,     0.6,     1.4,     2.6,     21.5,     57.2,     1005,     276.78,     74,     87.9,     -2
90,     20.09.2014 15:01:16,     185.85,     377.88,     28,     1.3,     2.2,     3.1,     21.5,     56.7,     1004.9,     276.78,     73.9,     87.8,     -2
91,     20.09.2014 15:11:16,     164.85,     353.76,     71,     0.3,     1.2,     3.4,     21.6,     58.1,     1004.9,     276.78,     74,     87.9,     -2,     13.328,     26.53,     68.7
92,     20.09.2014 15:21:16,     410.55,     757.77,     86,     0,     0.8,     1.7,     21.7,     56.5,     1004.9,     276.78,     73.9,     87.9,     -2
93,     20.09.2014 15:31:16,     313.95,     598.98,     58,     0.1,     1,     2.3,     21.8,     55.5,     1004.8,     276.78,     73.7,     88,     -1.9
94,     20.09.2014 15:41:16,     311.85,     560.79,     55,     0,     0.9,     2.1,     21.9,     56.9,     1004.7,     276.78,     73.9,     88,     -1.9
95,     20.09.2014 15:51:16,     144.9,     323.61,     62,     0.4,     1.5,     2.8,     21.7,     56.4,     1004.8,     276.78,     74,     87.9,     -1.9
96,     20.09.2014 16:01:16,     106.05,     229.14,     55,     0.2,     1.3,     2.5,     21.6,     56.9,     1004.8,     276.78,     73.9,     87.9,     -2
97,     20.09.2014 16:11:16,     172.2,     357.78,     55,     0.5,     1.1,     2.1,     21.5,     57,     1004.8,     276.78,     73.9,     88,     -1.9,     13.343,     26.05,     68.9
98,     20.09.2014 16:21:16,     153.3,     323.61,     39,     0.7,     1.3,     2.3,     21.4,     56.2,     1004.8,     276.78,     73.8,     88,     -1.9
99,     20.09.2014 16:31:16,     119.7,     249.24,     43,     0.9,     1.5,     2.3,     21.2,     61.5,     1004.7,     276.78,     73.9,     88,     -1.9
100,     20.09.2014 16:41:16,     93.45,     198.99,     51,     0.6,     1.1,     1.8,     21.3,     59.8,     1004.7,     276.78,     73.9,     88,     -1.9
101,     20.09.2014 16:51:16,     75.6,     158.79,     64,     0.2,     0.9,     1.7,     21.2,     61.3,     1004.7,     276.78,     74,     88.1,     -1.8
102,     20.09.2014 17:01:16,     57.75,     120.6,     49,     0.2,     0.9,     1.4,     21.1,     62.4,     1004.7,     276.78,     73.9,     87.9,     -2
103,     20.09.2014 17:11:16,     39.9,     86.43,     48,     0.6,     1.1,     1.6,     20.9,     64,     1004.6,     276.78,     74,     88,     -1.9,     13.445,     24.08,     69.8
104,     20.09.2014 17:21:16,     23.1,     52.26,     62,     0.4,     0.9,     1.3,     20.7,     64.7,     1004.7,     276.78,     74,     88,     -1.9
105,     20.09.2014 17:31:16,     10.5,     26.13,     55,     0.3,     0.8,     1.5,     20.5,     65.7,     1004.7,     276.78,     73.9,     88,     -2
106,     20.09.2014 17:41:16,     10.5,     20.1,     57,     0.4,     1.1,     1.7,     20.4,     67.3,     1004.6,     276.78,     73.9,     88,     -1.9
107,     20.09.2014 17:51:16,     5.25,     16.08,     54,     0.3,     1,     1.6,     20.2,     67.6,     1004.6,     276.78,     73.9,     87.9,     -2
108,     20.09.2014 18:01:16,     2.1,     12.06,     82,     0.1,     0.7,     1.6,     20,     66.3,     1004.5,     276.78,     73.9,     88,     -1.9
109,     20.09.2014 18:11:16,     -1.05,     6.03,     100,     0.2,     0.6,     1.2,     19.7,     70.3,     1004.6,     276.78,     253.6,     87.9,     -177.9,     12.715,     21.59,     70.8
110,     20.09.2014 18:21:16,     -2.1,     2.01,     111,     0.1,     0.4,     0.9,     19.5,     69.2,     1004.6,     276.78,     253.7,     87.9,     -178
111,     20.09.2014 18:31:16,     -2.1,     0,     106,     0.1,     0.4,     0.7,     19.2,     73.4,     1004.7,     276.78,     253.6,     88,     -177.9
112,     20.09.2014 18:41:16,     -3.15,     -2.01,     44,     0.2,     1,     2.3,     18.9,     77.4,     1004.7,     276.78,     253.6,     87.9,     -178
113,     20.09.2014 18:51:16,     -2.1,     2.01,     49,     0.6,     1.1,     1.7,     18.9,     72.6,     1004.7,     276.78,     253.5,     88,     -178
114,     20.09.2014 19:01:16,     -3.15,     0,     84,     0.2,     0.8,     1.3,     18.9,     73,     1004.7,     276.78,     253.6,     88.1,     -178.1
115,     20.09.2014 19:11:16,     -4.2,     -2.01,     126,     0.2,     0.5,     0.9,     18.6,     77.6,     1004.8,     276.78,     253.6,     87.9,     -177.9,     12.664,     19.47,     71.4
116,     20.09.2014 19:21:16,     -4.2,     -2.01,     46,     0.4,     0.9,     1.3,     18.6,     80.3,     1004.9,     276.78,     73.8,     87.9,     -2
117,     20.09.2014 19:31:16,     -4.2,     -2.01,     72,     0.2,     0.6,     1.1,     18.3,     80.1,     1005,     276.78,     253.6,     88,     -177.9
118,     20.09.2014 19:41:16,     -4.2,     -2.01,     43,     0.4,     1.4,     2.4,     18.2,     80.9,     1004.9,     276.78,     253.4,     88,     -178
119,     20.09.2014 19:51:16,     -4.2,     0,     55,     0.7,     1.4,     2.4,     18.2,     75.6,     1005,     276.78,     253.5,     88,     -178
120,     20.09.2014 20:01:16,     -6.3,     -2.01,     77,     0.2,     1,     2.1,     17.8,     77,     1004.9,     276.78,     253.5,     87.9,     -177.9
121,     20.09.2014 20:11:16,     -4.2,     -2.01,     59,     0.1,     0.8,     1.9,     17.6,     80,     1004.8,     276.78,     253.5,     87.9,     -177.9,     12.645,     17.91,     71.9
122,     20.09.2014 20:21:16,     -4.2,     -4.02,     53,     0.3,     1.4,     2.5,     17.6,     82.6,     1004.8,     276.78,     253.4,     88,     -178
123,     20.09.2014 20:31:16,     -4.2,     -2.01,     62,     0.3,     1.3,     2.2,     17.4,     82.5,     1004.7,     276.78,     253.4,     88,     -178
124,     20.09.2014 20:41:16,     -5.25,     -2.01,     56,     0.5,     1.5,     2.2,     17.2,     83,     1004.6,     276.78,     253.5,     87.9,     -177.9
125,     20.09.2014 20:51:16,     -4.2,     0,     54,     0.5,     1.4,     2,     17,     84.1,     1004.6,     276.78,     253.5,     87.8,     -177.9
126,     20.09.2014 21:01:16,     -4.2,     -2.01,     50,     0.5,     1.5,     2.8,     16.9,     85.1,     1004.6,     276.78,     253.5,     88,     -178
127,     20.09.2014 21:11:17,     -5.25,     -2.01,     68,     0.2,     1.3,     2.6,     16.7,     85.6,     1004.5,     276.78,     253.5,     88,     -178,     12.611,     16.74,     72.1
128,     20.09.2014 21:21:17,     -6.3,     -2.01,     139,     0,     0.5,     1.3,     16.3,     86.8,     1004.6,     276.78,     253.6,     87.9,     -177.9
129,     20.09.2014 21:31:17,     -4.2,     -4.02,     58,     0.2,     1,     2.2,     16.5,     88.7,     1004.6,     276.78,     253.4,     88,     -178
130,     20.09.2014 21:41:17,     -5.25,     -2.01,     65,     0.3,     1.1,     2.2,     16.4,     87.9,     1004.5,     276.78,     253.5,     88,     -177.9
131,     20.09.2014 21:51:17,     -5.25,     -4.02,     134,     0.1,     0.6,     1.4,     16.2,     88.8,     1004.6,     276.78,     253.6,     88,     -178
132,     20.09.2014 22:01:17,     -3.15,     0,     92,     0.1,     0.6,     1.8,     16.2,     89.1,     1004.6,     276.78,     253.5,     87.9,     -177.9
133,     20.09.2014 22:11:22,     -5.25,     -4.02,     57,     0.6,     1.3,     2.3,     16.1,     88.8,     1004.5,     276.78,     253.4,     88,     -178,     12.575,     15.81,     72.2
134,     20.09.2014 22:21:22,     -5.25,     -2.01,     73,     0.2,     1,     1.7,     16,     89.3,     1004.6,     276.78,     253.5,     88,     -178
135,     20.09.2014 22:31:22,     -4.2,     0,     89,     0.2,     0.6,     1.1,     15.8,     89.8,     1004.7,     276.78,     253.5,     87.9,     -177.9
136,     20.09.2014 22:41:22,     -4.2,     0,     103,     0,     0.4,     0.8,     15.8,     90.3,     1004.7,     276.78,     253.5,     88,     -178
137,     20.09.2014 22:51:22,     -3.15,     -2.01,     51,     0,     0.4,     1.2,     15.8,     90.7,     1004.6,     276.78,     253.4,     88,     -178
138,     20.09.2014 23:01:22,     -4.2,     -2.01,     38,     0.4,     1.1,     1.9,     15.8,     90.5,     1004.5,     276.78,     253.5,     88,     -178
139,     20.09.2014 23:11:16,     -4.2,     -2.01,     119,     0.1,     0.9,     1.7,     15.6,     89.9,     1004.4,     276.78,     253.6,     88,     -178,     12.556,     15.25,     72.3
140,     20.09.2014 23:21:16,     -4.2,     -2.01,     143,     0.2,     0.8,     1.4,     15.3,     90.6,     1004.2,     276.78,     253.6,     88,     -178
141,     20.09.2014 23:31:16,     -4.2,     -2.01,     96,     0.1,     0.6,     1.3,     15.3,     91.6,     1004.2,     276.78,     253.4,     88,     -178
142,     20.09.2014 23:41:16,     -5.25,     0,     121,     0.3,     0.8,     1.2,     15.3,     91.5,     1004.1,     276.78,     253.5,     87.9,     -178
143,     20.09.2014 23:51:16,     -5.25,     -2.01,     178,     0.1,     0.6,     1.1,     15.2,     91.6,     1004.1,     276.78,     253.6,     88,     -178
144,     21.09.2014 00:01:16,     -4.2,     -4.02,     224,     0,     0.3,     0.9,     15.3,     92.2,     1004.1,     276.78,     253.4,     88,     -178,     12.393,     14.83,     72.4