Logger: #D10248 'TSK_Meteo' - USP_EXP2 (V2.10, Jan 24 2012)
No,     Time,     #1:W/m²:0,     #2:ÂµMol:(do.),     #5:deg:2,     #6:m/sMIN:(do.),     #7:m/sMIT:(do.),     #8:m/sMAX:(do.),     #9:Â°C:(do.),     #10:%:(do.),     #11:hPa:(do.),     #12:mm:(do.),     #14:AZ:3,     #15:EL:(do.),     #16:Roll:(do.),     #HK-Bat:V,     #HK-Temp:oC,     #HK-rH:%
(GSM Transfer OK / Signal:16)
1,     29.10.2014 00:11:16,     -6.3,     -2.01,     214,     1.8,     3.6,     6,     6.3,     76.9,     1007.6,     320.79,     253.9,     88,     -178,     12.438,     6.60,     79.8
2,     29.10.2014 00:21:16,     -6.3,     -2.01,     218,     2.1,     3.6,     5.5,     6.2,     77.7,     1007.6,     320.79,     253.5,     88,     -178
3,     29.10.2014 00:31:16,     -5.25,     -2.01,     224,     1.4,     3,     5.1,     6,     77.8,     1007.6,     320.79,     253.3,     87.9,     -177.9
4,     29.10.2014 00:41:16,     -5.25,     -2.01,     219,     1.4,     2.7,     4.8,     6,     78.9,     1007.5,     320.79,     253.7,     88,     -178
5,     29.10.2014 00:51:16,     -5.25,     0,     216,     1.6,     2.7,     4.2,     5.9,     80.3,     1007.5,     320.79,     253.7,     88,     -178
6,     29.10.2014 01:01:16,     -5.25,     0,     223,     1.2,     2.6,     4.6,     5.9,     79.7,     1007.3,     320.79,     253.3,     87.9,     -177.9
7,     29.10.2014 01:11:17,     -4.2,     -2.01,     208,     1.8,     2.9,     4.4,     5.7,     80.4,     1007.3,     320.79,     253.4,     88,     -178,     12.474,     5.45,     81.6
8,     29.10.2014 01:21:17,     -4.2,     -2.01,     207,     0.9,     3.2,     4.9,     5.5,     80.4,     1007.2,     320.79,     253.7,     87.9,     -177.9
9,     29.10.2014 01:31:17,     -6.3,     -2.01,     215,     1.3,     3.1,     4.5,     5.4,     82.3,     1007.1,     320.79,     253.7,     88,     -178
10,     29.10.2014 01:41:17,     -5.25,     0,     220,     1.5,     2.8,     4.5,     5.2,     81.8,     1007.2,     320.79,     253.4,     88,     -178
11,     29.10.2014 01:51:17,     -5.25,     -2.01,     216,     2.1,     3.1,     4.7,     5.1,     82.6,     1007.1,     320.79,     253.2,     88,     -178
12,     29.10.2014 02:01:17,     -5.25,     -2.01,     224,     1.5,     2.9,     4.3,     5.2,     83.5,     1007.1,     320.79,     253.4,     87.9,     -177.9
13,     29.10.2014 02:11:16,     -4.2,     0,     234,     1.5,     3.1,     4.9,     5.3,     82.9,     1007.1,     320.79,     254,     88,     -178,     12.425,     4.83,     81.9
14,     29.10.2014 02:21:16,     -6.3,     -4.02,     231,     1.5,     3.2,     4.5,     5.3,     84,     1007,     320.79,     253.5,     88,     -178
15,     29.10.2014 02:31:16,     -5.25,     -2.01,     228,     1.8,     2.9,     4.1,     5.3,     84.4,     1007,     320.79,     253.9,     88,     -178
16,     29.10.2014 02:41:16,     -5.25,     -4.02,     220,     1.8,     2.7,     3.9,     5.2,     84.2,     1006.9,     320.79,     253.5,     87.9,     -178
17,     29.10.2014 02:51:16,     -6.3,     -4.02,     219,     1.5,     2.6,     4.2,     5.1,     85.1,     1006.9,     320.79,     253.3,     88,     -178
18,     29.10.2014 03:01:16,     -5.25,     -2.01,     225,     1.7,     2.9,     4.3,     5,     85.2,     1006.9,     320.79,     253.4,     87.9,     -177.9
19,     29.10.2014 03:11:16,     -5.25,     -2.01,     234,     1.5,     2.4,     3.8,     5,     85.9,     1007,     320.79,     253.1,     87.9,     -177.9,     12.421,     4.57,     82.0
20,     29.10.2014 03:21:16,     -4.2,     -2.01,     236,     0.7,     2.7,     4.2,     4.9,     86.1,     1007,     320.79,     253.6,     87.9,     -177.9
21,     29.10.2014 03:31:16,     -1.05,     -2.01,     244,     1.7,     3.1,     5,     5.1,     87.1,     1007.1,     320.79,     253.6,     88,     -178
22,     29.10.2014 03:41:16,     -1.05,     -2.01,     238,     1.2,     3.2,     5.1,     5.3,     87.5,     1007.2,     320.79,     253.4,     87.9,     -177.9
23,     29.10.2014 03:51:16,     -1.05,     0,     253,     1.3,     3.2,     4.7,     5.2,     87.2,     1007.2,     320.79,     253.8,     87.9,     -177.9
24,     29.10.2014 04:01:16,     -1.05,     -2.01,     257,     1.5,     3.4,     5.1,     5.3,     87.4,     1007.2,     320.79,     253.7,     87.9,     -178
25,     29.10.2014 04:11:16,     -1.05,     -2.01,     255,     1.4,     3.6,     6.3,     5.5,     88.1,     1007.2,     320.79,     254,     87.9,     -177.9,     12.385,     5.26,     81.9
26,     29.10.2014 04:21:16,     -1.05,     -4.02,     262,     1.4,     3.6,     6.6,     5.3,     88.2,     1007.3,     320.79,     253.5,     88.1,     -178
27,     29.10.2014 04:31:16,     -1.05,     -2.01,     254,     1.5,     3.1,     5.4,     5.5,     88.4,     1007.2,     320.79,     253.6,     88,     -178
28,     29.10.2014 04:41:16,     -1.05,     0,     256,     0.9,     3,     6.2,     5.5,     88.8,     1007.2,     320.79,     253.6,     87.9,     -178
29,     29.10.2014 04:51:16,     -1.05,     -2.01,     246,     1.4,     3.1,     5.7,     5.6,     89.1,     1007.1,     320.79,     253.6,     87.8,     -177.8
30,     29.10.2014 05:01:16,     -1.05,     -2.01,     242,     2.2,     3.7,     6.1,     5.4,     88.9,     1007,     320.79,     253.7,     88.2,     -178.1
31,     29.10.2014 05:11:16,     -1.05,     -2.01,     243,     2,     3.7,     6.2,     5.4,     88.5,     1006.9,     320.79,     254.4,     87.7,     -177.7,     12.359,     6.03,     81.6
32,     29.10.2014 05:21:16,     -2.1,     -2.01,     249,     2.1,     3.6,     6.3,     5.5,     88.7,     1006.9,     320.79,     254.2,     88,     -178
33,     29.10.2014 05:31:16,     -1.05,     -2.01,     248,     1.9,     3.5,     5.6,     5.5,     88.6,     1006.8,     320.79,     253.5,     88,     -178
34,     29.10.2014 05:41:16,     -1.05,     -4.02,     249,     1.3,     3.5,     5.9,     5.6,     88.6,     1006.9,     320.79,     255,     87.9,     -177.9
35,     29.10.2014 05:51:16,     -2.1,     -2.01,     245,     2,     4,     6.3,     5.5,     88.3,     1006.8,     320.79,     254.1,     87.9,     -177.9
36,     29.10.2014 06:01:16,     -2.1,     -2.01,     240,     1.7,     3.4,     5.2,     5.4,     87.9,     1006.9,     320.79,     253.7,     88,     -178
37,     29.10.2014 06:11:17,     -1.05,     -2.01,     238,     2.2,     3.4,     4.9,     5.4,     88,     1007,     320.79,     254.3,     88.1,     -178,     12.348,     6.22,     81.6
38,     29.10.2014 06:21:17,     -2.1,     -2.01,     243,     2,     3.3,     4.6,     5.3,     88.8,     1007.2,     320.79,     254.1,     88.1,     -178.1
39,     29.10.2014 06:31:17,     -3.15,     -4.02,     243,     1.9,     3.6,     5.2,     5.2,     88.3,     1007.2,     320.79,     253.7,     88,     -177.9
40,     29.10.2014 06:41:17,     -2.1,     0,     239,     1.6,     3,     4.7,     5.1,     88.7,     1007.2,     320.79,     253.6,     88,     -178
41,     29.10.2014 06:51:17,     -2.1,     2.01,     234,     1.9,     3.3,     5.3,     5,     88.4,     1007.3,     320.79,     253.8,     88,     -178
42,     29.10.2014 07:01:17,     -1.05,     6.03,     236,     2.1,     3.4,     5.4,     5,     88.5,     1007.4,     320.79,     253.7,     88,     -178
43,     29.10.2014 07:11:16,     2.1,     10.05,     237,     1.7,     3.5,     5.8,     4.9,     88.9,     1007.5,     320.79,     253.6,     87.9,     -177.9,     12.336,     5.70,     81.7
44,     29.10.2014 07:21:16,     5.25,     16.08,     240,     2.2,     3.4,     5.8,     4.8,     88.6,     1007.6,     320.79,     253.5,     87.9,     -177.9
45,     29.10.2014 07:31:16,     10.5,     28.14,     243,     1.5,     3.2,     5.4,     4.8,     89.3,     1007.7,     320.79,     254,     87.9,     -177.9
46,     29.10.2014 07:41:16,     19.95,     42.21,     247,     2,     3.3,     4.9,     4.8,     89.3,     1007.7,     320.79,     253.8,     88,     -178
47,     29.10.2014 07:51:16,     23.1,     52.26,     241,     2.1,     3.3,     5.3,     4.9,     89,     1007.7,     320.79,     254.3,     88,     -178
48,     29.10.2014 08:01:16,     43.05,     90.45,     238,     2.3,     3.6,     5.3,     4.8,     88.3,     1007.6,     320.79,     254.3,     88,     -178.1
49,     29.10.2014 08:11:16,     47.25,     96.48,     250,     1.1,     3.4,     5.6,     4.9,     87.9,     1007.8,     320.79,     254.3,     87.9,     -177.9,     12.630,     5.51,     81.9
50,     29.10.2014 08:21:16,     32.55,     68.34,     256,     1.9,     3.9,     8.7,     5,     87.5,     1007.8,     320.79,     254.5,     88,     -178
51,     29.10.2014 08:31:16,     30.45,     62.31,     270,     1.6,     4.6,     8.8,     5.1,     86.6,     1007.9,     320.79,     256.4,     88.3,     -178.3
52,     29.10.2014 08:41:16,     35.7,     74.37,     258,     2.8,     5.9,     9.8,     4.9,     86.7,     1007.9,     320.79,     255.2,     87.8,     -178
53,     29.10.2014 08:51:16,     43.05,     88.44,     257,     3.7,     6.3,     9.1,     4.7,     87,     1007.9,     320.79,     256,     88.4,     -178.4
54,     29.10.2014 09:01:16,     52.5,     104.52,     268,     2.3,     6.3,     9.4,     4.8,     88,     1008.1,     320.79,     254.1,     87.8,     -178
55,     29.10.2014 09:11:16,     42,     88.44,     273,     2,     5.1,     8.3,     4.7,     87.9,     1008.2,     320.79,     254.3,     87.9,     -177.9,     12.768,     6.07,     81.6
56,     29.10.2014 09:21:16,     45.15,     96.48,     279,     0.1,     4.4,     8,     4.7,     87.4,     1008.2,     320.79,     253.8,     87.7,     -177.9
57,     29.10.2014 09:31:16,     45.15,     96.48,     285,     1.3,     4.1,     7.4,     4.7,     87.8,     1008.4,     320.79,     253.3,     88.1,     -178
58,     29.10.2014 09:41:16,     47.25,     102.51,     298,     2.1,     4.5,     7.3,     4.7,     87,     1008.4,     320.79,     254.3,     88.1,     -178.1
59,     29.10.2014 09:51:16,     54.6,     116.58,     283,     2.9,     5.6,     7.8,     4.7,     87,     1008.5,     320.79,     255.5,     88.2,     -178.1
60,     29.10.2014 10:01:16,     55.65,     118.59,     273,     2.1,     5.6,     8.8,     4.6,     86.9,     1008.6,     320.79,     253.8,     88.1,     -178.2
61,     29.10.2014 10:11:16,     60.9,     126.63,     283,     1.6,     5.5,     8.3,     4.6,     87,     1008.5,     320.79,     75.2,     88.1,     -1.9,     12.972,     6.26,     81.5
62,     29.10.2014 10:21:16,     72.45,     152.76,     272,     2.1,     4.3,     6.4,     4.7,     86.6,     1008.5,     320.79,     253.9,     88.1,     -178.1
63,     29.10.2014 10:31:16,     100.8,     211.05,     254,     1.1,     3.9,     6.9,     4.8,     86.8,     1008.4,     320.79,     254.2,     87.8,     -177.9
64,     29.10.2014 10:41:16,     137.55,     277.38,     262,     2.7,     4.7,     8,     4.8,     87,     1008.4,     320.79,     254.4,     87.8,     -177.9
65,     29.10.2014 10:51:16,     160.65,     323.61,     242,     2,     3.4,     5.9,     5,     86.5,     1008.4,     320.79,     254,     87.8,     -177.8
66,     29.10.2014 11:01:16,     161.7,     321.6,     241,     2.1,     4,     6.3,     5.2,     85.9,     1008.4,     320.79,     254,     87.9,     -177.9
67,     29.10.2014 11:11:17,     179.55,     357.78,     241,     1.7,     3.7,     5.8,     5.4,     85.3,     1008.4,     320.79,     254.1,     88,     -178,     14.460,     7.10,     81.5
68,     29.10.2014 11:21:17,     158.55,     319.59,     246,     1.3,     3.1,     4.9,     5.6,     85,     1008.6,     320.79,     253.9,     87.9,     -177.9
69,     29.10.2014 11:31:17,     92.4,     196.98,     260,     1.3,     2.7,     4.3,     5.5,     84.5,     1008.9,     320.79,     253.5,     87.9,     -178
70,     29.10.2014 11:41:17,     73.5,     158.79,     298,     0.7,     2.5,     4.2,     5.7,     85.2,     1009,     320.79,     253.9,     88,     -178
71,     29.10.2014 11:51:17,     72.45,     154.77,     279,     1.4,     3.1,     4.5,     5.9,     85.5,     1009.1,     320.79,     253.7,     88,     -178
72,     29.10.2014 12:01:17,     85.05,     182.91,     270,     1.2,     2.7,     4.2,     5.8,     85.8,     1009.1,     320.79,     253.7,     87.9,     -177.9
73,     29.10.2014 12:11:16,     102.9,     217.08,     260,     1,     2.7,     4.7,     6.1,     86,     1008.9,     320.79,     74.4,     87.9,     -2,     12.938,     7.99,     81.0
74,     29.10.2014 12:21:16,     115.5,     243.21,     268,     1.6,     3.5,     6.6,     6.2,     85.5,     1008.9,     320.79,     253.8,     88,     -178
75,     29.10.2014 12:31:16,     106.05,     221.1,     277,     1.6,     3.4,     5.4,     6.2,     85.2,     1008.9,     320.79,     254.1,     87.8,     -177.9
76,     29.10.2014 12:41:16,     126,     265.32,     254,     1.4,     3.2,     5.1,     6.2,     85.4,     1008.9,     320.79,     254.2,     87.9,     -177.9
77,     29.10.2014 12:51:16,     110.25,     231.15,     251,     1.7,     3.9,     5.7,     6.3,     85,     1008.8,     320.79,     254.4,     87.8,     -177.8
78,     29.10.2014 13:01:16,     138.6,     285.42,     248,     0.7,     3.1,     5.7,     6.4,     84.9,     1008.9,     320.79,     253.9,     88,     -178
79,     29.10.2014 13:11:16,     100.8,     211.05,     260,     1.4,     3.3,     4.8,     6.6,     84.4,     1008.9,     320.79,     253.7,     88.1,     -178.1,     13.682,     8.65,     80.9
80,     29.10.2014 13:21:16,     100.8,     211.05,     250,     1,     2.8,     4.1,     6.7,     84.6,     1008.8,     320.79,     254.3,     88.1,     -178.1
81,     29.10.2014 13:31:16,     56.7,     122.61,     271,     1.7,     3.3,     4.7,     6.8,     84.6,     1009.1,     320.79,     253.8,     88,     -178
82,     29.10.2014 13:41:16,     42,     94.47,     278,     0.8,     2.8,     4.8,     6.9,     84.3,     1009.2,     320.79,     253.7,     87.9,     -177.9
83,     29.10.2014 13:51:16,     42,     90.45,     279,     1.2,     2.9,     4.3,     6.9,     84.1,     1009.2,     320.79,     253.6,     87.9,     -177.9
84,     29.10.2014 14:01:16,     44.1,     100.5,     260,     0.3,     2.7,     4.2,     6.9,     84.3,     1009.3,     320.79,     253.8,     87.9,     -178
85,     29.10.2014 14:11:22,     39.9,     88.44,     258,     1.8,     3,     4.6,     7,     85.3,     1009.3,     320.79,     254,     87.9,     -177.9,     13.105,     8.75,     80.8
86,     29.10.2014 14:21:22,     40.95,     90.45,     242,     1.9,     3.2,     5.3,     7,     85.3,     1009.2,     320.79,     254.9,     87.8,     -177.8
87,     29.10.2014 14:31:22,     32.55,     72.36,     256,     1.3,     2.9,     4.7,     6.9,     85.4,     1009.2,     320.79,     253.7,     87.9,     -177.9
88,     29.10.2014 14:41:22,     23.1,     54.27,     250,     1.2,     2.8,     4.1,     6.9,     85.8,     1009.3,     320.79,     253.9,     88,     -178
89,     29.10.2014 14:51:22,     16.8,     40.2,     251,     1.4,     2.6,     4.3,     6.9,     86.3,     1009.4,     320.79,     254,     87.8,     -177.8
90,     29.10.2014 15:01:22,     17.85,     36.18,     249,     0.9,     2.4,     3.7,     6.9,     86.5,     1009.4,     320.79,     253.9,     88,     -178
91,     29.10.2014 15:11:16,     11.55,     28.14,     238,     1.6,     2.5,     4.2,     6.8,     86.8,     1009.4,     320.79,     253.9,     87.9,     -177.9,     12.842,     8.39,     81.0
92,     29.10.2014 15:21:16,     15.75,     38.19,     242,     1.4,     2.7,     4,     6.8,     87.3,     1009.5,     320.79,     253.9,     87.9,     -177.9
93,     29.10.2014 15:31:16,     9.45,     26.13,     245,     1.1,     2.7,     3.8,     6.7,     88.5,     1009.5,     320.79,     253.8,     88.1,     -178.1
94,     29.10.2014 15:41:16,     8.4,     24.12,     247,     0.8,     2.1,     3.4,     6.7,     88.7,     1009.7,     320.79,     253.5,     88,     -178
95,     29.10.2014 15:51:16,     9.45,     22.11,     251,     1,     2,     3.2,     6.9,     89.2,     1009.7,     320.79,     253.6,     87.9,     -177.9
96,     29.10.2014 16:01:16,     5.25,     12.06,     249,     1.3,     2.3,     3.3,     6.8,     89.1,     1009.8,     320.79,     253.3,     88,     -178
97,     29.10.2014 16:11:17,     1.05,     6.03,     239,     1.1,     2.2,     3.7,     6.8,     89,     1009.8,     320.79,     253.5,     88,     -178,     12.717,     7.97,     81.2
98,     29.10.2014 16:21:17,     0,     2.01,     239,     1.1,     2.1,     3.5,     6.8,     89.4,     1009.8,     320.79,     253.5,     87.9,     -177.9
99,     29.10.2014 16:31:17,     -1.05,     0,     228,     0.4,     1.9,     2.8,     6.8,     89.6,     1009.8,     320.79,     253.5,     88,     -178
100,     29.10.2014 16:41:17,     -1.05,     0,     235,     1,     1.9,     2.8,     6.9,     89.7,     1009.9,     320.79,     253.4,     88,     -178
101,     29.10.2014 16:51:17,     -1.05,     -2.01,     246,     0.9,     1.8,     2.6,     6.9,     89.9,     1010,     320.79,     253.5,     87.9,     -177.9
102,     29.10.2014 17:01:17,     -2.1,     -2.01,     259,     0,     1.4,     2.3,     7.1,     90.1,     1010,     320.79,     253.4,     88,     -178
103,     29.10.2014 17:11:16,     -1.05,     -2.01,     260,     0.1,     1.3,     2.4,     7.1,     90.4,     1010.1,     320.79,     253.3,     87.9,     -177.9,     12.641,     7.81,     81.3
104,     29.10.2014 17:21:16,     -1.05,     -2.01,     261,     0,     1.5,     2.9,     7.2,     90.3,     1010.2,     320.79,     253.4,     87.9,     -177.9
105,     29.10.2014 17:31:16,     -3.15,     0,     290,     0.2,     1.7,     2.6,     7.1,     90.3,     1010.3,     320.8,     253.3,     88.1,     -178.1
106,     29.10.2014 17:41:16,     -2.1,     -2.01,     292,     0.6,     1.7,     3.2,     7.1,     90.3,     1010.5,     320.84,     253.4,     88,     -178
107,     29.10.2014 17:51:16,     -1.05,     0,     294,     0.6,     1.7,     2.8,     7.1,     90.5,     1010.6,     320.89,     253.3,     88,     -178
108,     29.10.2014 18:01:16,     -2.1,     -2.01,     297,     0.9,     1.7,     2.9,     7.1,     90.3,     1010.7,     321.06,     253.4,     87.9,     -177.9
109,     29.10.2014 18:11:22,     -1.05,     -2.01,     278,     0.7,     1.9,     3.2,     7.2,     90.5,     1010.7,     321.44,     253.4,     88,     -178,     12.611,     7.90,     81.2
110,     29.10.2014 18:21:22,     -1.05,     -2.01,     280,     0.7,     1.9,     2.8,     7.2,     90.3,     1010.7,     321.96,     253.3,     87.9,     -177.9
111,     29.10.2014 18:31:22,     -1.05,     -2.01,     278,     0.9,     2.1,     3.2,     7.3,     90.6,     1010.7,     322.38,     253.2,     88.1,     -178.1
112,     29.10.2014 18:41:22,     -1.05,     -4.02,     233,     0.2,     1.7,     3.5,     7.5,     90.8,     1010.7,     322.52,     253.4,     88,     -178
113,     29.10.2014 18:51:22,     -2.1,     -2.01,     179,     0.6,     2.4,     3.2,     7.4,     90.3,     1010.8,     322.69,     253.4,     87.9,     -177.9
114,     29.10.2014 19:01:22,     -2.1,     -2.01,     222,     0.4,     1.8,     3.3,     7.5,     90.6,     1010.7,     322.84,     253.4,     88,     -178
115,     29.10.2014 19:11:22,     -2.1,     -2.01,     198,     1.2,     2.6,     4.2,     7.3,     90.4,     1010.7,     322.91,     253.3,     88,     -178,     12.588,     8.02,     81.2
116,     29.10.2014 19:21:22,     -1.05,     -2.01,     177,     2.1,     2.8,     4,     7.3,     90.8,     1010.9,     322.92,     253.3,     88,     -178
117,     29.10.2014 19:31:22,     -1.05,     0,     105,     0.8,     2.1,     3.3,     7.4,     90.9,     1011.1,     322.92,     253.3,     88,     -178
118,     29.10.2014 19:41:22,     -2.1,     -4.02,     72,     1.4,     2.1,     2.8,     7.4,     90.7,     1011.1,     322.92,     253.2,     88,     -178
119,     29.10.2014 19:51:22,     -2.1,     -2.01,     81,     1.1,     2.1,     2.9,     7.4,     90.7,     1011.2,     322.92,     253.2,     88,     -178
120,     29.10.2014 20:01:22,     -1.05,     -2.01,     79,     1.1,     1.9,     2.7,     7.4,     90.7,     1011.4,     322.92,     253.4,     87.9,     -177.9
121,     29.10.2014 20:11:21,     -1.05,     -2.01,     81,     0.8,     2.1,     3.1,     7.5,     90.8,     1011.5,     322.92,     253.4,     88,     -178,     12.554,     8.09,     81.1
122,     29.10.2014 20:21:21,     -3.15,     -2.01,     83,     0.6,     1.6,     3,     7.4,     90.6,     1011.5,     322.92,     253.3,     87.9,     -178
123,     29.10.2014 20:31:21,     -1.05,     -2.01,     82,     0.4,     1.8,     3,     7.6,     90.8,     1011.5,     322.92,     253.6,     88,     -178
124,     29.10.2014 20:41:21,     -2.1,     0,     80,     0.2,     1.5,     2.6,     7.7,     90.7,     1011.7,     322.92,     253.5,     88,     -178
125,     29.10.2014 20:51:21,     -1.05,     0,     73,     1.5,     2.2,     2.8,     7.6,     90.5,     1011.8,     322.92,     253.3,     87.9,     -178
126,     29.10.2014 21:01:21,     -1.05,     0,     79,     0.4,     1.7,     2.7,     7.6,     90.9,     1011.9,     322.92,     253.3,     88,     -178
127,     29.10.2014 21:11:16,     -1.05,     -2.01,     74,     0.9,     1.9,     3,     7.7,     90.9,     1011.8,     322.92,     253.1,     88,     -178,     12.546,     8.22,     81.2
128,     29.10.2014 21:21:16,     -2.1,     -2.01,     0,     0,     0,     0,     7.6,     90.8,     1011.6,     322.92,     253.4,     87.9,     -177.9
129,     29.10.2014 21:31:16,     -1.05,     0,     0,     0,     0,     0,     7.7,     90.9,     1011.6,     322.92,     253.5,     87.9,     -177.9
130,     29.10.2014 21:41:16,     -2.1,     -2.01,     83,     1.2,     2,     3,     7.8,     91.1,     1011.8,     322.92,     253.3,     87.9,     -177.9
131,     29.10.2014 21:51:16,     -2.1,     -2.01,     77,     1.4,     2.2,     2.8,     7.7,     91,     1011.9,     322.92,     253.3,     88,     -178
132,     29.10.2014 22:01:16,     -1.05,     0,     82,     0.6,     1.8,     3.1,     7.7,     91,     1011.9,     322.92,     253.3,     88,     -178
133,     29.10.2014 22:11:16,     -1.05,     0,     92,     0.6,     1.5,     2.7,     7.8,     91.1,     1011.8,     322.92,     253.5,     88,     -178,     12.544,     8.37,     81.1
134,     29.10.2014 22:21:16,     -2.1,     -4.02,     77,     0.8,     1.9,     2.7,     7.8,     91.2,     1011.9,     322.92,     253.4,     87.9,     -177.9
135,     29.10.2014 22:31:16,     -1.05,     0,     78,     1.5,     2.5,     3.5,     7.9,     91.4,     1012.1,     322.92,     253.3,     87.9,     -177.9
136,     29.10.2014 22:41:16,     -1.05,     0,     82,     2.2,     2.7,     3.5,     7.8,     91.1,     1012.2,     322.92,     253.2,     87.9,     -177.9
137,     29.10.2014 22:51:16,     -1.05,     0,     82,     2,     2.5,     3.1,     7.8,     91.3,     1012.2,     322.92,     253.3,     88,     -178
138,     29.10.2014 23:01:16,     -2.1,     -2.01,     83,     1.8,     2.5,     3.3,     7.8,     91.3,     1012.2,     322.92,     253.3,     88.1,     -178.1
139,     29.10.2014 23:11:21,     -1.05,     -2.01,     81,     1.7,     2.5,     3,     7.8,     91.3,     1012.2,     322.92,     253.3,     88,     -178,     12.505,     8.51,     81.1
140,     29.10.2014 23:21:21,     -2.1,     -2.01,     80,     1.8,     2.5,     3,     7.8,     91.3,     1012.3,     322.92,     253.4,     87.9,     -177.9
141,     29.10.2014 23:31:21,     -1.05,     0,     81,     1.9,     2.5,     3.3,     7.9,     91.4,     1012.3,     322.92,     253.2,     88,     -178
142,     29.10.2014 23:41:21,     -1.05,     -2.01,     78,     2.2,     2.7,     3.4,     7.9,     91.4,     1012.5,     322.92,     253.3,     88,     -178
143,     29.10.2014 23:51:21,     -2.1,     -2.01,     75,     2.2,     2.8,     4,     7.9,     91.5,     1012.5,     322.92,     253.1,     88.1,     -178.1
144,     30.10.2014 00:01:16,     -1.05,     -2.01,     78,     2.2,     2.8,     3.6,     8,     91.6,     1012.6,     322.92,     253.3,     88,     -178,     12.399,     8.61,     81.0