Logger: #D10248 'TSK_Meteo' - USP_EXP2 (V2.10, Jan 24 2012)
No,     Time,     #1:W/m²:0,     #2:ÂµMol:(do.),     #5:deg:2,     #6:m/sMIN:(do.),     #7:m/sMIT:(do.),     #8:m/sMAX:(do.),     #9:Â°C:(do.),     #10:%:(do.),     #11:hPa:(do.),     #12:mm:(do.),     #14:AZ:3,     #15:EL:(do.),     #16:Roll:(do.),     #HK-Bat:V,     #HK-Temp:oC,     #HK-rH:%
(GSM Transfer OK / Signal:16)
1,     28.10.2014 00:11:16,     -5.25,     -2.01,     209,     1,     2,     3,     9.8,     88.8,     1016,     320.79,     253.3,     88,     -178,     12.406,     10.06,     78.9
2,     28.10.2014 00:21:16,     -5.25,     -2.01,     203,     1.1,     2,     2.9,     9.6,     89,     1016.1,     320.79,     253.3,     88,     -178
3,     28.10.2014 00:31:16,     -4.2,     -2.01,     208,     1.4,     2.2,     3.6,     9.5,     89.2,     1016,     320.79,     253.2,     88,     -178
4,     28.10.2014 00:41:16,     -3.15,     0,     204,     1.3,     2.2,     3.3,     9.5,     89.2,     1015.9,     320.79,     253.2,     88,     -178
5,     28.10.2014 00:51:16,     -4.2,     0,     214,     1,     1.9,     3.7,     9.4,     89.4,     1015.8,     320.79,     253.8,     88,     -178
6,     28.10.2014 01:01:16,     -4.2,     -4.02,     214,     0.8,     1.9,     3,     9.4,     89.2,     1015.9,     320.79,     253.3,     88,     -178
7,     28.10.2014 01:11:23,     -4.2,     0,     219,     0.7,     1.8,     3.2,     9.4,     89.4,     1015.8,     320.79,     253.4,     87.9,     -177.9,     12.503,     9.11,     80.6
8,     28.10.2014 01:21:23,     -4.2,     -2.01,     215,     1.1,     2.7,     4.4,     9.3,     89.4,     1015.8,     320.79,     253.7,     87.8,     -177.8
9,     28.10.2014 01:31:23,     -5.25,     -4.02,     219,     1.6,     2.7,     4.4,     9.1,     88.9,     1015.7,     320.79,     253.5,     87.9,     -177.9
10,     28.10.2014 01:41:23,     -3.15,     -2.01,     220,     1.7,     2.8,     4.3,     9,     89.4,     1015.7,     320.79,     253.8,     88,     -178
11,     28.10.2014 01:51:23,     -5.25,     -2.01,     224,     1.4,     2.5,     3.6,     8.9,     89.6,     1015.7,     320.79,     253.9,     87.9,     -177.9
12,     28.10.2014 02:01:23,     -5.25,     -4.02,     219,     1.4,     2.6,     4.1,     8.8,     89.8,     1015.6,     320.79,     253.6,     87.9,     -177.9
13,     28.10.2014 02:11:21,     -5.25,     0,     219,     1.5,     2.7,     4.1,     8.8,     90.1,     1015.6,     320.79,     253.5,     87.9,     -177.9,     12.463,     8.67,     80.7
14,     28.10.2014 02:21:21,     -5.25,     -2.01,     218,     1.6,     3,     4.8,     8.7,     89.8,     1015.5,     320.79,     253.3,     87.9,     -177.9
15,     28.10.2014 02:31:21,     -5.25,     -2.01,     222,     1.8,     3.2,     5.6,     8.6,     89.7,     1015.4,     320.79,     254.1,     87.8,     -177.8
16,     28.10.2014 02:41:21,     -4.2,     -2.01,     219,     2,     3.2,     5.1,     8.3,     89.8,     1015.3,     320.79,     253.8,     87.9,     -177.8
17,     28.10.2014 02:51:21,     -5.25,     -4.02,     218,     1.8,     3.2,     4.9,     8.3,     90.1,     1015.3,     320.79,     253.3,     87.9,     -177.9
18,     28.10.2014 03:01:21,     -4.2,     0,     219,     1.9,     3,     4.6,     8.2,     90.3,     1015.2,     320.79,     253.6,     88,     -178
19,     28.10.2014 03:11:16,     -4.2,     0,     216,     1.9,     3.3,     4.7,     8.1,     90.3,     1015.2,     320.79,     253.9,     88,     -178.1,     12.452,     8.23,     80.9
20,     28.10.2014 03:21:16,     -5.25,     0,     214,     1.5,     3.2,     4.7,     8,     90.3,     1015.1,     320.79,     253.8,     87.9,     -177.9
21,     28.10.2014 03:31:16,     -4.2,     0,     212,     1.8,     2.9,     4.4,     8,     90.6,     1015,     320.79,     253.5,     87.9,     -177.9
22,     28.10.2014 03:41:16,     -5.25,     -2.01,     205,     1.7,     2.8,     4.5,     7.8,     90.4,     1014.9,     320.79,     254.1,     88,     -177.9
23,     28.10.2014 03:51:16,     -5.25,     -2.01,     202,     2.3,     3.4,     4.9,     7.6,     90.4,     1014.9,     320.79,     253.5,     88,     -178
24,     28.10.2014 04:01:16,     -5.25,     0,     204,     2,     3.2,     4.6,     7.6,     90.5,     1014.9,     320.79,     253.6,     87.9,     -178
25,     28.10.2014 04:11:16,     -4.2,     -2.01,     202,     2.1,     3.1,     4.4,     7.5,     90.4,     1014.8,     320.79,     253.4,     88.1,     -178.2,     12.416,     7.76,     81.0
26,     28.10.2014 04:21:16,     -4.2,     0,     204,     1.6,     2.7,     4.3,     7.5,     90.7,     1014.7,     320.79,     253.5,     88,     -178
27,     28.10.2014 04:31:16,     -5.25,     0,     205,     1.6,     2.6,     4.1,     7.4,     90.6,     1014.8,     320.79,     253.5,     88,     -178
28,     28.10.2014 04:41:16,     -6.3,     -4.02,     198,     1.7,     2.4,     3.3,     7.3,     90.6,     1014.9,     320.79,     253.4,     88,     -178
29,     28.10.2014 04:51:16,     -4.2,     -2.01,     202,     1.4,     2.3,     3.7,     7.2,     90.8,     1014.8,     320.79,     253.5,     87.9,     -177.9
30,     28.10.2014 05:01:16,     -5.25,     -2.01,     206,     1.4,     2.6,     4,     7.1,     90.8,     1014.8,     320.79,     253.3,     88.1,     -178.1
31,     28.10.2014 05:11:16,     -4.2,     -2.01,     202,     1.8,     2.6,     4,     7,     90.6,     1014.8,     320.79,     253.5,     88,     -178,     12.410,     7.23,     81.1
32,     28.10.2014 05:21:16,     -4.2,     -2.01,     203,     1.5,     2.5,     3.7,     6.9,     90.8,     1014.7,     320.79,     253.5,     88,     -178
33,     28.10.2014 05:31:16,     -4.2,     -2.01,     204,     1.7,     2.6,     4.1,     6.8,     90.8,     1014.7,     320.79,     253.2,     88,     -178
34,     28.10.2014 05:41:16,     -5.25,     -2.01,     203,     1.6,     2.7,     3.9,     6.8,     90.7,     1014.6,     320.79,     253.8,     87.9,     -177.9
35,     28.10.2014 05:51:16,     -6.3,     -2.01,     212,     1.4,     2.8,     4.6,     6.6,     90.4,     1014.6,     320.79,     253.5,     88,     -178
36,     28.10.2014 06:01:16,     -5.25,     -2.01,     215,     1.7,     2.9,     4.3,     6.6,     90.5,     1014.6,     320.79,     253.6,     87.9,     -177.9
37,     28.10.2014 06:11:21,     -6.3,     -2.01,     217,     1.4,     3,     4.3,     6.4,     90.1,     1014.6,     320.79,     253.6,     88,     -178,     12.382,     6.73,     81.2
38,     28.10.2014 06:21:21,     -5.25,     -2.01,     213,     1.6,     2.9,     4,     6.3,     90,     1014.5,     320.79,     253.4,     88,     -178.1
39,     28.10.2014 06:31:21,     -6.3,     -2.01,     210,     1.5,     3,     4.4,     6.3,     90.1,     1014.5,     320.79,     253.5,     88,     -178
40,     28.10.2014 06:41:21,     -3.15,     -2.01,     210,     1.4,     2.6,     4.9,     6.3,     90,     1014.5,     320.79,     253.8,     87.8,     -177.8
41,     28.10.2014 06:51:21,     -1.05,     4.02,     205,     2,     3.3,     4.9,     6.4,     90.3,     1014.5,     320.79,     253.5,     88,     -178
42,     28.10.2014 07:01:21,     -1.05,     6.03,     205,     2,     3.2,     4.2,     6.3,     90.2,     1014.5,     320.79,     253.3,     88.1,     -178.1
43,     28.10.2014 07:11:16,     2.1,     16.08,     207,     2,     3.2,     6,     6.2,     90.2,     1014.6,     320.79,     253.4,     87.8,     -177.9,     12.387,     6.29,     81.4
44,     28.10.2014 07:21:16,     6.3,     24.12,     208,     1.9,     3.1,     4.7,     6.1,     90.2,     1014.6,     320.79,     253.3,     87.8,     -177.8
45,     28.10.2014 07:31:16,     14.7,     42.21,     208,     1.4,     2.5,     4.1,     6.1,     90.6,     1014.6,     320.79,     253.5,     88,     -178
46,     28.10.2014 07:41:16,     28.35,     66.33,     218,     1.7,     2.8,     3.9,     6,     90.5,     1014.6,     320.79,     253.6,     87.9,     -177.9
47,     28.10.2014 07:51:16,     36.75,     78.39,     213,     2.3,     3.5,     5.4,     5.9,     90.4,     1014.6,     320.79,     253.6,     87.8,     -177.8
48,     28.10.2014 08:01:16,     35.7,     82.41,     215,     2.1,     3.8,     6.4,     5.9,     90.4,     1014.7,     320.79,     253.8,     87.9,     -177.9
49,     28.10.2014 08:11:16,     34.65,     80.4,     212,     2.5,     4.2,     5.8,     5.7,     90.6,     1014.7,     320.79,     253.8,     88.1,     -178.2,     12.758,     6.36,     81.5
50,     28.10.2014 08:21:16,     35.7,     84.42,     210,     1.8,     3.7,     6.5,     5.6,     91.1,     1014.7,     320.79,     253.4,     87.9,     -177.9
51,     28.10.2014 08:31:16,     45.15,     102.51,     216,     1.8,     3.1,     4.6,     5.7,     91.4,     1014.7,     320.79,     253.3,     88,     -178
52,     28.10.2014 08:41:16,     52.5,     116.58,     207,     2,     3.4,     5.4,     5.7,     91.6,     1014.6,     320.79,     253.7,     87.9,     -177.9
53,     28.10.2014 08:51:16,     56.7,     126.63,     205,     2.1,     3.3,     5.5,     5.7,     91.9,     1014.6,     320.79,     253.8,     88,     -178
54,     28.10.2014 09:01:16,     71.4,     158.79,     212,     1.2,     3.9,     6.2,     5.7,     91.9,     1014.6,     320.79,     253.6,     88,     -178
55,     28.10.2014 09:11:16,     76.65,     170.85,     212,     2.5,     4.2,     6.4,     5.8,     92,     1014.6,     320.79,     254.2,     87.8,     -177.8,     13.078,     6.82,     81.3
56,     28.10.2014 09:21:16,     95.55,     205.02,     212,     3.1,     4.6,     6.3,     5.8,     92,     1014.6,     320.79,     254.6,     87.6,     -177.7
57,     28.10.2014 09:31:16,     99.75,     213.06,     213,     3,     4.6,     7.3,     5.7,     91.8,     1014.5,     320.79,     253.4,     87.8,     -177.9
58,     28.10.2014 09:41:16,     134.4,     275.37,     216,     2.3,     4.2,     6,     5.9,     91.8,     1014.5,     320.79,     254.1,     87.6,     -177.6
59,     28.10.2014 09:51:16,     140.7,     283.41,     215,     2.6,     4.6,     6.9,     5.9,     91.6,     1014.4,     320.79,     254.5,     87.7,     -177.7
60,     28.10.2014 10:01:16,     173.25,     335.67,     218,     2.9,     4.3,     6,     6.2,     91.3,     1014.4,     320.79,     254.1,     87.9,     -178
61,     28.10.2014 10:11:16,     282.45,     520.59,     222,     2.5,     4,     5.6,     6.3,     90.2,     1014.5,     320.79,     254.5,     87.8,     -177.8,     14.502,     7.49,     81.2
62,     28.10.2014 10:21:16,     327.6,     598.98,     219,     2.2,     4.1,     7.2,     6.6,     88.2,     1014.5,     320.79,     254,     88,     -178
63,     28.10.2014 10:31:16,     287.7,     554.76,     225,     2,     4,     5.4,     7,     86.5,     1014.4,     320.79,     254.5,     88,     -178
64,     28.10.2014 10:41:16,     282.45,     540.69,     222,     2.3,     3.7,     5.3,     7.3,     85.6,     1014.4,     320.79,     253.7,     87.6,     -177.6
65,     28.10.2014 10:51:16,     325.5,     613.05,     216,     1.9,     4.1,     5.7,     7.6,     83.7,     1014.2,     320.79,     253.5,     87.9,     -177.9
66,     28.10.2014 11:01:16,     333.9,     625.11,     218,     2.9,     4.3,     6.4,     7.8,     81.2,     1014.2,     320.79,     254.2,     87.9,     -177.9
67,     28.10.2014 11:11:22,     336,     633.15,     222,     2.5,     4.2,     6.4,     8.1,     78.3,     1014,     320.79,     253.7,     87.9,     -177.9,     13.180,     9.93,     80.2
68,     28.10.2014 11:21:22,     336,     633.15,     218,     2.7,     4.4,     6.7,     8.1,     77.8,     1013.9,     320.79,     254,     87.9,     -177.9
69,     28.10.2014 11:31:22,     365.4,     679.38,     220,     2.7,     4.3,     6.1,     8.3,     78.2,     1013.7,     320.79,     254,     87.9,     -177.9
70,     28.10.2014 11:41:22,     368.55,     679.38,     221,     2.7,     4.4,     6.4,     8.5,     76.8,     1013.5,     320.79,     75.1,     88,     -2
71,     28.10.2014 11:51:22,     368.55,     675.36,     226,     2.7,     4.2,     5.7,     8.7,     76.5,     1013.5,     320.79,     254.4,     87.8,     -177.9
72,     28.10.2014 12:01:22,     367.5,     679.38,     231,     2.2,     3.9,     5.9,     8.9,     76.7,     1013.3,     320.79,     254.3,     88,     -178
73,     28.10.2014 12:11:16,     370.65,     685.41,     220,     2.5,     4.2,     5.9,     9,     76.3,     1013.2,     320.79,     254.4,     87.9,     -177.9,     13.093,     11.91,     79.6
74,     28.10.2014 12:21:16,     368.55,     683.4,     219,     2.2,     4,     6.1,     9.4,     76.9,     1013.1,     320.79,     74.5,     87.9,     -2
75,     28.10.2014 12:31:16,     360.15,     667.32,     210,     2.2,     3.8,     6,     9.6,     74.2,     1013,     320.79,     74.3,     87.9,     -2
76,     28.10.2014 12:41:16,     348.6,     649.23,     212,     2.2,     3.8,     5.6,     9.9,     74.8,     1012.9,     320.79,     73.8,     87.9,     -1.9
77,     28.10.2014 12:51:16,     347.55,     645.21,     204,     2.2,     4.1,     5.9,     10,     72.9,     1012.8,     320.79,     74.1,     87.8,     -2.1
78,     28.10.2014 13:01:16,     316.05,     590.94,     210,     1.6,     3.6,     5.9,     10.3,     70.6,     1012.6,     320.79,     73.9,     88,     -1.9
79,     28.10.2014 13:11:16,     284.55,     536.67,     215,     1.9,     3.4,     5.9,     10.5,     71.4,     1012.5,     320.79,     74.3,     87.9,     -2,     13.260,     13.41,     78.9
80,     28.10.2014 13:21:16,     278.25,     520.59,     218,     1.9,     3.8,     6.9,     10.6,     69.6,     1012.3,     320.79,     254.2,     87.6,     -177.6
81,     28.10.2014 13:31:16,     249.9,     472.35,     211,     2.5,     4.3,     6.3,     10.5,     68.2,     1012.2,     320.79,     74.6,     87.7,     -2.1
82,     28.10.2014 13:41:16,     236.25,     446.22,     214,     2.6,     4.8,     7.9,     10.5,     66.1,     1012.1,     320.79,     74.5,     88.2,     -1.7
83,     28.10.2014 13:51:16,     243.6,     452.25,     221,     2.1,     4.1,     6.2,     10.6,     68.7,     1012,     320.79,     74.1,     87.9,     -2
84,     28.10.2014 14:01:16,     234.15,     438.18,     209,     2.4,     4.2,     6.6,     10.6,     71.9,     1011.8,     320.79,     74,     88.1,     -1.8
85,     28.10.2014 14:11:17,     197.4,     373.86,     200,     2,     4.3,     6.9,     10.4,     71.8,     1011.6,     320.79,     74.1,     88.2,     -1.7,     13.396,     13.38,     79.0
86,     28.10.2014 14:21:17,     214.2,     395.97,     207,     2.4,     3.8,     6,     10.5,     72.4,     1011.6,     320.79,     254,     88,     -178
87,     28.10.2014 14:31:17,     202.65,     369.84,     207,     2.8,     4.4,     6.9,     10.5,     70.5,     1011.4,     320.79,     253.7,     88.2,     -178.2
88,     28.10.2014 14:41:17,     181.65,     331.65,     211,     2.5,     4.1,     6.3,     10.6,     71.7,     1011.4,     320.79,     74.6,     87.9,     -2
89,     28.10.2014 14:51:17,     143.85,     271.35,     212,     2.2,     3.5,     5.4,     10.7,     71.5,     1011.3,     320.79,     75,     88.1,     -1.8
90,     28.10.2014 15:01:17,     129.15,     243.21,     209,     1.4,     3,     5.6,     10.7,     71.5,     1011.2,     320.79,     74.2,     87.8,     -2.1
91,     28.10.2014 15:11:17,     113.4,     213.06,     209,     1,     3,     4.5,     10.8,     71.7,     1011.1,     320.79,     74,     88,     -1.9,     13.604,     13.04,     79.3
92,     28.10.2014 15:21:17,     101.85,     186.93,     212,     1.5,     3.4,     5.3,     10.8,     71.6,     1011,     320.79,     74,     87.8,     -2.1
93,     28.10.2014 15:31:17,     99.75,     176.88,     210,     1.7,     3.3,     5.1,     10.7,     72.6,     1011,     320.79,     73.9,     87.9,     -2
94,     28.10.2014 15:41:17,     81.9,     142.71,     210,     1.3,     3.1,     4.9,     10.6,     72.6,     1010.9,     320.79,     254,     88,     -178.1
95,     28.10.2014 15:51:17,     56.7,     104.52,     213,     1.7,     3.1,     4.8,     10.5,     73.7,     1010.8,     320.79,     73.7,     87.8,     -2
96,     28.10.2014 16:01:17,     37.8,     74.37,     215,     2.1,     3.2,     4.8,     10.3,     73.5,     1010.8,     320.79,     74.2,     87.9,     -2
97,     28.10.2014 16:11:16,     31.5,     60.3,     213,     1.7,     3.1,     4.5,     10.2,     74.9,     1010.7,     320.79,     253.7,     88,     -178,     13.654,     12.12,     79.3
98,     28.10.2014 16:21:16,     21,     46.23,     218,     1.6,     2.8,     4.3,     10,     74.4,     1010.7,     320.79,     253.6,     88,     -178
99,     28.10.2014 16:31:16,     7.35,     26.13,     220,     1.4,     2.7,     4.2,     9.8,     74.2,     1010.7,     320.79,     253.4,     88,     -178
100,     28.10.2014 16:41:16,     1.05,     10.05,     221,     1.3,     2.5,     4.2,     9.5,     75.4,     1010.6,     320.79,     253.5,     88,     -178
101,     28.10.2014 16:51:16,     -3.15,     4.02,     222,     1.2,     2.2,     3.5,     9.4,     76.1,     1010.6,     320.79,     253.5,     87.9,     -177.9
102,     28.10.2014 17:01:16,     -3.15,     0,     214,     1.2,     2.1,     3.5,     9.2,     77,     1010.5,     320.79,     253.5,     87.9,     -177.9
103,     28.10.2014 17:11:16,     -6.3,     -2.01,     217,     0.9,     1.8,     3.1,     9.1,     78,     1010.4,     320.79,     253.5,     87.9,     -177.9,     12.707,     9.77,     80.5
104,     28.10.2014 17:21:16,     -5.25,     -2.01,     221,     0.3,     1.8,     3,     9,     78.7,     1010.4,     320.79,     253.4,     87.9,     -177.9
105,     28.10.2014 17:31:16,     -4.2,     0,     220,     0.3,     1.7,     3.1,     8.9,     78.9,     1010.3,     320.79,     253.3,     88,     -178
106,     28.10.2014 17:41:16,     -5.25,     -4.02,     226,     0.5,     1.8,     3.2,     8.9,     79.2,     1010.2,     320.79,     253.5,     88,     -178
107,     28.10.2014 17:51:16,     -5.25,     -2.01,     220,     0.8,     1.9,     3.5,     8.9,     80.3,     1010.2,     320.79,     253.4,     87.9,     -177.9
108,     28.10.2014 18:01:16,     -5.25,     -2.01,     217,     0.6,     2.3,     4.7,     8.9,     79.1,     1010.1,     320.79,     253.4,     87.9,     -177.9
109,     28.10.2014 18:11:17,     -6.3,     -2.01,     219,     1.5,     2.8,     5.1,     9,     78.2,     1010.1,     320.79,     253.7,     88,     -178,     12.654,     8.15,     81.1
110,     28.10.2014 18:21:17,     -4.2,     -2.01,     219,     1.4,     2.9,     5,     9,     77.5,     1010,     320.79,     253.3,     87.9,     -177.9
111,     28.10.2014 18:31:17,     -5.25,     0,     222,     1.2,     2.6,     4.5,     8.9,     77.6,     1009.9,     320.79,     253.4,     87.9,     -177.9
112,     28.10.2014 18:41:17,     -4.2,     -2.01,     219,     1,     3,     5.1,     8.8,     76.8,     1009.8,     320.79,     253.8,     88,     -178
113,     28.10.2014 18:51:17,     -5.25,     -2.01,     215,     2.1,     3.4,     5.6,     8.7,     76.9,     1009.7,     320.79,     253.1,     87.9,     -178
114,     28.10.2014 19:01:17,     -5.25,     0,     217,     1.5,     3.3,     5,     8.6,     77.8,     1009.7,     320.79,     253.5,     88.1,     -178.1
115,     28.10.2014 19:11:16,     -6.3,     -2.01,     216,     1.5,     3.4,     6.6,     8.5,     77.9,     1009.6,     320.79,     254.8,     87.9,     -177.9,     12.613,     7.83,     81.2
116,     28.10.2014 19:21:16,     -4.2,     0,     217,     1.9,     3.4,     5.8,     8.4,     78,     1009.6,     320.79,     254.2,     88.1,     -178.1
117,     28.10.2014 19:31:16,     -5.25,     -2.01,     217,     1.4,     3.2,     5.5,     8.3,     77.9,     1009.5,     320.79,     253.6,     87.9,     -177.9
118,     28.10.2014 19:41:16,     -4.2,     -2.01,     215,     2.1,     3.4,     5.3,     8.2,     78.6,     1009.4,     320.79,     253.7,     88.1,     -178.1
119,     28.10.2014 19:51:16,     -5.25,     0,     213,     1.8,     3.5,     5.2,     8.1,     78.9,     1009.4,     320.79,     253.9,     88,     -178
120,     28.10.2014 20:01:16,     -5.25,     -2.01,     215,     1.9,     3.4,     5.4,     8,     78.7,     1009.4,     320.79,     254.1,     87.8,     -177.8
121,     28.10.2014 20:11:16,     -5.25,     0,     213,     1.8,     3.4,     5.1,     7.9,     78.7,     1009.3,     320.79,     253.7,     87.8,     -177.8,     12.590,     7.45,     81.3
122,     28.10.2014 20:21:16,     -6.3,     -2.01,     217,     1.2,     3,     5,     7.9,     79.3,     1009.3,     320.79,     254,     87.9,     -177.9
123,     28.10.2014 20:31:16,     -5.25,     -2.01,     218,     1.6,     3,     4.9,     7.9,     79.6,     1009.3,     320.79,     253.6,     87.9,     -177.9
124,     28.10.2014 20:41:16,     -5.25,     -2.01,     220,     1.5,     2.8,     4.1,     7.8,     78.8,     1009.3,     320.79,     253.7,     87.9,     -177.9
125,     28.10.2014 20:51:16,     -5.25,     -2.01,     222,     1.8,     3.3,     5.1,     7.7,     79,     1009.2,     320.79,     253.9,     87.9,     -177.9
126,     28.10.2014 21:01:16,     -6.3,     -6.03,     219,     1.6,     2.8,     4.4,     7.7,     80,     1009.2,     320.79,     253.6,     87.9,     -178
127,     28.10.2014 21:11:16,     -5.25,     0,     217,     1.6,     2.7,     4,     7.5,     79.2,     1009.2,     320.79,     253.6,     87.7,     -177.8,     12.573,     6.94,     81.3
128,     28.10.2014 21:21:16,     -5.25,     -2.01,     213,     1.8,     3,     4.7,     7.4,     80.2,     1009.1,     320.79,     253.6,     88.1,     -178.2
129,     28.10.2014 21:31:16,     -5.25,     -2.01,     219,     1.1,     2.5,     4.3,     7.3,     80.3,     1009,     320.79,     253.6,     87.9,     -177.9
130,     28.10.2014 21:41:16,     -5.25,     -4.02,     217,     0.8,     2.3,     3.9,     7.4,     81.5,     1008.9,     320.79,     253.4,     87.9,     -177.9
131,     28.10.2014 21:51:16,     -6.3,     -2.01,     216,     1.5,     2.6,     4.3,     7.3,     80.8,     1008.8,     320.79,     253.3,     88,     -178
132,     28.10.2014 22:01:16,     -5.25,     0,     212,     1.3,     3.1,     5.6,     7.1,     80.4,     1008.6,     320.79,     254,     87.7,     -177.7
133,     28.10.2014 22:11:22,     -4.2,     -2.01,     211,     1.7,     3.5,     5.6,     7,     81.3,     1008.5,     320.79,     253.1,     87.9,     -177.9,     12.537,     6.52,     81.5
134,     28.10.2014 22:21:22,     -3.15,     0,     217,     2.1,     3.5,     5.3,     6.9,     80.5,     1008.5,     320.79,     253.4,     88,     -178.1
135,     28.10.2014 22:31:22,     -6.3,     -2.01,     219,     1.8,     3.4,     5.5,     6.9,     80.9,     1008.3,     320.79,     254.2,     88,     -178
136,     28.10.2014 22:41:22,     -4.2,     0,     219,     2.1,     3.5,     5.3,     7.1,     78.9,     1008.3,     320.79,     253.9,     88.1,     -178.1
137,     28.10.2014 22:51:22,     -5.25,     -2.01,     222,     1.5,     3.1,     4.9,     7.1,     78.8,     1008.2,     320.79,     253.7,     88.1,     -178.1
138,     28.10.2014 23:01:22,     -5.25,     -2.01,     228,     0.8,     2.9,     4.4,     6.9,     78.6,     1008.2,     320.79,     254.1,     87.9,     -177.9
139,     28.10.2014 23:11:16,     -5.25,     -4.02,     218,     1.6,     3.4,     5.5,     7,     77.4,     1008.1,     320.79,     253.4,     87.7,     -177.7,     12.533,     6.25,     81.6
140,     28.10.2014 23:21:16,     -5.25,     -4.02,     218,     1.9,     3.5,     6.1,     6.9,     77.9,     1008,     320.79,     253.8,     87.9,     -177.9
141,     28.10.2014 23:31:16,     -5.25,     -4.02,     218,     1.8,     3.4,     5.6,     6.8,     77.4,     1007.9,     320.79,     253.9,     88.1,     -178.1
142,     28.10.2014 23:41:16,     -5.25,     -2.01,     216,     1.8,     3.6,     5.5,     6.7,     76.1,     1007.9,     320.79,     254.1,     87.9,     -177.9
143,     28.10.2014 23:51:16,     -5.25,     -2.01,     215,     1.8,     3.8,     5.5,     6.6,     76.8,     1007.8,     320.79,     253.7,     87.9,     -177.9
144,     29.10.2014 00:01:17,     -5.25,     -2.01,     217,     2.1,     3.6,     5.5,     6.5,     76.4,     1007.7,     320.79,     253.7,     87.9,     -177.9,     12.438,     6.08,     81.6