Logger: #D10248 'TSK_Meteo' - USP_EXP2 (V2.10, Jan 24 2012)
No,     Time,     #1:W/m²:0,     #2:ÂµMol:(do.),     #5:deg:2,     #6:m/sMIN:(do.),     #7:m/sMIT:(do.),     #8:m/sMAX:(do.),     #9:Â°C:(do.),     #10:%:(do.),     #11:hPa:(do.),     #12:mm:(do.),     #14:AZ:3,     #15:EL:(do.),     #16:Roll:(do.),     #HK-Bat:V,     #HK-Temp:oC,     #HK-rH:%
(GSM Transfer OK / Signal:15)
1,     03.02.2015 00:11:17,     -2.1,     -4.02,     285,     0.9,     3,     4.6,     -0.3,     82.3,     987.3,     432.35,     73.7,     87.9,     -2,     12.310,     0.54,     90.9
2,     03.02.2015 00:21:17,     -2.1,     -2.01,     288,     1.2,     2.6,     4.9,     -0.3,     81.6,     987.3,     432.35,     73.7,     88,     -1.9
3,     03.02.2015 00:31:17,     -3.15,     -2.01,     289,     0.9,     3,     5,     -0.2,     81.6,     987.3,     432.35,     73.7,     88,     -1.9
4,     03.02.2015 00:41:17,     -2.1,     0,     288,     1.5,     3.2,     5.5,     -0.3,     81.9,     987.4,     432.35,     73.3,     88,     -1.9
5,     03.02.2015 00:51:17,     -2.1,     0,     294,     1.6,     2.9,     5.2,     -0.3,     82.8,     987.3,     432.35,     73.5,     88,     -1.9
6,     03.02.2015 01:01:17,     -3.15,     -2.01,     291,     1.3,     2.8,     5.2,     -0.4,     83,     987.4,     432.35,     73.6,     88,     -1.9
7,     03.02.2015 01:11:16,     -2.1,     -2.01,     295,     0.9,     2.4,     4.4,     -0.4,     84.1,     987.5,     432.35,     73.3,     88,     -1.9,     12.363,     -0.05,     92.8
8,     03.02.2015 01:21:16,     -2.1,     0,     301,     0.7,     1.9,     3.5,     -0.5,     84.6,     987.5,     432.35,     73.5,     88,     -1.9
9,     03.02.2015 01:31:16,     -2.1,     0,     298,     0.9,     1.9,     3,     -0.5,     84.6,     987.5,     432.35,     73.3,     88,     -1.9
10,     03.02.2015 01:41:16,     -1.05,     0,     301,     0.7,     1.8,     3.3,     -0.4,     85,     987.6,     432.35,     253.3,     88,     -178
11,     03.02.2015 01:51:16,     -3.15,     -2.01,     299,     0.6,     1.7,     2.6,     -0.5,     85.1,     987.5,     432.35,     73.3,     88,     -1.9
12,     03.02.2015 02:01:16,     -2.1,     -2.01,     291,     1,     1.8,     2.6,     -0.5,     85.5,     987.5,     432.35,     73.4,     88,     -1.9
13,     03.02.2015 02:11:16,     -2.1,     -2.01,     296,     0.8,     1.9,     3.1,     -0.4,     85.6,     987.6,     432.35,     73.4,     88,     -2,     13.317,     -0.29,     92.9
14,     03.02.2015 02:21:16,     -2.1,     -2.01,     298,     1.2,     2.1,     3.4,     -0.4,     86.1,     987.7,     432.35,     73.3,     88,     -1.9
15,     03.02.2015 02:31:16,     -2.1,     -2.01,     307,     0.9,     2.1,     3.4,     -0.5,     86.4,     987.8,     432.35,     73.3,     88,     -1.9
16,     03.02.2015 02:41:16,     -2.1,     -4.02,     308,     1,     2.1,     3.9,     -0.5,     87.1,     987.8,     432.35,     73.5,     88.1,     -1.8
17,     03.02.2015 02:51:16,     -2.1,     -2.01,     306,     1,     2.2,     4.1,     -0.4,     87.8,     987.8,     432.35,     72.9,     88.1,     -1.9
18,     03.02.2015 03:01:16,     -2.1,     -2.01,     303,     1.4,     2.7,     4.2,     -0.4,     88.3,     987.8,     432.35,     73.6,     88,     -1.9
19,     03.02.2015 03:11:17,     -3.15,     0,     302,     1.4,     2.5,     3.6,     -0.4,     88.4,     987.8,     432.35,     73.2,     88,     -1.9,     12.666,     -0.15,     92.9
20,     03.02.2015 03:21:17,     -3.15,     -2.01,     299,     1.3,     2.6,     4.2,     -0.4,     88.7,     987.8,     432.35,     73.4,     88,     -1.9
21,     03.02.2015 03:31:17,     -2.1,     -4.02,     294,     1.4,     2.5,     3.8,     -0.3,     88.9,     987.8,     432.35,     73.3,     88,     -1.9
22,     03.02.2015 03:41:17,     -2.1,     -2.01,     294,     1.5,     2.3,     3.2,     -0.3,     88.8,     987.8,     432.35,     73.4,     88,     -1.9
23,     03.02.2015 03:51:17,     -2.1,     -2.01,     298,     1.3,     2.2,     3.7,     -0.3,     88.7,     987.8,     432.35,     73.7,     88,     -1.9
24,     03.02.2015 04:01:17,     -2.1,     0,     295,     1.3,     2.6,     4.3,     -0.2,     88.6,     987.9,     432.35,     73.5,     88,     -1.9
25,     03.02.2015 04:11:16,     -2.1,     0,     291,     1.4,     2.8,     4.4,     -0.2,     88.5,     987.9,     432.35,     73.4,     88,     -1.9,     12.480,     0.09,     92.8
26,     03.02.2015 04:21:16,     -2.1,     -2.01,     290,     0.8,     3.1,     4.8,     -0.2,     88.7,     987.9,     432.35,     73.7,     88,     -1.9
27,     03.02.2015 04:31:16,     -1.05,     -2.01,     303,     1.6,     3.3,     5.1,     -0.1,     88.7,     988,     432.35,     253.6,     87.9,     -178
28,     03.02.2015 04:41:16,     -2.1,     -2.01,     307,     1,     2.9,     5.3,     -0.1,     88.8,     988,     432.35,     73.3,     87.9,     -1.9
29,     03.02.2015 04:51:16,     -2.1,     -2.01,     318,     0.7,     3.1,     6.3,     -0.1,     88.9,     988.1,     432.35,     74.5,     88,     -1.9
30,     03.02.2015 05:01:16,     -1.05,     0,     331,     1.7,     3.8,     7,     -0.1,     87.8,     988.2,     432.35,     73.5,     87.9,     -2
31,     03.02.2015 05:11:16,     -1.05,     0,     328,     1.2,     2.6,     4.1,     -0.1,     88,     988.2,     432.35,     73.2,     88,     -1.9,     12.404,     0.39,     92.8
32,     03.02.2015 05:21:16,     -1.05,     0,     321,     1.1,     2.2,     4.7,     -0.1,     88.5,     988.2,     432.35,     73.6,     88,     -1.9
33,     03.02.2015 05:31:16,     -1.05,     -2.01,     309,     1.2,     2.8,     4.9,     0,     88.9,     988.2,     432.35,     73.4,     88,     -1.9
34,     03.02.2015 05:41:16,     -1.05,     0,     316,     1.6,     3.1,     5.5,     -0.1,     89.2,     988.3,     432.35,     253,     88,     -178
35,     03.02.2015 05:51:16,     -1.05,     0,     321,     1.5,     3.4,     5.9,     -0.2,     89.1,     988.2,     432.35,     74,     88,     -1.9
36,     03.02.2015 06:01:16,     -2.1,     -2.01,     324,     1.7,     3.5,     6.9,     -0.3,     88.6,     988.3,     432.35,     73.2,     88.1,     -1.8
37,     03.02.2015 06:11:16,     -2.1,     0,     325,     1.5,     3.7,     6.9,     -0.2,     88.3,     988.4,     432.35,     253.9,     88,     -178,     13.826,     0.53,     92.6
38,     03.02.2015 06:21:16,     -1.05,     0,     322,     1,     3.3,     6.2,     -0.3,     88.2,     988.4,     432.35,     73.4,     88,     -1.9
39,     03.02.2015 06:31:16,     -2.1,     -2.01,     323,     1.7,     3.2,     5.3,     -0.3,     88.4,     988.5,     432.35,     73.3,     88,     -1.9
40,     03.02.2015 06:41:16,     0,     2.01,     322,     1.7,     3.5,     6.1,     -0.3,     88.5,     988.7,     432.35,     73.2,     87.9,     -2
41,     03.02.2015 06:51:16,     -1.05,     0,     330,     1.7,     3.6,     6.3,     -0.3,     88.2,     988.7,     432.35,     73.4,     87.9,     -2
42,     03.02.2015 07:01:16,     -1.05,     0,     333,     1.8,     3.6,     6.5,     -0.3,     88.2,     988.8,     432.35,     73.5,     88,     -1.9
43,     03.02.2015 07:11:16,     -1.05,     -2.01,     342,     2.2,     4.4,     6.9,     -0.4,     87.1,     988.8,     432.35,     73.5,     87.9,     -2,     12.728,     0.42,     92.7
44,     03.02.2015 07:21:16,     -1.05,     -2.01,     348,     1.6,     3.1,     5.2,     -0.4,     87.5,     988.9,     432.35,     73.2,     88.2,     -1.7
45,     03.02.2015 07:31:16,     0,     0,     350,     1.4,     3,     5.3,     -0.4,     87.9,     989,     432.35,     253.1,     88,     -178
46,     03.02.2015 07:41:16,     -1.05,     0,     340,     1.9,     3.5,     6.6,     -0.6,     87.5,     989.1,     432.35,     73.4,     87.9,     -2
47,     03.02.2015 07:51:16,     -1.05,     2.01,     336,     1.9,     4,     6.3,     -0.7,     86.5,     989.2,     432.35,     73.6,     87.6,     -2.3
48,     03.02.2015 08:01:16,     4.2,     10.05,     334,     1.9,     3.8,     6.3,     -0.7,     86.3,     989.3,     432.35,     73.5,     87.9,     -2
49,     03.02.2015 08:11:16,     10.5,     20.1,     326,     1.3,     2.9,     5.6,     -0.7,     87.3,     989.4,     432.35,     73.2,     88,     -1.9,     12.524,     0.09,     92.7
50,     03.02.2015 08:21:16,     16.8,     32.16,     323,     1,     3,     5.1,     -0.7,     87.4,     989.5,     432.35,     73.2,     88,     -1.9
51,     03.02.2015 08:31:16,     19.95,     42.21,     324,     1.6,     3.4,     5.9,     -0.7,     87.2,     989.6,     432.35,     74.1,     88,     -1.9
52,     03.02.2015 08:41:16,     25.2,     50.25,     326,     1.7,     3.7,     5.9,     -0.7,     87.1,     989.7,     432.35,     73.5,     87.9,     -2
53,     03.02.2015 08:51:16,     28.35,     56.28,     331,     1.6,     3.1,     5.8,     -0.7,     87.5,     989.8,     432.35,     73.6,     87.9,     -2
54,     03.02.2015 09:01:16,     37.8,     76.38,     326,     1.5,     2.7,     4.9,     -0.6,     87.7,     989.8,     432.35,     73.5,     87.9,     -2
55,     03.02.2015 09:11:16,     49.35,     98.49,     330,     1,     2.9,     5.5,     -0.6,     87.1,     990,     432.35,     73.6,     87.9,     -2,     12.616,     0.01,     92.9
56,     03.02.2015 09:21:16,     47.25,     98.49,     327,     1.4,     3,     5.2,     -0.6,     86.5,     990,     432.35,     73.3,     88,     -1.9
57,     03.02.2015 09:31:16,     59.85,     122.61,     330,     1.6,     3.6,     6.5,     -0.6,     84.7,     990.2,     432.35,     74.8,     88,     -1.9
58,     03.02.2015 09:41:16,     67.2,     136.68,     331,     1.7,     3.3,     5.7,     -0.7,     84.9,     990.3,     432.35,     73.5,     88,     -1.9
59,     03.02.2015 09:51:16,     63,     130.65,     335,     1.9,     3.3,     5.1,     -0.7,     84.8,     990.3,     432.35,     73.4,     88.1,     -1.8
60,     03.02.2015 10:01:16,     48.3,     102.51,     333,     1.4,     3.3,     6.4,     -0.6,     85.1,     990.4,     432.35,     73.5,     88.1,     -1.8
61,     03.02.2015 10:11:16,     115.5,     223.11,     333,     1.4,     3.2,     5.8,     -0.5,     85.9,     990.5,     432.35,     73.3,     87.9,     -2,     13.856,     0.47,     92.9
62,     03.02.2015 10:21:16,     101.85,     203.01,     331,     1.3,     2.4,     4.2,     -0.5,     85.6,     990.5,     432.35,     253.3,     88,     -178
63,     03.02.2015 10:31:16,     113.4,     225.12,     318,     1.5,     3.1,     6.4,     -0.3,     85.7,     990.6,     432.35,     74.4,     87.9,     -2
64,     03.02.2015 10:41:16,     46.2,     98.49,     4,     1.3,     3.7,     6.3,     -0.6,     84.8,     990.9,     432.37,     72.6,     88,     -1.9
65,     03.02.2015 10:51:16,     117.6,     237.18,     31,     2.4,     3.9,     5.5,     -1.3,     88.5,     991.1,     432.37,     253,     89.1,     -179.1
66,     03.02.2015 11:01:16,     152.25,     295.47,     25,     1.8,     2.9,     4,     -1.3,     89,     991.2,     432.37,     253,     88.1,     -178.1
67,     03.02.2015 11:11:16,     153.3,     301.5,     19,     1.8,     2.7,     3.4,     -1.3,     88.8,     991.2,     432.37,     73,     88,     -1.9,     14.488,     1.03,     92.5
68,     03.02.2015 11:21:16,     283.5,     516.57,     24,     1.6,     2.6,     3.7,     -1.2,     88.2,     991.3,     432.37,     72.9,     88,     -1.9
69,     03.02.2015 11:31:16,     295.05,     538.68,     32,     1.7,     2.7,     3.6,     -1.1,     86.7,     991.4,     432.37,     73,     87.9,     -2
70,     03.02.2015 11:41:16,     215.25,     422.1,     30,     1.4,     2.3,     3.9,     -1,     85.9,     991.4,     432.37,     72.8,     88,     -1.9
71,     03.02.2015 11:51:16,     120.75,     249.24,     49,     0.7,     2.1,     3.9,     -0.9,     85.7,     991.5,     432.37,     73.1,     88,     -1.9
72,     03.02.2015 12:01:16,     148.05,     293.46,     43,     0.6,     2,     3.3,     -0.9,     85.3,     991.5,     432.37,     73,     87.9,     -2
73,     03.02.2015 12:11:17,     164.85,     323.61,     37,     2,     2.9,     4.2,     -0.8,     84.6,     991.6,     432.37,     72.5,     88.1,     -1.8,     13.703,     1.87,     92.4
74,     03.02.2015 12:21:17,     157.5,     313.56,     40,     1.6,     3.4,     5.1,     -0.7,     82.2,     991.7,     432.37,     72.3,     88,     -1.9
75,     03.02.2015 12:31:17,     103.95,     217.08,     45,     2.5,     4.1,     5.8,     -0.7,     79.8,     991.7,     432.37,     72.7,     88.1,     -1.8
76,     03.02.2015 12:41:17,     110.25,     229.14,     35,     2.4,     3.7,     5,     -0.7,     79.4,     991.7,     432.37,     72.5,     87.6,     -2.3
77,     03.02.2015 12:51:17,     153.3,     305.52,     28,     2,     3.2,     4.2,     -0.8,     80.1,     991.8,     432.37,     72.7,     88.2,     -1.6
78,     03.02.2015 13:01:17,     136.5,     275.37,     15,     1.5,     2.6,     3.6,     -0.8,     80.6,     991.9,     432.37,     73.3,     88.2,     -1.7
79,     03.02.2015 13:11:16,     216.3,     414.06,     3,     1,     1.9,     2.8,     -0.5,     80.5,     992,     432.37,     73.2,     87.9,     -2,     13.570,     1.49,     92.5
80,     03.02.2015 13:21:16,     119.7,     245.22,     23,     1.3,     2.6,     4,     -0.4,     78.5,     992.1,     432.37,     73.1,     87.8,     -2.1
81,     03.02.2015 13:31:16,     123.9,     251.25,     38,     2,     2.8,     4,     -0.4,     79.3,     992.2,     432.37,     72.9,     88.1,     -1.8
82,     03.02.2015 13:41:16,     129.15,     261.3,     30,     2.4,     3.5,     4.9,     -0.5,     78.8,     992.2,     432.37,     73.1,     88,     -1.9
83,     03.02.2015 13:51:16,     96.6,     198.99,     26,     3,     3.8,     4.8,     -0.5,     79.2,     992.3,     432.37,     72.7,     88,     -1.9
84,     03.02.2015 14:01:16,     80.85,     170.85,     27,     1.7,     3.2,     4.5,     -0.4,     79.6,     992.3,     432.37,     72.8,     87.9,     -2
85,     03.02.2015 14:11:16,     112.35,     227.13,     35,     1.6,     3.2,     4.6,     -0.5,     76.5,     992.4,     432.37,     72.6,     87.7,     -2.2,     13.769,     1.57,     92.3
86,     03.02.2015 14:21:16,     98.7,     203.01,     24,     2.1,     4,     5.4,     -0.6,     74.5,     992.5,     432.37,     253.2,     88.7,     -178.7
87,     03.02.2015 14:31:16,     105,     215.07,     5,     1.7,     2.9,     4.4,     -0.7,     75.7,     992.6,     432.37,     73.1,     87.6,     -2.3
88,     03.02.2015 14:41:16,     90.3,     182.91,     14,     2.2,     3.3,     4.2,     -0.7,     76.6,     992.7,     432.37,     73.2,     87.9,     -2
89,     03.02.2015 14:51:16,     86.1,     170.85,     21,     2.5,     3.5,     5.2,     -0.7,     75.8,     992.8,     432.37,     73,     88.1,     -1.9
90,     03.02.2015 15:01:16,     101.85,     198.99,     13,     2,     3.1,     4.4,     -0.7,     76.4,     992.8,     432.37,     253.1,     88,     -178
91,     03.02.2015 15:11:17,     113.4,     215.07,     16,     1.8,     3.1,     5.5,     -0.7,     76.3,     992.9,     432.37,     72.8,     88,     -1.9,     13.813,     0.84,     92.5
92,     03.02.2015 15:21:17,     80.85,     162.81,     22,     3.3,     4.6,     6.2,     -0.8,     75.8,     993,     432.37,     72.4,     87.8,     -2
93,     03.02.2015 15:31:17,     59.85,     114.57,     25,     2.9,     4.2,     5.8,     -0.8,     74.9,     993.1,     432.37,     73,     87.6,     -2.3
94,     03.02.2015 15:41:17,     52.5,     102.51,     28,     2.4,     4,     5.8,     -0.8,     77.8,     993.3,     432.37,     252.7,     88.5,     -178.5
95,     03.02.2015 15:51:17,     45.15,     90.45,     21,     2.4,     3.7,     5.3,     -0.9,     75.9,     993.4,     432.37,     252.9,     87.8,     -177.8
96,     03.02.2015 16:01:17,     33.6,     66.33,     8,     1.2,     2.7,     3.8,     -0.9,     76.2,     993.5,     432.37,     253.4,     88.1,     -178.2
97,     03.02.2015 16:11:16,     23.1,     48.24,     5,     1.4,     2.5,     3.6,     -1.1,     76,     993.5,     432.37,     73.1,     88,     -1.9,     13.553,     0.36,     92.5
98,     03.02.2015 16:21:16,     15.75,     36.18,     11,     1.9,     2.8,     4,     -1,     75.7,     993.6,     432.37,     73.2,     87.8,     -2.1
99,     03.02.2015 16:31:16,     9.45,     22.11,     8,     1.6,     2.4,     3.4,     -1.1,     76.4,     993.7,     432.37,     73,     88,     -1.9
100,     03.02.2015 16:41:16,     3.15,     12.06,     5,     1.4,     2,     2.9,     -1.1,     77.3,     993.7,     432.37,     73.3,     88,     -1.9
101,     03.02.2015 16:51:16,     2.1,     8.04,     359,     1.2,     2,     3.3,     -1.1,     77.7,     993.9,     432.37,     73.1,     87.8,     -2
102,     03.02.2015 17:01:16,     0,     0,     353,     1.2,     2.1,     4.1,     -1.1,     79.5,     994,     432.37,     73,     88.1,     -1.8
103,     03.02.2015 17:11:16,     -1.05,     0,     359,     1.2,     2.3,     3.8,     -1.1,     79.4,     994.1,     432.37,     73.2,     88,     -2,     12.669,     -0.19,     92.8
104,     03.02.2015 17:21:16,     -2.1,     0,     1,     1.8,     2.7,     4.4,     -1.1,     78.8,     994.2,     432.37,     73.2,     87.9,     -2
105,     03.02.2015 17:31:16,     -1.05,     -2.01,     356,     1,     2.4,     3.5,     -1.2,     79.8,     994.3,     432.37,     73.1,     88,     -1.9
106,     03.02.2015 17:41:16,     -2.1,     -2.01,     5,     1.5,     2.3,     3.3,     -1.2,     80.2,     994.5,     432.37,     73,     87.9,     -1.9
107,     03.02.2015 17:51:16,     -2.1,     -2.01,     4,     1.5,     2.3,     3.5,     -1.2,     81.1,     994.6,     432.37,     73.2,     88,     -1.9
108,     03.02.2015 18:01:16,     -2.1,     0,     356,     1.3,     2.2,     3.1,     -1.3,     81.6,     994.7,     432.37,     73.2,     87.9,     -2
109,     03.02.2015 18:11:16,     -2.1,     -2.01,     349,     0.9,     2,     4.1,     -1.2,     81.9,     994.7,     432.37,     73.1,     88,     -1.9,     12.580,     -0.57,     92.9
110,     03.02.2015 18:21:16,     -1.05,     0,     358,     1.1,     1.9,     2.6,     -1.2,     82.5,     994.8,     432.37,     73.3,     88,     -1.9
111,     03.02.2015 18:31:16,     -1.05,     0,     347,     1,     1.8,     3.8,     -1.2,     82.8,     994.8,     432.37,     73,     88,     -1.9
112,     03.02.2015 18:41:16,     -1.05,     -2.01,     340,     0.9,     2,     4.4,     -1.3,     83.3,     995,     432.37,     73.2,     88,     -1.9
113,     03.02.2015 18:51:16,     -2.1,     -2.01,     338,     0.8,     1.9,     4.3,     -1.3,     83.8,     995,     432.37,     73.2,     88,     -1.9
114,     03.02.2015 19:01:16,     -3.15,     -4.02,     339,     0.6,     1.6,     4.2,     -1.3,     84,     995,     432.37,     73.1,     88,     -1.9
115,     03.02.2015 19:11:16,     -1.05,     0,     348,     1.1,     1.8,     3.7,     -1.3,     84.3,     995.2,     432.37,     73.1,     88,     -1.9,     12.531,     -0.71,     93.0
116,     03.02.2015 19:21:16,     -1.05,     0,     346,     1.2,     1.8,     4,     -1.3,     84.7,     995.3,     432.37,     73.2,     88,     -1.9
117,     03.02.2015 19:31:16,     -1.05,     0,     349,     1.2,     1.9,     3.5,     -1.3,     83.7,     995.3,     432.37,     73.2,     88,     -1.9
118,     03.02.2015 19:41:16,     -2.1,     -2.01,     349,     0.9,     1.6,     3.5,     -1.3,     84.3,     995.4,     432.37,     73.1,     88,     -1.9
119,     03.02.2015 19:51:16,     -4.2,     -2.01,     344,     0.7,     1.5,     4,     -1.3,     84.6,     995.5,     432.37,     73.1,     88,     -1.9
120,     03.02.2015 20:01:16,     -2.1,     -2.01,     335,     0.8,     1.8,     4,     -1.3,     84.7,     995.6,     432.37,     73.1,     87.9,     -2
121,     03.02.2015 20:11:17,     -1.05,     0,     335,     0.7,     1.7,     4.3,     -1.3,     85.5,     995.7,     432.37,     73.1,     88,     -2,     12.868,     -0.77,     93.0
122,     03.02.2015 20:21:17,     -1.05,     -2.01,     325,     0.8,     2.2,     4.4,     -1.3,     85.6,     995.8,     432.37,     73,     88,     -1.9
123,     03.02.2015 20:31:17,     -2.1,     -4.02,     317,     0.6,     1.8,     3.5,     -1.2,     86,     995.9,     432.37,     73.1,     88,     -1.9
124,     03.02.2015 20:41:17,     -2.1,     0,     312,     0.7,     1.6,     3.4,     -1.3,     86.4,     995.9,     432.37,     73.1,     87.9,     -2
125,     03.02.2015 20:51:17,     -1.05,     -2.01,     303,     0.5,     1.7,     3.5,     -1.3,     86.8,     996,     432.37,     73.2,     87.9,     -2
126,     03.02.2015 21:01:17,     -2.1,     -2.01,     298,     0.6,     1.7,     3,     -1.3,     87.2,     996,     432.37,     73.2,     88,     -1.9
127,     03.02.2015 21:11:16,     -2.1,     -4.02,     304,     0.6,     1.7,     3.3,     -1.2,     87.5,     996.1,     432.37,     73.3,     88.1,     -1.8,     12.573,     -0.72,     93.1
128,     03.02.2015 21:21:16,     -1.05,     -2.01,     319,     0.9,     2,     4.5,     -1.3,     87.7,     996.2,     432.37,     73.3,     88.1,     -1.8
129,     03.02.2015 21:31:16,     -1.05,     0,     329,     1,     2,     4.4,     -1.2,     88.5,     996.3,     432.37,     73.1,     88,     -1.9
130,     03.02.2015 21:41:16,     -1.05,     0,     350,     1.1,     2.2,     4,     -1.3,     88.7,     996.4,     432.37,     252.9,     88,     -177.9
131,     03.02.2015 21:51:16,     -2.1,     -2.01,     4,     1.7,     3.5,     5.4,     -1.4,     88.6,     996.5,     432.37,     72.8,     87.9,     -1.8
132,     03.02.2015 22:01:16,     -2.1,     -2.01,     12,     2.4,     4,     5.4,     -1.4,     88.8,     996.6,     432.37,     253.2,     87.5,     -177.6
133,     03.02.2015 22:11:17,     -1.05,     -2.01,     11,     2.3,     3.3,     4.6,     -1.6,     88.9,     996.6,     432.37,     253.1,     87.8,     -177.8,     12.493,     -0.59,     92.9
134,     03.02.2015 22:21:17,     -1.05,     0,     7,     1.6,     2.9,     4.3,     -1.7,     89.6,     996.6,     432.37,     73.1,     88.2,     -1.7
135,     03.02.2015 22:31:17,     -3.15,     -2.01,     12,     1.8,     2.6,     3.7,     -1.6,     90,     996.7,     432.37,     73,     87.8,     -2.1
136,     03.02.2015 22:41:17,     -2.1,     -4.02,     5,     1.2,     2.1,     3.4,     -1.6,     90.2,     996.8,     432.37,     73.1,     88,     -1.9
137,     03.02.2015 22:51:17,     -1.05,     -2.01,     354,     0.9,     1.7,     2.5,     -1.7,     90.2,     996.9,     432.37,     73.1,     88,     -2
138,     03.02.2015 23:01:17,     -1.05,     -2.01,     350,     0.9,     1.9,     4.3,     -1.8,     90.3,     996.9,     432.37,     73.1,     88,     -1.9
139,     03.02.2015 23:11:16,     -2.1,     0,     355,     1.1,     2.1,     3.3,     -1.7,     90.5,     997,     432.37,     73.1,     88,     -1.9,     12.452,     -0.77,     93.0
140,     03.02.2015 23:21:16,     -2.1,     0,     357,     1.6,     2.3,     4.3,     -1.7,     90.4,     997.1,     432.37,     73,     87.9,     -2
141,     03.02.2015 23:31:16,     -1.05,     -2.01,     1,     1.2,     2.1,     3,     -1.7,     90.5,     997.2,     432.37,     73.1,     87.9,     -2
142,     03.02.2015 23:41:16,     -1.05,     -2.01,     359,     1.2,     2.3,     3.6,     -1.7,     90.3,     997.3,     432.37,     73.2,     87.9,     -2
143,     03.02.2015 23:51:16,     -2.1,     0,     355,     1.4,     2.3,     3.7,     -1.6,     90.5,     997.4,     432.37,     73.2,     88.1,     -1.8
144,     04.02.2015 00:01:16,     -2.1,     -2.01,     351,     1,     1.9,     4.1,     -1.7,     90.3,     997.5,     432.37,     73,     87.9,     -2,     12.544,     -0.87,     93.0