Logger: #D10248 'TSK_Meteo' - USP_EXP2 (V2.10, Jan 24 2012)
No,     Time,     #1:W/m²:0,     #2:ÂµMol:(do.),     #5:deg:2,     #6:m/sMIN:(do.),     #7:m/sMIT:(do.),     #8:m/sMAX:(do.),     #9:Â°C:(do.),     #10:%:(do.),     #11:hPa:(do.),     #12:mm:(do.),     #14:AZ:3,     #15:EL:(do.),     #16:Roll:(do.),     #HK-Bat:V,     #HK-Temp:oC,     #HK-rH:%
(GSM Transfer OK / Signal:16)
1,     03.11.2014 00:11:22,     -4.2,     -2.01,     210,     1.6,     2.7,     4.2,     12.4,     86.1,     1000.7,     323.44,     253.6,     88,     -178,     12.446,     12.37,     79.4
2,     03.11.2014 00:21:22,     -4.2,     -4.02,     222,     0.7,     2.5,     4.7,     12.4,     86.4,     1000.6,     323.44,     253.5,     87.9,     -177.9
3,     03.11.2014 00:31:22,     -4.2,     -2.01,     221,     0.3,     2,     3.4,     12.4,     86.4,     1000.3,     323.44,     253.4,     87.9,     -177.9
4,     03.11.2014 00:41:22,     -4.2,     -2.01,     205,     1.1,     2,     3.1,     12.2,     86.5,     1000.3,     323.44,     253.4,     88,     -178
5,     03.11.2014 00:51:22,     -3.15,     0,     220,     0.4,     1.4,     2.4,     12.1,     87,     1000.6,     323.44,     253.5,     88,     -178.1
6,     03.11.2014 01:01:22,     -4.2,     0,     239,     0.6,     1.9,     4.3,     12.1,     87.5,     1000.5,     323.44,     254.4,     88,     -178
7,     03.11.2014 01:11:16,     -3.15,     -2.01,     221,     1.9,     2.9,     4.5,     12.1,     87,     1000.4,     323.44,     254.2,     88,     -178,     12.493,     11.58,     81.1
8,     03.11.2014 01:21:16,     -4.2,     -2.01,     219,     1.5,     2.7,     4.2,     12.1,     87.5,     1000.4,     323.44,     253.8,     88,     -178
9,     03.11.2014 01:31:16,     -1.05,     0,     217,     1.6,     2.6,     3.9,     12.1,     87.4,     1000.2,     323.44,     253.6,     88.1,     -178.1
10,     03.11.2014 01:41:16,     -3.15,     -2.01,     214,     1.4,     2.6,     3.8,     12.2,     87.2,     1000,     323.44,     253.6,     88,     -178
11,     03.11.2014 01:51:16,     -4.2,     -2.01,     211,     1.5,     2.6,     3.7,     12.1,     87.1,     999.8,     323.44,     253.5,     87.9,     -177.9
12,     03.11.2014 02:01:16,     -4.2,     -2.01,     208,     1.7,     3.1,     5.1,     12,     87.3,     999.7,     323.44,     253.5,     87.9,     -177.9
13,     03.11.2014 02:11:16,     -4.2,     -2.01,     217,     1.8,     3.4,     5.4,     12,     87.3,     999.6,     323.44,     254,     87.9,     -177.8,     12.465,     11.61,     81.1
14,     03.11.2014 02:21:16,     -5.25,     -2.01,     222,     1.6,     3.7,     5.9,     12.1,     86.9,     999.5,     323.44,     254.2,     87.9,     -177.9
15,     03.11.2014 02:31:16,     -3.15,     -2.01,     225,     1.9,     3.6,     6.3,     12,     86.8,     999.3,     323.44,     73.9,     88,     -1.9
16,     03.11.2014 02:41:16,     -4.2,     -2.01,     221,     1.4,     3.4,     5.5,     12,     86.9,     999.1,     323.44,     253.5,     88.1,     -178.1
17,     03.11.2014 02:51:16,     -4.2,     0,     220,     1.9,     3.3,     5.5,     11.9,     87.1,     999,     323.44,     253.7,     88,     -178
18,     03.11.2014 03:01:16,     -1.05,     0,     218,     1.9,     3.4,     5.8,     11.9,     87.1,     998.8,     323.44,     254.7,     88,     -178
19,     03.11.2014 03:11:16,     -4.2,     -4.02,     216,     1.7,     3.5,     5.3,     12.1,     86.7,     998.5,     323.44,     254.3,     88.1,     -178.1,     12.452,     11.57,     81.2
20,     03.11.2014 03:21:16,     -3.15,     -2.01,     221,     1.9,     3.4,     5.5,     12.2,     86.3,     998.4,     323.44,     254,     88,     -178
21,     03.11.2014 03:31:16,     -3.15,     -8.04,     218,     1.6,     3.3,     5.2,     12.2,     86,     998.3,     323.44,     254.2,     88.1,     -178.1
22,     03.11.2014 03:41:16,     -2.1,     -4.02,     220,     2.1,     3.9,     6.2,     12.2,     85.8,     998.3,     323.44,     254.2,     88,     -178
23,     03.11.2014 03:51:16,     -2.1,     -2.01,     220,     2.3,     3.6,     5.6,     12.2,     85.7,     998,     323.44,     254.2,     87.8,     -177.8
24,     03.11.2014 04:01:16,     -3.15,     -2.01,     215,     1.8,     3.7,     6.3,     12.3,     85.9,     997.8,     323.47,     253.7,     88,     -177.9
25,     03.11.2014 04:11:16,     -4.2,     -2.01,     212,     1.8,     3.7,     5.7,     12.2,     86.4,     997.6,     323.52,     253.7,     88.1,     -178.1,     12.412,     11.92,     81.2
26,     03.11.2014 04:21:16,     -2.1,     -2.01,     213,     1.7,     3.9,     6,     12.3,     86.5,     997.6,     323.52,     254.2,     87.9,     -177.9
27,     03.11.2014 04:31:16,     -4.2,     -2.01,     219,     1.6,     3.4,     5.1,     12.3,     86.5,     997.6,     323.52,     253.8,     87.9,     -178
28,     03.11.2014 04:41:16,     -3.15,     -2.01,     211,     1.8,     3.6,     5.5,     12.3,     86.1,     997.3,     323.52,     254.2,     87.9,     -177.9
29,     03.11.2014 04:51:16,     -4.2,     0,     218,     1.6,     3.8,     6.1,     12.4,     85.5,     997.1,     323.52,     253.9,     88,     -178
30,     03.11.2014 05:01:16,     -2.1,     -2.01,     216,     1.4,     4,     7.4,     12.5,     84.7,     996.9,     323.52,     73.8,     87.7,     -2.2
31,     03.11.2014 05:11:16,     -3.15,     -2.01,     217,     2.4,     4,     6,     12.5,     84.4,     996.9,     323.52,     254.4,     88.3,     -178.3,     12.399,     12.29,     81.1
32,     03.11.2014 05:21:16,     -3.15,     0,     224,     2.8,     4.7,     7.4,     12.7,     83.2,     996.9,     323.52,     254.3,     88.1,     -178
33,     03.11.2014 05:31:16,     -4.2,     -2.01,     221,     2.7,     4.8,     7.4,     12.7,     82.8,     996.8,     323.52,     75,     88.2,     -1.7
34,     03.11.2014 05:41:16,     -3.15,     0,     222,     3.2,     5.2,     8.5,     12.6,     82.6,     996.6,     323.52,     254.4,     88,     -178
35,     03.11.2014 05:51:16,     -3.15,     -2.01,     223,     1.9,     5,     8.7,     12.5,     83,     996.6,     323.52,     254.1,     87.9,     -177.9
36,     03.11.2014 06:01:16,     -3.15,     -2.01,     227,     2.3,     5.2,     9.3,     12.5,     83,     996.8,     323.52,     254.9,     88.2,     -178.3
37,     03.11.2014 06:11:16,     -3.15,     -2.01,     229,     3.2,     5,     8.3,     12.4,     83.4,     996.8,     323.52,     255.5,     87.9,     -177.9,     12.395,     12.31,     81.1
38,     03.11.2014 06:21:16,     -4.2,     -2.01,     229,     3,     5.1,     8.3,     12.3,     83.4,     996.6,     323.52,     254.3,     87.9,     -177.9
39,     03.11.2014 06:31:16,     -3.15,     -2.01,     231,     2.7,     4.7,     6.9,     12.3,     83.6,     996.6,     323.52,     75.6,     88,     -1.8
40,     03.11.2014 06:41:16,     -3.15,     0,     228,     3.1,     4.9,     7.8,     12.2,     83.4,     996.5,     323.52,     74.7,     88.1,     -1.8
41,     03.11.2014 06:51:16,     -3.15,     -2.01,     230,     2.1,     4.8,     8,     12.2,     83.5,     996.4,     323.52,     254.6,     87.7,     -177.8
42,     03.11.2014 07:01:16,     -3.15,     2.01,     228,     3.1,     4.8,     7.7,     12.2,     83.6,     996.3,     323.52,     255.1,     87.5,     -177.5
43,     03.11.2014 07:11:22,     -1.05,     4.02,     231,     2.1,     4.4,     7.6,     12.1,     83.7,     996.4,     323.52,     254.6,     87.9,     -177.9,     12.374,     12.06,     81.1
44,     03.11.2014 07:21:22,     3.15,     10.05,     230,     2.2,     5,     7.2,     12.1,     83.4,     996.5,     323.52,     254.8,     88.1,     -178.1
45,     03.11.2014 07:31:22,     11.55,     24.12,     230,     1.1,     4.4,     6.9,     12.1,     83.4,     996.5,     323.52,     254,     88,     -178
46,     03.11.2014 07:41:22,     19.95,     40.2,     225,     2.2,     4.4,     7.6,     12.1,     83.6,     996.5,     323.52,     254,     88,     -178
47,     03.11.2014 07:51:22,     17.85,     36.18,     227,     2.6,     4.4,     7,     12.1,     83.1,     996.4,     323.52,     254.6,     88.2,     -178.2
48,     03.11.2014 08:01:22,     21,     46.23,     228,     2.6,     4.2,     7,     12.2,     82.9,     996.5,     323.52,     253.9,     88.2,     -178.1
49,     03.11.2014 08:11:16,     53.55,     102.51,     224,     2.4,     4.3,     6.8,     12.3,     82.5,     996.5,     323.52,     253.9,     87.9,     -177.9,     12.900,     12.18,     81.2
50,     03.11.2014 08:21:16,     63,     122.61,     224,     2.8,     4.5,     7.2,     12.4,     82.1,     996.7,     323.52,     254.1,     88.1,     -178.1
51,     03.11.2014 08:31:16,     88.2,     156.78,     228,     2.6,     4.7,     7.6,     12.5,     81.8,     996.7,     323.52,     255.3,     88,     -178
52,     03.11.2014 08:41:16,     49.35,     102.51,     226,     3.3,     5.2,     8,     12.5,     81.5,     996.7,     323.52,     74.9,     87.9,     -2
53,     03.11.2014 08:51:16,     56.7,     120.6,     227,     2.9,     5.1,     7.7,     12.6,     81.5,     996.7,     323.52,     255.3,     88,     -178
54,     03.11.2014 09:01:16,     59.85,     124.62,     229,     2.8,     5.3,     8.3,     12.8,     80.8,     996.7,     323.52,     254.7,     88,     -178
55,     03.11.2014 09:11:16,     53.55,     112.56,     233,     2.2,     4.1,     6.4,     12.7,     81.2,     996.9,     323.52,     254,     88.1,     -178.1,     13.059,     13.08,     80.9
56,     03.11.2014 09:21:16,     53.55,     112.56,     234,     2.4,     4,     6.2,     12.8,     81,     997,     323.52,     253.9,     88.2,     -178.1
57,     03.11.2014 09:31:16,     27.3,     58.29,     234,     1.7,     3.7,     5.6,     13,     80.8,     997,     323.52,     254.2,     88,     -178
58,     03.11.2014 09:41:16,     76.65,     154.77,     236,     1.6,     3.3,     5.1,     13.1,     80.4,     997.1,     323.52,     74.6,     88.1,     -1.8
59,     03.11.2014 09:51:16,     74.55,     154.77,     253,     1.2,     4.2,     8.4,     13.6,     78.4,     997.2,     323.52,     254.8,     87.9,     -177.9
60,     03.11.2014 10:01:16,     98.7,     201,     261,     2.2,     5,     8.9,     13.8,     77.5,     997.3,     323.52,     77.1,     88,     -1.9
61,     03.11.2014 10:11:16,     106.05,     219.09,     261,     2.5,     4.7,     9.1,     13.8,     77.4,     997.1,     323.52,     75.1,     88.2,     -1.6,     13.169,     13.91,     80.6
62,     03.11.2014 10:21:16,     114.45,     235.17,     251,     2.2,     4.5,     7.4,     13.8,     77.3,     997.2,     323.52,     254.4,     88.3,     -178.3
63,     03.11.2014 10:31:16,     134.4,     279.39,     251,     0.6,     4.4,     8.3,     13.8,     75.4,     997,     323.52,     254.3,     88,     -178
64,     03.11.2014 10:41:16,     79.8,     164.82,     263,     1.6,     4.9,     8,     13.9,     74.5,     997.2,     323.52,     254.4,     87.6,     -177.7
65,     03.11.2014 10:51:16,     170.1,     377.88,     249,     0.9,     3.9,     6.5,     13.9,     74.5,     997,     323.52,     254,     87.8,     -177.8
66,     03.11.2014 11:01:16,     301.35,     578.88,     239,     1.8,     3.6,     6.2,     14,     74.8,     997,     323.52,     254.4,     88,     -178
67,     03.11.2014 11:11:16,     206.85,     414.06,     246,     2.2,     3.9,     5.9,     14.1,     72.4,     996.8,     323.52,     254.4,     88,     -178,     14.125,     14.96,     80.3
68,     03.11.2014 11:21:16,     136.5,     279.39,     240,     2,     4.2,     6.9,     14.2,     70.5,     996.6,     323.52,     74.7,     87.9,     -1.9
69,     03.11.2014 11:31:16,     161.7,     333.66,     247,     2.2,     4.2,     7.6,     14.3,     70.3,     996.6,     323.52,     75.4,     88,     -1.9
70,     03.11.2014 11:41:16,     327.6,     637.17,     248,     2.1,     4.6,     7.8,     14.5,     67.3,     996.6,     323.52,     75.6,     88,     -2
71,     03.11.2014 11:51:16,     347.55,     669.33,     259,     1.7,     4.8,     8.2,     14.8,     66.2,     996.5,     323.52,     75.5,     87.9,     -2.1
72,     03.11.2014 12:01:16,     333.9,     641.19,     260,     2.3,     5.8,     9.2,     14.9,     65.2,     996.4,     323.52,     254.6,     87.7,     -177.8
73,     03.11.2014 12:11:16,     295.05,     558.78,     255,     2.1,     6.4,     11.2,     15,     65.7,     996.3,     323.52,     75.1,     87.7,     -2.2,     13.389,     16.63,     79.5
74,     03.11.2014 12:21:16,     189,     387.93,     251,     1.7,     5.6,     8.7,     15,     65.8,     996.3,     323.52,     76.7,     87.9,     -2
75,     03.11.2014 12:31:16,     197.4,     399.99,     263,     2.2,     4.5,     8.5,     14.8,     67.5,     996.2,     323.52,     74.7,     88,     -1.9
76,     03.11.2014 12:41:16,     143.85,     303.51,     256,     2.2,     4,     7.3,     14.9,     67.8,     996.2,     323.52,     254.5,     88,     -178
77,     03.11.2014 12:51:16,     123.9,     261.3,     243,     1.3,     3.4,     6.2,     15,     68.8,     995.9,     323.52,     74.7,     88,     -2
78,     03.11.2014 13:01:16,     144.9,     299.49,     238,     1.7,     4.6,     7.5,     15,     68.9,     995.8,     323.52,     74.8,     88,     -1.9
79,     03.11.2014 13:11:16,     127.05,     261.3,     229,     2.2,     4.6,     7.1,     14.9,     69.8,     995.8,     323.52,     75.4,     87.9,     -2,     13.476,     16.61,     79.7
80,     03.11.2014 13:21:16,     120.75,     249.24,     230,     2.3,     4,     6.6,     14.9,     71.1,     995.7,     323.52,     74.3,     87.9,     -2
81,     03.11.2014 13:31:16,     160.65,     321.6,     234,     2.1,     4,     5.9,     14.9,     71.5,     995.5,     323.52,     74.3,     88,     -1.9
82,     03.11.2014 13:41:16,     127.05,     259.29,     229,     1.7,     3.7,     6,     15,     72.4,     995.4,     323.52,     75.1,     88,     -1.9
83,     03.11.2014 13:51:16,     110.25,     227.13,     229,     2.6,     4.5,     7.1,     15,     72.2,     995.2,     323.52,     253.9,     88,     -178
84,     03.11.2014 14:01:16,     94.5,     194.97,     223,     2.3,     4.2,     6.6,     15,     72.8,     995.1,     323.52,     74.4,     88,     -1.9
85,     03.11.2014 14:11:16,     87.15,     178.89,     225,     2.3,     4.5,     8.3,     15.1,     73,     995.1,     323.52,     74.8,     88,     -1.8,     13.597,     16.15,     80.0
86,     03.11.2014 14:21:16,     94.5,     194.97,     225,     1.8,     4.1,     6.6,     15.1,     74,     995,     323.52,     74.4,     87.9,     -2
87,     03.11.2014 14:31:16,     115.5,     237.18,     221,     2.4,     4.4,     8.5,     15.1,     73.9,     994.7,     323.52,     74.6,     88.1,     -1.8
88,     03.11.2014 14:41:16,     66.15,     138.69,     223,     2.4,     5,     8.6,     15.2,     73.2,     994.7,     323.52,     254.2,     88,     -178
89,     03.11.2014 14:51:16,     52.5,     110.55,     224,     2.9,     4.8,     7.3,     15.1,     73.3,     994.6,     323.52,     75.6,     88,     -1.9
90,     03.11.2014 15:01:16,     48.3,     102.51,     228,     2.9,     5,     7.7,     15.2,     73.2,     994.5,     323.52,     75.2,     88.3,     -1.6
91,     03.11.2014 15:11:17,     33.6,     72.36,     224,     2.6,     4.9,     8,     15.1,     73,     994.3,     323.52,     254.9,     87.7,     -177.7,     13.646,     15.81,     80.1
92,     03.11.2014 15:21:17,     53.55,     104.52,     224,     3,     5.1,     8.5,     15.2,     72.3,     994.2,     323.52,     74.9,     88,     -1.9
93,     03.11.2014 15:31:17,     65.1,     126.63,     225,     2.4,     4.9,     7.7,     15.1,     72,     994.1,     323.52,     74.8,     87.8,     -2
94,     03.11.2014 15:41:17,     39.9,     82.41,     220,     2.8,     5.1,     7.7,     15.1,     71.7,     993.9,     323.52,     74.3,     88.3,     -1.6
95,     03.11.2014 15:51:17,     32.55,     62.31,     221,     3,     4.9,     7.8,     15.1,     71.4,     993.8,     323.52,     75.3,     88,     -1.9
96,     03.11.2014 16:01:17,     16.8,     32.16,     225,     2.9,     5.7,     9.2,     15.1,     71.1,     993.8,     323.52,     255.3,     88.1,     -178.1
97,     03.11.2014 16:11:16,     9.45,     22.11,     230,     3.1,     5.2,     8,     15,     71.2,     994,     323.52,     76.3,     88.2,     -1.8,     12.809,     15.43,     80.2
98,     03.11.2014 16:21:16,     4.2,     10.05,     225,     2.7,     4.5,     7.1,     15,     71,     993.7,     323.52,     254.4,     88,     -177.9
99,     03.11.2014 16:31:16,     -1.05,     2.01,     225,     2.8,     5.4,     8.4,     15,     70.3,     993.7,     323.52,     75.2,     88,     -1.9
100,     03.11.2014 16:41:16,     -2.1,     2.01,     224,     2.9,     5,     8.8,     14.9,     70,     993.6,     323.52,     254.5,     88,     -178
101,     03.11.2014 16:51:16,     -1.05,     0,     224,     3.3,     5.4,     8.9,     14.9,     70.1,     993.6,     323.52,     255.6,     88.1,     -178.1
102,     03.11.2014 17:01:16,     -2.1,     -2.01,     225,     2.6,     5.2,     7.3,     14.9,     70.2,     993.6,     323.52,     255.2,     88,     -178
103,     03.11.2014 17:11:16,     -4.2,     -2.01,     224,     2.7,     5,     7.4,     14.8,     71.3,     993.6,     323.52,     75.6,     87.9,     -2,     12.688,     14.97,     80.3
104,     03.11.2014 17:21:16,     -4.2,     -2.01,     224,     3,     4.9,     7.4,     14.6,     72.2,     993.6,     323.52,     254.9,     87.9,     -177.9
105,     03.11.2014 17:31:16,     -4.2,     -2.01,     222,     2.7,     4.4,     7.5,     14.5,     73,     993.6,     323.52,     254.1,     88,     -178
106,     03.11.2014 17:41:16,     -3.15,     0,     219,     2.5,     3.9,     6.7,     14.4,     73.8,     993.5,     323.52,     74.3,     88,     -1.9
107,     03.11.2014 17:51:16,     -4.2,     0,     215,     2.4,     3.9,     5.9,     14.1,     75.1,     993.4,     323.52,     255.1,     87.9,     -177.9
108,     03.11.2014 18:01:16,     -5.25,     -2.01,     217,     2,     3.7,     5.7,     14.1,     75.3,     993.3,     323.52,     253.7,     88,     -178
109,     03.11.2014 18:11:16,     -5.25,     -2.01,     215,     1.4,     3.7,     6.1,     14,     75.3,     993.2,     323.52,     254.7,     88,     -178,     12.639,     14.02,     80.6
110,     03.11.2014 18:21:16,     -4.2,     -2.01,     216,     2.2,     4,     6.4,     14,     75,     993.2,     323.52,     74.1,     87.8,     -2.1
111,     03.11.2014 18:31:16,     -5.25,     -2.01,     217,     2.2,     3.7,     7,     14,     74.5,     993.3,     323.52,     254.4,     87.9,     -177.9
112,     03.11.2014 18:41:16,     -5.25,     -2.01,     217,     1.9,     4.5,     6.7,     14.3,     72.5,     993.3,     323.52,     254.5,     88,     -178
113,     03.11.2014 18:51:16,     -5.25,     -2.01,     219,     2.1,     4.4,     7.3,     14.3,     71.9,     993.1,     323.52,     254.1,     88,     -178
114,     03.11.2014 19:01:16,     -5.25,     -2.01,     219,     2.4,     4.3,     6.1,     14.1,     72.3,     993.2,     323.52,     254.5,     87.9,     -177.9
115,     03.11.2014 19:11:17,     -5.25,     -4.02,     212,     1.8,     4.1,     6.8,     13.8,     73.8,     993,     323.52,     253.9,     88,     -178,     12.616,     13.55,     80.9
116,     03.11.2014 19:21:17,     -5.25,     -2.01,     212,     2.4,     4.2,     6.3,     13.7,     75,     992.9,     323.52,     253.5,     87.8,     -177.8
117,     03.11.2014 19:31:17,     -4.2,     -4.02,     214,     2.1,     4.2,     6.5,     13.6,     75.6,     992.7,     323.52,     254.2,     88.1,     -178.1
118,     03.11.2014 19:41:17,     -3.15,     -2.01,     216,     2.6,     4.7,     7.2,     13.7,     76,     992.7,     323.52,     74,     87.8,     -2.1
119,     03.11.2014 19:51:17,     -4.2,     -2.01,     215,     2.6,     4.8,     7.9,     13.7,     77.1,     992.7,     323.52,     255.2,     87.9,     -177.9
120,     03.11.2014 20:01:17,     -3.15,     -2.01,     217,     2.7,     4.9,     7.7,     13.6,     78.1,     992.7,     323.52,     253.7,     87.9,     -177.9
121,     03.11.2014 20:11:16,     -4.2,     -2.01,     215,     2.8,     4.9,     7.7,     13.6,     78.2,     992.6,     323.52,     74.9,     88,     -1.9,     12.599,     13.39,     80.9
122,     03.11.2014 20:21:16,     -3.15,     -4.02,     214,     3.3,     5.4,     8.9,     13.7,     77.8,     992.4,     323.52,     254,     88.3,     -178.3
123,     03.11.2014 20:31:16,     -3.15,     -2.01,     213,     2.9,     5.3,     7.9,     13.6,     77.7,     992.3,     323.52,     254.5,     87.8,     -177.8
124,     03.11.2014 20:41:16,     -4.2,     -2.01,     218,     2.8,     4.5,     6.9,     13.4,     78.2,     992.3,     323.52,     254.4,     88,     -178
125,     03.11.2014 20:51:16,     -4.2,     0,     217,     2.9,     4.7,     7.6,     13.3,     78.1,     992.1,     323.52,     74.3,     87.9,     -2
126,     03.11.2014 21:01:16,     -3.15,     -2.01,     217,     2.5,     4.2,     6.3,     13.2,     78.5,     992,     323.52,     254.6,     87.9,     -178
127,     03.11.2014 21:11:17,     -2.1,     -2.01,     213,     3.4,     5,     7,     13.2,     77.8,     991.9,     323.52,     74.4,     88.1,     -1.8,     12.573,     13.15,     80.9
128,     03.11.2014 21:21:17,     -3.15,     -2.01,     212,     2.9,     4.8,     7.3,     13.2,     78.2,     992,     323.52,     254.6,     87.9,     -177.9
129,     03.11.2014 21:31:17,     -4.2,     -2.01,     211,     3.1,     5.2,     7.8,     13.2,     77.5,     991.8,     323.52,     253.6,     88.2,     -178.3
130,     03.11.2014 21:41:17,     -3.15,     2.01,     208,     3,     5,     7.3,     13.1,     77.9,     991.6,     323.52,     255.2,     88.2,     -178.2
131,     03.11.2014 21:51:17,     -4.2,     0,     212,     2.9,     4.9,     7.8,     13.1,     77.4,     991.5,     323.52,     74.2,     88,     -1.9
132,     03.11.2014 22:01:17,     -4.2,     -2.01,     212,     2.4,     4.4,     7.2,     13.1,     77.3,     991.4,     323.52,     74.7,     88.3,     -1.5
133,     03.11.2014 22:11:16,     -4.2,     0,     218,     2.4,     4.6,     7.2,     13.1,     76.9,     991.3,     323.52,     254.4,     87.6,     -177.6,     12.560,     12.87,     81.0
134,     03.11.2014 22:21:16,     -5.25,     -2.01,     215,     2.9,     5.1,     7.7,     13.2,     75.9,     991.1,     323.52,     252.8,     88.1,     -178.1
135,     03.11.2014 22:31:16,     -4.2,     -4.02,     216,     2.3,     4.7,     7.3,     13.2,     75.1,     991,     323.52,     254.5,     88.1,     -178.1
136,     03.11.2014 22:41:16,     -4.2,     -2.01,     218,     2.7,     4.6,     7.3,     13.2,     75,     991,     323.52,     254.4,     87.9,     -177.9
137,     03.11.2014 22:51:16,     -4.2,     -2.01,     216,     2.8,     4.5,     7.1,     13.2,     74.6,     991,     323.52,     253.6,     87.7,     -177.7
138,     03.11.2014 23:01:16,     -4.2,     -2.01,     212,     2.8,     4.7,     7.5,     13,     74.4,     990.8,     323.52,     74.2,     88,     -1.9
139,     03.11.2014 23:11:17,     -3.15,     -2.01,     212,     2.7,     4.9,     6.9,     13,     74.3,     990.7,     323.52,     254.9,     88,     -178,     12.527,     12.72,     81.1
140,     03.11.2014 23:21:17,     -2.1,     -2.01,     214,     3,     5.6,     9.3,     13,     73.7,     990.3,     323.52,     255.4,     88.1,     -178.1
141,     03.11.2014 23:31:17,     -3.15,     -4.02,     215,     3.6,     5.7,     9.3,     12.9,     74.2,     990.4,     323.52,     254.9,     88,     -178
142,     03.11.2014 23:41:17,     -4.2,     -4.02,     218,     3.3,     5.7,     8.9,     12.8,     73.9,     990.5,     323.52,     254.9,     88.2,     -178.2
143,     03.11.2014 23:51:17,     -3.15,     -2.01,     218,     2.7,     5.1,     8.3,     12.7,     74.5,     990.4,     323.52,     254.8,     88.1,     -178
144,     04.11.2014 00:01:17,     -4.2,     -2.01,     221,     3.2,     5.3,     8.9,     12.7,     74.1,     990.4,     323.52,     75.4,     87.9,     -2,     12.357,     12.69,     81.0