Logger: #D10248 'TSK_Meteo' - USP_EXP2 (V2.10, Jan 24 2012)
No,     Time,     #1:W/m²:0,     #2:ÂµMol:(do.),     #5:deg:2,     #6:m/sMIN:(do.),     #7:m/sMIT:(do.),     #8:m/sMAX:(do.),     #9:Â°C:(do.),     #10:%:(do.),     #11:hPa:(do.),     #12:mm:(do.),     #14:AZ:3,     #15:EL:(do.),     #16:Roll:(do.),     #HK-Bat:V,     #HK-Temp:oC,     #HK-rH:%
(GSM Transfer OK / Signal:15)
1,     04.12.2014 00:11:16,     -1.05,     -2.01,     90,     0.9,     1.7,     2.8,     -1.1,     86,     1016.8,     330.94,     252.8,     87.8,     -177.8,     12.406,     0.38,     85.0
2,     04.12.2014 00:21:16,     -1.05,     -2.01,     97,     0.5,     1.8,     2.9,     -1.2,     86.1,     1016.9,     330.94,     252.7,     87.9,     -177.9
3,     04.12.2014 00:31:16,     -2.1,     -2.01,     92,     0.5,     1.6,     2.7,     -1.1,     86.3,     1016.8,     330.94,     252.5,     88,     -178
4,     04.12.2014 00:41:16,     -1.05,     -2.01,     90,     0.3,     1.6,     2.6,     -1,     86.9,     1016.8,     330.94,     252.8,     87.9,     -177.9
5,     04.12.2014 00:51:16,     -1.05,     0,     75,     0.5,     1.6,     2.9,     -1,     87.2,     1016.7,     330.94,     252.5,     87.8,     -177.8
6,     04.12.2014 01:01:16,     0,     0,     73,     0.7,     1.7,     2.9,     -1.1,     88.1,     1016.7,     330.94,     252.7,     87.9,     -177.8
7,     04.12.2014 01:11:16,     -1.05,     -2.01,     83,     0.5,     1.7,     3.1,     -1.2,     88.1,     1016.6,     330.94,     252.7,     87.9,     -177.9,     13.835,     -0.03,     86.9
8,     04.12.2014 01:21:16,     -1.05,     0,     80,     0.3,     1.8,     3.9,     -1.2,     89,     1016.6,     330.94,     252.6,     88,     -178
9,     04.12.2014 01:31:16,     -2.1,     -4.02,     77,     0.3,     1.6,     3.1,     -1.2,     89.5,     1016.5,     330.94,     252.7,     87.9,     -177.9
10,     04.12.2014 01:41:16,     -1.05,     0,     89,     0.1,     1.4,     2.6,     -1.3,     89.3,     1016.5,     330.94,     252.6,     87.8,     -177.8
11,     04.12.2014 01:51:16,     -2.1,     -4.02,     89,     0.2,     1.4,     2.3,     -1.3,     89.8,     1016.5,     330.94,     252.7,     88,     -178
12,     04.12.2014 02:01:16,     0,     0,     80,     0.2,     1.2,     2.2,     -1.2,     90,     1016.4,     330.94,     252.5,     88,     -178
13,     04.12.2014 02:11:16,     -2.1,     -4.02,     91,     0.4,     1.3,     2.3,     -1.1,     89.5,     1016.3,     330.94,     252.7,     88,     -178,     12.554,     -0.21,     87.0
14,     04.12.2014 02:21:16,     -1.05,     0,     84,     0.5,     1.4,     2.3,     -1,     89.5,     1016.2,     330.94,     252.5,     87.9,     -177.9
15,     04.12.2014 02:31:16,     -1.05,     -2.01,     101,     0.2,     1.4,     2.3,     -1,     89.1,     1016.2,     330.94,     252.8,     87.9,     -177.9
16,     04.12.2014 02:41:16,     -1.05,     -4.02,     102,     0.4,     1.2,     2.1,     -0.9,     88.8,     1016.2,     330.94,     252.8,     87.9,     -177.9
17,     04.12.2014 02:51:16,     -1.05,     -2.01,     108,     0.2,     1,     2.2,     -0.8,     88.3,     1016.1,     330.94,     252.8,     87.9,     -177.9
18,     04.12.2014 03:01:16,     -1.05,     -2.01,     98,     0.1,     1.4,     2.7,     -0.8,     87.7,     1016,     330.94,     252.7,     87.9,     -177.9
19,     04.12.2014 03:11:17,     -1.05,     -2.01,     99,     0.7,     1.6,     2.5,     -0.8,     87.9,     1015.9,     330.94,     252.7,     87.9,     -177.9,     12.438,     0.03,     87.0
20,     04.12.2014 03:21:17,     -1.05,     -2.01,     102,     0.7,     1.4,     2.4,     -0.7,     87.6,     1015.9,     330.94,     253,     87.8,     -177.8
21,     04.12.2014 03:31:17,     -1.05,     0,     101,     0.4,     1.2,     2.2,     -0.7,     87.7,     1016,     330.94,     252.8,     87.9,     -177.9
22,     04.12.2014 03:41:17,     -1.05,     -2.01,     104,     0.3,     1.3,     2.6,     -0.7,     87.5,     1016,     330.94,     252.7,     88,     -178
23,     04.12.2014 03:51:17,     0,     -2.01,     98,     0.2,     1.2,     2.3,     -0.6,     87.1,     1015.9,     330.94,     252.8,     87.9,     -177.9
24,     04.12.2014 04:01:17,     -1.05,     0,     99,     0.9,     1.6,     2.7,     -0.6,     87.3,     1015.9,     330.94,     252.8,     87.9,     -177.9
25,     04.12.2014 04:11:16,     -1.05,     -2.01,     96,     0.6,     1.6,     2.9,     -0.6,     87.3,     1015.7,     330.94,     252.6,     87.9,     -177.9,     12.393,     0.30,     86.9
26,     04.12.2014 04:21:16,     -2.1,     -6.03,     96,     0.5,     1.6,     2.6,     -0.5,     87.5,     1015.7,     330.94,     252.7,     88,     -178
27,     04.12.2014 04:31:16,     -1.05,     -2.01,     91,     0.3,     1.6,     2.9,     -0.6,     87,     1015.7,     330.94,     252.7,     87.9,     -177.9
28,     04.12.2014 04:41:16,     0,     -2.01,     97,     0.7,     1.9,     3,     -0.5,     86.9,     1015.6,     330.94,     252.7,     87.9,     -177.9
29,     04.12.2014 04:51:16,     -2.1,     -4.02,     105,     0.7,     1.5,     3,     -0.5,     87.1,     1015.6,     330.94,     252.7,     88,     -178
30,     04.12.2014 05:01:16,     0,     -2.01,     103,     0.6,     1.6,     2.8,     -0.5,     86.8,     1015.6,     330.94,     252.8,     87.9,     -177.9
31,     04.12.2014 05:11:17,     -1.05,     0,     102,     0.7,     1.8,     3.2,     -0.4,     86.9,     1015.5,     330.94,     252.4,     87.9,     -177.9,     12.382,     0.47,     86.9
32,     04.12.2014 05:21:17,     0,     0,     96,     1.1,     2.2,     3.2,     -0.5,     86.9,     1015.3,     330.94,     252.6,     87.9,     -177.9
33,     04.12.2014 05:31:17,     -1.05,     0,     97,     0.4,     1.8,     3.3,     -0.4,     86.9,     1015.3,     330.94,     252.8,     88,     -178
34,     04.12.2014 05:41:17,     -2.1,     -2.01,     111,     0.5,     1.6,     3.4,     -0.4,     86.3,     1015,     330.94,     252.8,     87.9,     -177.9
35,     04.12.2014 05:51:17,     0,     0,     106,     0.7,     1.6,     2.8,     -0.3,     86.1,     1015,     330.94,     252.6,     87.8,     -177.8
36,     04.12.2014 06:01:17,     0,     0,     109,     0.4,     1.8,     3.5,     -0.3,     86.2,     1015,     330.94,     252.7,     87.9,     -177.9
37,     04.12.2014 06:11:16,     -2.1,     -4.02,     97,     0.3,     1.9,     3.9,     -0.3,     85.8,     1014.9,     330.94,     252.5,     87.9,     -177.9,     12.391,     0.63,     86.9
38,     04.12.2014 06:21:16,     -1.05,     -2.01,     91,     1.2,     2.4,     4.2,     -0.3,     86,     1014.8,     330.94,     252.5,     87.8,     -177.8
39,     04.12.2014 06:31:16,     1.05,     0,     85,     0.8,     2.2,     3.8,     -0.4,     85.7,     1014.7,     330.94,     252.3,     87.8,     -177.7
40,     04.12.2014 06:41:16,     -1.05,     -2.01,     99,     0.9,     2.5,     4.1,     -0.3,     86.1,     1014.7,     330.94,     252.6,     87.8,     -177.8
41,     04.12.2014 06:51:16,     -1.05,     -2.01,     101,     0.9,     2.4,     4.1,     -0.3,     85.9,     1014.6,     330.94,     252.3,     88,     -178
42,     04.12.2014 07:01:16,     0,     2.01,     103,     0.6,     2,     4.7,     -0.2,     86.1,     1014.8,     330.94,     252.1,     87.9,     -177.9
43,     04.12.2014 07:11:17,     -1.05,     0,     104,     0.6,     1.9,     3.3,     -0.2,     85.7,     1014.7,     330.94,     252.8,     87.8,     -177.8,     12.730,     0.72,     86.8
44,     04.12.2014 07:21:17,     -2.1,     -2.01,     107,     0.5,     1.9,     3.7,     -0.1,     85.2,     1014.8,     330.94,     252.8,     87.9,     -177.9
45,     04.12.2014 07:31:17,     -1.05,     -2.01,     100,     0.4,     2,     4,     -0.1,     85.2,     1014.7,     330.94,     252.8,     87.9,     -177.9
46,     04.12.2014 07:41:17,     -1.05,     0,     104,     0.3,     1.9,     3.5,     -0.1,     84.9,     1014.7,     330.94,     252.8,     87.9,     -177.9
47,     04.12.2014 07:51:17,     -1.05,     0,     115,     0.6,     1.9,     4.1,     -0.1,     85,     1014.8,     330.94,     252.8,     88,     -177.9
48,     04.12.2014 08:01:17,     -2.1,     2.01,     114,     0.7,     1.9,     4.6,     0,     85.5,     1014.7,     330.94,     252.9,     87.9,     -177.9
49,     04.12.2014 08:11:16,     2.1,     6.03,     117,     0.9,     2.3,     4.7,     0,     85.6,     1014.8,     330.94,     252.9,     87.9,     -177.9,     12.482,     0.87,     86.8
50,     04.12.2014 08:21:16,     3.15,     8.04,     116,     0.9,     2.1,     3.9,     0,     85.3,     1014.8,     330.94,     252.6,     87.9,     -177.9
51,     04.12.2014 08:31:16,     6.3,     14.07,     120,     0.5,     1.9,     3.5,     0,     84.9,     1014.9,     330.94,     252.9,     87.9,     -177.9
52,     04.12.2014 08:41:16,     8.4,     16.08,     120,     0.5,     1.9,     3.8,     0.1,     85.2,     1014.9,     330.94,     252.4,     87.9,     -177.9
53,     04.12.2014 08:51:16,     13.65,     28.14,     113,     0.9,     2.1,     3.7,     0,     84.8,     1014.8,     330.94,     252.4,     88,     -178
54,     04.12.2014 09:01:16,     19.95,     38.19,     113,     0.6,     2.1,     4.8,     0.1,     84.9,     1014.8,     330.94,     252.7,     87.9,     -177.8
55,     04.12.2014 09:11:16,     23.1,     46.23,     110,     0.8,     2,     3.8,     0.2,     84.4,     1014.8,     330.94,     252.9,     87.8,     -177.8,     12.514,     1.15,     86.9
56,     04.12.2014 09:21:16,     22.05,     44.22,     111,     0.7,     2,     3.5,     0.2,     83.8,     1014.8,     330.94,     253.1,     87.9,     -177.9
57,     04.12.2014 09:31:16,     15.75,     34.17,     104,     1.1,     2.4,     3.9,     0.3,     83.6,     1014.8,     330.94,     252.9,     87.9,     -177.8
58,     04.12.2014 09:41:16,     38.85,     78.39,     112,     0.3,     2.5,     4.9,     0.3,     83.4,     1014.6,     330.94,     252.2,     87.9,     -177.9
59,     04.12.2014 09:51:16,     45.15,     88.44,     112,     0.4,     2.1,     4.5,     0.5,     83.9,     1014.6,     330.94,     252.7,     87.9,     -177.9
60,     04.12.2014 10:01:16,     48.3,     102.51,     115,     1.1,     2.3,     5.1,     0.6,     83.7,     1014.5,     330.94,     252.6,     87.9,     -177.9
61,     04.12.2014 10:11:17,     55.65,     116.58,     113,     0.9,     2.3,     4.2,     0.7,     83.2,     1014.4,     330.94,     72.8,     88,     -1.9,     12.845,     1.75,     86.7
62,     04.12.2014 10:21:17,     61.95,     122.61,     118,     0.8,     2.4,     4.9,     0.8,     82.4,     1014.4,     330.94,     252.4,     87.9,     -177.9
63,     04.12.2014 10:31:17,     58.8,     120.6,     120,     1.2,     2.9,     5.2,     0.9,     82.6,     1014.4,     330.94,     251.9,     88,     -178
64,     04.12.2014 10:41:17,     54.6,     114.57,     129,     0.7,     1.9,     4.5,     1,     81.8,     1014.4,     330.94,     253.1,     87.8,     -177.9
65,     04.12.2014 10:51:17,     57.75,     116.58,     135,     0.6,     2.6,     4.7,     1.2,     82,     1014.4,     330.94,     253.1,     87.9,     -177.9
66,     04.12.2014 11:01:17,     54.6,     114.57,     134,     1.1,     2.7,     5.6,     1.2,     81.4,     1014.3,     330.94,     252.8,     88,     -178
67,     04.12.2014 11:11:17,     60.9,     124.62,     126,     0.6,     2.4,     4.8,     1.2,     81.2,     1014,     330.94,     252.7,     87.9,     -177.9,     13.139,     2.57,     86.4
68,     04.12.2014 11:21:17,     55.65,     112.56,     116,     0.6,     2.3,     4.2,     1.3,     80.9,     1013.9,     330.94,     252.7,     87.9,     -178
69,     04.12.2014 11:31:17,     53.55,     108.54,     125,     0.3,     2.1,     5.4,     1.4,     81,     1013.9,     330.94,     252.4,     87.9,     -177.9
70,     04.12.2014 11:41:17,     45.15,     92.46,     124,     0.5,     2.3,     4.6,     1.5,     80.4,     1013.7,     330.94,     252.9,     87.8,     -177.8
71,     04.12.2014 11:51:17,     31.5,     68.34,     119,     0.6,     2.3,     4.8,     1.6,     80.5,     1013.6,     330.94,     252.9,     87.9,     -177.9
72,     04.12.2014 12:01:17,     24.15,     52.26,     120,     0.7,     2,     3.5,     1.6,     80.7,     1013.6,     330.94,     252.6,     87.9,     -177.9
73,     04.12.2014 12:11:16,     27.3,     58.29,     120,     0.2,     1.9,     4.2,     1.7,     80.6,     1013.5,     330.94,     252.9,     88,     -177.9,     12.872,     3.07,     86.2
74,     04.12.2014 12:21:16,     26.25,     58.29,     125,     0.5,     1.7,     3.7,     1.7,     80.2,     1013.3,     330.94,     73,     87.9,     -2
75,     04.12.2014 12:31:16,     32.55,     70.35,     128,     0.6,     1.9,     3.6,     1.7,     80.1,     1013.3,     330.94,     253,     87.9,     -177.9
76,     04.12.2014 12:41:16,     30.45,     64.32,     136,     0.8,     2.4,     5.2,     1.7,     79.9,     1013.2,     330.94,     252.7,     87.9,     -177.9
77,     04.12.2014 12:51:16,     38.85,     84.42,     134,     0.6,     2.4,     4.3,     1.8,     80.2,     1013.1,     330.94,     252.8,     87.9,     -177.9
78,     04.12.2014 13:01:16,     51.45,     104.52,     135,     0.8,     2.6,     4.3,     1.8,     79.8,     1013,     330.94,     72.8,     87.9,     -1.9
79,     04.12.2014 13:11:17,     74.55,     154.77,     129,     0.8,     2.6,     6.4,     1.9,     79.4,     1012.9,     330.94,     252.6,     88,     -178,     14.437,     3.27,     86.3
80,     04.12.2014 13:21:17,     98.7,     194.97,     123,     0.7,     2.6,     5,     2,     79.9,     1012.7,     330.94,     253.1,     87.9,     -177.9
81,     04.12.2014 13:31:17,     74.55,     154.77,     128,     0.7,     2.5,     4.8,     2.1,     79.5,     1012.6,     330.94,     253.1,     87.9,     -177.9
82,     04.12.2014 13:41:17,     58.8,     120.6,     127,     0.4,     2.2,     4.5,     2.1,     79,     1012.4,     330.94,     253,     87.8,     -177.9
83,     04.12.2014 13:51:17,     42,     84.42,     127,     0.6,     2.3,     4.1,     2.2,     79.3,     1012.4,     330.94,     252.9,     87.9,     -177.9
84,     04.12.2014 14:01:17,     50.4,     104.52,     134,     0.5,     2.2,     4.7,     2.3,     79,     1012.4,     330.94,     253.2,     88,     -177.9
85,     04.12.2014 14:11:16,     53.55,     104.52,     128,     0.9,     2.8,     5.4,     2.2,     78.9,     1012.1,     330.94,     252.8,     87.9,     -178,     13.205,     3.67,     86.1
86,     04.12.2014 14:21:16,     42,     84.42,     127,     0.8,     2.6,     4.5,     2.3,     79.7,     1012,     330.94,     252.4,     87.9,     -177.9
87,     04.12.2014 14:31:16,     27.3,     56.28,     124,     0.9,     2.4,     4.3,     2.3,     79.1,     1011.9,     330.94,     72.9,     88.1,     -1.9
88,     04.12.2014 14:41:16,     29.4,     60.3,     119,     1.1,     2.4,     4.9,     2.2,     79.5,     1011.7,     330.94,     252.8,     88,     -177.9
89,     04.12.2014 14:51:16,     31.5,     62.31,     125,     0.8,     2.4,     4.6,     2.2,     79.7,     1011.8,     330.94,     252.9,     87.9,     -177.9
90,     04.12.2014 15:01:16,     21,     40.2,     126,     0.8,     2.2,     4.8,     2.2,     79.7,     1011.8,     330.94,     252.3,     87.9,     -177.9
91,     04.12.2014 15:11:16,     25.2,     46.23,     133,     0.5,     2.2,     4.4,     2.2,     79.9,     1011.7,     330.94,     252.9,     87.8,     -177.9,     12.900,     3.39,     86.3
92,     04.12.2014 15:21:16,     13.65,     26.13,     128,     0.8,     2.5,     4.8,     2.2,     79.9,     1011.7,     330.94,     252.7,     88,     -177.9
93,     04.12.2014 15:31:16,     6.3,     16.08,     135,     0.6,     2.6,     4.3,     2.2,     80,     1011.7,     330.94,     253,     87.9,     -177.9
94,     04.12.2014 15:41:16,     3.15,     8.04,     138,     0.6,     2.3,     4.3,     2.2,     80.1,     1011.8,     330.94,     252.6,     88,     -178
95,     04.12.2014 15:51:16,     0,     2.01,     130,     0.8,     2.2,     4,     2.2,     80.2,     1011.7,     330.94,     252.5,     87.9,     -177.9
96,     04.12.2014 16:01:16,     -2.1,     -4.02,     136,     0.1,     2,     3.6,     2.2,     80.7,     1011.7,     330.94,     253.5,     88,     -178
97,     04.12.2014 16:11:17,     -1.05,     0,     137,     0.6,     1.9,     3.7,     2.2,     80.2,     1011.8,     330.94,     252.9,     87.9,     -177.9,     12.650,     3.13,     86.3
98,     04.12.2014 16:21:17,     -1.05,     0,     130,     0.7,     1.8,     2.9,     2.1,     80.4,     1011.7,     330.94,     253.1,     87.9,     -177.9
99,     04.12.2014 16:31:17,     -2.1,     -4.02,     130,     0.4,     1.9,     3.5,     2.1,     80.6,     1011.6,     330.94,     253.1,     87.9,     -177.8
100,     04.12.2014 16:41:17,     -3.15,     -2.01,     125,     0.5,     1.8,     3.6,     2,     81,     1011.5,     330.94,     252.8,     87.9,     -177.9
101,     04.12.2014 16:51:17,     -2.1,     -2.01,     133,     0.5,     1.8,     4,     2,     81.1,     1011.5,     330.94,     252.8,     88,     -177.9
102,     04.12.2014 17:01:17,     -2.1,     -2.01,     136,     0.2,     1.7,     3.4,     2.1,     81.3,     1011.5,     330.94,     252.9,     87.9,     -177.9
103,     04.12.2014 17:11:16,     -2.1,     0,     140,     0.3,     1.6,     3,     2.1,     80.8,     1011.6,     330.94,     252.9,     87.9,     -177.9,     12.732,     2.66,     86.5
104,     04.12.2014 17:21:16,     0,     -2.01,     137,     1.1,     1.9,     3.1,     2,     80.9,     1011.5,     330.94,     252.9,     87.9,     -177.9
105,     04.12.2014 17:31:16,     -2.1,     -2.01,     136,     0.3,     1.6,     3.6,     2,     82.2,     1011.4,     330.94,     252.7,     88,     -177.9
106,     04.12.2014 17:41:16,     -2.1,     -2.01,     138,     0.3,     1.4,     3.9,     2,     82.1,     1011.5,     330.94,     252.9,     87.8,     -177.9
107,     04.12.2014 17:51:16,     -2.1,     -2.01,     130,     0.2,     1.4,     2.6,     1.9,     81.9,     1011.4,     330.94,     252.9,     87.8,     -177.8
108,     04.12.2014 18:01:16,     -3.15,     -2.01,     126,     0.3,     1.5,     3.2,     1.9,     82.1,     1011.4,     330.94,     252.8,     87.9,     -177.9
109,     04.12.2014 18:11:16,     -1.05,     4.02,     133,     0.5,     1.3,     2.7,     1.8,     82.2,     1011.3,     330.94,     252.9,     88,     -178,     12.588,     2.37,     86.5
110,     04.12.2014 18:21:16,     -2.1,     0,     136,     0.5,     1.5,     2.6,     1.8,     82.9,     1011.3,     330.94,     252.9,     87.9,     -177.9
111,     04.12.2014 18:31:16,     -3.15,     -2.01,     128,     0.4,     1.4,     3.3,     1.7,     83.5,     1011.2,     330.94,     252.4,     87.9,     -177.9
112,     04.12.2014 18:41:16,     -3.15,     0,     123,     0.3,     1.3,     3.1,     1.6,     83.6,     1011.1,     330.94,     252.4,     87.8,     -177.8
113,     04.12.2014 18:51:16,     -4.2,     -2.01,     118,     0.1,     1,     3.1,     1.5,     83.7,     1011.1,     330.94,     252.9,     88,     -178
114,     04.12.2014 19:01:16,     -4.2,     -2.01,     106,     0.3,     0.9,     1.7,     1.4,     84,     1011.1,     330.94,     252.9,     88,     -178
115,     04.12.2014 19:11:16,     -5.25,     -6.03,     113,     0,     0.8,     1.5,     1.4,     84.9,     1011.1,     330.94,     252.9,     87.9,     -177.9,     12.535,     1.39,     86.7
116,     04.12.2014 19:21:16,     -3.15,     -2.01,     103,     0,     0.8,     1.8,     1.3,     84.5,     1011.1,     330.94,     252.8,     87.9,     -177.9
117,     04.12.2014 19:31:16,     -2.1,     0,     91,     0,     0.8,     1.5,     1.3,     85.2,     1011.1,     330.94,     252.9,     88,     -178
118,     04.12.2014 19:41:16,     -2.1,     -2.01,     96,     0.1,     1,     2.2,     1.4,     85,     1011.1,     330.94,     253,     87.9,     -177.9
119,     04.12.2014 19:51:16,     -1.05,     0,     101,     0.1,     1.1,     2.2,     1.5,     84.3,     1011.1,     330.94,     252.9,     87.9,     -177.9
120,     04.12.2014 20:01:16,     -2.1,     2.01,     105,     0,     0.8,     2.1,     1.6,     84.7,     1011.1,     330.94,     252.8,     87.9,     -177.9
121,     04.12.2014 20:11:17,     -2.1,     -2.01,     113,     0.1,     1,     2.1,     1.7,     84.2,     1011.1,     330.94,     252.8,     87.9,     -177.9,     12.499,     1.13,     87.0
122,     04.12.2014 20:21:17,     -1.05,     2.01,     119,     0.1,     1.1,     2.5,     1.7,     83.7,     1011.1,     330.94,     252.9,     88,     -177.9
123,     04.12.2014 20:31:17,     -3.15,     -2.01,     119,     0.5,     1.4,     2.8,     1.7,     83.4,     1011.1,     330.94,     252.8,     87.9,     -177.9
124,     04.12.2014 20:41:17,     -3.15,     0,     131,     0.2,     1.7,     3.5,     1.8,     83.2,     1011,     330.94,     252.7,     87.9,     -177.9
125,     04.12.2014 20:51:17,     -3.15,     -2.01,     142,     0.5,     2,     4,     1.8,     83.3,     1011,     330.94,     252.9,     87.9,     -177.9
126,     04.12.2014 21:01:17,     -2.1,     -2.01,     151,     0.5,     2,     3.5,     1.7,     82.6,     1011,     330.94,     252.7,     87.9,     -177.9
127,     04.12.2014 21:11:16,     -1.05,     0,     149,     0.6,     1.8,     3.2,     1.7,     82.7,     1011,     330.94,     252.6,     87.9,     -177.9,     12.459,     1.43,     86.9
128,     04.12.2014 21:21:16,     -2.1,     -2.01,     148,     0.2,     1.9,     3.8,     1.7,     82.8,     1011,     330.94,     253,     88,     -178
129,     04.12.2014 21:31:16,     -2.1,     -2.01,     143,     0.3,     1.7,     4.1,     1.7,     83.2,     1011,     330.94,     253,     87.9,     -177.9
130,     04.12.2014 21:41:16,     -2.1,     -2.01,     148,     0.4,     1.7,     3.8,     1.8,     83,     1011,     330.94,     252.7,     87.9,     -177.9
131,     04.12.2014 21:51:16,     -2.1,     -2.01,     148,     0.1,     1.8,     3.6,     1.7,     83.2,     1010.9,     330.94,     252.7,     87.9,     -177.9
132,     04.12.2014 22:01:16,     -3.15,     -2.01,     157,     0.4,     1.7,     3.4,     1.8,     83.2,     1011,     330.94,     252.4,     87.9,     -177.9
133,     04.12.2014 22:11:16,     -1.05,     0,     157,     0.4,     2,     3.7,     1.8,     82.6,     1010.9,     330.94,     252.8,     87.9,     -177.9,     12.446,     1.93,     86.8
134,     04.12.2014 22:21:16,     -1.05,     0,     152,     0.2,     1.8,     3.9,     1.8,     83,     1010.9,     330.94,     252.5,     87.8,     -177.8
135,     04.12.2014 22:31:16,     0,     -2.01,     157,     0.4,     1.9,     3.4,     1.9,     82.7,     1010.9,     330.94,     252.9,     87.8,     -177.8
136,     04.12.2014 22:41:16,     -2.1,     -2.01,     155,     0.5,     2,     3.9,     1.9,     82.8,     1010.8,     330.94,     252.6,     87.9,     -177.9
137,     04.12.2014 22:51:16,     -2.1,     -2.01,     158,     0.6,     2.1,     3.8,     1.8,     82.6,     1010.7,     330.94,     252.8,     87.9,     -177.9
138,     04.12.2014 23:01:16,     -3.15,     -2.01,     161,     0.6,     2.1,     3.8,     1.8,     83.1,     1010.7,     330.94,     252.6,     87.9,     -177.9
139,     04.12.2014 23:11:16,     -3.15,     -2.01,     162,     0.6,     1.9,     3.5,     1.7,     83,     1010.7,     330.94,     252.8,     88,     -178,     12.406,     2.27,     86.5
140,     04.12.2014 23:21:16,     -4.2,     -2.01,     159,     0.6,     1.9,     4.8,     1.6,     83.2,     1010.6,     330.94,     253,     87.9,     -177.9
141,     04.12.2014 23:31:16,     -4.2,     -2.01,     151,     0.5,     1.7,     2.9,     1.5,     83.3,     1010.6,     330.94,     252.9,     87.9,     -177.9
142,     04.12.2014 23:41:16,     -4.2,     0,     151,     0.4,     1.2,     2.4,     1.4,     83.9,     1010.6,     330.94,     252.9,     87.9,     -177.9
143,     04.12.2014 23:51:16,     -3.15,     0,     149,     0.4,     1.4,     2.5,     1.3,     84.2,     1010.6,     330.94,     252.8,     87.9,     -177.9
144,     05.12.2014 00:01:17,     -4.2,     -2.01,     146,     0.4,     1.4,     2.7,     1.1,     84.5,     1010.6,     330.94,     252.8,     87.9,     -177.9,     12.213,     1.55,     86.7