Logger: #D10248 'TSK_Meteo' - USP_EXP2 (V2.10, Jan 24 2012)
No,     Time,     #1:W/m²:0,     #2:ÂµMol:(do.),     #5:deg:2,     #6:m/sMIN:(do.),     #7:m/sMIT:(do.),     #8:m/sMAX:(do.),     #9:Â°C:(do.),     #10:%:(do.),     #11:hPa:(do.),     #12:mm:(do.),     #14:AZ:3,     #15:EL:(do.),     #16:Roll:(do.),     #HK-Bat:V,     #HK-Temp:oC,     #HK-rH:%
(GSM Transfer OK / Signal:17)
1,     16.09.2014 00:11:17,     -5.25,     -2.01,     81,     0.1,     1.2,     2.6,     15.4,     87.5,     1013.2,     276.78,     253.5,     88,     -178,     12.495,     15.58,     70.7
2,     16.09.2014 00:21:17,     -4.2,     -2.01,     81,     0.3,     1,     2.1,     15.3,     88.1,     1013.2,     276.78,     253.4,     88,     -178
3,     16.09.2014 00:31:17,     -4.2,     -2.01,     65,     0.2,     1.2,     2.5,     15.3,     88.1,     1013.1,     276.78,     253.4,     88,     -178
4,     16.09.2014 00:41:17,     -3.15,     0,     74,     0.1,     1.1,     1.9,     15.3,     87.9,     1013,     276.78,     253.5,     88.1,     -178.1
5,     16.09.2014 00:51:17,     -4.2,     -2.01,     77,     0.1,     0.9,     2.2,     15.2,     88.1,     1013,     276.78,     253.5,     87.9,     -177.9
6,     16.09.2014 01:01:17,     -4.2,     -2.01,     71,     0.3,     1.4,     3,     15.1,     88.3,     1013,     276.78,     253.5,     88,     -178
7,     16.09.2014 01:11:21,     -5.25,     -2.01,     78,     0.1,     1.2,     2.2,     15.1,     88.5,     1012.9,     276.78,     253.5,     88,     -178,     12.539,     14.67,     72.0
8,     16.09.2014 01:21:21,     -5.25,     -2.01,     78,     0.1,     1.2,     3,     15,     87.9,     1012.9,     276.78,     253.5,     88,     -178
9,     16.09.2014 01:31:21,     -5.25,     -2.01,     75,     0,     1.1,     2.9,     15,     88,     1012.9,     276.78,     253.5,     88,     -178
10,     16.09.2014 01:41:21,     -6.3,     -4.02,     65,     0,     1,     3.2,     14.9,     87,     1012.9,     276.78,     253.5,     87.9,     -177.9
11,     16.09.2014 01:51:21,     -5.25,     -2.01,     63,     0,     0.6,     2.7,     15,     87.1,     1013,     276.78,     253.5,     87.9,     -177.9
12,     16.09.2014 02:01:21,     -4.2,     -2.01,     49,     0.1,     1.1,     1.8,     15,     86.8,     1013,     276.78,     253.6,     87.9,     -177.9
13,     16.09.2014 02:11:23,     -5.25,     -2.01,     53,     0.3,     1,     2.2,     15,     85.9,     1013,     276.78,     253.6,     87.9,     -177.9,     12.507,     14.16,     72.2
14,     16.09.2014 02:21:23,     -5.25,     -2.01,     42,     0.3,     1.1,     2.1,     15.1,     85.6,     1013,     276.78,     253.5,     87.9,     -177.9
15,     16.09.2014 02:31:23,     -5.25,     -2.01,     44,     0,     1.3,     1.9,     15,     85.7,     1013,     276.78,     253.6,     88,     -178
16,     16.09.2014 02:41:23,     -5.25,     -2.01,     64,     0.1,     0.8,     2,     14.8,     86,     1013,     276.78,     253.5,     88,     -178
17,     16.09.2014 02:51:23,     -5.25,     -2.01,     71,     0,     0.6,     1.5,     14.7,     86.1,     1013,     276.78,     253.5,     87.9,     -177.9
18,     16.09.2014 03:01:23,     -4.2,     -4.02,     54,     0.1,     0.7,     1.7,     14.7,     85.8,     1013,     276.78,     253.6,     88.1,     -178.1
19,     16.09.2014 03:11:16,     -4.2,     -2.01,     51,     0.2,     0.9,     1.9,     14.8,     84.8,     1012.9,     276.78,     253.4,     87.9,     -177.9,     12.497,     13.83,     72.2
20,     16.09.2014 03:21:16,     -4.2,     -2.01,     55,     0.2,     1,     2.2,     14.8,     83.5,     1012.9,     276.78,     253.5,     88,     -178
21,     16.09.2014 03:31:16,     -3.15,     -2.01,     43,     0.1,     0.8,     1.6,     14.9,     84.6,     1012.9,     276.78,     253.5,     87.9,     -177.9
22,     16.09.2014 03:41:16,     -4.2,     0,     57,     0.1,     0.8,     1.5,     14.7,     84.4,     1012.9,     276.78,     253.6,     87.9,     -178
23,     16.09.2014 03:51:16,     -5.25,     -2.01,     59,     0,     0.9,     1.8,     14.7,     84.3,     1012.8,     276.78,     253.5,     87.9,     -178
24,     16.09.2014 04:01:16,     -5.25,     -2.01,     59,     0,     0.6,     1.7,     14.6,     84.8,     1012.8,     276.78,     253.5,     88,     -177.9
25,     16.09.2014 04:11:22,     -5.25,     0,     72,     0,     0.7,     2,     14.6,     85.3,     1012.8,     276.78,     253.4,     88,     -178,     12.471,     13.51,     72.3
26,     16.09.2014 04:21:22,     -5.25,     -2.01,     57,     0.2,     1.1,     2,     14.4,     84.2,     1012.8,     276.78,     253.5,     88,     -178
27,     16.09.2014 04:31:22,     -4.2,     -2.01,     67,     0,     0.7,     2.1,     14.3,     85.3,     1012.8,     276.78,     253.4,     87.9,     -177.9
28,     16.09.2014 04:41:22,     -4.2,     0,     53,     0,     0.8,     2,     14.3,     84.8,     1012.9,     276.78,     253.5,     88,     -178
29,     16.09.2014 04:51:22,     -5.25,     -2.01,     67,     0,     0.7,     2.1,     14.2,     85.1,     1012.9,     276.78,     253.5,     88,     -178
30,     16.09.2014 05:01:22,     -5.25,     -2.01,     64,     0.1,     1,     2.3,     14.2,     85,     1012.8,     276.78,     253.4,     88,     -178
31,     16.09.2014 05:11:21,     -4.2,     0,     74,     0.1,     1,     1.7,     14.2,     84.9,     1012.8,     276.78,     253.4,     88,     -178,     12.480,     13.14,     72.4
32,     16.09.2014 05:21:21,     -4.2,     -2.01,     72,     0.1,     1.1,     2.3,     14.2,     84.7,     1012.8,     276.78,     253.4,     87.9,     -177.9
33,     16.09.2014 05:31:21,     -3.15,     0,     85,     0.1,     1.2,     3,     14.2,     84.5,     1012.8,     276.78,     253.3,     88,     -178
34,     16.09.2014 05:41:21,     0,     4.02,     85,     0.1,     1.3,     3.2,     14.2,     84.7,     1012.8,     276.78,     253.6,     88,     -178
35,     16.09.2014 05:51:21,     3.15,     12.06,     81,     0.4,     1.3,     2.5,     14.1,     84.5,     1012.8,     276.78,     253.4,     88,     -178
36,     16.09.2014 06:01:21,     12.6,     30.15,     85,     0,     1.2,     2.2,     14.1,     84.8,     1012.9,     276.78,     253.4,     88.1,     -178.1
37,     16.09.2014 06:11:17,     18.9,     44.22,     88,     0.1,     1.3,     2.7,     14.1,     84,     1012.9,     276.78,     253.5,     88.1,     -178.1,     12.548,     13.15,     72.5
38,     16.09.2014 06:21:17,     31.5,     68.34,     82,     0.1,     1.2,     2.6,     14.3,     83.6,     1012.9,     276.78,     253.6,     87.9,     -177.9
39,     16.09.2014 06:31:17,     46.2,     90.45,     80,     0.1,     1.2,     2.9,     14.3,     83.1,     1013,     276.78,     253.6,     87.9,     -177.9
40,     16.09.2014 06:41:17,     69.3,     126.63,     78,     0.1,     1.1,     2.7,     14.5,     82.6,     1013.1,     276.78,     253.6,     88,     -178
41,     16.09.2014 06:51:17,     86.1,     158.79,     101,     0,     1,     2.7,     14.7,     81.8,     1013.1,     276.78,     253.5,     88,     -178.1
42,     16.09.2014 07:01:17,     106.05,     201,     97,     0,     1,     2.4,     14.8,     80.8,     1013.2,     276.78,     253.7,     88,     -178
43,     16.09.2014 07:11:22,     139.65,     259.29,     102,     0.1,     1.2,     2.8,     14.9,     80.8,     1013.2,     276.78,     253.8,     88,     -177.9,     14.314,     15.66,     72.8
44,     16.09.2014 07:21:22,     147,     273.36,     107,     0,     1.2,     2.8,     15.2,     79.4,     1013.2,     276.78,     (NO REPLY),     (NO REPLY),     (NO REPLY)
45,     16.09.2014 07:31:22,     158.55,     299.49,     123,     0.2,     1.3,     2.9,     15.4,     79,     1013.3,     276.78,     (NO REPLY),     (NO REPLY),     (NO REPLY)
46,     16.09.2014 07:41:22,     183.75,     341.7,     124,     0.1,     1.4,     3.2,     15.6,     77.4,     1013.3,     276.78,     253.7,     88,     -178
47,     16.09.2014 07:51:22,     204.75,     381.9,     131,     0.1,     1.6,     3.4,     15.8,     76.9,     1013.3,     276.78,     253.7,     88,     -178
48,     16.09.2014 08:01:22,     226.8,     428.13,     130,     0.2,     1.7,     4.6,     15.9,     76.5,     1013.2,     276.78,     253.3,     88,     -178
49,     16.09.2014 08:11:16,     245.7,     468.33,     131,     0.1,     1.7,     4,     16.1,     75.7,     1013.3,     276.78,     253.5,     88,     -178,     13.328,     19.05,     71.8
50,     16.09.2014 08:21:16,     247.8,     478.38,     136,     0,     1.3,     2.8,     16.3,     74.9,     1013.4,     276.78,     253.6,     88,     -178
51,     16.09.2014 08:31:16,     248.85,     490.44,     144,     0.1,     1.6,     3.5,     16.4,     74.1,     1013.5,     276.78,     253.6,     88,     -178
52,     16.09.2014 08:41:16,     304.5,     576.87,     142,     0.3,     1.9,     4,     16.6,     73.6,     1013.5,     276.78,     254,     87.9,     -177.9
53,     16.09.2014 08:51:16,     336,     639.18,     137,     0.3,     2,     3.5,     16.7,     73.5,     1013.5,     276.78,     253.6,     88.1,     -178.1
54,     16.09.2014 09:01:16,     286.65,     568.83,     136,     0.6,     2,     4.5,     16.9,     73.2,     1013.5,     276.78,     253.8,     88.1,     -178.1
55,     16.09.2014 09:11:16,     369.6,     707.52,     137,     0.1,     1.7,     4.7,     17.2,     72.6,     1013.5,     276.78,     253.6,     88,     -178,     13.150,     21.51,     70.7
56,     16.09.2014 09:21:16,     404.25,     775.86,     144,     0.1,     1.8,     4.1,     17.4,     73.3,     1013.5,     276.78,     253.7,     87.9,     -177.9
57,     16.09.2014 09:31:16,     429.45,     822.09,     146,     0.1,     1.7,     3.7,     17.6,     71.8,     1013.5,     276.78,     253.9,     88,     -178
58,     16.09.2014 09:41:16,     436.8,     840.18,     143,     0.1,     1.5,     3.4,     18,     71,     1013.5,     276.78,     253.5,     87.9,     -177.9
59,     16.09.2014 09:51:16,     448.35,     862.29,     134,     0.2,     1.9,     4,     18,     70.3,     1013.4,     276.78,     253.9,     88,     -178
60,     16.09.2014 10:01:16,     475.65,     918.57,     122,     0.1,     1.5,     4.3,     18.3,     70.1,     1013.4,     276.78,     253.8,     87.8,     -177.9
61,     16.09.2014 10:11:16,     488.25,     940.68,     108,     0,     2,     5.3,     18.5,     71.1,     1013.3,     276.78,     74.4,     88,     -2,     13.309,     23.29,     69.5
62,     16.09.2014 10:21:16,     491.4,     944.7,     121,     0.3,     2,     4.6,     18.6,     70.2,     1013.3,     276.78,     253.1,     88,     -178
63,     16.09.2014 10:31:16,     486.15,     946.71,     118,     0.3,     2.3,     5.6,     18.8,     69.8,     1013.2,     276.78,     253,     88,     -178
64,     16.09.2014 10:41:16,     455.7,     896.46,     120,     0.2,     2.1,     4.9,     19,     68.4,     1013.2,     276.78,     253.5,     88,     -178
65,     16.09.2014 10:51:16,     528.15,     1021.08,     134,     0.1,     2,     5.5,     19.3,     68.9,     1013.2,     276.78,     253.3,     87.9,     -177.9
66,     16.09.2014 11:01:16,     557.55,     1081.38,     137,     0.4,     2.2,     6,     19.6,     67.3,     1013.2,     276.78,     253.5,     87.9,     -177.8
67,     16.09.2014 11:11:17,     565.95,     1097.46,     136,     0.4,     2.8,     6.2,     19.8,     65.7,     1013.2,     276.78,     252.4,     87.7,     -177.8,     13.016,     24.07,     69.1
68,     16.09.2014 11:21:17,     570.15,     1109.52,     135,     0.3,     2.9,     6.9,     19.8,     65.9,     1013.1,     276.78,     73.5,     87.8,     -2.1
69,     16.09.2014 11:31:17,     544.95,     1067.31,     142,     0.4,     3,     6.4,     20,     64.7,     1013.1,     276.78,     253.2,     87.8,     -177.9
70,     16.09.2014 11:41:17,     539.7,     1055.25,     153,     0.2,     2.4,     4.9,     20.4,     64.4,     1013,     276.78,     73.9,     88,     -2
71,     16.09.2014 11:51:17,     563.85,     1093.44,     142,     0.3,     2.8,     6.4,     20.5,     64,     1012.9,     276.78,     253,     87.9,     -177.9
72,     16.09.2014 12:01:17,     556.5,     1081.38,     141,     0.2,     2.8,     6.3,     20.7,     62.1,     1012.9,     276.78,     73.3,     87.8,     -2.1
73,     16.09.2014 12:11:17,     563.85,     1095.45,     155,     0.4,     2.9,     8.9,     20.9,     62.1,     1012.9,     276.78,     74.3,     88.2,     -1.7,     13.035,     24.85,     68.9
74,     16.09.2014 12:21:17,     549.15,     1071.33,     143,     1.1,     3,     5.5,     20.9,     62,     1012.9,     276.78,     74.2,     87.9,     -2
75,     16.09.2014 12:31:17,     568.05,     1101.48,     155,     0.4,     2.4,     6.9,     21.1,     61.2,     1012.8,     276.78,     73.6,     87.9,     -2
76,     16.09.2014 12:41:17,     564.9,     1101.48,     152,     0.3,     2.6,     5.8,     21.2,     61.5,     1012.8,     276.78,     73.9,     87.8,     -2.1
77,     16.09.2014 12:51:17,     558.6,     1085.4,     134,     0.4,     2.7,     6,     21.1,     62.1,     1012.8,     276.78,     73.3,     88,     -1.9
78,     16.09.2014 13:01:17,     550.2,     1065.3,     141,     0.4,     3,     6.7,     21.2,     60.8,     1012.7,     276.78,     73.9,     87.8,     -2.1
79,     16.09.2014 13:11:17,     546,     1059.27,     137,     0.7,     3,     6.3,     21.3,     61.8,     1012.7,     276.78,     73.8,     88.1,     -1.8,     13.010,     25.67,     68.6
80,     16.09.2014 13:21:17,     534.45,     1037.16,     133,     0.2,     2.4,     5.6,     21.4,     60.3,     1012.6,     276.78,     73.9,     88,     -1.9
81,     16.09.2014 13:31:17,     525,     1015.05,     161,     0.3,     2.7,     5.2,     21.7,     60.1,     1012.5,     276.78,     73.7,     87.8,     -2
82,     16.09.2014 13:41:17,     506.1,     978.87,     149,     0.6,     3.1,     6.9,     21.8,     59.8,     1012.4,     276.78,     73.6,     87.9,     -1.9
83,     16.09.2014 13:51:17,     495.6,     956.76,     146,     0.3,     2.2,     5.3,     21.9,     60.5,     1012.3,     276.78,     73.4,     87.9,     -2
84,     16.09.2014 14:01:17,     480.9,     926.61,     138,     0.3,     2.1,     6.5,     22,     59.6,     1012.3,     276.78,     73.5,     87.7,     -2.1
85,     16.09.2014 14:11:16,     470.4,     900.48,     150,     0.7,     3.4,     6.8,     21.9,     57.8,     1012.3,     276.78,     73.4,     88,     -1.9,     13.175,     26.39,     68.4
86,     16.09.2014 14:21:16,     455.7,     870.33,     149,     0.4,     3.1,     6.7,     21.9,     57.3,     1012.3,     276.78,     74.2,     87.9,     -2
87,     16.09.2014 14:31:16,     430.5,     814.05,     152,     0.2,     3,     7.3,     22,     57,     1012.1,     276.78,     74.5,     87.9,     -1.9
88,     16.09.2014 14:41:16,     414.75,     783.9,     159,     0.6,     3.8,     8.1,     22,     57.2,     1012.1,     276.78,     73.5,     88.1,     -1.7
89,     16.09.2014 14:51:16,     396.9,     751.74,     147,     0.7,     2.9,     6.3,     21.9,     57,     1012.1,     276.78,     74,     88.1,     -1.8
90,     16.09.2014 15:01:16,     378,     713.55,     149,     0.3,     2.8,     6.6,     21.9,     56.7,     1012.1,     276.78,     74.2,     88,     -1.9
91,     16.09.2014 15:11:16,     354.9,     663.3,     158,     0.6,     2.9,     5.9,     21.9,     57.7,     1012,     276.78,     73.2,     88.1,     -1.8,     13.226,     26.09,     68.7
92,     16.09.2014 15:21:16,     337.05,     629.13,     143,     0.2,     2.8,     6.8,     22,     58.4,     1011.9,     276.78,     73.9,     88,     -1.9
93,     16.09.2014 15:31:16,     315,     584.91,     141,     0.4,     2.6,     6.4,     21.9,     57.3,     1011.9,     276.78,     73.6,     88,     -1.9
94,     16.09.2014 15:41:16,     294,     546.72,     130,     0.2,     2.4,     5.7,     21.9,     58.7,     1011.9,     276.78,     74.3,     88,     -1.9
95,     16.09.2014 15:51:16,     275.1,     508.53,     137,     0.3,     3.1,     7,     21.9,     56.9,     1011.9,     276.78,     73.5,     87.9,     -1.9
96,     16.09.2014 16:01:16,     253.05,     464.31,     139,     0.5,     2.8,     6.1,     21.8,     56.9,     1011.8,     276.78,     73.6,     88,     -1.9
97,     16.09.2014 16:11:17,     226.8,     420.09,     149,     0.3,     2.2,     5.1,     21.9,     58.6,     1011.8,     276.78,     73.9,     88.1,     -1.9,     13.368,     25.87,     68.6
98,     16.09.2014 16:21:17,     206.85,     377.88,     139,     0.2,     2.4,     5.3,     21.8,     57.7,     1011.8,     276.78,     73.4,     88,     -1.9
99,     16.09.2014 16:31:17,     182.7,     331.65,     143,     0.7,     2.8,     5.7,     21.8,     56.6,     1011.7,     276.78,     74.2,     88,     -1.9
100,     16.09.2014 16:41:17,     160.65,     291.45,     137,     0.2,     2.7,     6.3,     21.7,     57.1,     1011.7,     276.78,     73.8,     88.1,     -1.8
101,     16.09.2014 16:51:17,     137.55,     249.24,     134,     0.5,     2.3,     5.4,     21.6,     57.6,     1011.7,     276.78,     73.7,     88,     -1.9
102,     16.09.2014 17:01:17,     114.45,     207.03,     148,     0.4,     1.9,     3.8,     21.5,     58.7,     1011.7,     276.78,     74,     88,     -1.9
103,     16.09.2014 17:11:17,     93.45,     166.83,     138,     0,     2,     5.1,     21.4,     58,     1011.7,     276.78,     73.5,     88,     -1.9,     13.457,     25.14,     68.8
104,     16.09.2014 17:21:17,     73.5,     130.65,     141,     0.2,     1.7,     3.9,     21.2,     60.6,     1011.7,     276.78,     73.8,     88,     -1.9
105,     16.09.2014 17:31:17,     54.6,     100.5,     129,     0.1,     1.5,     3.5,     21,     60.4,     1011.8,     276.78,     74,     88.1,     -1.8
106,     16.09.2014 17:41:17,     38.85,     76.38,     133,     0.1,     1.4,     3,     20.8,     62,     1011.8,     276.78,     73.8,     88,     -1.9
107,     16.09.2014 17:51:17,     17.85,     52.26,     103,     0.1,     1.1,     2.8,     20.5,     64.2,     1011.7,     276.78,     73.7,     88,     -1.9
108,     16.09.2014 18:01:17,     8.4,     34.17,     65,     0,     1.1,     2.4,     20,     67.6,     1011.7,     276.78,     73.8,     88,     -1.9
109,     16.09.2014 18:11:17,     4.2,     20.1,     94,     0,     1.1,     2.6,     19.4,     69.9,     1011.7,     276.78,     73.8,     88,     -1.9,     12.772,     22.58,     70.0
110,     16.09.2014 18:21:17,     0,     8.04,     92,     0,     1.2,     2.9,     19.2,     70.3,     1011.8,     276.78,     74,     87.9,     -2
111,     16.09.2014 18:31:17,     -3.15,     4.02,     94,     0.2,     1.6,     3.7,     18.9,     70.5,     1011.8,     276.78,     253.6,     88,     -178
112,     16.09.2014 18:41:17,     -6.3,     -4.02,     100,     0.1,     1.4,     3.1,     18.8,     70.3,     1011.9,     276.78,     73.7,     88,     -1.9
113,     16.09.2014 18:51:17,     -4.2,     0,     97,     0.2,     1.5,     3.1,     18.6,     71.3,     1012,     276.78,     253.4,     87.9,     -177.9
114,     16.09.2014 19:01:17,     -5.25,     -2.01,     86,     0.1,     1.3,     2.6,     18.2,     73.7,     1012.1,     276.78,     253.4,     88.1,     -178
115,     16.09.2014 19:11:16,     -5.25,     0,     88,     0.1,     1.3,     2.8,     17.8,     76,     1012.2,     276.78,     253.4,     88.1,     -178.1,     12.686,     18.95,     71.5
116,     16.09.2014 19:21:16,     -5.25,     -2.01,     89,     0.1,     1.4,     3.1,     17.7,     76.8,     1012.2,     276.78,     253.5,     87.9,     -177.9
117,     16.09.2014 19:31:16,     -5.25,     -2.01,     92,     0.4,     1.6,     3.1,     17.5,     77.4,     1012.3,     276.78,     253.4,     88,     -178
118,     16.09.2014 19:41:16,     -5.25,     -2.01,     91,     0.2,     1.6,     3.4,     17.3,     76.6,     1012.4,     276.78,     253.6,     87.9,     -177.9
119,     16.09.2014 19:51:16,     -5.25,     0,     102,     0.4,     1.9,     4.6,     17.2,     75.6,     1012.4,     276.78,     253.4,     88,     -178
120,     16.09.2014 20:01:16,     -5.25,     0,     108,     0.2,     1.9,     4.5,     17.1,     75.8,     1012.4,     276.78,     253.4,     88,     -178
121,     16.09.2014 20:11:16,     -4.2,     -2.01,     103,     0.3,     2.3,     4.6,     17,     74.8,     1012.5,     276.78,     253,     88,     -177.9,     12.654,     16.96,     71.9
122,     16.09.2014 20:21:16,     -5.25,     -2.01,     102,     0.3,     2.1,     4.7,     16.9,     74.6,     1012.5,     276.78,     253.4,     88,     -178
123,     16.09.2014 20:31:16,     -4.2,     -2.01,     97,     0.3,     2.1,     4,     16.7,     75,     1012.5,     276.78,     253.4,     87.9,     -177.9
124,     16.09.2014 20:41:16,     -6.3,     -2.01,     94,     0.1,     2,     4.5,     16.5,     76.2,     1012.5,     276.78,     252.6,     87.9,     -177.9
125,     16.09.2014 20:51:16,     -4.2,     -2.01,     98,     0.2,     2,     3.6,     16.3,     76.2,     1012.6,     276.78,     253.2,     87.9,     -177.9
126,     16.09.2014 21:01:16,     -7.35,     -4.02,     98,     0.2,     1.9,     4.4,     16.2,     76.4,     1012.5,     276.78,     253.2,     88,     -178
127,     16.09.2014 21:11:22,     -4.2,     -2.01,     95,     0.1,     1.8,     3.8,     16,     76.8,     1012.6,     276.78,     253.3,     87.9,     -177.9,     12.628,     15.92,     72.1
128,     16.09.2014 21:21:22,     -5.25,     -2.01,     94,     0.1,     1.8,     3.9,     15.8,     77.4,     1012.6,     276.78,     253.2,     88,     -178
129,     16.09.2014 21:31:22,     -4.2,     0,     98,     0.4,     1.6,     3.9,     15.7,     77.8,     1012.6,     276.78,     253.5,     87.8,     -177.9
130,     16.09.2014 21:41:22,     -5.25,     -2.01,     89,     0.2,     1.4,     3,     15.7,     78.2,     1012.6,     276.78,     253.3,     88,     -178
131,     16.09.2014 21:51:22,     -5.25,     -2.01,     79,     0.2,     1.4,     4.1,     15.5,     78.5,     1012.6,     276.78,     253.5,     88.1,     -178.1
132,     16.09.2014 22:01:22,     -5.25,     0,     72,     0.2,     1.3,     2.6,     15.4,     79.6,     1012.6,     276.78,     253.5,     87.9,     -177.9
133,     16.09.2014 22:11:16,     -4.2,     -2.01,     69,     0.2,     1.4,     2.8,     15.3,     79.4,     1012.6,     276.78,     253.2,     87.9,     -177.9,     12.586,     14.91,     72.3
134,     16.09.2014 22:21:16,     -5.25,     -2.01,     81,     0.1,     1,     2.3,     15.2,     80.1,     1012.6,     276.78,     253.5,     88.1,     -178.1
135,     16.09.2014 22:31:16,     -4.2,     -2.01,     66,     0,     1,     2.5,     15,     80.8,     1012.6,     276.78,     253.4,     87.9,     -177.9
136,     16.09.2014 22:41:16,     -5.25,     -2.01,     76,     0,     0.8,     2.3,     14.8,     82.3,     1012.7,     276.78,     253.4,     88,     -178
137,     16.09.2014 22:51:16,     -5.25,     -2.01,     82,     0.1,     0.8,     1.8,     14.7,     83.1,     1012.6,     276.78,     253.4,     88,     -178
138,     16.09.2014 23:01:16,     -4.2,     -4.02,     83,     0.1,     0.9,     1.8,     14.6,     83.4,     1012.6,     276.78,     253.5,     88.1,     -178.1
139,     16.09.2014 23:11:16,     -4.2,     -2.01,     69,     0.1,     0.9,     1.8,     14.5,     83.2,     1012.6,     276.78,     253.4,     88,     -178,     12.569,     13.98,     72.4
140,     16.09.2014 23:21:16,     -4.2,     0,     67,     0.3,     1.2,     2.4,     14.5,     83,     1012.6,     276.78,     253.4,     87.9,     -177.9
141,     16.09.2014 23:31:16,     -5.25,     -4.02,     61,     0.1,     0.9,     1.9,     14.4,     84,     1012.5,     276.78,     253.4,     87.9,     -177.9
142,     16.09.2014 23:41:16,     -5.25,     -2.01,     75,     0,     0.8,     1.8,     14.3,     84,     1012.4,     276.78,     253.4,     88.1,     -178.1
143,     16.09.2014 23:51:16,     -5.25,     0,     55,     0,     0.6,     1.4,     14.3,     84.2,     1012.3,     276.78,     253.4,     88,     -178
144,     17.09.2014 00:01:21,     -4.2,     0,     50,     0,     0.9,     1.8,     14.2,     84.2,     1012.3,     276.78,     253.3,     87.9,     -177.9,     12.410,     13.42,     72.5