Logger: #D10248 'TSK_Meteo' - USP_EXP2 (V2.10, Jan 24 2012)
No,     Time,     #1:W/m²:0,     #2:ÂµMol:(do.),     #5:deg:2,     #6:m/sMIN:(do.),     #7:m/sMIT:(do.),     #8:m/sMAX:(do.),     #9:Â°C:(do.),     #10:%:(do.),     #11:hPa:(do.),     #12:mm:(do.),     #14:AZ:3,     #15:EL:(do.),     #16:Roll:(do.),     #HK-Bat:V,     #HK-Temp:oC,     #HK-rH:%
(GSM Transfer OK / Signal:16)
1,     06.12.2014 00:11:16,     -1.05,     0,     235,     1.3,     2.2,     3.1,     2.3,     89.3,     1010.7,     331.33,     253.5,     87.8,     -177.8,     13.856,     3.47,     84.7
2,     06.12.2014 00:21:16,     -2.1,     -2.01,     236,     1,     2,     3.3,     2.3,     89.3,     1010.8,     331.33,     253.1,     88,     -178
3,     06.12.2014 00:31:16,     0,     -2.01,     238,     1.2,     2.2,     3.5,     2.4,     89.2,     1010.8,     331.33,     253.2,     87.9,     -177.9
4,     06.12.2014 00:41:16,     0,     0,     231,     1.2,     2.2,     3.1,     2.4,     89.4,     1010.7,     331.33,     253.4,     87.9,     -177.9
5,     06.12.2014 00:51:16,     -1.05,     -2.01,     227,     1.6,     2.4,     3.3,     2.3,     89.4,     1010.5,     331.33,     253.3,     87.9,     -177.9
6,     06.12.2014 01:01:16,     0,     0,     228,     1.1,     2.7,     3.8,     2.3,     89.5,     1010.5,     331.33,     253.7,     88,     -178
7,     06.12.2014 01:11:17,     -1.05,     0,     230,     1.7,     2.5,     3.6,     2.4,     89.4,     1010.5,     331.33,     253.3,     87.9,     -177.9,     12.666,     3.20,     86.4
8,     06.12.2014 01:21:17,     -2.1,     -2.01,     233,     1.2,     2.4,     3.9,     2.4,     89.1,     1010.5,     331.33,     253.3,     88,     -178
9,     06.12.2014 01:31:17,     -1.05,     -2.01,     235,     1.3,     2.3,     3.8,     2.5,     89.3,     1010.4,     331.33,     253.3,     88,     -178
10,     06.12.2014 01:41:17,     -1.05,     -2.01,     236,     1.4,     2.4,     3.6,     2.5,     89.3,     1010.5,     331.33,     253.5,     88,     -178
11,     06.12.2014 01:51:17,     0,     0,     239,     1.2,     2.3,     3.9,     2.5,     89.2,     1010.5,     331.33,     253.3,     87.9,     -177.9
12,     06.12.2014 02:01:17,     -1.05,     -2.01,     240,     1.3,     2.6,     4.2,     2.5,     89.1,     1010.6,     331.33,     253.6,     87.9,     -177.9
13,     06.12.2014 02:11:17,     -2.1,     -2.01,     241,     0.8,     2.6,     3.8,     2.6,     89.2,     1010.7,     331.33,     253.7,     87.9,     -177.9,     12.522,     3.27,     86.5
14,     06.12.2014 02:21:17,     -1.05,     -2.01,     243,     1.6,     2.6,     3.5,     2.6,     89.2,     1010.8,     331.33,     253.5,     87.9,     -177.9
15,     06.12.2014 02:31:17,     -1.05,     0,     235,     1.3,     2.2,     3.2,     2.5,     89,     1010.7,     331.33,     253.5,     88,     -178
16,     06.12.2014 02:41:17,     -2.1,     -4.02,     234,     1.1,     2.1,     2.9,     2.5,     89.4,     1010.8,     331.33,     73.7,     88,     -1.8
17,     06.12.2014 02:51:17,     -2.1,     -2.01,     229,     1.5,     2.3,     3.5,     2.5,     89.2,     1010.8,     331.33,     253.6,     88,     -177.9
18,     06.12.2014 03:01:17,     -1.05,     0,     238,     0.9,     2.2,     3.7,     2.6,     89.5,     1010.7,     331.33,     253.4,     87.9,     -177.9
19,     06.12.2014 03:11:16,     -2.1,     -2.01,     236,     1.3,     2.3,     3.6,     2.6,     89.2,     1010.8,     331.33,     253.3,     87.9,     -177.9,     12.435,     3.35,     86.4
20,     06.12.2014 03:21:16,     -1.05,     -2.01,     233,     1.6,     2.6,     4,     2.7,     89,     1010.9,     331.33,     253.5,     87.9,     -177.9
21,     06.12.2014 03:31:16,     -2.1,     -2.01,     242,     1.3,     2.5,     3.6,     2.7,     89.1,     1010.9,     331.33,     253.3,     87.9,     -177.9
22,     06.12.2014 03:41:16,     -1.05,     -2.01,     247,     0.9,     2.4,     3.4,     2.6,     88.7,     1010.9,     331.33,     253.5,     87.9,     -178
23,     06.12.2014 03:51:16,     -4.2,     -8.04,     228,     1.3,     2.2,     3.1,     2.6,     88.6,     1010.8,     331.33,     253.5,     87.9,     -177.9
24,     06.12.2014 04:01:16,     -1.05,     -2.01,     226,     1.4,     2.2,     3.4,     2.6,     88.9,     1010.8,     331.33,     253.5,     88,     -177.9
25,     06.12.2014 04:11:16,     -1.05,     -2.01,     230,     0.8,     1.8,     2.8,     2.6,     89.4,     1010.8,     331.33,     253.3,     88,     -178,     12.401,     3.37,     86.4
26,     06.12.2014 04:21:16,     -1.05,     0,     230,     0.9,     1.8,     2.8,     2.5,     89.4,     1010.8,     331.33,     253.3,     87.9,     -177.8
27,     06.12.2014 04:31:16,     -1.05,     0,     220,     1.3,     2,     3.1,     2.4,     89.4,     1010.8,     331.33,     253.1,     88,     -177.9
28,     06.12.2014 04:41:16,     -2.1,     -2.01,     223,     1.2,     2,     2.7,     2.4,     89.5,     1010.9,     331.33,     253.3,     87.9,     -177.9
29,     06.12.2014 04:51:16,     -1.05,     -2.01,     224,     1.3,     2.2,     3.1,     2.4,     89.5,     1010.9,     331.33,     253.2,     87.9,     -177.9
30,     06.12.2014 05:01:16,     -1.05,     -2.01,     227,     1.3,     2.1,     3,     2.4,     89.6,     1010.9,     331.33,     253.4,     88,     -178
31,     06.12.2014 05:11:16,     -1.05,     0,     226,     1.3,     2.5,     3.5,     2.4,     89.6,     1010.9,     331.33,     253.4,     87.9,     -177.9,     12.391,     3.25,     86.5
32,     06.12.2014 05:21:16,     -1.05,     -2.01,     222,     1,     2,     3.1,     2.4,     89.6,     1010.7,     331.33,     253.3,     87.9,     -177.9
33,     06.12.2014 05:31:16,     -1.05,     -2.01,     221,     1.5,     2.2,     3.2,     2.4,     89.4,     1010.8,     331.33,     253.3,     87.9,     -177.9
34,     06.12.2014 05:41:16,     -1.05,     2.01,     224,     1.5,     2.4,     3.3,     2.5,     89.6,     1010.9,     331.33,     253.2,     87.9,     -177.9
35,     06.12.2014 05:51:16,     -1.05,     0,     230,     1.6,     2.5,     3.9,     2.5,     89.5,     1010.9,     331.33,     253.8,     87.8,     -177.9
36,     06.12.2014 06:01:16,     -2.1,     -2.01,     231,     1.2,     2.3,     3.9,     2.5,     89.3,     1011,     331.33,     253.5,     87.9,     -177.9
37,     06.12.2014 06:11:16,     -1.05,     0,     235,     1,     1.9,     2.9,     2.6,     89.3,     1011.1,     331.33,     253.4,     88,     -178,     12.368,     3.21,     86.5
38,     06.12.2014 06:21:16,     -2.1,     -2.01,     234,     1.1,     2.4,     4,     2.6,     88.8,     1011.1,     331.33,     253.6,     88,     -178
39,     06.12.2014 06:31:16,     -1.05,     0,     243,     1.3,     2.6,     4.2,     2.7,     88.7,     1011.1,     331.33,     253.6,     87.9,     -177.9
40,     06.12.2014 06:41:16,     -1.05,     -2.01,     249,     1.2,     2.4,     3.5,     2.8,     88.7,     1011.2,     331.33,     253.4,     88,     -178
41,     06.12.2014 06:51:16,     -1.05,     -2.01,     250,     1.6,     2.8,     4.8,     2.8,     88.1,     1011.2,     331.33,     253.9,     88,     -178
42,     06.12.2014 07:01:16,     -1.05,     -2.01,     261,     1.5,     2.4,     3.5,     2.9,     88,     1011.2,     331.33,     253.4,     88,     -178
43,     06.12.2014 07:11:16,     -1.05,     0,     255,     1.1,     2.2,     3.6,     2.9,     87.9,     1011.2,     331.33,     253.4,     87.9,     -177.9,     12.374,     3.37,     86.5
44,     06.12.2014 07:21:16,     -1.05,     -2.01,     252,     0.9,     2.1,     3.7,     2.9,     87.9,     1011.3,     331.33,     253.4,     87.9,     -178
45,     06.12.2014 07:31:16,     -1.05,     -2.01,     253,     1.1,     2.2,     3.7,     2.9,     88.1,     1011.4,     331.33,     253.6,     88,     -178
46,     06.12.2014 07:41:16,     -2.1,     0,     246,     1.8,     2.6,     4.4,     2.9,     88.1,     1011.6,     331.33,     253.5,     88,     -178
47,     06.12.2014 07:51:16,     -1.05,     -2.01,     254,     0.8,     2.8,     4.6,     3.1,     88.4,     1011.7,     331.33,     253.4,     88,     -178
48,     06.12.2014 08:01:16,     -1.05,     -2.01,     258,     1.5,     2.9,     4.6,     3.1,     88,     1011.7,     331.33,     253.5,     88,     -178
49,     06.12.2014 08:11:17,     2.1,     4.02,     254,     1.1,     2.4,     3.9,     3.1,     87.8,     1011.8,     331.33,     253.5,     87.9,     -178,     12.389,     3.64,     86.4
50,     06.12.2014 08:21:17,     2.1,     4.02,     253,     1.3,     2.5,     4.2,     3.1,     88.1,     1011.9,     331.33,     253.6,     88,     -178
51,     06.12.2014 08:31:17,     2.1,     4.02,     272,     0.9,     2.9,     5,     3.1,     87.7,     1012,     331.33,     253.3,     88,     -177.9
52,     06.12.2014 08:41:17,     2.1,     6.03,     263,     0.8,     2.1,     3.5,     3.2,     88.1,     1012.1,     331.33,     253.6,     88,     -177.9
53,     06.12.2014 08:51:17,     6.3,     12.06,     267,     0.6,     2.4,     4.5,     3.2,     87.8,     1012.1,     331.33,     253.2,     87.9,     -177.9
54,     06.12.2014 09:01:17,     8.4,     16.08,     262,     0.1,     2.2,     3.6,     3.2,     87.9,     1012.1,     331.33,     253.8,     87.9,     -177.9
55,     06.12.2014 09:11:17,     16.8,     32.16,     255,     1.1,     2.7,     4.3,     3.2,     87.9,     1012.1,     331.33,     253.8,     87.9,     -177.9,     12.406,     3.89,     86.3
56,     06.12.2014 09:21:17,     10.5,     24.12,     251,     0.7,     2.8,     4.2,     3.2,     88,     1012.1,     331.33,     253.9,     87.9,     -177.9
57,     06.12.2014 09:31:17,     15.75,     34.17,     254,     1.5,     2.9,     4.8,     3.2,     88.2,     1012.2,     331.33,     253.6,     87.9,     -177.9
58,     06.12.2014 09:41:17,     25.2,     54.27,     267,     1.4,     2.9,     5.2,     3.3,     88.5,     1012.2,     331.33,     254.2,     87.9,     -177.9
59,     06.12.2014 09:51:17,     33.6,     68.34,     273,     0.9,     3,     4.5,     3.3,     88.3,     1012.2,     331.33,     254.1,     87.8,     -177.8
60,     06.12.2014 10:01:17,     34.65,     72.36,     268,     0.5,     2.9,     4.7,     3.4,     88.3,     1012.3,     331.33,     253.4,     88,     -178
61,     06.12.2014 10:11:16,     28.35,     60.3,     273,     1.6,     2.7,     4.9,     3.4,     88.2,     1012.4,     331.33,     253.7,     87.8,     -177.9,     12.541,     4.30,     86.3
62,     06.12.2014 10:21:16,     16.8,     42.21,     275,     1.4,     3.3,     5.5,     3.5,     88.2,     1012.5,     331.33,     254.1,     88,     -178
63,     06.12.2014 10:31:16,     43.05,     86.43,     287,     1.3,     3.1,     5.3,     3.4,     88,     1012.6,     331.33,     253.4,     88,     -178
64,     06.12.2014 10:41:16,     33.6,     72.36,     282,     1.5,     2.9,     4.6,     3.5,     88.2,     1012.7,     331.33,     254.6,     88,     -178
65,     06.12.2014 10:51:16,     54.6,     112.56,     283,     1.2,     2.8,     4.8,     3.5,     88.1,     1012.7,     331.33,     253.4,     88,     -177.9
66,     06.12.2014 11:01:16,     44.1,     92.46,     292,     1.2,     3.4,     6.3,     3.5,     88,     1012.7,     331.33,     253.5,     88,     -178
67,     06.12.2014 11:11:17,     40.95,     86.43,     287,     1.7,     4.1,     7.4,     3.5,     88.1,     1012.6,     331.33,     74.9,     87.9,     -2,     12.683,     4.69,     86.1
68,     06.12.2014 11:21:17,     61.95,     128.64,     295,     1.8,     4,     6.4,     3.4,     88.8,     1012.6,     331.33,     74.2,     88,     -1.8
69,     06.12.2014 11:31:17,     69.3,     138.69,     288,     2.7,     4.4,     7.2,     3.4,     89.2,     1012.6,     331.33,     254.3,     87.9,     -177.8
70,     06.12.2014 11:41:17,     55.65,     112.56,     290,     2.4,     4.2,     6,     3.4,     89.3,     1012.6,     331.33,     254.5,     87.9,     -177.9
71,     06.12.2014 11:51:17,     54.6,     116.58,     279,     1.8,     3.4,     5.7,     3.5,     89.1,     1012.6,     331.33,     254.1,     87.9,     -177.9
72,     06.12.2014 12:01:17,     56.7,     118.59,     280,     1.3,     3.8,     6.1,     3.5,     89,     1012.7,     331.33,     253.6,     87.9,     -178
73,     06.12.2014 12:11:16,     53.55,     112.56,     289,     0.8,     2.7,     4.5,     3.6,     88.7,     1012.7,     331.33,     253.3,     88,     -178,     12.446,     4.95,     86.0
74,     06.12.2014 12:21:16,     43.05,     90.45,     287,     1,     2.5,     4.2,     3.6,     88.8,     1012.7,     331.33,     253.5,     87.9,     -177.9
75,     06.12.2014 12:31:16,     50.4,     104.52,     270,     0.9,     2.9,     4.5,     3.7,     88.9,     1012.6,     331.33,     73.6,     88,     -2
76,     06.12.2014 12:41:16,     33.6,     72.36,     276,     2.2,     3.5,     5.3,     3.6,     88.8,     1012.7,     331.33,     253.6,     88.1,     -178.1
77,     06.12.2014 12:51:16,     42,     88.44,     284,     1.6,     3.2,     5.1,     3.7,     88.9,     1012.8,     331.33,     253.5,     87.9,     -177.9
78,     06.12.2014 13:01:16,     39.9,     84.42,     280,     1,     3,     5.2,     3.7,     89.2,     1012.8,     331.33,     253.6,     88,     -178
79,     06.12.2014 13:11:17,     31.5,     68.34,     281,     1.2,     3.3,     5.5,     3.7,     89.5,     1012.7,     331.33,     253.7,     87.9,     -177.9,     12.573,     5.11,     86.0
80,     06.12.2014 13:21:17,     35.7,     76.38,     286,     1.4,     2.9,     4.7,     3.7,     89.7,     1012.8,     331.33,     253.6,     88,     -178
81,     06.12.2014 13:31:17,     27.3,     58.29,     287,     1.7,     3.1,     4.7,     3.7,     90.2,     1012.8,     331.33,     253.5,     87.9,     -178
82,     06.12.2014 13:41:17,     36.75,     78.39,     292,     0.9,     3.1,     5.8,     3.7,     90.4,     1012.9,     331.33,     254.1,     87.9,     -177.9
83,     06.12.2014 13:51:17,     19.95,     44.22,     285,     0.9,     2.9,     5,     3.7,     90.5,     1012.9,     331.33,     253.3,     87.9,     -177.9
84,     06.12.2014 14:01:17,     18.9,     42.21,     292,     1.7,     2.5,     4.2,     3.7,     90.7,     1013,     331.33,     253.5,     88,     -178
85,     06.12.2014 14:11:16,     22.05,     46.23,     289,     0.9,     2.2,     3.2,     3.8,     90.9,     1013,     331.33,     253.4,     88,     -177.9,     12.558,     4.95,     86.1
86,     06.12.2014 14:21:16,     21,     44.22,     295,     1.1,     2.6,     5.3,     3.8,     90.9,     1013,     331.33,     253.3,     87.9,     -177.9
87,     06.12.2014 14:31:16,     17.85,     40.2,     303,     1.3,     2.9,     5.4,     3.8,     90.9,     1013,     331.33,     253.6,     87.9,     -177.9
88,     06.12.2014 14:41:16,     13.65,     34.17,     305,     0.7,     3.1,     5.4,     3.8,     90.9,     1013.1,     331.33,     253.5,     88,     -178
89,     06.12.2014 14:51:16,     13.65,     28.14,     316,     1,     3.1,     5.4,     3.8,     91,     1013.1,     331.33,     253.3,     87.9,     -177.9
90,     06.12.2014 15:01:16,     10.5,     24.12,     318,     0.9,     3,     4.7,     3.9,     91,     1013.1,     331.33,     253.3,     87.9,     -177.9
91,     06.12.2014 15:11:17,     9.45,     20.1,     316,     1.1,     3.4,     5.9,     3.9,     91.1,     1013.1,     331.33,     253.3,     87.9,     -177.9,     12.452,     4.86,     86.1
92,     06.12.2014 15:21:17,     5.25,     12.06,     314,     1.7,     4,     5.9,     3.9,     91.2,     1013.2,     331.33,     253.4,     87.9,     -177.9
93,     06.12.2014 15:31:17,     2.1,     4.02,     312,     1.8,     3.7,     5.3,     4,     91.4,     1013.3,     331.33,     253.3,     87.9,     -177.9
94,     06.12.2014 15:41:17,     1.05,     4.02,     311,     1.4,     3.5,     5.3,     4.1,     91.4,     1013.4,     331.33,     253.2,     87.9,     -177.9
95,     06.12.2014 15:51:17,     1.05,     0,     307,     1.6,     3.4,     5.2,     4.1,     91.5,     1013.4,     331.33,     253.3,     87.9,     -177.9
96,     06.12.2014 16:01:17,     -1.05,     0,     308,     0.9,     2.8,     4.4,     4.1,     91.6,     1013.5,     331.33,     253.2,     88,     -178
97,     06.12.2014 16:11:16,     -1.05,     -2.01,     308,     1.2,     3,     4.8,     4.2,     91.7,     1013.5,     331.33,     253.3,     88,     -178,     12.389,     4.87,     86.1
98,     06.12.2014 16:21:16,     -1.05,     0,     320,     0.2,     2.8,     5.6,     4.1,     91.7,     1013.5,     331.33,     253.2,     88,     -178
99,     06.12.2014 16:31:16,     -1.05,     -2.01,     337,     0.3,     2.1,     4.2,     4.1,     91.7,     1013.6,     331.33,     253.2,     88,     -178
100,     06.12.2014 16:41:16,     -1.05,     -2.01,     344,     0.1,     2,     4.9,     4.1,     91.9,     1013.7,     331.33,     253.3,     87.9,     -177.9
101,     06.12.2014 16:51:16,     -2.1,     -4.02,     343,     0.8,     2.5,     5.3,     4.1,     92,     1013.7,     331.33,     253.3,     87.9,     -177.9
102,     06.12.2014 17:01:16,     -1.05,     -2.01,     351,     1.1,     2.5,     5.3,     4.1,     92.1,     1013.8,     331.33,     253.2,     88,     -177.9
103,     06.12.2014 17:11:17,     -2.1,     -2.01,     357,     1.4,     2.7,     4.9,     4.2,     92.2,     1013.8,     331.33,     252.9,     87.9,     -177.9,     12.370,     4.88,     86.2
104,     06.12.2014 17:21:17,     -1.05,     -2.01,     5,     1.3,     2.8,     4.8,     4.2,     92,     1013.8,     331.33,     253.3,     87.9,     -177.9
105,     06.12.2014 17:31:17,     -2.1,     -2.01,     0,     0,     0,     0,     4.2,     91.8,     1013.8,     331.33,     253.1,     88,     -178
106,     06.12.2014 17:41:17,     -4.2,     0,     0,     0,     0,     0,     4.2,     90.9,     1013.9,     331.33,     253.2,     87.9,     -177.9
107,     06.12.2014 17:51:17,     -3.15,     0,     0,     0,     0,     0,     4.1,     90.5,     1014,     331.33,     253.2,     87.9,     -178
108,     06.12.2014 18:01:17,     -4.2,     0,     0,     0,     0,     0,     4,     90.3,     1014.1,     331.33,     253.2,     87.9,     -177.9
109,     06.12.2014 18:11:16,     -5.25,     0,     0,     0,     0,     0,     3.7,     90.2,     1014,     331.33,     253.2,     88,     -178,     13.487,     4.26,     86.0
110,     06.12.2014 18:21:16,     -6.3,     -2.01,     0,     0,     0,     0,     3.4,     90.2,     1014.1,     331.33,     253.2,     87.9,     -177.9
111,     06.12.2014 18:31:16,     -5.25,     0,     0,     0,     0,     0,     3.2,     90.6,     1014.2,     331.33,     253,     88,     -178
112,     06.12.2014 18:41:16,     -5.25,     2.01,     0,     0,     0,     0,     3,     90.9,     1014.3,     331.33,     253,     87.9,     -177.9
113,     06.12.2014 18:51:16,     -5.25,     0,     0,     0,     0,     0,     3,     91.2,     1014.3,     331.33,     253,     87.9,     -177.9
114,     06.12.2014 19:01:16,     -5.25,     -2.01,     43,     1.9,     2.4,     2.8,     2.6,     91,     1014.4,     331.33,     253,     87.9,     -177.9
115,     06.12.2014 19:11:16,     -3.15,     -2.01,     46,     2,     2.4,     2.7,     2.3,     91.3,     1014.5,     331.33,     253,     87.9,     -177.9,     12.666,     2.08,     86.7
116,     06.12.2014 19:21:16,     -3.15,     -2.01,     23,     1.1,     2.1,     2.9,     2.6,     92,     1014.6,     331.33,     253.1,     87.8,     -177.8
117,     06.12.2014 19:31:16,     -3.15,     -2.01,     0,     0,     0,     0,     2.7,     92,     1014.7,     331.33,     253.1,     87.9,     -177.9
118,     06.12.2014 19:41:16,     -2.1,     -2.01,     0,     0,     0,     0,     2.7,     91.9,     1014.7,     331.33,     253.2,     87.9,     -177.9
119,     06.12.2014 19:51:16,     -1.05,     0,     0,     0,     0,     0,     2.6,     91.7,     1014.8,     331.33,     253,     87.9,     -177.9
120,     06.12.2014 20:01:16,     -1.05,     -2.01,     0,     0,     0,     0,     2.5,     91.7,     1014.8,     331.33,     253.3,     87.9,     -177.9
121,     06.12.2014 20:11:16,     -1.05,     0,     0,     0,     0,     0,     2.4,     91.8,     1014.7,     331.33,     253,     87.9,     -177.9,     12.537,     2.33,     87.0
122,     06.12.2014 20:21:16,     -2.1,     0,     0,     0,     0,     0,     2.3,     91.8,     1014.7,     331.33,     253.2,     88,     -178
123,     06.12.2014 20:31:16,     -1.05,     0,     0,     0,     0,     0,     2.3,     91.9,     1014.8,     331.33,     253.1,     87.9,     -177.9
124,     06.12.2014 20:41:16,     -3.15,     -4.02,     1,     0.7,     2.1,     3.8,     2.3,     92,     1014.8,     331.33,     253.1,     87.9,     -177.9
125,     06.12.2014 20:51:16,     0,     0,     11,     0.6,     2,     3.4,     2.2,     92,     1014.9,     331.33,     253.1,     87.9,     -177.9
126,     06.12.2014 21:01:16,     -2.1,     0,     12,     0.7,     1.8,     3.3,     2.2,     92,     1014.9,     331.33,     253.1,     88,     -178
127,     06.12.2014 21:11:16,     -2.1,     -2.01,     5,     0.6,     2,     4.1,     2.1,     92,     1015,     331.33,     253.1,     87.9,     -177.9,     12.444,     2.75,     86.7
128,     06.12.2014 21:21:16,     -2.1,     -2.01,     0,     0,     0,     0,     1.9,     92,     1015,     331.33,     253,     87.9,     -177.9
129,     06.12.2014 21:31:16,     -2.1,     -2.01,     26,     1,     2.3,     3.5,     1.8,     92,     1015,     331.33,     252.9,     88,     -178
130,     06.12.2014 21:41:16,     -3.15,     -4.02,     19,     0.7,     2.2,     3.7,     1.6,     91.9,     1015,     331.33,     253,     87.9,     -177.9
131,     06.12.2014 21:51:16,     -3.15,     -2.01,     0,     0,     0,     0,     1.4,     92,     1015,     331.33,     253.1,     88,     -178
132,     06.12.2014 22:01:16,     -3.15,     -2.01,     0,     0,     0,     0,     1.3,     92.2,     1014.9,     331.33,     253,     88,     -178
133,     06.12.2014 22:11:17,     -3.15,     -2.01,     0,     0,     0,     0,     1.1,     92.2,     1014.8,     331.33,     253.1,     87.9,     -178,     12.391,     2.25,     86.7
134,     06.12.2014 22:21:17,     -2.1,     -2.01,     314,     0.2,     1.3,     2.9,     1.1,     92.3,     1014.8,     331.33,     253,     88,     -178
135,     06.12.2014 22:31:17,     -2.1,     0,     267,     0.1,     1,     2.1,     1.1,     92.4,     1014.8,     331.33,     253.2,     87.9,     -177.9
136,     06.12.2014 22:41:17,     -3.15,     -2.01,     244,     0.6,     1.4,     2,     1,     92.4,     1014.8,     331.33,     253,     87.9,     -177.9
137,     06.12.2014 22:51:17,     -1.05,     -2.01,     210,     0.4,     1.2,     2.2,     1,     92.5,     1015,     331.33,     253.1,     88,     -178
138,     06.12.2014 23:01:17,     -2.1,     -2.01,     181,     0.6,     2.7,     4.5,     1.1,     92.5,     1015,     331.33,     253,     88,     -178
139,     06.12.2014 23:11:16,     -2.1,     -2.01,     171,     2.5,     3.5,     4.4,     0.9,     92.5,     1015.1,     331.33,     253.2,     88,     -178,     12.374,     1.75,     87.0
140,     06.12.2014 23:21:16,     -2.1,     -2.01,     213,     0.6,     1.5,     3.7,     0.9,     92.6,     1015.1,     331.33,     253,     87.9,     -177.9
141,     06.12.2014 23:31:16,     0,     -2.01,     290,     0,     0.9,     1.7,     1,     92.6,     1015.1,     331.33,     253.1,     87.9,     -177.9
142,     06.12.2014 23:41:16,     -1.05,     0,     285,     1,     1.8,     2.7,     0.8,     92.6,     1015.1,     331.33,     253.3,     88,     -178
143,     06.12.2014 23:51:16,     -3.15,     -4.02,     277,     0.3,     1.6,     2.7,     0.9,     92.7,     1015,     331.33,     253,     87.9,     -177.9
144,     07.12.2014 00:01:16,     -2.1,     -2.01,     221,     0.6,     1.6,     2.8,     0.8,     92.6,     1015,     331.33,     253,     87.9,     -177.9,     12.175,     1.71,     87.0