Logger: #D10248 'TSK_Meteo' - USP_EXP2 (V2.10, Jan 24 2012)
No,     Time,     #1:W/m²:0,     #2:ÂµMol:(do.),     #5:deg:2,     #6:m/sMIN:(do.),     #7:m/sMIT:(do.),     #8:m/sMAX:(do.),     #9:Â°C:(do.),     #10:%:(do.),     #11:hPa:(do.),     #12:mm:(do.),     #14:AZ:3,     #15:EL:(do.),     #16:Roll:(do.),     #HK-Bat:V,     #HK-Temp:oC,     #HK-rH:%
(GSM Transfer OK / Signal:16)
1,     01.02.2015 00:11:17,     -3.15,     0,     245,     0.4,     1,     1.7,     -2.2,     89.9,     975.2,     431.44,     252.7,     88,     -177.9,     12.223,     -3.39,     91.5
2,     01.02.2015 00:21:17,     -5.25,     -2.01,     234,     0.4,     0.8,     1.7,     -2.2,     90.1,     975.2,     431.44,     73,     88,     -1.9
3,     01.02.2015 00:31:17,     -5.25,     -2.01,     289,     0.1,     1.1,     1.9,     -2.2,     90.2,     975.2,     431.44,     252.8,     87.9,     -178
4,     01.02.2015 00:41:17,     -4.2,     0,     348,     0.1,     0.7,     1.6,     -2.2,     90.2,     975.3,     431.44,     252.6,     87.9,     -177.9
5,     01.02.2015 00:51:17,     -4.2,     -2.01,     337,     0.1,     0.7,     1.3,     -2.3,     90.3,     975.4,     431.44,     252.8,     87.9,     -177.9
6,     01.02.2015 01:01:17,     -6.3,     -2.01,     325,     0,     0.5,     1,     -2.3,     90.4,     975.4,     431.44,     252.9,     87.9,     -178
7,     01.02.2015 01:11:16,     -5.25,     0,     275,     0.3,     1.4,     2.3,     -2.2,     90.6,     975.5,     431.44,     73.8,     88,     -1.9,     12.342,     -3.65,     93.3
8,     01.02.2015 01:21:16,     -5.25,     -2.01,     283,     0.5,     1.3,     2.5,     -2.1,     90.6,     975.6,     431.44,     254.2,     87.9,     -177.9
9,     01.02.2015 01:31:16,     -4.2,     -2.01,     290,     0.4,     1.3,     2.3,     -2.1,     90.4,     975.6,     431.44,     74,     88,     -1.9
10,     01.02.2015 01:41:16,     -5.25,     -2.01,     280,     0.6,     1.4,     2.1,     -2.1,     90.5,     975.7,     431.44,     254.2,     87.9,     -177.9
11,     01.02.2015 01:51:16,     -5.25,     -2.01,     291,     0.2,     1.1,     1.9,     -2,     90.6,     975.7,     431.44,     74.4,     87.9,     -1.9
12,     01.02.2015 02:01:16,     -5.25,     -4.02,     320,     0.1,     0.8,     1.7,     -2.1,     90.3,     975.7,     431.44,     254.7,     88,     -178
13,     01.02.2015 02:11:16,     -8.4,     -2.01,     315,     0.2,     1,     1.8,     -2.2,     90.3,     975.7,     431.44,     74.8,     88,     -1.9,     12.344,     -3.53,     93.4
14,     01.02.2015 02:21:16,     -6.3,     -2.01,     287,     0.6,     1.2,     1.9,     -2.2,     90.5,     975.8,     431.44,     74.8,     88,     -1.9
15,     01.02.2015 02:31:16,     -5.25,     -2.01,     294,     0.3,     1.5,     2.4,     -2.1,     90.3,     975.8,     431.44,     74.8,     87.9,     -1.9
16,     01.02.2015 02:41:16,     -6.3,     -2.01,     313,     0.1,     0.8,     2,     -2.2,     90,     975.9,     431.44,     74.9,     87.9,     -2
17,     01.02.2015 02:51:16,     -5.25,     -2.01,     279,     1.2,     2,     3.2,     -2,     90.2,     975.9,     431.44,     74.9,     88,     -2
18,     01.02.2015 03:01:16,     -5.25,     0,     276,     0.5,     1.8,     3,     -2,     89.7,     975.9,     431.44,     254.8,     88,     -177.9
19,     01.02.2015 03:11:16,     -3.15,     0,     289,     0.6,     1.8,     2.6,     -2,     89.4,     975.9,     431.44,     74.9,     88,     -1.9,     13.021,     -3.48,     93.4
20,     01.02.2015 03:21:16,     -5.25,     0,     275,     0.9,     1.8,     3,     -1.9,     89.4,     975.9,     431.44,     254.8,     87.9,     -177.9
21,     01.02.2015 03:31:16,     -5.25,     -2.01,     279,     1.1,     1.9,     2.8,     -1.9,     88.8,     976,     431.44,     74.9,     87.9,     -2
22,     01.02.2015 03:41:16,     -5.25,     -2.01,     286,     1.4,     2.5,     4.2,     -1.7,     88.6,     976,     431.44,     254.7,     87.9,     -177.9
23,     01.02.2015 03:51:16,     -5.25,     0,     288,     1.6,     2.7,     3.8,     -1.6,     88.6,     976,     431.44,     254.8,     87.9,     -177.9
24,     01.02.2015 04:01:16,     -5.25,     -2.01,     288,     1.7,     2.6,     3.7,     -1.6,     88.6,     976.1,     431.44,     74.9,     88,     -1.9
25,     01.02.2015 04:11:16,     -5.25,     -2.01,     292,     0.8,     2.5,     3.7,     -1.7,     88.4,     976.2,     431.44,     74.8,     87.9,     -2,     12.603,     -2.96,     93.3
26,     01.02.2015 04:21:16,     -5.25,     -2.01,     299,     0.5,     1.9,     3.2,     -1.8,     88.4,     976.3,     431.44,     254.8,     87.9,     -177.9
27,     01.02.2015 04:31:16,     -3.15,     -2.01,     285,     0.1,     2.2,     3.6,     -1.8,     89,     976.3,     431.44,     254.8,     87.9,     -178
28,     01.02.2015 04:41:16,     -5.25,     0,     290,     1.3,     2.2,     3.6,     -1.8,     88.6,     976.4,     431.44,     74.9,     87.9,     -2
29,     01.02.2015 04:51:16,     -5.25,     -2.01,     279,     1.2,     2.1,     3,     -1.7,     88.7,     976.4,     431.44,     254.8,     87.9,     -177.9
30,     01.02.2015 05:01:16,     -6.3,     -2.01,     293,     1,     1.9,     3.5,     -1.8,     88.1,     976.5,     431.44,     254.9,     88,     -177.9
31,     01.02.2015 05:11:16,     -4.2,     0,     292,     0.5,     2.1,     3.1,     -2,     87.9,     976.5,     431.44,     254.8,     87.9,     -178,     12.457,     -2.85,     93.2
32,     01.02.2015 05:21:16,     -5.25,     -4.02,     310,     0.4,     1.5,     2.6,     -2.1,     87.5,     976.7,     431.44,     254.9,     87.9,     -178
33,     01.02.2015 05:31:16,     -5.25,     -2.01,     296,     0.2,     1.4,     2.4,     -2.3,     88,     976.8,     431.44,     254.8,     88,     -177.9
34,     01.02.2015 05:41:16,     -6.3,     -2.01,     275,     0.8,     1.7,     2.6,     -2.1,     88.4,     976.8,     431.44,     254.9,     87.9,     -177.9
35,     01.02.2015 05:51:16,     -4.2,     -2.01,     268,     1,     1.7,     2.4,     -2.1,     88,     976.9,     431.44,     254.8,     87.9,     -177.8
36,     01.02.2015 06:01:16,     -4.2,     -2.01,     277,     0.9,     2,     2.9,     -2.1,     88,     977,     431.44,     254.8,     88,     -178
37,     01.02.2015 06:11:16,     -5.25,     0,     284,     0.9,     2.2,     3.4,     -2.1,     88.1,     976.9,     431.44,     74.9,     88,     -2,     13.826,     -3.27,     93.5
38,     01.02.2015 06:21:16,     -5.25,     -2.01,     272,     0.9,     2.1,     3.2,     -2.2,     88,     977,     431.44,     254.8,     88,     -178
39,     01.02.2015 06:31:16,     -6.3,     -2.01,     274,     1.1,     2.2,     3.4,     -2.2,     88.2,     977,     431.44,     74.9,     88,     -1.9
40,     01.02.2015 06:41:16,     -5.25,     -2.01,     272,     1.4,     2.5,     3.6,     -2.1,     88.3,     977.1,     431.44,     254.8,     88,     -178
41,     01.02.2015 06:51:16,     -5.25,     -2.01,     279,     1.5,     2.7,     4.1,     -2,     88.1,     977.2,     431.44,     74.9,     88,     -2
42,     01.02.2015 07:01:16,     -4.2,     0,     277,     0.8,     2.4,     3.7,     -2.1,     88.1,     977.4,     431.44,     254.8,     87.9,     -177.9
43,     01.02.2015 07:11:16,     -5.25,     0,     274,     0.8,     2,     3.1,     -2.1,     88.4,     977.5,     431.44,     74.9,     87.8,     -2,     12.908,     -3.16,     93.4
44,     01.02.2015 07:21:16,     -6.3,     -4.02,     281,     0.9,     1.8,     2.8,     -2.1,     88.5,     977.6,     431.44,     254.8,     87.9,     -177.9
45,     01.02.2015 07:31:16,     -6.3,     -2.01,     283,     1.1,     1.9,     2.9,     -2.1,     88.4,     977.5,     431.44,     254.8,     87.9,     -178
46,     01.02.2015 07:41:16,     -3.15,     0,     272,     1,     1.7,     2.6,     -2.2,     88.1,     977.7,     431.44,     254.8,     87.9,     -177.8
47,     01.02.2015 07:51:16,     -2.1,     6.03,     269,     0.9,     1.7,     2.8,     -2.2,     88.2,     977.9,     431.44,     254.9,     87.9,     -178
48,     01.02.2015 08:01:16,     2.1,     12.06,     264,     0.5,     1.6,     2.8,     -2.3,     88.2,     978,     431.44,     74.8,     88,     -1.9
49,     01.02.2015 08:11:16,     6.3,     20.1,     262,     1.1,     1.9,     2.6,     -2.3,     88.6,     978,     431.44,     254.9,     87.9,     -177.9,     12.628,     -3.39,     93.5
50,     01.02.2015 08:21:16,     11.55,     32.16,     268,     1.2,     2,     2.8,     -2.2,     89.1,     978.1,     431.44,     74.9,     88,     -1.9
51,     01.02.2015 08:31:16,     29.4,     54.27,     270,     1.3,     2.2,     3.2,     -2.3,     89.2,     978.2,     431.44,     254.9,     88,     -178
52,     01.02.2015 08:41:16,     51.45,     84.42,     272,     1.3,     2,     3,     -2.2,     89.6,     978.3,     431.44,     75,     87.9,     -1.9
53,     01.02.2015 08:51:16,     27.3,     70.35,     270,     0.6,     1.9,     3.2,     -2,     89.5,     978.4,     431.44,     255,     88,     -178
54,     01.02.2015 09:01:16,     40.95,     96.48,     272,     0.4,     1.8,     2.9,     -2,     89.7,     978.5,     431.44,     254.9,     87.9,     -177.9
55,     01.02.2015 09:11:17,     106.05,     180.9,     276,     1.1,     2,     3,     -1.9,     89.5,     978.6,     431.44,     255,     87.9,     -177.9,     14.307,     -2.31,     94.2
56,     01.02.2015 09:21:17,     46.2,     104.52,     271,     0.7,     2.1,     3.4,     -1.8,     89.3,     978.7,     431.44,     255,     88,     -178
57,     01.02.2015 09:31:17,     119.7,     217.08,     259,     0.7,     1.7,     2.5,     -1.9,     89.6,     978.7,     431.44,     255.1,     87.9,     -177.9
58,     01.02.2015 09:41:17,     159.6,     283.41,     268,     0.5,     1.6,     2.7,     -1.6,     89.7,     978.8,     431.44,     254.9,     87.9,     -177.9
59,     01.02.2015 09:51:17,     165.9,     297.48,     247,     0.1,     1.1,     2.1,     -1.3,     89.4,     978.9,     431.44,     75.2,     88,     -1.9
60,     01.02.2015 10:01:17,     181.65,     333.66,     223,     0.6,     1.4,     2.3,     -1.1,     88.8,     979,     431.44,     75.3,     88,     -1.9
61,     01.02.2015 10:11:16,     152.25,     273.36,     244,     0.6,     1.7,     4.1,     -0.8,     88.4,     979,     431.44,     75.2,     87.9,     -1.9,     13.693,     0.23,     93.4
62,     01.02.2015 10:21:16,     152.25,     297.48,     269,     1.4,     2.3,     3.9,     -0.7,     88,     979.2,     431.44,     75.2,     88,     -1.9
63,     01.02.2015 10:31:16,     240.45,     448.23,     259,     0.6,     1.6,     2.8,     -0.5,     87.7,     979.2,     431.44,     255.1,     87.9,     -177.9
64,     01.02.2015 10:41:16,     240.45,     438.18,     256,     0.3,     1.5,     2.8,     -0.2,     86.7,     979.3,     431.44,     75.4,     87.9,     -2
65,     01.02.2015 10:51:16,     130.2,     249.24,     270,     1,     2.4,     3.6,     -0.2,     86.4,     979.4,     431.44,     75.2,     87.9,     -2
66,     01.02.2015 11:01:16,     148.05,     297.48,     276,     0.9,     2,     2.8,     0,     86.4,     979.6,     431.44,     75.2,     87.9,     -2
67,     01.02.2015 11:11:16,     287.7,     546.72,     295,     0.7,     2.3,     4,     0.1,     86.2,     979.7,     431.44,     75.2,     87.9,     -2,     13.690,     1.62,     92.6
68,     01.02.2015 11:21:16,     186.9,     371.85,     293,     0.6,     2.6,     4.3,     0.2,     85.9,     979.7,     431.44,     75.3,     87.9,     -2
69,     01.02.2015 11:31:16,     173.25,     337.68,     289,     1.3,     2.8,     4.7,     0.4,     85.6,     979.7,     431.44,     75.3,     87.9,     -2
70,     01.02.2015 11:41:16,     220.5,     428.13,     287,     1.3,     2.9,     4.4,     0.5,     85.8,     979.8,     431.44,     75.3,     87.8,     -2.1
71,     01.02.2015 11:51:16,     171.15,     337.68,     278,     1.4,     3,     4.7,     0.5,     86.3,     979.8,     431.44,     73.6,     87.9,     -2
72,     01.02.2015 12:01:16,     225.75,     430.14,     280,     1.8,     3.1,     6.3,     0.5,     86.4,     979.9,     431.44,     74,     88,     -1.9
73,     01.02.2015 12:11:16,     220.5,     420.09,     278,     1.2,     3.2,     4.5,     0.6,     86.2,     979.9,     431.44,     74.1,     88,     -1.9,     13.642,     2.73,     92.1
74,     01.02.2015 12:21:16,     116.55,     235.17,     275,     1.2,     2.9,     4.3,     0.7,     85.8,     979.8,     431.44,     74.1,     87.9,     -2
75,     01.02.2015 12:31:16,     87.15,     184.92,     272,     1.4,     2.8,     5.3,     0.7,     85.7,     979.7,     431.44,     74.2,     88,     -1.9
76,     01.02.2015 12:41:16,     102.9,     209.04,     267,     1.8,     3.1,     4.8,     0.7,     85.8,     979.7,     431.44,     73.9,     88,     -1.9
77,     01.02.2015 12:51:16,     86.1,     178.89,     274,     1,     3.1,     5.5,     0.8,     86.1,     979.7,     431.44,     74.2,     87.8,     -2
78,     01.02.2015 13:01:16,     96.6,     198.99,     298,     1.7,     3.8,     5.8,     0.8,     86.3,     979.8,     431.44,     254.2,     88,     -178
79,     01.02.2015 13:11:17,     75.6,     154.77,     282,     2.4,     4.9,     8.4,     0.8,     84.8,     979.8,     431.44,     73.7,     88,     -1.9,     13.807,     2.91,     91.9
80,     01.02.2015 13:21:17,     137.55,     273.36,     283,     1.5,     3.9,     6.2,     0.8,     84.4,     979.8,     431.44,     74.4,     87.8,     -2.1
81,     01.02.2015 13:31:17,     108.15,     219.09,     293,     0.6,     4,     7.4,     0.9,     83.6,     979.9,     431.44,     254.2,     87.9,     -177.9
82,     01.02.2015 13:41:17,     91.35,     182.91,     283,     2.2,     4.5,     7,     0.9,     82,     979.8,     431.44,     74.3,     88,     -1.9
83,     01.02.2015 13:51:17,     74.55,     152.76,     279,     1.1,     3.7,     6.6,     0.9,     84.1,     980,     431.44,     74.3,     88,     -1.9
84,     01.02.2015 14:01:17,     57.75,     120.6,     293,     1.5,     3.3,     5.2,     0.9,     84.3,     980,     431.44,     74.5,     88,     -1.9
85,     01.02.2015 14:11:16,     58.8,     124.62,     299,     2,     3.4,     4.9,     0.9,     84.9,     980,     431.44,     253.9,     88,     -178,     13.835,     2.91,     91.7
86,     01.02.2015 14:21:16,     64.05,     130.65,     299,     1.4,     3.1,     5.1,     1,     85.7,     980.1,     431.44,     74.3,     87.9,     -2
87,     01.02.2015 14:31:16,     47.25,     96.48,     295,     1.4,     2.7,     4.7,     1.1,     86.2,     980.1,     431.44,     73.8,     88,     -1.9
88,     01.02.2015 14:41:16,     37.8,     80.4,     286,     1.7,     3,     5,     1.1,     86.6,     980,     431.44,     74,     87.9,     -1.9
89,     01.02.2015 14:51:16,     34.65,     68.34,     277,     1,     3.2,     5.1,     1.1,     87.3,     980.2,     431.44,     73.5,     87.8,     -2
90,     01.02.2015 15:01:16,     37.8,     76.38,     288,     1.7,     3.1,     5,     1.1,     87.6,     980.2,     431.44,     73.9,     88,     -2
91,     01.02.2015 15:11:17,     45.15,     86.43,     275,     1.5,     3.5,     5.5,     1.1,     87.3,     980.2,     431.44,     74.4,     88,     -1.9,     13.777,     2.67,     91.8
92,     01.02.2015 15:21:17,     18.9,     40.2,     278,     1.4,     3.7,     6.2,     1.2,     86.2,     980.2,     431.44,     74.3,     88.1,     -1.8
93,     01.02.2015 15:31:17,     17.85,     38.19,     281,     2.2,     4,     6.6,     1.2,     86.3,     980.2,     431.44,     73.8,     88,     -1.9
94,     01.02.2015 15:41:17,     19.95,     40.2,     290,     2.2,     3.9,     6.4,     1.2,     86.5,     980.3,     431.44,     73.5,     88.1,     -1.8
95,     01.02.2015 15:51:17,     22.05,     44.22,     288,     0.5,     3.8,     6.5,     1.2,     86.6,     980.3,     431.44,     73.9,     88,     -1.9
96,     01.02.2015 16:01:17,     12.6,     26.13,     286,     1.4,     3.1,     4.9,     1.2,     86.8,     980.3,     431.44,     74.4,     88,     -1.9
97,     01.02.2015 16:11:16,     11.55,     24.12,     285,     1.2,     3.3,     5.6,     1.2,     87.3,     980.2,     431.44,     73.9,     87.9,     -2,     12.798,     2.41,     92.0
98,     01.02.2015 16:21:16,     7.35,     18.09,     267,     1.4,     4.3,     6.9,     1.2,     87.9,     980.2,     431.44,     74.5,     88,     -2
99,     01.02.2015 16:31:16,     3.15,     10.05,     277,     2.1,     4.3,     6.2,     1.2,     87.9,     980.2,     431.44,     74.9,     87.9,     -2
100,     01.02.2015 16:41:16,     1.05,     4.02,     280,     1.3,     3.5,     6.5,     1.3,     88.3,     980.3,     431.44,     74.1,     87.8,     -2.1
101,     01.02.2015 16:51:16,     0,     0,     279,     1.8,     4.1,     7,     1.2,     88.3,     980.5,     431.44,     73.7,     88,     -2
102,     01.02.2015 17:01:16,     0,     2.01,     286,     1.4,     3.7,     6.1,     1.3,     88.5,     980.6,     431.44,     74.5,     88.1,     -1.8
103,     01.02.2015 17:11:16,     -2.1,     0,     274,     2.6,     4.2,     6.2,     1.3,     88.6,     980.6,     431.44,     74.2,     87.9,     -2,     12.618,     2.19,     92.1
104,     01.02.2015 17:21:16,     -1.05,     -2.01,     279,     2.4,     4.2,     6.7,     1.3,     88.5,     980.7,     431.44,     254,     88,     -178
105,     01.02.2015 17:31:16,     -1.05,     -2.01,     276,     2.3,     4.8,     8,     1.3,     88.4,     980.8,     431.44,     253.8,     87.9,     -177.9
106,     01.02.2015 17:41:16,     -1.05,     -2.01,     287,     2.1,     4.5,     7.2,     1.3,     88.2,     980.8,     431.44,     74.6,     88,     -1.9
107,     01.02.2015 17:51:16,     -1.05,     0,     285,     2.1,     4.3,     7.9,     1.2,     87.8,     980.9,     431.44,     255.2,     88,     -178
108,     01.02.2015 18:01:16,     -1.05,     0,     279,     1.5,     4.3,     8.4,     1.3,     87.2,     980.9,     431.44,     74.6,     88,     -1.9
109,     01.02.2015 18:11:16,     -1.05,     0,     276,     2.1,     5,     8.5,     1.3,     86.3,     980.8,     431.44,     254.5,     88,     -178.1,     12.575,     2.13,     92.1
110,     01.02.2015 18:21:16,     -3.15,     0,     272,     1.5,     4.3,     6.9,     1.3,     86.4,     981,     431.44,     74.4,     87.9,     -2
111,     01.02.2015 18:31:16,     -1.05,     -2.01,     275,     1.4,     4.9,     8.2,     1.2,     85.8,     981.1,     431.44,     253.9,     88,     -178.1
112,     01.02.2015 18:41:16,     -2.1,     -2.01,     283,     1,     5,     8.4,     1.2,     85.6,     981.2,     431.44,     75.5,     88,     -1.9
113,     01.02.2015 18:51:16,     -3.15,     -4.02,     282,     1.2,     3.9,     6.5,     1.2,     86,     981.3,     431.44,     74.7,     88,     -1.9
114,     01.02.2015 19:01:16,     -1.05,     0,     280,     1.6,     4.3,     7.1,     1.1,     85.8,     981.3,     431.44,     73.4,     87.8,     -2.2
115,     01.02.2015 19:11:16,     -1.05,     0,     286,     2.6,     5.3,     9.7,     1.1,     83.9,     981.3,     431.44,     75.1,     87.9,     -2,     12.881,     2.05,     92.1
116,     01.02.2015 19:21:16,     0,     -2.01,     285,     1.3,     4.4,     7.3,     1.1,     83.8,     981.3,     431.44,     253.9,     88.2,     -178.2
117,     01.02.2015 19:31:16,     -2.1,     -2.01,     283,     2.1,     4,     6.5,     1.1,     84.3,     981.4,     431.44,     74.1,     88,     -1.9
118,     01.02.2015 19:41:16,     -1.05,     -4.02,     280,     2.2,     4.5,     7.8,     1.1,     84.8,     981.5,     431.44,     74.2,     88.1,     -1.8
119,     01.02.2015 19:51:16,     -1.05,     -2.01,     285,     2.2,     4.4,     7.3,     1.1,     84.8,     981.5,     431.44,     74.2,     88,     -1.9
120,     01.02.2015 20:01:16,     -2.1,     -2.01,     276,     1.1,     4.6,     9.5,     1.1,     84.5,     981.4,     431.44,     74.9,     88,     -1.9
121,     01.02.2015 20:11:16,     -1.05,     -2.01,     282,     1.6,     5,     8.4,     1.1,     84.6,     981.5,     431.44,     255.3,     88.1,     -178.1,     12.607,     1.91,     92.3
122,     01.02.2015 20:21:16,     -2.1,     -10.05,     273,     2.7,     4.9,     7.6,     1,     85.4,     981.6,     431.44,     253.9,     88.1,     -178.1
123,     01.02.2015 20:31:16,     -3.15,     -4.02,     277,     2.3,     4.6,     6.9,     1,     85.7,     981.6,     431.44,     74.6,     87.9,     -2
124,     01.02.2015 20:41:16,     -2.1,     -2.01,     275,     2,     4.7,     7.7,     1,     85.7,     981.6,     431.44,     255.6,     88,     -177.9
125,     01.02.2015 20:51:16,     -2.1,     -2.01,     279,     2.1,     4.9,     7.7,     1,     85.1,     981.7,     431.44,     74.4,     87.9,     -2
126,     01.02.2015 21:01:16,     -1.05,     0,     275,     2.3,     5.4,     8.4,     1.1,     85.2,     981.6,     431.44,     75.7,     87.9,     -1.9
127,     01.02.2015 21:11:16,     -2.1,     0,     275,     2.2,     5.3,     8.9,     1.1,     85.1,     981.7,     431.44,     74.9,     87.9,     -1.9,     12.514,     1.73,     92.4
128,     01.02.2015 21:21:16,     -3.15,     -4.02,     279,     2.6,     4.8,     7.9,     1.1,     84.8,     981.6,     431.44,     74.9,     87.7,     -2.1
129,     01.02.2015 21:31:16,     -1.05,     -2.01,     278,     2.5,     4.9,     8.2,     1,     84.5,     981.7,     431.44,     74.5,     88.1,     -1.8
130,     01.02.2015 21:41:16,     -1.05,     -2.01,     282,     2.3,     4.1,     7.6,     1,     84.6,     981.8,     431.44,     254,     88,     -178
131,     01.02.2015 21:51:16,     -1.05,     -2.01,     287,     1.7,     4,     6.8,     1,     84.5,     981.8,     431.44,     74,     87.9,     -2
132,     01.02.2015 22:01:16,     -3.15,     0,     276,     2.4,     4.6,     8.6,     1,     84.2,     981.6,     431.44,     73.7,     88,     -1.9
133,     01.02.2015 22:11:16,     -2.1,     0,     283,     1.4,     3.9,     6.5,     1,     84.5,     981.8,     431.44,     73.7,     88.1,     -1.8,     12.501,     1.61,     92.3
134,     01.02.2015 22:21:16,     -3.15,     -2.01,     274,     1.2,     4.3,     7.1,     0.9,     85.1,     981.7,     431.44,     74.5,     87.9,     -2
135,     01.02.2015 22:31:16,     -2.1,     0,     276,     1.5,     4.1,     6.7,     0.9,     85.6,     981.7,     431.44,     73.8,     87.9,     -2.1
136,     01.02.2015 22:41:16,     -4.2,     -2.01,     277,     2.2,     4.1,     6.7,     0.9,     85.7,     981.7,     431.44,     253.8,     88.1,     -178.1
137,     01.02.2015 22:51:16,     -4.2,     0,     282,     2.1,     4,     6.6,     0.9,     85.1,     981.7,     431.44,     254.5,     87.9,     -177.9
138,     01.02.2015 23:01:16,     -3.15,     -2.01,     286,     1.5,     4.2,     7.1,     0.9,     84.9,     981.6,     431.44,     73.8,     87.9,     -2
139,     01.02.2015 23:11:16,     -4.2,     -2.01,     289,     2.2,     4.6,     7.1,     0.9,     84.9,     981.7,     431.44,     75.5,     88,     -1.9,     12.465,     1.13,     92.5
140,     01.02.2015 23:21:16,     -2.1,     -2.01,     291,     1.9,     4.1,     7.6,     0.9,     84.6,     981.8,     431.44,     254.5,     87.8,     -177.8
141,     01.02.2015 23:31:16,     -2.1,     -2.01,     292,     2.2,     4.3,     7.8,     0.9,     84.5,     981.8,     431.44,     74,     87.9,     -2
142,     01.02.2015 23:41:16,     -1.05,     -2.01,     287,     2.6,     5,     9.3,     1,     84,     981.8,     431.44,     255.4,     87.9,     -177.9
143,     01.02.2015 23:51:16,     -2.1,     -2.01,     291,     2,     5.1,     8.5,     1,     83.6,     981.8,     431.44,     74.6,     88,     -1.9
144,     02.02.2015 00:01:16,     -3.15,     0,     290,     2.7,     4.8,     8.1,     1,     83.7,     981.8,     431.44,     74.7,     88,     -1.9,     12.368,     1.25,     92.5