Logger: #D10248 'TSK_Meteo' - USP_EXP2 - (CGI) Expander for GP5W - (V2.51, Oct  6 2010)
No,     Time,     #1:W/m²:0,     #2:µMol:(do.),     #5:deg:2,     #6:m/sMIN:(do.),     #7:m/sMIT:(do.),     #8:m/sMAX:(do.),     #9:°C:(do.),     #10:%:(do.),     #11:hPa:(do.),     #12:mm:(do.),     #14:AZ:3,     #15:EL:(do.),     #16:Roll:(do.),     #HK-Bat:V,     #HK-Temp:oC,     #HK-rH:%
(New File ('D10248_20141022230247.g2d'))
(GSM Transfer OK / Signal:17)
1,     22.10.2014 00:11:23,     -2.1,     -2.01,     303,     0.9,     2.8,     8.2,     10.8,     88.9,     989.7,     312.89,     254.7,     88,     -178,     12.401,     12.10,     77.3
2,     22.10.2014 00:21:23,     -1.05,     0,     323,     1,     3.7,     8,     10.8,     88,     989.9,     312.95,     253.9,     88,     -178
3,     22.10.2014 00:31:23,     -1.05,     0,     305,     0.9,     3.2,     7.1,     10.7,     87.8,     989.9,     313,     252.8,     88.3,     -178.3
4,     22.10.2014 00:41:23,     -2.1,     -2.01,     287,     0.3,     2.1,     6.3,     10.7,     88.3,     990,     313.07,     253.6,     88.1,     -178.1
5,     22.10.2014 00:51:23,     -2.1,     -2.01,     292,     0.5,     3.4,     7.6,     10.5,     87.8,     990.2,     313.43,     254.1,     88.2,     -178.3
6,     22.10.2014 01:01:23,     0,     -2.01,     284,     0.9,     3.6,     8.1,     10.5,     87.5,     990.4,     313.61,     254.3,     88.1,     -178.1
7,     22.10.2014 01:11:16,     -2.1,     -2.01,     285,     0.9,     3.7,     7.4,     10.4,     88,     990.5,     313.76,     254,     88,     -178,     12.410,     11.16,     79.0
8,     22.10.2014 01:21:16,     -2.1,     -2.01,     293,     1.6,     4.5,     8.4,     10.4,     88.1,     990.8,     313.89,     254.3,     88.2,     -178.2
9,     22.10.2014 01:31:16,     -3.15,     -2.01,     294,     1.5,     3.7,     7.1,     10.3,     87.8,     991,     314.1,     74.3,     87.9,     -1.9
10,     22.10.2014 01:41:16,     -1.05,     -2.01,     291,     0.7,     4.5,     8.5,     10.2,     87.7,     991,     314.29,     253.6,     88,     -178
11,     22.10.2014 01:51:16,     -2.1,     -2.01,     303,     0.7,     3.9,     7.6,     10.2,     87.8,     991.1,     314.44,     253.5,     88.1,     -178
12,     22.10.2014 02:01:16,     -2.1,     -4.02,     317,     0.8,     3.5,     7.7,     10.1,     87.5,     991,     314.48,     254,     87.9,     -177.9
13,     22.10.2014 02:11:16,     -2.1,     -2.01,     308,     0.7,     4,     7.4,     10,     87.5,     991.1,     314.53,     254,     87.9,     -177.9,     12.385,     10.69,     79.2
14,     22.10.2014 02:21:16,     -2.1,     -2.01,     306,     0.8,     3.9,     7.8,     9.9,     87.9,     991.2,     314.56,     253.9,     88,     -178
15,     22.10.2014 02:31:16,     -2.1,     0,     314,     0.9,     3.6,     7.1,     9.9,     88.1,     991.2,     314.63,     254,     88,     -178.1
16,     22.10.2014 02:41:16,     -3.15,     -4.02,     312,     1.2,     3.8,     8.3,     9.7,     87.6,     991.3,     314.72,     254.6,     88,     -178
17,     22.10.2014 02:51:16,     -2.1,     0,     314,     0.5,     4.1,     8.4,     9.7,     87.7,     991.4,     314.93,     253.5,     87.8,     -177.8
18,     22.10.2014 03:01:16,     -1.05,     -2.01,     299,     0.9,     4.2,     7.6,     9.6,     88.3,     991.6,     315.27,     253.9,     87.9,     -177.9
19,     22.10.2014 03:11:16,     -2.1,     -4.02,     289,     1.5,     5.2,     8,     9.5,     88,     991.9,     315.77,     253.9,     87.9,     -177.9,     12.342,     10.31,     79.3
20,     22.10.2014 03:21:16,     -2.1,     -8.04,     285,     1.7,     4.8,     8.2,     9.4,     87.7,     992,     316.23,     254.2,     88.1,     -178.1
21,     22.10.2014 03:31:16,     -1.05,     -2.01,     297,     0.7,     4.6,     7.5,     9.3,     88,     991.8,     316.33,     253.9,     88.1,     -178.1
22,     22.10.2014 03:41:16,     0,     -2.01,     294,     1,     4.8,     9.1,     9.2,     87.7,     991.8,     316.66,     254.2,     88.3,     -178.3
23,     22.10.2014 03:51:16,     -1.05,     -2.01,     297,     1.2,     4.8,     8.2,     9.1,     87.7,     992,     316.9,     253.3,     87.9,     -178
24,     22.10.2014 04:01:16,     -2.1,     -2.01,     292,     1.7,     5.1,     7.7,     9.1,     87.7,     992.1,     317.1,     254.3,     88,     -178
25,     22.10.2014 04:11:16,     -1.05,     -4.02,     296,     2.6,     5.3,     8.8,     9.1,     87.9,     992.1,     317.18,     253.7,     87.9,     -177.9,     12.338,     9.79,     79.4
26,     22.10.2014 04:21:16,     -2.1,     -2.01,     295,     1.5,     4.6,     8.1,     9,     88.1,     992.1,     317.64,     254,     88,     -178
27,     22.10.2014 04:31:16,     -1.05,     -2.01,     273,     1.2,     3.8,     7.1,     9,     87.8,     992.1,     317.96,     74.4,     88,     -1.9
28,     22.10.2014 04:41:16,     -1.05,     -2.01,     287,     0.8,     4.1,     7.5,     9,     88.2,     992.1,     318.35,     254.5,     88,     -178
29,     22.10.2014 04:51:16,     -1.05,     -2.01,     258,     0.9,     3,     5.7,     8.9,     88.3,     992,     318.69,     254.9,     87.9,     -177.9
30,     22.10.2014 05:01:16,     -1.05,     -2.01,     258,     0.3,     3.2,     6.7,     8.9,     88.1,     992,     318.91,     254.2,     87.8,     -177.9
31,     22.10.2014 05:11:17,     0,     0,     291,     0.6,     3.4,     6.2,     9,     88.9,     992.1,     319.1,     253.7,     88,     -178,     12.344,     9.47,     79.5
32,     22.10.2014 05:21:17,     -2.1,     0,     299,     1.4,     4,     7.3,     8.9,     88.4,     992,     319.32,     254,     87.9,     -178
33,     22.10.2014 05:31:17,     -1.05,     -4.02,     296,     1.4,     3.8,     6.9,     8.9,     88.3,     992,     319.49,     255.3,     88,     -178
34,     22.10.2014 05:41:17,     -1.05,     -2.01,     291,     0.6,     3.8,     5.9,     8.9,     88.4,     992.1,     319.56,     253.8,     87.9,     -177.9
35,     22.10.2014 05:51:17,     0,     0,     281,     0.9,     3.5,     5.9,     8.9,     88.4,     992.1,     319.58,     253.2,     87.9,     -177.9
36,     22.10.2014 06:01:17,     -1.05,     0,     276,     0.8,     3.3,     6.7,     8.9,     88.5,     992.2,     319.59,     253.9,     88.1,     -178.1
37,     22.10.2014 06:11:16,     -1.05,     -2.01,     284,     1.1,     3.3,     5.9,     8.9,     88.3,     992.3,     319.59,     253.9,     88,     -178,     12.323,     9.39,     79.5
38,     22.10.2014 06:21:16,     -1.05,     0,     272,     0.5,     2.7,     4.7,     9.1,     89,     992.4,     319.59,     254.5,     87.9,     -177.9
39,     22.10.2014 06:31:16,     0,     -2.01,     282,     0.9,     2.6,     5.4,     9,     88.7,     992.5,     319.59,     254.5,     88,     -178
40,     22.10.2014 06:41:16,     -1.05,     0,     285,     0.8,     2.5,     4.4,     9.1,     88.8,     992.7,     319.59,     253.6,     88,     -178.1
41,     22.10.2014 06:51:16,     -1.05,     -2.01,     282,     1.4,     3.1,     4.4,     9.1,     88.7,     992.8,     319.6,     253.9,     88,     -178
42,     22.10.2014 07:01:16,     -2.1,     0,     287,     0.7,     2.9,     5.8,     9.1,     88.8,     992.9,     319.66,     253.6,     87.9,     -177.9
43,     22.10.2014 07:11:21,     1.05,     2.01,     293,     0.9,     3.1,     5,     9.1,     88.9,     993,     319.79,     253.8,     88,     -178,     12.325,     9.50,     79.5
44,     22.10.2014 07:21:21,     2.1,     8.04,     282,     1,     2.8,     4.8,     9.1,     89.4,     993.2,     319.81,     253.6,     87.9,     -177.9
45,     22.10.2014 07:31:21,     2.1,     8.04,     203,     0.4,     1.9,     3.1,     9.1,     89.4,     993.3,     319.82,     253.5,     88,     -178
46,     22.10.2014 07:41:21,     2.1,     6.03,     218,     0.3,     2.1,     3.9,     9.2,     89.7,     993.4,     319.99,     253.6,     88.1,     -178.1
47,     22.10.2014 07:51:21,     4.2,     10.05,     235,     1.4,     2.5,     3.7,     9.2,     89.8,     993.6,     320.03,     253.5,     88.1,     -178.1
48,     22.10.2014 08:01:21,     3.15,     12.06,     178,     0.5,     2,     3,     9.3,     89.9,     993.6,     320.06,     253.5,     88.1,     -178.1
49,     22.10.2014 08:11:17,     8.4,     20.1,     186,     0.6,     1.9,     3,     9.3,     89.8,     993.7,     320.16,     253.8,     88,     -178,     12.329,     9.69,     79.5
50,     22.10.2014 08:21:17,     13.65,     32.16,     217,     0.6,     2,     3.5,     9.4,     90,     993.8,     320.19,     253.9,     88,     -178
51,     22.10.2014 08:31:17,     15.75,     38.19,     214,     0.6,     2,     3.5,     9.4,     90.2,     994,     320.19,     253.7,     88.1,     -178.1
52,     22.10.2014 08:41:17,     16.8,     40.2,     200,     0.6,     1.9,     3,     9.5,     90.1,     994.2,     320.19,     253.6,     88,     -178
53,     22.10.2014 08:51:17,     16.8,     40.2,     188,     0.4,     1.9,     3,     9.6,     90.3,     994.2,     320.23,     253.6,     88,     -178
54,     22.10.2014 09:01:17,     23.1,     50.25,     152,     0.8,     1.8,     4,     9.6,     90.2,     994.3,     320.25,     253.5,     88.1,     -178.1
55,     22.10.2014 09:11:22,     23.1,     56.28,     128,     0.5,     1.8,     3.2,     9.7,     90.1,     994.4,     320.3,     253.5,     88.1,     -178.1,     12.461,     10.18,     79.3
56,     22.10.2014 09:21:22,     29.4,     66.33,     113,     0.5,     1.8,     3.6,     9.8,     90.1,     994.6,     320.4,     253.6,     88,     -178
57,     22.10.2014 09:31:22,     24.15,     56.28,     156,     0.9,     2.3,     5,     9.8,     90,     994.7,     320.44,     253.5,     88,     -178
58,     22.10.2014 09:41:22,     34.65,     80.4,     258,     0.7,     2.8,     5.2,     9.9,     90.2,     994.9,     320.48,     253.6,     87.9,     -177.9
59,     22.10.2014 09:51:22,     36.75,     84.42,     277,     0.9,     2.3,     4.5,     9.9,     90.1,     994.8,     320.52,     253.7,     88,     -178
60,     22.10.2014 10:01:22,     43.05,     96.48,     280,     0.7,     2.1,     4.5,     10,     90.1,     995,     320.53,     253.6,     88,     -178
61,     22.10.2014 10:11:22,     45.15,     104.52,     262,     1,     2.1,     3.7,     10.1,     89.9,     995.1,     320.53,     253.7,     88,     -178,     12.728,     10.74,     79.2
62,     22.10.2014 10:21:22,     48.3,     108.54,     259,     0.6,     1.9,     3.4,     10.2,     90,     995.2,     320.53,     253.8,     88.1,     -178.1
63,     22.10.2014 10:31:22,     66.15,     152.76,     255,     0.7,     1.7,     3.6,     10.2,     90.1,     995.2,     320.53,     253.7,     88.1,     -178.1
64,     22.10.2014 10:41:22,     60.9,     138.69,     0,     0,     0,     0,     10.3,     90,     995.4,     320.53,     253.5,     87.9,     -177.9
65,     22.10.2014 10:51:22,     55.65,     126.63,     0,     0,     0,     0,     10.3,     89.5,     995.4,     320.53,     253.6,     88.1,     -178.1
66,     22.10.2014 11:01:22,     60.9,     138.69,     38,     0.3,     1.9,     4,     10.4,     89.6,     995.5,     320.53,     253.9,     88,     -178.1
67,     22.10.2014 11:11:16,     59.85,     134.67,     335,     0.7,     2,     3.6,     10.5,     89.9,     995.5,     320.53,     253.7,     88.1,     -178.1,     13.023,     11.21,     79.1
68,     22.10.2014 11:21:16,     50.4,     110.55,     344,     0.8,     2.2,     4.6,     10.6,     89.5,     995.6,     320.53,     253.8,     88.2,     -178.3
69,     22.10.2014 11:31:16,     61.95,     136.68,     2,     1.4,     2.5,     4.6,     10.7,     89.3,     995.6,     320.53,     253.6,     88,     -178
70,     22.10.2014 11:41:16,     48.3,     112.56,     1,     1.4,     2.8,     4.4,     10.7,     89.4,     995.6,     320.53,     253.7,     87.9,     -177.9
71,     22.10.2014 11:51:16,     42,     96.48,     3,     1.5,     3.1,     5.8,     10.8,     89.2,     995.8,     320.53,     253.2,     88.3,     -178.3
72,     22.10.2014 12:01:16,     37.8,     86.43,     7,     2,     3.5,     5.8,     10.8,     89,     995.9,     320.53,     253.7,     88.2,     -178.3
73,     22.10.2014 12:11:16,     33.6,     78.39,     3,     2.2,     3.6,     5.1,     11,     89.2,     996,     320.53,     253.1,     88.1,     -178.2,     12.654,     11.71,     78.9
74,     22.10.2014 12:21:16,     32.55,     76.38,     10,     2.7,     4,     6.3,     11.1,     89.1,     996.2,     320.53,     74,     87.6,     -2.2
75,     22.10.2014 12:31:16,     23.1,     54.27,     14,     3.2,     4.6,     7.7,     11.3,     88.3,     996.3,     320.53,     252.7,     88.2,     -178.4
76,     22.10.2014 12:41:16,     31.5,     74.37,     26,     2.8,     4.5,     6.8,     11.4,     88.5,     996.5,     320.53,     253.2,     88.1,     -178.1
77,     22.10.2014 12:51:16,     35.7,     78.39,     23,     3.2,     5.1,     7.1,     11.6,     87.9,     996.6,     320.53,     253,     87.9,     -177.9
78,     22.10.2014 13:01:16,     32.55,     70.35,     38,     1.5,     4.6,     8.7,     11.7,     87.1,     996.8,     320.53,     73.4,     87.9,     -2
79,     22.10.2014 13:11:17,     70.35,     154.77,     43,     1,     3.4,     6.2,     11.7,     87.4,     997,     320.53,     252.5,     88.3,     -178.5,     12.688,     12.18,     78.8
80,     22.10.2014 13:21:17,     118.65,     249.24,     41,     1.8,     4.5,     8.3,     12,     86.8,     997.1,     320.53,     253.3,     87.5,     -177.5
81,     22.10.2014 13:31:17,     82.95,     174.87,     41,     2.8,     4.4,     6.7,     12,     87.4,     997.4,     320.53,     253.2,     87.2,     -177.2
82,     22.10.2014 13:41:17,     102.9,     217.08,     33,     1.8,     3.9,     6.5,     12.2,     87.7,     997.5,     320.53,     253,     89.1,     -179.1
83,     22.10.2014 13:51:17,     81.9,     168.84,     35,     3.1,     4.8,     6.6,     12.4,     86.9,     997.7,     320.53,     72.8,     87.1,     -2.7
84,     22.10.2014 14:01:17,     119.7,     253.26,     38,     2.6,     4.3,     6.5,     12.5,     87,     998,     320.53,     252.6,     88.1,     -178.1
85,     22.10.2014 14:11:16,     141.75,     291.45,     41,     2.7,     4.9,     7.4,     12.5,     86.5,     998.3,     320.53,     67.8,     88.1,     -1.8,     13.273,     13.19,     78.5
86,     22.10.2014 14:21:16,     109.2,     227.13,     55,     2,     4.2,     6.3,     12.6,     85.7,     998.4,     320.53,     253.1,     86.7,     -177.1
87,     22.10.2014 14:31:16,     97.65,     194.97,     60,     1.8,     3.4,     6,     12.6,     84.3,     998.6,     320.53,     250.9,     86.7,     -176.9
88,     22.10.2014 14:41:16,     84,     168.84,     53,     1,     3.5,     5.9,     12.7,     84.6,     998.8,     320.53,     249.7,     87.2,     -177.5
89,     22.10.2014 14:51:16,     77.7,     164.82,     53,     2.5,     4,     6.2,     12.7,     84.3,     999,     320.53,     250,     88,     -178.5
90,     22.10.2014 15:01:16,     85.05,     172.86,     51,     1.4,     3.6,     5.8,     12.7,     84.4,     999.1,     320.53,     253.3,     87.2,     -177.2
91,     22.10.2014 15:11:16,     32.55,     68.34,     43,     1.9,     3.8,     5.1,     12.7,     84.9,     999.3,     320.53,     253.3,     88,     -178,     13.014,     13.62,     78.4
92,     22.10.2014 15:21:16,     30.45,     66.33,     43,     2.4,     3.7,     5.1,     12.8,     85.4,     999.5,     320.53,     252.8,     88.1,     -178.1
93,     22.10.2014 15:31:16,     26.25,     56.28,     47,     1.7,     3.3,     5.1,     12.7,     84.7,     999.7,     320.53,     253.1,     88.3,     -178.3
94,     22.10.2014 15:41:16,     31.5,     66.33,     45,     2,     3.7,     5.7,     12.8,     85.3,     999.8,     320.53,     73.4,     87.8,     -2.1
95,     22.10.2014 15:51:16,     33.6,     72.36,     50,     1,     3.3,     5.8,     12.8,     84.5,     1000,     320.53,     253.3,     87.9,     -177.9
96,     22.10.2014 16:01:16,     19.95,     44.22,     46,     1.3,     3.1,     4.6,     12.8,     85.2,     1000.3,     320.53,     253.2,     88.2,     -178.2
97,     22.10.2014 16:11:16,     14.7,     30.15,     36,     2.4,     3.4,     4.5,     12.8,     85.3,     1000.4,     320.53,     253.4,     88.5,     -178.5,     12.866,     13.61,     78.5
98,     22.10.2014 16:21:16,     14.7,     36.18,     38,     1.8,     3,     4.4,     12.8,     85.9,     1000.6,     320.53,     253.4,     88,     -178
99,     22.10.2014 16:31:16,     1.05,     4.02,     42,     1.6,     2.7,     4.3,     12.8,     85.5,     1000.8,     320.53,     253.2,     88.2,     -178.2
100,     22.10.2014 16:41:16,     -5.25,     -4.02,     49,     0.6,     1.9,     3.6,     12.7,     85.8,     1000.9,     320.61,     253.4,     87.9,     -177.9
101,     22.10.2014 16:51:16,     -2.1,     4.02,     45,     1.1,     2.4,     4.7,     12.7,     86.1,     1001.2,     320.62,     253.3,     88,     -178
102,     22.10.2014 17:01:16,     -2.1,     4.02,     55,     0.2,     2,     4.4,     12.6,     86.1,     1001.4,     320.62,     253.5,     88.1,     -178.1
103,     22.10.2014 17:11:16,     -5.25,     -2.01,     41,     1.5,     2.9,     4.3,     12.6,     86.2,     1001.6,     320.62,     253.5,     88.1,     -178.1,     12.726,     13.09,     78.6
104,     22.10.2014 17:21:16,     -5.25,     -2.01,     37,     1.9,     2.9,     4.2,     12.6,     87.1,     1001.9,     320.62,     253.6,     88.1,     -178.1
105,     22.10.2014 17:31:16,     -5.25,     -4.02,     45,     1.2,     2.4,     3.6,     12.4,     86.8,     1002.2,     320.62,     253.6,     87.9,     -177.9
106,     22.10.2014 17:41:16,     -5.25,     -2.01,     55,     0.4,     1.6,     3,     12.2,     87.5,     1002.3,     320.62,     253.5,     88,     -178
107,     22.10.2014 17:51:16,     -5.25,     -2.01,     42,     0.8,     1.8,     2.9,     12.2,     88.1,     1002.4,     320.62,     253.4,     88,     -178
108,     22.10.2014 18:01:16,     -4.2,     0,     26,     1.1,     2.3,     3.1,     12.2,     87.1,     1002.5,     320.62,     253.4,     88,     -178
109,     22.10.2014 18:11:16,     -4.2,     -2.01,     39,     1.1,     2,     3.2,     12.1,     86.9,     1002.6,     320.62,     253.4,     88,     -178,     12.639,     12.06,     79.0
110,     22.10.2014 18:21:16,     -3.15,     0,     41,     0.6,     1.7,     3.1,     12.1,     86.7,     1002.9,     320.62,     253.5,     88,     -178
111,     22.10.2014 18:31:16,     -5.25,     -2.01,     82,     0.5,     1.3,     2.1,     11.6,     87.1,     1003,     320.62,     253.5,     88,     -178
112,     22.10.2014 18:41:16,     -3.15,     -2.01,     57,     0.1,     1.3,     2.3,     11.6,     88.2,     1003.3,     320.62,     253.5,     88,     -178
113,     22.10.2014 18:51:16,     -3.15,     0,     53,     1,     1.9,     3,     11.9,     87.4,     1003.4,     320.62,     253.5,     87.9,     -177.9
114,     22.10.2014 19:01:16,     -4.2,     -4.02,     55,     0.9,     1.7,     2.7,     11.8,     87.7,     1003.5,     320.62,     253.4,     88,     -178
115,     22.10.2014 19:11:16,     -3.15,     -4.02,     53,     0.3,     1.7,     2.6,     11.8,     88,     1003.7,     320.62,     253.4,     87.9,     -177.9,     12.586,     11.40,     79.3
116,     22.10.2014 19:21:16,     -5.25,     -2.01,     54,     0.6,     1.8,     2.9,     11.8,     88.4,     1003.8,     320.62,     253.5,     88,     -178
117,     22.10.2014 19:31:16,     -3.15,     -2.01,     60,     0.7,     1.7,     3.1,     11.6,     88,     1004,     320.62,     253.3,     88.1,     -178.1
118,     22.10.2014 19:41:16,     -4.2,     -2.01,     96,     0,     1.2,     2.1,     11.2,     88.3,     1004.1,     320.62,     253.5,     88,     -178
119,     22.10.2014 19:51:16,     -4.2,     -4.02,     50,     0.3,     1.4,     2.3,     11.4,     89.2,     1004.3,     320.62,     253.4,     88,     -178
120,     22.10.2014 20:01:16,     -5.25,     -4.02,     39,     0.8,     2.2,     3.1,     11.7,     89.2,     1004.6,     320.62,     253.2,     88,     -178
121,     22.10.2014 20:11:23,     -4.2,     0,     20,     0.7,     1.8,     2.7,     11.6,     88.5,     1004.7,     320.62,     253.5,     87.9,     -177.9,     12.544,     11.12,     79.3
122,     22.10.2014 20:21:23,     -3.15,     0,     351,     0.7,     1.2,     2,     11.3,     89.2,     1004.7,     320.62,     253.5,     87.9,     -177.9
123,     22.10.2014 20:31:23,     -4.2,     -2.01,     358,     0.6,     1.2,     1.9,     11.3,     89.4,     1004.9,     320.62,     253.5,     88,     -178
124,     22.10.2014 20:41:23,     -4.2,     -2.01,     348,     0.5,     1.1,     1.7,     11.2,     89.9,     1005,     320.62,     253.6,     88,     -178
125,     22.10.2014 20:51:23,     -4.2,     -2.01,     357,     0.5,     1.2,     1.9,     11.2,     90.1,     1005.2,     320.62,     253.5,     87.9,     -178
126,     22.10.2014 21:01:23,     -2.1,     0,     13,     0.8,     1.5,     2.5,     11.4,     90,     1005.3,     320.62,     253.5,     88,     -178
127,     22.10.2014 21:11:17,     -2.1,     -2.01,     3,     1,     1.8,     2.8,     11.4,     89.3,     1005.5,     320.62,     253.5,     88,     -178,     12.493,     10.82,     79.4
128,     22.10.2014 21:21:17,     -3.15,     0,     6,     1.1,     2.1,     3.7,     11.5,     89.5,     1005.6,     320.62,     253.6,     88.1,     -178.1
129,     22.10.2014 21:31:17,     -3.15,     0,     7,     1.6,     3,     4.5,     11.6,     88.8,     1005.8,     320.62,     253.5,     87.7,     -177.8
130,     22.10.2014 21:41:17,     -3.15,     -2.01,     2,     2,     3,     4.4,     11.7,     88.4,     1005.9,     320.62,     253.6,     88,     -178
131,     22.10.2014 21:51:17,     -4.2,     -2.01,     0,     1.5,     2.8,     4.2,     11.7,     88.6,     1006,     320.62,     253.5,     88,     -178
132,     22.10.2014 22:01:17,     -2.1,     -2.01,     30,     1.2,     2.4,     3.5,     11.9,     88.3,     1006.1,     320.62,     253.2,     88,     -178.1
133,     22.10.2014 22:11:22,     -3.15,     -2.01,     55,     0.9,     1.8,     3,     11.8,     88.3,     1006.1,     320.62,     253.2,     88.1,     -178.1,     12.452,     11.49,     79.1
134,     22.10.2014 22:21:22,     -3.15,     0,     65,     1,     1.7,     2.5,     11.7,     88.4,     1006.1,     320.62,     253.5,     87.9,     -177.9
135,     22.10.2014 22:31:22,     -2.1,     -2.01,     47,     0.7,     1.7,     2.5,     11.7,     88.9,     1006.2,     320.62,     253.5,     88,     -178
136,     22.10.2014 22:41:22,     -2.1,     -2.01,     52,     0.7,     1.5,     2.4,     11.7,     88.9,     1006.4,     320.62,     253.3,     88,     -178
137,     22.10.2014 22:51:22,     -2.1,     -2.01,     66,     0.1,     1.1,     2.2,     11.7,     89.1,     1006.5,     320.62,     253.5,     88,     -178
138,     22.10.2014 23:01:22,     -2.1,     -2.01,     65,     0.1,     0.7,     1.4,     11.6,     89.3,     1006.6,     320.62,     253.6,     88.1,     -178.1
139,     22.10.2014 23:11:21,     -2.1,     0,     310,     0.6,     1.2,     1.8,     11.6,     89.5,     1006.6,     320.62,     253.6,     88,     -178,     12.427,     11.58,     79.1
140,     22.10.2014 23:21:21,     -2.1,     -2.01,     330,     0.4,     1,     1.4,     11.4,     89.5,     1006.8,     320.62,     253.6,     87.9,     -177.9
141,     22.10.2014 23:31:21,     -2.1,     0,     339,     0,     0.5,     1.2,     11.4,     89.9,     1006.9,     320.62,     253.4,     88,     -178
142,     22.10.2014 23:41:21,     -2.1,     -2.01,     2,     0.1,     0.8,     1.8,     11.6,     90.6,     1006.9,     320.62,     253.5,     87.9,     -177.9
143,     22.10.2014 23:51:21,     -2.1,     -2.01,     358,     0.8,     1.7,     2.6,     11.6,     89.5,     1007.1,     320.62,     253.4,     88,     -178
144,     23.10.2014 00:01:22,     -1.05,     0,     359,     0.6,     1.2,     2,     11.5,     90,     1007.2,     320.62,     253.5,     88,     -178,     12.187,     11.56,     79.1
(New File ('D10248_20141023230238.g2d'))
(GSM Transfer OK / Signal:17 / 23.10.2014 00:06:23)
145,     23.10.2014 00:11:23,     -2.1,     -2.01,     3,     0.5,     1.1,     2,     11.6,     90.5,     1007.3,     320.62,     253.5,     88,     -178,     12.259,     12.15,     77.4
146,     23.10.2014 00:21:23,     -2.1,     0,     32,     1,     1.8,     3.2,     11.7,     90.4,     1007.4,     320.62,     253.5,     88,     -178
147,     23.10.2014 00:31:23,     -2.1,     -2.01,     47,     0.5,     1.6,     2.5,     11.7,     90.3,     1007.5,     320.62,     253.4,     88,     -178
148,     23.10.2014 00:41:23,     -2.1,     -2.01,     62,     0.1,     1.3,     2.2,     11.6,     90,     1007.5,     320.62,     253.5,     88,     -178
149,     23.10.2014 00:51:23,     -2.1,     -2.01,     28,     0.9,     1.6,     2.4,     11.8,     90.2,     1007.6,     320.62,     253.4,     88,     -178
150,     23.10.2014 01:01:23,     -3.15,     -4.02,     36,     0.9,     1.9,     2.7,     11.9,     90.2,     1007.6,     320.62,     253.6,     88,     -178
151,     23.10.2014 01:11:17,     -2.1,     0,     44,     0.7,     2,     3,     11.9,     89.6,     1007.7,     320.62,     253.4,     88,     -178,     12.342,     11.89,     79.0
152,     23.10.2014 01:21:17,     -1.05,     0,     36,     1,     2.1,     3,     11.9,     89.6,     1007.9,     320.62,     253.4,     87.9,     -177.9
153,     23.10.2014 01:31:17,     -1.05,     0,     45,     1.3,     2.1,     2.8,     11.9,     89.2,     1008.1,     320.62,     253.5,     87.9,     -177.9
154,     23.10.2014 01:41:17,     -2.1,     -4.02,     37,     1.6,     2.2,     3.1,     11.9,     89.3,     1008.1,     320.62,     253.5,     88,     -178
155,     23.10.2014 01:51:17,     -1.05,     -2.01,     36,     1.8,     2.6,     3.3,     11.8,     89.1,     1008.1,     320.62,     253.3,     88,     -178
156,     23.10.2014 02:01:17,     -1.05,     0,     40,     1.6,     2.3,     2.8,     11.8,     89.5,     1008.2,     320.62,     253.4,     88,     -178
157,     23.10.2014 02:11:21,     -1.05,     0,     55,     0.7,     1.8,     2.8,     11.8,     89.5,     1008.3,     320.62,     253.4,     87.9,     -177.9,     12.344,     12.15,     78.9
158,     23.10.2014 02:21:21,     -2.1,     -2.01,     56,     0.5,     1.6,     2.5,     11.7,     89.8,     1008.4,     320.62,     253.5,     88,     -178
159,     23.10.2014 02:31:21,     -1.05,     -2.01,     51,     0.8,     1.5,     2.2,     11.7,     90,     1008.5,     320.62,     253.5,     88.1,     -178.1
160,     23.10.2014 02:41:21,     -2.1,     -4.02,     52,     0.6,     1.4,     2.2,     11.7,     90.2,     1008.6,     320.62,     253.6,     88,     -178
161,     23.10.2014 02:51:21,     -2.1,     0,     49,     0.7,     1.5,     2.4,     11.8,     90.2,     1008.7,     320.62,     253.3,     88,     -178
162,     23.10.2014 03:01:21,     -3.15,     -2.01,     50,     0.7,     1.5,     2.3,     11.8,     90.4,     1008.7,     320.62,     253.5,     88,     -178
163,     23.10.2014 03:11:22,     -3.15,     -2.01,     55,     0.5,     1.2,     2,     11.7,     90.2,     1008.7,     320.62,     253.4,     88.1,     -178.1,     12.353,     12.13,     78.9
164,     23.10.2014 03:21:22,     -4.2,     -2.01,     56,     0.1,     1,     1.7,     11.7,     90.5,     1008.8,     320.62,     253.5,     88.1,     -178.1
165,     23.10.2014 03:31:22,     -2.1,     -4.02,     42,     0.8,     1.5,     2.3,     11.7,     90.8,     1008.8,     320.62,     253.5,     88,     -178
166,     23.10.2014 03:41:22,     -1.05,     0,     60,     0.4,     1.2,     1.9,     11.6,     90.7,     1008.9,     320.62,     253.5,     88,     -178
167,     23.10.2014 03:51:22,     -2.1,     -2.01,     54,     0.5,     1.1,     1.8,     11.7,     91,     1009,     320.62,     253.4,     88,     -178
168,     23.10.2014 04:01:22,     -1.05,     0,     48,     0.8,     1.6,     2.4,     11.7,     91.1,     1009.2,     320.62,     253.3,     88,     -178
169,     23.10.2014 04:11:22,     -1.05,     0,     50,     0.8,     1.5,     2.5,     11.7,     90.7,     1009.3,     320.62,     253.4,     88,     -177.9,     12.336,     12.03,     79.1
170,     23.10.2014 04:21:22,     -1.05,     -2.01,     49,     0.7,     1.4,     2.2,     11.6,     90.9,     1009.4,     320.62,     253.5,     87.9,     -177.9
171,     23.10.2014 04:31:22,     -2.1,     -2.01,     54,     0.7,     1.3,     2.1,     11.6,     90.9,     1009.4,     320.62,     253.5,     88,     -178
172,     23.10.2014 04:41:22,     -2.1,     0,     60,     0.6,     1.1,     1.6,     11.6,     91,     1009.5,     320.62,     253.4,     88,     -178
173,     23.10.2014 04:51:22,     -3.15,     -4.02,     69,     0.4,     0.9,     1.6,     11.6,     90.9,     1009.6,     320.62,     253.6,     88,     -178
174,     23.10.2014 05:01:22,     -3.15,     -2.01,     60,     0,     0.9,     1.9,     11.6,     91,     1009.6,     320.62,     253.5,     88,     -178
175,     23.10.2014 05:11:17,     -2.1,     -4.02,     80,     0.1,     1,     2,     11.6,     90.9,     1009.8,     320.62,     253.5,     88,     -178,     12.344,     12.00,     79.1
176,     23.10.2014 05:21:17,     -2.1,     -2.01,     81,     0.1,     0.9,     1.8,     11.6,     90.9,     1009.9,     320.62,     253.5,     88,     -178
177,     23.10.2014 05:31:17,     -1.05,     -2.01,     97,     0.3,     1.1,     1.8,     11.5,     90.8,     1010,     320.62,     253.6,     88,     -178
178,     23.10.2014 05:41:17,     -1.05,     -2.01,     85,     0.1,     0.9,     1.7,     11.4,     90.7,     1010.2,     320.62,     253.6,     88,     -178
179,     23.10.2014 05:51:17,     -2.1,     -2.01,     99,     0.1,     0.8,     1.8,     11.4,     90.8,     1010.2,     320.62,     253.6,     87.9,     -177.9
180,     23.10.2014 06:01:17,     -1.05,     0,     119,     0.1,     0.8,     1.7,     11.3,     90.4,     1010.3,     320.62,     253.6,     88,     -178
181,     23.10.2014 06:11:16,     0,     2.01,     104,     0.2,     0.8,     1.7,     11.3,     89.9,     1010.4,     320.62,     253.6,     88,     -178,     12.332,     11.87,     79.1
182,     23.10.2014 06:21:16,     -2.1,     -2.01,     148,     0.5,     1.2,     2.3,     11.3,     89.6,     1010.5,     320.62,     253.6,     88,     -178
183,     23.10.2014 06:31:16,     -2.1,     -2.01,     98,     0,     0.8,     1.6,     11.2,     89.4,     1010.6,     320.62,     253.5,     88,     -178
184,     23.10.2014 06:41:16,     -3.15,     0,     79,     0,     0.7,     1.5,     11.2,     89,     1010.9,     320.62,     253.6,     87.9,     -177.9
185,     23.10.2014 06:51:16,     0,     2.01,     64,     0,     0.7,     1.4,     11.2,     88.9,     1011.1,     320.62,     253.5,     88,     -178
186,     23.10.2014 07:01:16,     2.1,     8.04,     73,     0.1,     0.9,     1.7,     11.2,     88.4,     1011.2,     320.62,     253.5,     88,     -178
187,     23.10.2014 07:11:16,     3.15,     18.09,     82,     0,     0.8,     1.5,     11.2,     88.2,     1011.4,     320.62,     253.4,     88,     -178,     12.346,     11.59,     79.3
188,     23.10.2014 07:21:16,     6.3,     20.1,     52,     0.1,     1,     1.7,     11.2,     88.3,     1011.5,     320.62,     253.4,     87.9,     -177.9
189,     23.10.2014 07:31:16,     11.55,     30.15,     84,     0.3,     0.9,     1.7,     11.2,     88.5,     1011.7,     320.62,     253.5,     87.8,     -177.9
190,     23.10.2014 07:41:16,     11.55,     38.19,     96,     0.1,     0.8,     1.2,     11.2,     89,     1011.8,     320.62,     253.5,     88,     -178
191,     23.10.2014 07:51:16,     25.2,     58.29,     88,     0,     0.8,     1.5,     11.1,     88.8,     1011.9,     320.62,     253.4,     88,     -178
192,     23.10.2014 08:01:16,     36.75,     78.39,     97,     0.2,     1,     1.8,     11,     88.7,     1012,     320.62,     253.5,     87.9,     -177.9
193,     23.10.2014 08:11:23,     35.7,     82.41,     90,     0.4,     1.1,     1.8,     10.9,     88.5,     1012,     320.62,     253.4,     88,     -178,     12.533,     11.53,     79.2
194,     23.10.2014 08:21:23,     39.9,     92.46,     95,     0,     0.8,     1.5,     11,     88.4,     1012,     320.62,     253.5,     87.9,     -178
195,     23.10.2014 08:31:23,     67.2,     138.69,     114,     0,     0.6,     1.4,     11,     88.3,     1012.1,     320.62,     253.5,     88.1,     -178.1
196,     23.10.2014 08:41:23,     68.25,     142.71,     98,     0,     0.8,     1.6,     11,     88,     1012.3,     320.62,     253.6,     88,     -178
197,     23.10.2014 08:51:23,     73.5,     156.78,     119,     0.1,     1,     2,     10.9,     87.6,     1012.4,     320.62,     253.5,     88,     -178
198,     23.10.2014 09:01:23,     90.3,     184.92,     138,     0.3,     1.1,     2.3,     10.9,     87.5,     1012.4,     320.62,     253.5,     87.8,     -177.9
199,     23.10.2014 09:11:17,     100.8,     211.05,     153,     0.2,     1.3,     2.4,     11,     86.7,     1012.6,     320.62,     253.6,     87.9,     -177.9,     13.059,     12.23,     79.1
200,     23.10.2014 09:21:17,     100.8,     211.05,     171,     0.3,     1.3,     2.9,     11,     86.7,     1012.7,     320.62,     253.6,     88,     -178
201,     23.10.2014 09:31:17,     124.95,     257.28,     155,     0,     0.8,     1.6,     11.1,     85.5,     1012.7,     320.62,     253.7,     88,     -178
202,     23.10.2014 09:41:17,     85.05,     190.95,     156,     0.1,     1.2,     2.4,     11.1,     84.4,     1012.7,     320.62,     253.6,     88,     -178
203,     23.10.2014 09:51:17,     78.75,     170.85,     136,     0.2,     1.3,     2.3,     11.2,     84.8,     1012.7,     320.62,     253.6,     88,     -178
204,     23.10.2014 10:01:17,     133.35,     271.35,     123,     0.5,     1.4,     3,     11.2,     83,     1012.8,     320.62,     253.7,     88,     -178
205,     23.10.2014 10:11:16,     163.8,     337.68,     127,     0.2,     1.3,     2.9,     11.3,     82.2,     1012.9,     320.62,     253.6,     87.9,     -177.9,     13.311,     13.06,     78.9
206,     23.10.2014 10:21:16,     121.8,     257.28,     136,     0.1,     1.4,     2.7,     11.4,     81,     1013.1,     320.62,     253.4,     87.9,     -178
207,     23.10.2014 10:31:16,     85.05,     172.86,     127,     0.1,     1.2,     2.3,     11.3,     80.8,     1013.2,     320.62,     253.7,     88,     -178
208,     23.10.2014 10:41:16,     89.25,     192.96,     119,     0.1,     1.1,     2,     11.4,     81.7,     1013.3,     320.62,     253.5,     88,     -178
209,     23.10.2014 10:51:16,     72.45,     160.8,     95,     0.3,     1,     1.7,     11.5,     82.6,     1013.4,     320.62,     253.5,     87.9,     -177.9
210,     23.10.2014 11:01:16,     57.75,     126.63,     119,     0,     1,     2.1,     11.4,     81.9,     1013.5,     320.62,     253.6,     88,     -178
211,     23.10.2014 11:11:16,     47.25,     108.54,     124,     0.1,     0.8,     1.7,     11.4,     82.4,     1013.6,     320.62,     253.6,     87.9,     -177.9,     13.042,     13.63,     78.5
212,     23.10.2014 11:21:16,     64.05,     142.71,     128,     0.3,     1.3,     2.6,     11.3,     82.1,     1013.6,     320.62,     253.5,     88,     -178
213,     23.10.2014 11:31:16,     74.55,     164.82,     125,     0.2,     1.4,     2.6,     11.2,     82.6,     1013.6,     320.62,     253.5,     88,     -178
214,     23.10.2014 11:41:16,     85.05,     182.91,     147,     0.6,     1.7,     2.9,     11.1,     82.6,     1013.6,     320.62,     253.7,     88,     -178
215,     23.10.2014 11:51:16,     72.45,     156.78,     121,     0.2,     1.3,     2.7,     11.1,     82.5,     1013.7,     320.62,     253.5,     88,     -178
216,     23.10.2014 12:01:16,     59.85,     134.67,     112,     0.1,     1.1,     2.1,     11.1,     82.3,     1013.8,     320.62,     253.6,     88,     -178
217,     23.10.2014 12:11:16,     56.7,     128.64,     128,     0,     1.1,     2.1,     11.1,     81.6,     1013.9,     320.62,     253.5,     88,     -177.9,     12.772,     13.31,     78.7
218,     23.10.2014 12:21:16,     67.2,     146.73,     136,     0.1,     1.2,     2.4,     11.1,     81.7,     1013.9,     320.62,     253.6,     87.9,     -177.9
219,     23.10.2014 12:31:16,     73.5,     158.79,     129,     0.1,     1.1,     2.4,     11.1,     82.1,     1013.9,     320.62,     253.5,     88.1,     -178.1
220,     23.10.2014 12:41:16,     71.4,     154.77,     136,     0.2,     1.2,     2.5,     11.1,     82.4,     1014,     320.62,     253.6,     88,     -178
221,     23.10.2014 12:51:16,     88.2,     190.95,     134,     0.3,     1.2,     2,     11.2,     82.2,     1013.9,     320.62,     253.7,     87.9,     -177.9
222,     23.10.2014 13:01:16,     66.15,     146.73,     137,     0.1,     1.1,     2.4,     11.2,     81.7,     1014,     320.62,     253.7,     88,     -178
223,     23.10.2014 13:11:22,     58.8,     126.63,     120,     0.1,     0.7,     1.9,     11.2,     81.4,     1014,     320.62,     253.6,     88,     -178,     13.052,     13.29,     78.7
224,     23.10.2014 13:21:22,     102.9,     219.09,     134,     0.2,     1.2,     2.1,     11.2,     81.9,     1013.8,     320.62,     253.7,     88,     -178
225,     23.10.2014 13:31:22,     112.35,     237.18,     132,     0.7,     1.5,     2.7,     11.3,     81.8,     1013.9,     320.62,     253.5,     88,     -178
226,     23.10.2014 13:41:22,     61.95,     130.65,     139,     0,     1.5,     3.1,     11.3,     81.6,     1014,     320.62,     253.6,     88,     -178
227,     23.10.2014 13:51:22,     105,     223.11,     143,     0.3,     1.5,     3.1,     11.2,     81.8,     1014,     320.62,     253.5,     88,     -178
228,     23.10.2014 14:01:22,     91.35,     192.96,     139,     0.1,     1,     2.1,     11.2,     81.4,     1014.1,     320.62,     253.7,     87.9,     -177.9
229,     23.10.2014 14:11:16,     80.85,     170.85,     151,     0.1,     1.1,     2.6,     11.2,     81.6,     1014.1,     320.62,     253.7,     88,     -178,     13.160,     13.45,     78.7
230,     23.10.2014 14:21:16,     117.6,     245.22,     105,     0.1,     1,     1.9,     11.2,     80.8,     1014.2,     320.62,     253.8,     88,     -178
231,     23.10.2014 14:31:16,     94.5,     196.98,     104,     0.2,     1.1,     2.1,     11.3,     80.8,     1014.2,     320.62,     253.5,     87.9,     -177.9
232,     23.10.2014 14:41:16,     72.45,     158.79,     135,     0.3,     1.1,     1.9,     11.3,     81,     1014.2,     320.62,     253.6,     88,     -178
233,     23.10.2014 14:51:16,     96.6,     203.01,     166,     0.2,     1.4,     2.7,     11.4,     81.1,     1014.1,     320.62,     253.6,     88,     -178
234,     23.10.2014 15:01:16,     54.6,     118.59,     188,     0,     1,     2.2,     11.5,     81.2,     1014.2,     320.62,     253.6,     88,     -178
235,     23.10.2014 15:11:16,     51.45,     112.56,     164,     0.1,     1.1,     2.8,     11.4,     81.8,     1014.2,     320.62,     253.5,     88,     -178,     13.078,     13.63,     78.6
236,     23.10.2014 15:21:16,     51.45,     110.55,     170,     1.2,     2.2,     3.4,     11.3,     82.5,     1014.1,     320.62,     253.4,     88,     -178
237,     23.10.2014 15:31:16,     43.05,     92.46,     165,     0.2,     1.9,     3.2,     11.2,     82.3,     1014.1,     320.62,     253.6,     88.1,     -178
238,     23.10.2014 15:41:16,     27.3,     60.3,     166,     0.4,     2.1,     3.8,     11,     82.7,     1014.2,     320.62,     253.5,     88,     -178
239,     23.10.2014 15:51:16,     23.1,     50.25,     165,     0.4,     1.9,     3.2,     11,     82.9,     1014.2,     320.62,     253.4,     88,     -178
240,     23.10.2014 16:01:16,     22.05,     46.23,     172,     0.1,     1.8,     3.3,     11,     83.2,     1014.3,     320.62,     253.5,     88,     -178
241,     23.10.2014 16:11:17,     26.25,     54.27,     171,     0.3,     1.6,     3.4,     11,     84,     1014.3,     320.62,     253.5,     88,     -178.1,     12.917,     12.69,     78.9
242,     23.10.2014 16:21:17,     17.85,     42.21,     169,     0.3,     1.4,     2.7,     10.9,     84.1,     1014.3,     320.62,     253.6,     88,     -178
243,     23.10.2014 16:31:17,     9.45,     22.11,     179,     0.2,     1,     2,     11,     84.6,     1014.3,     320.62,     253.5,     88,     -177.9
244,     23.10.2014 16:41:17,     3.15,     10.05,     179,     1.1,     1.8,     2.8,     10.8,     84.3,     1014.4,     320.62,     253.2,     87.9,     -177.9
245,     23.10.2014 16:51:17,     0,     4.02,     189,     0.8,     1.5,     2.9,     10.8,     85,     1014.4,     320.62,     253.5,     87.9,     -177.9
246,     23.10.2014 17:01:17,     0,     4.02,     176,     0.7,     2.1,     3.3,     10.6,     84.8,     1014.4,     320.62,     253.6,     87.9,     -177.9
247,     23.10.2014 17:11:16,     -1.05,     0,     176,     0.6,     1.8,     3.2,     10.5,     84.8,     1014.4,     320.62,     253.4,     87.9,     -177.9,     12.732,     11.79,     79.3
248,     23.10.2014 17:21:16,     -2.1,     -2.01,     178,     0.7,     1.9,     3.3,     10.5,     85.1,     1014.5,     320.62,     253.5,     88,     -178
249,     23.10.2014 17:31:16,     -2.1,     -2.01,     177,     0.3,     1.8,     3.3,     10.4,     85,     1014.6,     320.62,     253.6,     88,     -178
250,     23.10.2014 17:41:16,     -2.1,     -2.01,     170,     0.4,     1.5,     2.8,     10.4,     85.2,     1014.6,     320.62,     253.5,     88,     -178
251,     23.10.2014 17:51:16,     -1.05,     -2.01,     180,     0.2,     1.3,     2.3,     10.4,     85.8,     1014.7,     320.62,     253.5,     88,     -178
252,     23.10.2014 18:01:16,     -2.1,     -2.01,     186,     0.2,     1.3,     2.1,     10.4,     86,     1014.8,     320.62,     253.4,     87.9,     -178
253,     23.10.2014 18:11:16,     -3.15,     -2.01,     169,     0.5,     1.3,     2.1,     10.4,     86.6,     1014.8,     320.62,     253.5,     88,     -178,     12.681,     11.17,     79.4
254,     23.10.2014 18:21:16,     -3.15,     0,     176,     0.2,     1.2,     2.2,     10.3,     86.8,     1014.9,     320.62,     253.4,     88,     -178
255,     23.10.2014 18:31:16,     -3.15,     0,     173,     0.5,     1.3,     2.3,     10.3,     87.3,     1014.9,     320.62,     253.5,     87.9,     -177.9
256,     23.10.2014 18:41:16,     -3.15,     -2.01,     187,     0.5,     1.6,     2.6,     10.3,     86.9,     1015,     320.62,     253.3,     88,     -178
257,     23.10.2014 18:51:16,     -4.2,     -2.01,     188,     0.5,     1.8,     2.9,     10.3,     87,     1015.1,     320.62,     253.4,     87.9,     -177.9
258,     23.10.2014 19:01:16,     -2.1,     0,     190,     1,     1.9,     3.3,     10.3,     86.8,     1015,     320.62,     253.6,     87.8,     -177.9
259,     23.10.2014 19:11:17,     -3.15,     0,     184,     1.1,     1.9,     3.2,     10.2,     86.7,     1015,     320.62,     253.5,     87.9,     -177.9,     12.630,     10.88,     79.5
260,     23.10.2014 19:21:17,     -3.15,     0,     187,     1.4,     2.2,     3.4,     10.2,     87,     1014.9,     320.62,     253.4,     88,     -178
261,     23.10.2014 19:31:17,     -2.1,     -2.01,     183,     1.5,     2.4,     3.6,     10.2,     87,     1014.9,     320.62,     253.5,     88,     -178
262,     23.10.2014 19:41:17,     -3.15,     -2.01,     182,     0.8,     2.5,     3.7,     10.1,     86.8,     1014.9,     320.62,     253.8,     88,     -178
263,     23.10.2014 19:51:17,     -4.2,     0,     186,     1.3,     2.5,     3.7,     10.2,     87.3,     1015,     320.62,     253.3,     88,     -178
264,     23.10.2014 20:01:17,     -3.15,     -2.01,     197,     1.2,     2.1,     3.3,     10.1,     87.7,     1015.1,     320.62,     253.4,     87.9,     -177.9
265,     23.10.2014 20:11:16,     -1.05,     -2.01,     192,     0.7,     1.7,     2.6,     10.2,     88,     1015.1,     320.62,     253.7,     88,     -178,     12.605,     10.53,     79.7
266,     23.10.2014 20:21:16,     -2.1,     -2.01,     202,     0.9,     1.6,     2.4,     10.3,     88.2,     1015.2,     320.62,     253.6,     87.9,     -177.9
267,     23.10.2014 20:31:16,     -1.05,     0,     208,     1,     2.1,     3.7,     10.6,     88.8,     1015.2,     320.62,     253.5,     88,     -178
268,     23.10.2014 20:41:16,     -1.05,     -2.01,     217,     1.3,     2.5,     3.7,     10.6,     88.1,     1015.2,     320.62,     253.7,     88,     -178
269,     23.10.2014 20:51:16,     -2.1,     -2.01,     213,     1.4,     2.5,     4.4,     10.6,     88.1,     1015.2,     320.62,     253.9,     87.9,     -177.9
270,     23.10.2014 21:01:16,     -1.05,     -2.01,     208,     1.5,     3,     4.7,     10.6,     88.3,     1015.3,     320.62,     253.7,     88,     -178
271,     23.10.2014 21:11:16,     -2.1,     0,     202,     1.3,     3.3,     5.1,     10.6,     88.4,     1015.3,     320.62,     254,     87.9,     -178,     12.592,     10.85,     79.6
272,     23.10.2014 21:21:16,     -2.1,     0,     203,     1.8,     3.1,     4.5,     10.6,     88.6,     1015.3,     320.62,     253.7,     88.1,     -178.1
273,     23.10.2014 21:31:16,     -1.05,     -2.01,     213,     1.2,     2.7,     4.3,     10.5,     88.7,     1015.3,     320.62,     253.7,     88.1,     -178.1
274,     23.10.2014 21:41:16,     0,     2.01,     221,     1.3,     2.7,     5.1,     10.4,     88.4,     1015.4,     320.62,     253.8,     88.1,     -178.1
275,     23.10.2014 21:51:16,     -2.1,     -4.02,     215,     1.1,     2.7,     4.3,     10.4,     89.2,     1015.5,     320.62,     253.9,     88,     -178
276,     23.10.2014 22:01:16,     -1.05,     -2.01,     216,     1.5,     3,     4.7,     10.4,     89.2,     1015.4,     320.62,     253.5,     88,     -178
277,     23.10.2014 22:11:21,     -1.05,     -2.01,     212,     1.6,     2.7,     4.6,     10.4,     89.3,     1015.5,     320.62,     253.7,     87.9,     -177.9,     12.565,     11.03,     79.4
278,     23.10.2014 22:21:21,     -1.05,     0,     218,     1.1,     2.4,     3.7,     10.4,     89.5,     1015.5,     320.62,     253.9,     88,     -178
279,     23.10.2014 22:31:21,     -1.05,     0,     213,     1.4,     2.2,     3.7,     10.3,     89.6,     1015.5,     320.62,     253.5,     88.1,     -178.1
280,     23.10.2014 22:41:21,     -1.05,     -2.01,     211,     1.1,     2.1,     3.7,     10.4,     89.6,     1015.5,     320.62,     253.5,     87.9,     -177.9
281,     23.10.2014 22:51:21,     -1.05,     -2.01,     208,     1.3,     2.2,     3.5,     10.4,     89.7,     1015.5,     320.62,     253.5,     88.1,     -178.1
282,     23.10.2014 23:01:21,     -2.1,     -2.01,     209,     0.4,     2.4,     4.3,     10.4,     89.5,     1015.5,     320.62,     253.7,     88,     -178
283,     23.10.2014 23:11:16,     -1.05,     -2.01,     215,     0.7,     2,     3.2,     10.4,     89.6,     1015.5,     320.62,     253.8,     88,     -178,     12.554,     11.07,     79.4
284,     23.10.2014 23:21:16,     -2.1,     -2.01,     213,     1.1,     2.5,     4.2,     10.4,     89.5,     1015.4,     320.62,     253.9,     88,     -178
285,     23.10.2014 23:31:16,     -3.15,     -2.01,     208,     1.8,     2.9,     4.2,     10.3,     89.2,     1015.4,     320.62,     254.1,     88,     -178
286,     23.10.2014 23:41:16,     -4.2,     0,     213,     1.3,     2.4,     3.8,     10.2,     89.1,     1015.3,     320.62,     254,     87.9,     -178
287,     23.10.2014 23:51:16,     -4.2,     -2.01,     214,     1.5,     2.5,     4.3,     10,     89.1,     1015.2,     320.62,     253.6,     88,     -178
288,     24.10.2014 00:01:16,     -2.1,     -2.01,     214,     1.5,     3,     4.5,     10,     89.1,     1015.2,     320.62,     253.7,     88,     -178,     12.382,     10.71,     79.5
(New File ('D10248_20141024230240.g2d'))
(GSM Transfer OK / Signal:17 / 24.10.2014 00:02:44)
289,     24.10.2014 00:11:17,     -2.1,     -6.03,     217,     1.1,     2.7,     4.5,     10.1,     89.3,     1015.2,     320.62,     253.8,     87.9,     -177.9,     12.457,     11.17,     77.9
290,     24.10.2014 00:21:17,     -2.1,     0,     218,     1.5,     3.1,     5.3,     10,     88.6,     1015.3,     320.62,     254.9,     88.1,     -178.1
291,     24.10.2014 00:31:17,     -2.1,     -2.01,     216,     0.1,     2.5,     4.8,     10.1,     88.8,     1015.3,     320.62,     253.5,     87.9,     -177.9
292,     24.10.2014 00:41:17,     -3.15,     -4.02,     214,     1.2,     2.4,     4.1,     10,     88.9,     1015.3,     320.62,     253.4,     87.9,     -177.9
293,     24.10.2014 00:51:17,     -1.05,     -2.01,     213,     1.5,     2.7,     4.5,     10,     88.8,     1015.3,     320.62,     253.6,     88,     -178
294,     24.10.2014 01:01:17,     -1.05,     0,     214,     1.4,     2.8,     4.8,     10.1,     88.5,     1015.3,     320.62,     253.6,     88,     -178
295,     24.10.2014 01:11:16,     -2.1,     -2.01,     214,     1.6,     2.9,     4.2,     10,     88.5,     1015.3,     320.62,     254.3,     87.9,     -177.9,     12.518,     10.51,     79.5
296,     24.10.2014 01:21:16,     -2.1,     0,     215,     1.3,     3.1,     4.9,     10,     88,     1015.2,     320.62,     253.6,     87.9,     -177.8
297,     24.10.2014 01:31:16,     -2.1,     -2.01,     219,     1.9,     3.2,     5.5,     10.1,     88,     1015.2,     320.62,     253.8,     88.1,     -178.2
298,     24.10.2014 01:41:16,     -1.05,     0,     224,     1.5,     3.5,     6.5,     10,     87.2,     1015.2,     320.62,     255.4,     88,     -178
299,     24.10.2014 01:51:16,     -3.15,     0,     221,     1.7,     3.5,     5.5,     10.1,     87.1,     1015.2,     320.62,     253.9,     87.8,     -177.9
300,     24.10.2014 02:01:16,     -3.15,     -2.01,     221,     1.2,     3.3,     5.3,     10,     86.4,     1015.3,     320.62,     254.5,     87.8,     -177.8
301,     24.10.2014 02:11:16,     -3.15,     -2.01,     216,     1.8,     3.3,     4.8,     10,     86.9,     1015.3,     320.62,     253.6,     87.7,     -177.7,     12.474,     10.43,     79.6
302,     24.10.2014 02:21:16,     -3.15,     -2.01,     216,     2.3,     3.6,     5.7,     9.9,     86.9,     1015.2,     320.62,     254.3,     88.1,     -178.2
303,     24.10.2014 02:31:16,     -4.2,     -2.01,     207,     2,     3.8,     5.5,     9.8,     86.9,     1015,     320.62,     253.7,     87.9,     -177.9
304,     24.10.2014 02:41:16,     -2.1,     0,     222,     1.1,     3.2,     5.7,     9.8,     87.5,     1015.1,     320.62,     254.1,     87.7,     -177.7
305,     24.10.2014 02:51:16,     -3.15,     0,     220,     1.2,     3.2,     5.1,     9.8,     87.4,     1015.1,     320.62,     253.5,     88.1,     -178.1
306,     24.10.2014 03:01:16,     -3.15,     0,     214,     1.8,     3.1,     6.3,     9.8,     87.5,     1015,     320.62,     253.9,     88,     -178
307,     24.10.2014 03:11:17,     -5.25,     -4.02,     216,     1.7,     3.4,     6.2,     9.8,     87.3,     1015,     320.62,     253.8,     87.9,     -178,     12.461,     9.93,     79.7
308,     24.10.2014 03:21:17,     -3.15,     0,     209,     1.9,     3.7,     5.4,     9.8,     87.4,     1014.8,     320.62,     254.3,     87.9,     -177.9
309,     24.10.2014 03:31:17,     -3.15,     0,     205,     2,     4.2,     6.5,     9.7,     87.1,     1014.8,     320.62,     253.1,     87.6,     -177.6
310,     24.10.2014 03:41:17,     -3.15,     -2.01,     216,     2.1,     3.9,     6.2,     9.7,     86.9,     1014.8,     320.62,     254.9,     88.1,     -178.1
311,     24.10.2014 03:51:17,     -3.15,     -4.02,     213,     2.1,     3.6,     5.7,     9.7,     87.1,     1014.8,     320.62,     253.7,     88,     -178
312,     24.10.2014 04:01:17,     -2.1,     -2.01,     213,     1.5,     3.3,     4.9,     9.7,     87.6,     1014.8,     320.62,     253.9,     87.9,     -177.9
313,     24.10.2014 04:11:23,     -3.15,     -2.01,     214,     1.8,     3.3,     5.6,     9.7,     87.6,     1014.9,     320.62,     253.9,     87.8,     -177.8,     12.425,     9.80,     79.8
314,     24.10.2014 04:21:23,     -4.2,     -2.01,     216,     1.9,     3.4,     5.1,     9.6,     87.6,     1014.9,     320.62,     253.7,     88,     -178
315,     24.10.2014 04:31:23,     -2.1,     -2.01,     217,     2.1,     3.5,     5.7,     9.5,     88,     1014.9,     320.62,     253.7,     87.8,     -177.8
316,     24.10.2014 04:41:23,     -3.15,     0,     212,     2.3,     3.7,     5.4,     9.6,     88.4,     1014.8,     320.62,     253.6,     88.3,     -178.3
317,     24.10.2014 04:51:23,     -3.15,     -2.01,     208,     1.9,     3.7,     5.5,     9.4,     88.6,     1014.9,     320.62,     253.6,     87.7,     -177.7
318,     24.10.2014 05:01:23,     -4.2,     -2.01,     205,     2.1,     3.6,     4.9,     9.4,     89,     1014.8,     320.62,     253.8,     87.9,     -177.9
319,     24.10.2014 05:11:16,     -3.15,     0,     210,     2,     3.3,     6,     9.4,     89.4,     1014.8,     320.62,     254.1,     88,     -178,     12.427,     9.62,     79.9
320,     24.10.2014 05:21:16,     -3.15,     0,     212,     2.2,     3.9,     6.5,     9.2,     89.2,     1014.8,     320.62,     254,     87.6,     -177.6
321,     24.10.2014 05:31:16,     -4.2,     -2.01,     213,     2.2,     3.7,     5.6,     9.2,     89.4,     1014.8,     320.62,     254,     88,     -178
322,     24.10.2014 05:41:16,     -3.15,     0,     213,     2.1,     4.1,     7,     9.1,     88.9,     1014.7,     320.62,     255.2,     88.1,     -178.1
323,     24.10.2014 05:51:16,     -3.15,     -2.01,     209,     2.3,     4.1,     6.3,     9.1,     88.9,     1014.6,     320.62,     253.7,     88,     -178
324,     24.10.2014 06:01:16,     -4.2,     -2.01,     206,     2.3,     4.1,     6.6,     9.1,     89.3,     1014.7,     320.62,     253.7,     87.8,     -177.8
325,     24.10.2014 06:11:16,     -3.15,     -2.01,     208,     2,     3.5,     6.2,     9,     89.4,     1014.7,     320.62,     253.8,     87.8,     -177.8,     12.401,     9.30,     79.9
326,     24.10.2014 06:21:16,     -2.1,     0,     215,     1.9,     3.7,     6.1,     9,     89.1,     1014.8,     320.62,     253.6,     87.9,     -178
327,     24.10.2014 06:31:16,     -3.15,     -4.02,     219,     1.7,     3.2,     5.3,     9,     89,     1014.8,     320.62,     252.7,     87.8,     -177.8
328,     24.10.2014 06:41:16,     -1.05,     0,     212,     1.4,     3.7,     6.2,     9.1,     89.5,     1014.8,     320.62,     253.4,     88.1,     -178.1
329,     24.10.2014 06:51:16,     0,     6.03,     210,     2,     3.6,     6.2,     9,     89,     1014.8,     320.62,     254.5,     87.8,     -177.8
330,     24.10.2014 07:01:16,     3.15,     10.05,     209,     2.1,     3.7,     6.7,     9.1,     88.9,     1014.9,     320.62,     253.7,     87.8,     -177.9
331,     24.10.2014 07:11:16,     7.35,     18.09,     210,     2.3,     4.3,     6.8,     9.1,     88.6,     1015,     320.62,     253.5,     88,     -178,     12.376,     9.27,     80.0
332,     24.10.2014 07:21:16,     12.6,     32.16,     211,     1.9,     4,     6.7,     9.1,     88.5,     1015,     320.62,     254,     88,     -178
333,     24.10.2014 07:31:16,     22.05,     46.23,     209,     1.8,     4,     6.1,     9.1,     88.2,     1015,     320.62,     253.8,     88,     -178
334,     24.10.2014 07:41:16,     37.8,     78.39,     209,     2.3,     4.3,     7.6,     9.3,     88.3,     1015.1,     320.62,     253.8,     87.8,     -177.8
335,     24.10.2014 07:51:16,     58.8,     118.59,     211,     2.1,     4.1,     6.4,     9.4,     87.6,     1015.2,     320.62,     254.7,     87.6,     -177.6
336,     24.10.2014 08:01:16,     116.55,     217.08,     207,     2.5,     4.4,     7.2,     9.5,     87.5,     1015.1,     320.62,     253,     87.6,     -177.5
337,     24.10.2014 08:11:16,     148.05,     275.37,     207,     3,     4.8,     7.7,     9.7,     86.5,     1015.2,     320.62,     254,     88.1,     -178.1,     13.330,     9.92,     80.1
338,     24.10.2014 08:21:16,     106.05,     209.04,     208,     2.3,     4.9,     7.3,     9.8,     85.9,     1015.2,     320.62,     255.8,     87.9,     -177.9
339,     24.10.2014 08:31:16,     199.5,     373.86,     207,     2.9,     5.3,     7.5,     9.9,     85.8,     1015.3,     320.62,     254.4,     88.7,     -178.7
340,     24.10.2014 08:41:16,     133.35,     263.31,     208,     3.1,     5.1,     7.5,     9.9,     84.9,     1015.4,     320.62,     254.6,     87.6,     -177.7
341,     24.10.2014 08:51:16,     160.65,     317.58,     206,     3.6,     5.7,     8.8,     9.8,     84.4,     1015.4,     320.62,     254.4,     88,     -178
342,     24.10.2014 09:01:16,     132.3,     269.34,     207,     2.7,     5.8,     9,     9.8,     83.9,     1015.5,     320.62,     253.6,     88.2,     -178.2
343,     24.10.2014 09:11:16,     150.15,     303.51,     204,     3.4,     6,     9.1,     9.9,     84.2,     1015.5,     320.62,     254.2,     88.3,     -178.3,     14.089,     11.35,     79.3
344,     24.10.2014 09:21:16,     143.85,     293.46,     206,     3.7,     5.8,     8.5,     9.9,     83.5,     1015.5,     320.62,     254,     87.9,     -177.9
345,     24.10.2014 09:31:16,     148.05,     301.5,     207,     3.6,     5.7,     9,     9.9,     83.3,     1015.6,     320.62,     253.7,     87.7,     -177.7
346,     24.10.2014 09:41:16,     137.55,     279.39,     205,     2.4,     5.2,     8.4,     9.9,     83.8,     1015.7,     320.62,     254,     87.3,     -177.3
347,     24.10.2014 09:51:16,     176.4,     357.78,     206,     2.8,     5.4,     8.2,     10,     83.9,     1015.6,     320.62,     254.2,     88.1,     -178.1
348,     24.10.2014 10:01:16,     163.8,     329.64,     209,     2.9,     5.4,     8.7,     10,     83.4,     1015.7,     320.62,     254.4,     88.1,     -178.1
349,     24.10.2014 10:11:17,     145.95,     299.49,     214,     2.5,     4.8,     7.9,     10,     82.3,     1015.7,     320.62,     254.2,     88.4,     -178.4,     13.555,     11.86,     79.3
350,     24.10.2014 10:21:17,     108.15,     229.14,     214,     2.5,     5.3,     8.3,     10,     82.1,     1015.7,     320.62,     74.6,     88.1,     -1.9
351,     24.10.2014 10:31:17,     112.35,     235.17,     215,     2.9,     4.6,     7.2,     10,     82.9,     1015.7,     320.62,     253.9,     88.1,     -178.1
352,     24.10.2014 10:41:17,     102.9,     217.08,     213,     2.3,     4.3,     7.7,     10.1,     82.5,     1015.7,     320.62,     255.1,     88,     -178
353,     24.10.2014 10:51:17,     116.55,     247.23,     215,     2.8,     5,     8,     10.1,     82.9,     1015.7,     320.62,     254.1,     88,     -178
354,     24.10.2014 11:01:17,     111.3,     235.17,     214,     2.4,     5,     7.6,     10.1,     82.6,     1015.8,     320.62,     254,     87.9,     -177.9
355,     24.10.2014 11:11:17,     96.6,     201,     211,     2,     4.6,     8.3,     10.1,     83,     1015.7,     320.62,     254.7,     88,     -178,     13.608,     11.89,     79.2
356,     24.10.2014 11:21:17,     74.55,     158.79,     213,     2.5,     4.7,     7.5,     10,     83,     1015.7,     320.62,     254.6,     88.2,     -178.2
357,     24.10.2014 11:31:17,     111.3,     237.18,     208,     2.8,     5,     7.3,     9.9,     83.6,     1015.7,     320.62,     253.7,     87.7,     -177.7
358,     24.10.2014 11:41:17,     120.75,     251.25,     205,     2.8,     4.7,     7.4,     9.9,     84.1,     1015.5,     320.62,     255,     87.9,     -177.9
359,     24.10.2014 11:51:17,     108.15,     225.12,     208,     2.4,     4.7,     7.2,     10,     83.3,     1015.5,     320.62,     253.6,     88,     -178
360,     24.10.2014 12:01:17,     132.3,     279.39,     211,     1.9,     4.3,     6.5,     10,     83.4,     1015.3,     320.62,     253.9,     87.9,     -177.9
361,     24.10.2014 12:11:16,     128.1,     263.31,     206,     3.2,     4.9,     7.2,     10,     82.8,     1015.1,     320.62,     254.2,     88.1,     -178.2,     13.078,     11.81,     79.3
362,     24.10.2014 12:21:16,     137.55,     285.42,     205,     2.6,     4.5,     6.8,     10.1,     82.7,     1015,     320.62,     253.1,     88,     -178.1
363,     24.10.2014 12:31:16,     135.45,     281.4,     204,     2.9,     4.7,     7.7,     10.1,     81.8,     1014.9,     320.62,     254.8,     88,     -178
364,     24.10.2014 12:41:16,     135.45,     279.39,     207,     2.3,     4.5,     6.9,     10.3,     82,     1014.9,     320.62,     254.1,     88.2,     -178.1
365,     24.10.2014 12:51:16,     128.1,     265.32,     205,     2.5,     4.6,     7,     10.4,     81,     1014.8,     320.62,     253.7,     88.2,     -178.2
366,     24.10.2014 13:01:16,     129.15,     271.35,     208,     2.3,     4.3,     7.3,     10.4,     79.8,     1014.7,     320.62,     254,     87.5,     -177.5
367,     24.10.2014 13:11:16,     124.95,     259.29,     203,     2.9,     5.1,     7.6,     10.5,     79.2,     1014.7,     320.62,     254.4,     88,     -178,     13.610,     12.02,     79.3
368,     24.10.2014 13:21:16,     139.65,     287.43,     213,     2.4,     5,     7.8,     10.5,     79.1,     1014.6,     320.62,     254.2,     88,     -178
369,     24.10.2014 13:31:16,     170.1,     347.73,     219,     2.6,     5.3,     8.2,     10.6,     79.2,     1014.5,     320.62,     75.5,     87.9,     -2
370,     24.10.2014 13:41:16,     141.75,     291.45,     211,     2.7,     4.7,     7.2,     10.8,     79,     1014.5,     320.62,     254.3,     88,     -178
371,     24.10.2014 13:51:16,     284.55,     584.91,     212,     3.3,     5.3,     8.5,     10.8,     77.8,     1014.4,     320.62,     253.7,     88,     -178
372,     24.10.2014 14:01:16,     227.85,     444.21,     208,     3.8,     5.6,     8.6,     10.8,     77.6,     1014.3,     320.62,     75.4,     87.6,     -2.3
373,     24.10.2014 14:11:16,     196.35,     420.09,     208,     2,     5.3,     8.2,     10.9,     77.8,     1014.2,     320.62,     254.6,     88.1,     -178.1,     13.551,     12.55,     79.1
374,     24.10.2014 14:21:16,     160.65,     335.67,     205,     2.9,     5.4,     7.9,     10.9,     77.1,     1014.3,     320.62,     254.2,     87.9,     -177.9
375,     24.10.2014 14:31:16,     247.8,     456.27,     203,     3.4,     5.5,     8.6,     10.9,     76.7,     1014.1,     320.62,     254.8,     88.3,     -178.3
376,     24.10.2014 14:41:16,     94.5,     207.03,     205,     3.4,     5.8,     8.3,     10.9,     76.6,     1014.1,     320.62,     253.9,     87.1,     -177.1
377,     24.10.2014 14:51:16,     107.1,     225.12,     205,     2.9,     4.8,     7.5,     10.9,     78,     1014.1,     320.62,     253.8,     87.9,     -178
378,     24.10.2014 15:01:16,     107.1,     201,     199,     3.4,     5.8,     8.6,     10.7,     77.6,     1013.8,     320.62,     254.4,     88.1,     -178.1
379,     24.10.2014 15:11:16,     108.15,     196.98,     201,     3.5,     5.6,     9,     10.6,     77.8,     1013.9,     320.62,     74.4,     87.5,     -2.4,     13.536,     12.49,     79.0
380,     24.10.2014 15:21:16,     89.25,     180.9,     203,     2.3,     5.4,     7.8,     10.7,     78.2,     1013.9,     320.62,     254.7,     88,     -177.9
381,     24.10.2014 15:31:16,     73.5,     136.68,     201,     2.6,     4.8,     7.2,     10.6,     78.9,     1013.8,     320.62,     253.1,     88,     -178
382,     24.10.2014 15:41:16,     50.4,     110.55,     204,     1.9,     4.8,     7.5,     10.5,     79.2,     1013.8,     320.62,     253.8,     88.1,     -178
383,     24.10.2014 15:51:16,     43.05,     92.46,     202,     2.5,     4.2,     6.4,     10.4,     80.9,     1013.8,     320.62,     253.8,     87.9,     -177.9
384,     24.10.2014 16:01:16,     44.1,     88.44,     202,     2.6,     4.7,     7.6,     10.4,     81.3,     1013.8,     320.62,     254.1,     88.1,     -178.1
385,     24.10.2014 16:11:21,     15.75,     42.21,     204,     1.7,     4.6,     7.1,     10.3,     81.7,     1013.8,     320.62,     254.6,     87.9,     -177.9,     12.915,     11.72,     79.3
386,     24.10.2014 16:21:21,     13.65,     34.17,     208,     2.2,     4.6,     8.2,     10.2,     80.4,     1013.7,     320.62,     253.3,     87.9,     -177.9
387,     24.10.2014 16:31:21,     9.45,     24.12,     204,     3.2,     5.1,     7.3,     10.2,     81.7,     1013.5,     320.62,     252.9,     88.1,     -178.1
388,     24.10.2014 16:41:21,     5.25,     14.07,     204,     3.5,     5.8,     8.6,     10,     81,     1013.6,     320.62,     253.8,     87.5,     -177.5
389,     24.10.2014 16:51:21,     1.05,     8.04,     216,     3,     5.4,     9.2,     9.8,     81.1,     1013.6,     320.62,     254.2,     87.8,     -177.8
390,     24.10.2014 17:01:21,     -1.05,     2.01,     216,     2.6,     4.6,     6.8,     9.7,     82.5,     1013.7,     320.62,     254.2,     87.8,     -177.8
391,     24.10.2014 17:11:16,     -1.05,     -2.01,     220,     1.2,     4,     7.2,     9.7,     83.4,     1013.7,     320.62,     255.5,     88.1,     -178.1,     12.722,     10.86,     79.7
392,     24.10.2014 17:21:16,     -2.1,     -2.01,     202,     2.7,     4.8,     7.2,     9.6,     83.6,     1013.5,     320.62,     252.6,     87.8,     -177.8
393,     24.10.2014 17:31:16,     -1.05,     -2.01,     199,     2.5,     5.6,     9.7,     9.5,     83.3,    